03:31:01 MSK 25.08.2023
020 123456/=о000=0031
 унту01 бтул 250000
 22686 82498 73103 10083 20074 39994 40090 53005 86570 333 86614 555 11008=
 22695 42598 83103 10082 20063 39921 40069 52004 8655/ 555 11008=
 22996 82/// /2901 10079 20079 39902 40082 54001 555 1/010=
 23220 43/// /2702 10085 20080 39809 49944 57006 555 1/009=
 23226 41657 83406 10082 20076 39746 49951 57009 76162 8552/ 333 85638 
 555 12008=
 23305 42/// /3305 10088 20084 30033 40060 52004 555 1/009=
 23320 86/// /3301 10084 20072 39919 49989 52004=
 23324 41978 73202 10084 20075 39909 49983 54000 70282 87040 555 11008=
 23405 41460 83404 10091 20081 39962 40058 52009
 70282 8595/ 333 85914 555 11010=
 23410 86/// /3003 10091 20083 39916 40009 52003 555 53007=
 23411 42/// /3503 10098 20082 39945 40031 52005 555 1/009=
 23412 42399 83303 10100 20095 39921 40014 52003 887// 333 85707 555 11010=
 23416 NIL=
 23418 42265 83104 10086 20069 39938 40008 52007 886//
 333 88704 555 11006=
 23503 42/// /3503 10103 20086 39991 40039 52009 555 1/010=
 23507 86/// /3403 10076 20076 39762 40062 52007=
 23509 NIL=
 23514 41497 83302 10088 20087 39835 40024 52008 70281 8577/ 333 85711 555 12009=
 23518 42/// /3303 10087 20080 39910 49998 52006 555 1/009=
 23606 42360 83202 10098 20098 39873 40032 52008 887// 333 86607 555 11011=
 23612 NIL=
 23701 42/// /3302 10089 20077 39939 40064 52005 555 1/009=
 23704 86/// /3102 10090 20090 39629 49739 50000 555 53011=
 23707 81498 83003 10089 20079 39935 40063 52001 70282 8695/ 333 86913 555 11009=
 23708 42/// /3102 10091 20076 39905 40049 52005 555 1/010=
 23709 81396 82903 10090 20079 39850 40035 52007 71062 886// 333 88706 555 12009=
 23711 41497 83202 10094 20088 39847 40009 52006 78082 889// 333 88914 555 11010=
 23803 41499 83303 10084 20059 39866 40039 53004 72162 8802/ 555 11008=
 23804 83597 82902 10088 20076 39923 40063 53001 8692/ 333 86920 555 11009=
 23807 42/// /3102 10081 20079 39919 40075 54001 555 1/009=
 23808 86/// /2703 10083 20074 39898 40060 52002=
 23812 41496 83302 10092 20084 39853 40009 53003 78082 889// 555 11009=
 23904 41476 83102 10081 20076 39924 40076 52001 70262 887// 333 86710
 555 11009=
 23905 81496 82902 10079 20074 39839 40059 52001 75152 886// 555
 11009=
 23909 81297 82802 10080 20076 39808 40045 57001 75185 886//=
 23912 81496 82702 10084 20081 39835 40019 54000 71052 886// 555
 11009=
 23913 81594 82601 10082 20079 39794 40014 54001 78082 889// 555
 11009=
 23914 81497 82803 10079 20076 39778 40025 52001 70286 885//=
 27095 86/// /3001 10076 20076 39880 40103 54001=
 28013 81396 82703 10079 20067 39819 40042 57003 76086 8872/ 555
 11009=
 28016 82/// /2702 10080 20076 39836 40053 57003 555 1/010=
 28029 81496 82702 10080 20075 39823 40035 57004 75186 886// 555
 11009=
 28116 81497 82902 10081 20065 39836 40058 57002 76062 885//=
 28128 82599 82703 10089 20070 39903 40051 57005 885// 555 11009=
 28134 82598 82901 10071 20065 39704 40044 57003 885// 555 11008=
 28138 43/// /2504 10060 20053 39487 40037 57005=
 28216 81596 82803 10076 20065 39781 40069 54001 76162 8872/ 555
 11008=
 28222 42/// /2602 10083 20070 39866 40054 57003 555 1/009=
 28224 81569 82902 10089 20064 39853 40058 57002 78022 889//=
 28234 81597 82802 10075 20059 39783 40052 57002 70262 885// 555
 11010=
 28238 81599 82702 10078 20059 39756 40049 54001 70262 885// 555
 11008=
 28313 42/// /3101 10087 20067 39887 40073 54001 555 1/010=
 28319 82598 70000 10076 20064 39918 40076 57001 87500=
 28321 81597 73002 10086 20064 39870 40067 54000 78082 86930=
 28324 42/// /3001 10091 20061 39951 40068 57002 555 1/009=
 28326 82598 62802 10091 20061 39880 40060 57001 85530 555 10009=
 28413 82998 02901 10090 20067 39963 40081 54001 555 10009=
 28428 82599 62901 10074 20052 39891 40071 54001 86500 555 10007=
 28429 42/// /0000 10067 20056 39670 40070 54001 555 1/007=
 22983 42584 82902 10082 20062 39998 40100 52002 885// 333 91004 91104
 555 10009=
 27083 42584 62902 10083 20063 39879 40094 52001 86500 333 91004 91105
 555 10009=
 27097 42/// /2702 10079 20068 39842 40096 54001 333 91004 91104 555
 1/009=
 27185 42/// /0000 10075 20067 39928 40107 54001 333 91000 91102 555
 1/010=
 27199 42598 62702 10083 20062 39907 40098 57003 86500 333 91003 91104
 555 10009=
 27281 41957 33101 10066 20061 39913 40116 52001 71011 82031 333 91001
 91102 555 10007=
 27283 42997 63102 10074 20069 39954 40106 58002 86030 333 91002 91102
 555 10008=
 27295 42/// /0000 10057 20046 39861 40108 57002 333 91000 91101 555
 1/007=
 27296 42997 80000 10068 20055 39888 40100 57004 8802/ 333 91001 91103
 555 11008=
 27385 429// 82301 10091 20074 39985 40110 54000 86031 333 91001 91103
 555 10011=
 27393 42598 12102 10056 20045 39939 40107 58001 81500 333 91003 91105
 555 10007=
 27480 42598 72201 10091 20084 39991 40116 54000 86530 333 91001 91101
 555 10011=
 28007 41599 72902 10074 20061 39832 40087 57003 72582 86330 333 86923
 91004 91104 555 11009=
 28009 41498 82801 10075 20063 39875 40079 57003 70382 889// 333 91003
 91104 555 11009=
 28105 41598 82401 10072 20063 39900 40088 57004 72162 888// 333 91002
 91103 555 11010=
 28202 41597 83002 10074 20052 39872 40088 58002 72511 889// 333 91004
 91105 555 11008=
 28302 42597 83101 10077 20048 39873 40095 52001 8397/ 333 91002 91103
 555 11008=
 28307 42498 62901 10077 20056 39962 40103 52002 82501 333 91002 91104
 555 10008=
 28402 41984 63001 10080 20067 39924 40098 52001 70261 85075 333 91002
 91103 555 10009=
 28502 42597 72201 10114 20055 39996 40096 52001 84530 333 91001 91103
 555 10012=
 22550 82970 73301 10095 20077 30135 40144 52004 87070 555 11010=
 22778 42998 83002 10081 20062 30046 40114 52002 8805/ 555 10010=
 22889 42/// /2602 10081 20070 30012 40096 54001 555 1/010=
 22762 82697 82601 10090 20078 30094 40132 52002 8657/ 555 10009=
 22638 46/// /0800 11011 21011 39942 40171 52001=
 22671 42/// /3201 10086 20078 30038 40115 54001 555 1/010=
 22456 41597 83501 10079 20079 30053 40139 52003 70282 885// 555
 11009=
 22583 42598 83103 10088 20067 30016 40094 52006 8657/ 
 555 11009=
 22749 42/// /0000 10028 20028 30029 40154 52005 555 1/004=
 22951 42/// /0000 10080 20077 39876 40151 52002 555 1/009=
 22887 42697 72903 10090 20080 30040 40108 54000 83531
 555 10008=
 22876 42697 82502 10081 20067 30040 40111 54001 885// 333 88646 555
 10009=
 22481 42/// /3103 10091 20076 30055 40106 52005 555 1/009=
 22854 42/// /3601 10050 20046 39867 40153 52003 555 1/005=
 22781 NIL=
 22676 42598 83104 10087 20077 30029 40104 53002 885// 555 11009=
 22648 41998 20000 10038 20036 30110 40156 52002 71100 82030 555
 10001=
 22559 42/// /3202 10098 20073 30125 40141 52003 555 1/011=
 22869 41998 13001 10048 20045 39990 40137 52002 71211 80030 555
 11005=
 22768 42597 63002 10083 20061 30084 40133 52003 86500 333 86632 555
 10009=
 22798 42698 82802 10086 20076 39970 40079 54000 8355/ 555 11009=
 22375 46/// /3504 10085 20077 30104 40119 52003=
 23207 NIL=
 23215 42298 83304 10095 20095 39918 40004 57008 886// 333 88704 555
 11009=
 23219 NIL=
 22408 42884 70000 10097 20081 30019 40165 52001 87070 555   11011=
 22511 42984 70000 10088 20072 30044 40162 54000 87070 555   10010=
 22529 42598 32301 11003 21006 30152 40159 54000 83500 555   11003=
 22602 42475 81701 10110 20096 39938 40156 52003 885// 333   88613
 555   11011=
 22621 83/70 /0000 10038 20033 30028 40167 52002 555   1////=
 22619 42498 62501 10091 20071 30001 40156 52001 86500 555   11011=
 22721 42997 02901 10049 20045 30065 40163 54000 555   11006=
 22727 86870 /0501 10072 20066 30110 40157 54000 555   1////=
 22717 83/70 /0701 10116 20101 39961 40151 57001 555   1////=
 22802 41597 80904 10123 20112 30121 40144 57001 78082 889// 333  
 88920 555   11012=
 22820 42998 70000 10079 20072 30023 40156 52001 87030 555   11009=
 22831 42997 20000 10043 20037 30100 40155 52002 82030 555   10006=
 22805 415// 81305 10153 20137 30116 40139 57003 70282 884// 555  
 11014=
 22912 41584 81002 10119 20102 30132 40147 57001 70282 8648/ 333  
 86630 555   11014=
 
