03:31:00 MSK 02.03.2023
020 123456/=о000=0031
 унту01 бтул 020000
 22686 42998 03001 11235 21254 39873 49982 51001 555 1/131=
 22695 42998 23204 11211 21244 39793 49957 54000 82030 555 1/124=
 22996 NIL=
 23220 41496 50000 11314 21348 39738 49894 54000 78581 83930 555 1/134=
 23226 42960 00202 11277 21301 39666 49900 53001 555 1/133=
 23305 42/// /3302 11203 21224 39921 49951 57006 555 1/122=
 23320 86/// /0000 11328 21372 39822 49903 56005=
 23324 42981 73201 11310 21342 39814 49900 57006 80006 555 1/133=
 23405 42997 23303 11223 21236 39839 49944 58006
 80001 555 1/126=
 23410 86/// /3203 11226 21255 39802 49906 57006 555 53007=
 23411 42999 63504 11219 21239 39828 49923 55005 84015 555 1/121=
 23412 41998 73403 11220 21245 39806 49910 57004 77172 87010 555 1/122=
 23416 NIL=
 23418 41965 20000 11272 21296 39829 49908 56001 70271 80001
 555 1/134=
 23503 42/// /0102 11228 21258 39876 49930 56006 555 1/127=
 23507 86/// /3303 11213 21231 39620 49951 54001=
 23509 42/// /3301 11247 21271 39846 49931 55002 555 1////=
 23514 41997 83302 11248 21273 39713 49925 53007 70272 84015 555 1/127=
 23518 42/// /3502 11231 21257 39797 49895 57003 555 1/123=
 23606 41960 23101 11236 21255 39741 49928 54000
 70271 80001 555 1/124=
 23612 NIL=
 23701 NIL=
 23704 86/// /3301 11237 21249 39926 40039 55004 555 53005=
 23707 82998 43003 11206 21227 39806 49947 52002 82035 555 1/125=
 23708 42/// /3002 11206 21235 39774 49933 50002 555 1/121=
 23709 42/// /2803 11188 21222 39713 49916 52003 555 1/119=
 23711 41497 83203 11172 21199 39712 49889 58003 78582 8697/ 333 86918 555 1/117=
 23803 41997 83103 11189 21225 39735 49925 52005 77071 8802/ 555 1/124=
 23804 81997 63001 11196 21216 39791 49945 52006 70272 83031 555 1/121=
 23807 42/// /3203 11177 21183 39781 49951 52009 555 1/121=
 23808 86/// /2802 11195 21214 39762 49940 52009=
 23812 41496 83402 11165 21190 39716 49885 53003 78582 8492/ 555 1/114=
 23904 42977 03301 11223 21238 39779 49948 52010 555 1/130=
 23905 41999 02902 11185 21206 39690 49930 52006 70171 555 1/124=
 23909 41897 82702 11187 21207 39656 49914 52005 77187 84015=
 23912 41897 83203 11141 21160 39684 49882 52008 77187 8807/ 555
 1/113=
 23913 41597 83101 11108 21126 39628 49861 57002 78582 889// 555
 1////=
 23914 81895 82904 11147 21166 39618 49884 52007 77387 8802/=
 27095 86/// /3302 11126 21134 39722 49959 52015=
 28013 41698 22803 11170 21196 39665 49907 52007 70287 82500 555
 1/118=
 28016 42/// /2802 11168 21196 39681 49918 52007 555 1/120=
 28029 41596 82803 11123 21142 39657 49882 52009 77172 8452/ 555
 1/110=
 28116 41896 52702 11154 21179 39675 49914 52010 77172 85070=
 28128 41896 82903 11133 21156 39743 49901 52011 77172 8802/ 555
 1/111=
 28134 41496 82801 11113 21132 39525 49883 52008 77172 8872/ 555
 1/110=
 28138 43/// /2404 11107 21123 39294 49869 57004=
 28216 41898 82803 11140 21159 39615 49923 52011 70373 8802/ 555
 1/118=
 28222 NIL=
 28224 41468 82802 11113 21142 39687 49906 52012 78583 8691/=
 28234 41896 82804 11099 21130 39606 49889 52003 77172 8802/ 555
 1/111=
 28238 41896 82402 11090 21108 39577 49884 57002 77172 8802/ 555
 1/110=
 28313 42/// /0000 11117 21134 39727 49925 51012 555 1/111=
 28319 41496 82602 11087 21107 39762 49928 53015 77177 8802/=
 28321 41896 83002 11113 21137 39710 49918 52015 77172 8801/=
 28324 42/// /2902 11086 21115 39796 49919 52014 555 1/107=
 28326 41596 82903 11079 21093 39712 49901 52005 77172 8802/ 555
 1/108=
 28413 42597 82604 11063 21089 39805 49928 52004 8655/ 555 1/108=
 28428 41596 82605 11081 21108 39739 49927 52002 77373 8802/ 555
 1/108=
 28429 42/// /2305 11093 21106 39504 49922 57002 555 1/108=
 22983 42984 53001 11169 21187 39864 49975 52012 80005 333 91002 91104
 555 1/123=
 27083 41959 23502 11144 21165 39730 49961 52017 77171 82010 333 91004
 91107 555 1/117=
 27097 42/// /3004 11129 21142 39682 49953 52015 333 91007 91107 555
 1/115=
 27185 42/// /3203 11105 21131 39774 49963 52008 333 91006 91107 555
 1/109=
 27199 41598 63101 11098 21112 39742 49944 52007 70272 83530 333 91002
 91104 555 1/112=
 27281 41984 83305 11087 21120 39756 49968 52013 70272 8801/ 333 91008
 91108 555 1/112=
 27283 41996 83306 11083 21119 39797 49958 52013 77173 8807/ 333 91010
 91110 555 1/111=
 27295 42/// /2502 11080 21096 39691 49947 51006 333 91003 91105 555
 1/105=
 27296 41496 82801 11107 21126 39718 49942 52009 77171 8872/ 333 91001
 91103 555 1/114=
 27385 414// 62802 11064 21085 39833 49963 52009 77073 85730 333 91004
 91107 555 1/109=
 27393 41996 53003 11081 21097 39776 49950 53011 77173 80079 333 91005
 91108 555 1/112=
 27480 42598 72601 11062 21092 39848 49978 52005 86501 333 91003 91106
 555 1/108=
 28007 41497 72902 11145 21163 39669 49942 52005 72682 87330 333 86910
 91002 91103 555 1/120=
 28009 41997 80000 11166 21193 39721 49941 52007 77172 8801/ 333 91001
 91102 555 1/125=
 28105 42998 51801 11157 21178 39733 49942 52007 85020 333 91001 91101
 555 1/114=
 28202 41996 83102 11124 21145 39708 49937 52008 77172 8801/ 333 91002
 91104 555 1/115=
 28302 41597 83301 11096 21115 39704 49938 52010 77172 885// 333 91003
 91104 555 1/109=
 28307 41497 82603 11062 21088 39803 49949 52005 78587 889// 333 91007
 91108 555 1/108=
 28402 41558 82604 11070 21088 39761 49942 52002 77173 8357/ 333 91007
 91108 555 1/109=
 28502 41596 82608 11066 21091 39853 49958 52001 77173 8802/ 333 91010
 91111 555 1/107=
 22550 81558 82401 11073 21084 30011 40021 57012 78581 889// 333 88621
 555 1/109=
 22778 42998 03101 11179 21197 39926 49999 52004 555 1/128=
 22889 43/// /2902 11175 21193 39883 49975 52010 555 1/124=
 22762 42/// /2802 11130 21136 39975 40016 54001 555 1/119=
 22638 46/// /2701 11080 21088 39825 40057 57013=
 22671 42/// /3501 11159 21168 39922 40005 50003 555 1/128=
 22456 42/// /0000 11176 21193 39924 40017 57014 555 1/122=
 22583 42998 02802 11203 21225 39900 49986 54000 555 1/129=
 22749 42/// /3002 11070 21085 39916 40044 57002 555 1/111=
 22951 42/// /3102 11092 21109 39755 40046 52007 555 1/112=
 22887 41997 33203 11154 21173 39908 49982 52011 70281 81031 
 555 1/119=
 22876 41997 62801 11157 21169 39915 49992 51008 70282 86030 555
 1/122=
 22481 42/// /3001 11182 21192 39938 49995 57007 555 1/124=
 22854 42/// /3303 11087 21104 39744 40041 52002 555 1////=
 22781 NIL=
 22676 42998 03002 11194 21214 39916 49999 52007 555 1/124=
 22648 42/// /3003 11066 21066 39992 40040 56009 555 1/109=
 22559 42/// /3302 11139 21154 30004 40022 57008 555 1/121=
 22869 42/// /2502 11137 21152 39864 40019 51009 555 1/121=
 22768 41697 53302 11111 21128 39960 40012 57002 70231 83501 555
 1/117=
 22798 42/// /0000 11206 21223 39843 49964 52002 555 1/130=
 22375 46/// /0201 11167 39983 49999 54010=
 23207 NIL=
 23215 42/// /0103 11216 21243 39820 49915 58004 555 1/123=
 23219 NIL=
 22408 41213 81902 11065 21073 39873 40026 57058 77571 8872/ 333  
 88503 555   1/109=
 22511 41323 81902 11073 21087 39915 40039 57048 77371 8872/ 555  
 1/109=
 22529 42598 22702 11078 21096 30035 40042 57024 82500 555   1/113=
 22602 41458 82302 11066 21082 39834 40065 57043 77172 885// 333  
 88610 555   1/107=
 22621 83967 /2402 11092 21108 39920 40065 57022 555   1////=
 22619 42498 52504 11075 21100 39905 40069 57024 85500 555   1/110=
 22721 41997 63002 11073 21093 39970 40071 57019 70281 80002 555  
 1/113=
 22727 86970 /0000 11080 21095 30039 40089 57010 555   1////=
 22717 43/70 /2502 11086 21107 39903 40104 57017 555   1////=
 22802 42998 00000 11109 21121 30093 40118 57018 555   1/117=
 22820 41998 12503 11065 21095 39952 40093 57011 70271 81030 555  
 1/111=
 22831 42697 62902 11082 21093 30021 40078 52003 84501 333   84639
 555   1/116=
 22805 429// 03103 11029 21053 30092 40112 58018 555   1/106=
 22912 42584 32201 11109 21127 30098 40114 57002 82530 555   1/115=
 
