21:31:00 MSK 30.07.2023
020 123456/=о000=1831
 унту01 бтул 301800
 22686 81598 70000 10182 20179 39997 40090 53027 71298 81985 333 91110=
 22695 NIL=
 22996 82998 20802 10250 20178 39879 40047 50001 80008=
 23220 42999 10903 10167 20124 30019 40152 53008 80001=
 23226 42960 21002 10205 20108 39952 40152 53005 80005=
 23305 42999 31503 10255 20177 30078 40103 53012 83030=
 23320 66/// /1001 10164 20149 30061 40129 55002 60002 333 10289=
 23324 42986 20902 10193 20151 30062 40134 58002 80001=
 23405 42973 61102 10247 20175 30015 40106 53015 82032=
 23410 66/// /1002 10203 20169 30032 40122 52003 60002 333 10294=
 23411 42999 31502 10241 20162 30031 40113 52008 80001=
 23412 42999 21202 10212 20163 30031 40121 53003 80001=
 23416 NIL=
 23418 42965 21202 10244 20157 30052 40120 53002 80001=
 23501 NIL=
 23503 42998 21601 10185 20168 30068 40115 53012 80004=
 23507 86/// /3503 10180 20172 39831 40122 50028 333 91116=
 23509 42998 30000 10210 20170 30040 40113 53014 83070=
 23514 42997 01701 10179 20161 39937 40121 52009=
 23518 42998 21402 10219 20123 30041 40126 53008 80009 555 53007=
 23606 42962 21102 10208 20170 39954 40108 52011 82030=
 23612 NIL=
 23701 81580 30101 10190 20148 39983 40104 50011 70291 81940 333
 91113=
 23704 NIL=
 23707 81998 30403 10207 20168 39962 40084 52006 70291 80001=
 23708 42999 20802 10234 20158 39958 40096 52006 80001=
 23709 82998 00000 10207 20153 39928 40107 52009=
 23711 42998 00000 10179 20158 39957 40115 53008=
 23803 42999 01001 10232 20183 39933 40098 53006=
 23804 82997 01002 10253 20185 39943 40075 53005=
 23807 82997 20703 10234 20199 39922 40070 52005 82030=
 23808 86/// /0801 10240 20178 39932 40086 52007=
 23812 42997 00000 10178 20147 39963 40115 53006=
 23904 42979 10903 10239 20167 39924 40067 50005 80001=
 23905 82999 00000 10211 20159 39873 40083 52006 555 50243=
 23909 82998 01002 10203 20154 39864 40091 54000=
 23912 82898 11003 10208 20142 39931 40109 52007 81040 555 50223=
 23913 82999 00000 10138 20126 39912 40130 52009 555 50205=
 23914 82498 21202 10209 20119 39868 40107 52005 81504=
 28013 82998 01002 10208 20139 39877 40091 54001 555 50234=
 28016 82/// /1003 10210 20158 39877 40085 54000 555 50235=
 28029 82999 01003 10216 20120 39895 40098 52004 555 50234=
 28116 82999 21101 10219 20132 39867 40080 57001 80005=
 28128 82999 00703 10216 20137 39946 40088 52001 555 50230=
 28134 82998 00701 10200 20120 39777 40103 52003 555 50218=
 28138 43/// /0603 10192 20109 39584 40113 52002=
 28216 82998 10803 10230 20118 39791 40064 54001 80005 555 50248=
 28222 42/// /0903 10229 20114 39905 40084 52002 555 50237=
 28224 82970 00904 10232 20128 39881 40076 52003=
 28234 82998 01103 10221 20092 39837 40094 50005 555 50235=
 28238 82999 01002 10208 20102 39822 40104 57009 555 50217=
 28313 42/// /0702 10239 20130 39881 40057 58002 555 50252=
 28319 82898 20502 10251 20149 39902 40050 57003 82030=
 28321 82999 00802 10240 20129 39876 40062 54001=
 28324 42/// /0802 10244 20126 39946 40056 57008 555 50255=
 28326 82898 21003 10234 20127 39901 40072 52002 82030 555 50235=
 28413 82699 31103 10266 20142 39925 40035 57004 82401 555 50266=
 28428 82999 21002 10249 20127 39882 40050 50000 82030 555 50254=
 28429 42/// /1003 10229 20121 39689 40067 50000 555 50232=
 22983 41498 80601 10221 20192 39950 40046 57001 70282 82935 333 91002
 91104=
 27083 41599 61101 10236 20184 39831 40034 57002 71781 85930 333 91003
 91103=
 27097 42498 70903 10243 20186 39804 40043 53005 87900 333 91005
 91105=
 27185 42/// /0802 10113 20197 39868 40036 53009 333 91002 91106=
 27199 41498 80101 10198 20186 39862 40045 52012 71798 889// 333 91001
 91106=
 27281 41482 80902 10216 20193 39835 40024 52003 70382 85935 333 91003
 91106=
 27283 41498 81104 10211 20175 39888 40031 53012 71792 889// 333 91006
 91109=
 27295 41597 80302 10201 20164 39801 40032 52004 79592 889// 333 91003
 91107=
 27296 41597 80000 10199 20180 39840 40041 52008 79598 889// 333 91001
 91106=
 27385 425// 50000 10208 20177 39907 40025 52010 82530 333 91000
 91105=
 27393 41497 80904 10225 20181 39880 40036 53004 79598 8797/ 333 91013
 91113=
 27480 41598 20000 10186 20178 39902 40021 52006 70290 82530 333 91000
 91104=
 28007 42999 11201 10231 20157 39813 40053 52004 81030 333 91005
 91105=
 28009 42998 20702 10239 20133 39875 40068 52004 82030 333 91005
 91107=
 28105 42598 20802 10286 20158 39867 40037 53003 81209 333 91005
 91107=
 28202 42997 51201 10239 20136 39838 40041 53002 82031 333 91004
 91107=
 28302 41598 80702 10198 20168 39832 40044 52010 79592 889// 333 91003
 91112=
 28307 41498 83401 10208 20169 39892 40025 57001 79598 889// 333 91003
 91104=
 28402 41498 70302 10199 20191 39870 40035 52005 71792 86370 333 91004
 91108=
 28502 41597 80402 10193 20166 39928 40025 58005 79198 84901 333 91002
 91114=
 22550 82997 41101 10191 20154 30070 40079 52011 82031=
 22778 42598 70601 10212 20193 39997 40061 57002 83571=
 22889 42997 20801 10205 20185 39977 40057 57003 82070=
 22762 NIL=
 22638 46/// /1800 10139 20125 39857 40072 52008=
 22671 42598 70000 10202 20183 30003 40076 52009 82930=
 22456 42597 60000 10191 20149 39999 40081 53009 84570=
 22583 41697 81601 10219 20177 30016 40090 52017 72991 86971=
 22749 42598 80000 10175 20163 39947 40064 53005 889// 333 88920=
 22951 41598 83402 10158 20152 39792 40057 57003 70282 885//=
 22887 NIL=
 22876 41597 30402 10207 20201 39988 40055 58005 71798 83900=
 22481 41698 53401 10214 20210 30037 40085 53006 70281 81531=
 22854 41098 80301 10169 20147 39792 40063 54000 78022 889// 333
 87913=
 22781 NIL=
 22676 42598 70000 10211 20194 30000 40072 53013 85948=
 22648 42498 71302 10203 20142 30025 40068 53006 86901 333 86913=
 22559 82998 61201 10188 20153 30068 40084 52013 82031=
 22869 41497 72902 10199 20192 39911 40049 50001 71798 86370 333
 85912=
 22768 41497 73502 10182 20179 30014 40061 57005 72582 86970 333
 84911=
 22798 41997 20602 10190 20181 39972 40077 54001 70298 82030=
 22375 46/// /0602 10153 20135 30079 40093 52002=
 23207 NIL=
 23215 42998 21002 10201 20156 30043 40126 52005 80001=
 23219 NIL=
 27095 66/// /0902 10236 20189 39846 40054 50004 60002 333 10302=
 22408 11699 62502 10159 20134 39907 40047 52016 60022 70282 8393/
 333   10202=
 22511 12698 62001 10178 20128 39936 40049 52016 69932 82432 333  
 10217=
 22529 12599 31801 10187 20132 30054 40060 52009 60002 82502 333  
 10229=
 22602 11999 02502 10173 20123 39842 40053 52012 69902 70181 333  
 10204=
 22621 12998 71802 10175 20163 39932 40063 52044 60002 87030 333  
 10196=
 22619 12481 61501 10160 20142 39909 40059 52011 69952 86500 333  
 10202=
 22721 11998 70000 10161 20151 39974 40067 52008 60022 70282 87030
 333   10203=
 22727 12770 01501 10161 20143 30023 40068 52005 60002 333   10205=
 22717 12598 20000 10171 20154 39883 40065 52008 69902 82100 333  
 10211=
 22802 12999 41201 10198 20143 30038 40060 52006 60002 81031 333  
 10227=
 22820 12570 30801 10163 20146 39940 40068 52006 60002 81501 333  
 10213=
 22831 12998 60000 10158 20143 30016 40068 52003 60002 84031 333  
 10232=
 22805 11598 22503 10164 20135 30041 40059 52006 60002 70280 82430
 333   10197=
 22912 12599 21901 10175 20144 30053 40067 52003 60002 81540 333  
 10228=
 
