03:31:00 MSK 15.05.2023
020 123456/=о000=0031
 унту01 бтул 150000
 22686 82998 30000 11015 21022 30132 40234 58001 82071 555 11001=
 22695 42998 32801 10029 21018 30064 40217 58003 80001 555 1/002=
 22996 42/// /0000 10009 20009 30052 40240 54001 555 1/003=
 23220 43/// /2406 10008 21004 39947 40088 57005 333 91010 91110 555 1/000=
 23226 41324 82709 10003 21005 39868 40082 57007 78582 889// 333 85709 
 91012 91115 555 1/100=
 23305 42/// /2502 10027 20010 30164 40191 52006 555 1/001=
 23320 86/// /2904 10039 21009 30073 40145 53006=
 23324 41458 83005 10025 20004 30056 40132 53004 76062 885// 333 86715
 91110 555 1/001=
 23405 42975 73202 10057 20025 30098 40197 53010 85035 
 555 11003=
 23410 86/// /2705 10033 20000 30062 40158 52003 555 53009=
 23411 42/// /3203 10036 20009 30089 40178 53009 555 1/002=
 23412 42999 83105 10035 20003 30067 40163 53004 8805/ 555 1/100=
 23416 NIL=
 23418 42965 72802 10057 21010 30093 40166 56002
 87030 555 1/100=
 23503 42/// /3102 10070 20011 30137 40186 53002 555 1/004=
 23507 86/// /2903 10085 20011 39900 40204 57006=
 23509 42/// /2702 10093 20008 30116 40192 57010 555 1/006=
 23514 41597 82602 10064 20004 39990 40183 57007 78082 8595/ 333 85926 555 1/004=
 23518 42/// /2503 10049 20021 30081 40171 57011 555 1/100=
 23606 42962 82402 10057 21008 30038 40203 57007 8805/ 555 1/005=
 23612 NIL=
 23701 42/// /2101 11013 21017 30101 40233 57002 555 1/000=
 23704 86/// /0000 11019 21019 39926 40039 55004 555 53007=
 23707 83/// /0000 10013 21006 30099 40232 52002 555 1/003=
 23708 42/// /1801 11012 21029 30081 40233 54001 555 1/003=
 23709 42998 40000 11011 21041 30034 40230 54001 80001 555 11100=
 23711 42998 82701 10016 21018 30036 40206 57006 80005 555 11002=
 23803 42999 00000 11005 21035 30055 40238 53001 555 11100=
 23804 82997 20000 10007 21005 30087 40234 52002 80001 555 11003=
 23807 42/// /0000 10010 20008 30078 40241 54001 555 1/001=
 23808 86/// /0000 11031 21039 30071 40243 54001=
 23812 42997 60000 11021 21031 30056 40222 53001 80002 555 11000=
 23904 42970 10000 11023 21023 30083 40244 54000 80001 555 14100=
 23905 42999 23101 11021 21027 30009 40241 52001 80005 555 10101=
 23909 42998 32602 10029 21009 39988 40234 52002 80001=
 23912 42998 20000 11025 21034 30035 40232 52003 80001 555 10000=
 23913 42999 30000 11044 21053 30002 40239 52004 82035 555 14107=
 23914 82898 20000 10031 21005 39970 40227 52002 82041=
 27095 86/// /0000 11007 21007 30023 40256 52002=
 28013 41999 52803 10042 21001 39998 40228 54000 71211 80005 555
 10002=
 28016 42/// /0000 11011 21015 30007 40236 52002 555 1/001=
 28029 42999 00000 10007 21003 30005 40227 52002 555 11000=
 28116 42999 10000 10000 21007 30000 40233 54000 80005=
 28128 42999 23601 10003 21001 30074 40229 52002 80001 555 11000=
 28134 42998 20000 11007 21012 39875 40231 52001 80005 555 10101=
 28138 43/// /0000 10007 21003 39655 40226 54000=
 28216 42999 23301 10041 20017 39932 40229 54001 80001 555 11001=
 28222 42/// /0401 10008 20002 30031 40228 54001 555 1/001=
 28224 42970 00000 10022 20016 30010 40224 52003=
 28234 41596 80000 10022 20011 39945 40225 52002 74241 886// 555
 11002=
 28238 41993 02201 10008 20001 39922 40228 52002 74440 555 11002=
 28313 42/// /0101 10042 20027 30033 40225 52003 555 1/004=
 28319 42599 20602 10070 20051 30053 40214 52001 82500=
 28321 42999 03602 10067 20035 30019 40220 52003=
 28324 42/// /0000 10004 21010 30098 40220 52004 555 1/001=
 28326 41896 30000 10013 20008 30033 40221 52004 71000 83030 555
 10003=
 28413 42599 80401 10087 20053 30091 40211 52003 82531 555 10007=
 28428 41599 30201 10062 20042 30023 40206 53003 70281 83900 555
 11003=
 28429 42/// /0402 10049 20039 39802 40210 54000 555 1/004=
 22983 42998 20000 11011 21015 30140 40247 52003 80001 333 91001 91101
 555 11001=
 27083 42999 00000 10006 21002 30016 40242 52001 333 91000 91101 555
 11003=
 27097 42/// /2601 10010 20010 39981 40246 54000 333 91001 91101 555
 1/001=
 27185 42/// /0000 11004 21005 30062 40249 52002 333 91000 91100 555
 1/001=
 27199 42998 00000 10019 20012 30045 40244 52003 333 91000 91101 555
 10001=
 27281 42984 13301 10018 20009 30038 40247 52003 80001 333 91001 91102
 555 11002=
 27283 42998 03502 10001 21001 30086 40245 52002 333 91002 91102 555
 11003=
 27295 42/// /3401 10034 20015 39988 40241 54000 333 91002 91102 555
 1/004=
 27296 42980 00000 10012 21001 30019 40238 52002 333 91000 91101 555
 11001=
 27385 415// 20000 10018 20012 30106 40236 52001 71111 82500 333 91000
 91101 555 11001=
 27393 42998 10801 10052 20033 30067 40237 52002 81040 333 91002 91102
 555 11004=
 27480 42598 80000 10050 20041 30106 40234 57001 86501 333 91000 91102
 555 11005=
 28007 42999 22901 10053 20004 39980 40241 52002 80009 333 91001 91102
 555 10002=
 28009 42998 02501 10011 21002 30031 40244 52002 333 91001 91101 555
 10000=
 28105 42998 00000 10008 21001 30040 40242 52002 333 91000 91101 555
 10002=
 28202 42964 30000 10032 20009 30013 40235 52002 80001 333 91000 91101
 555 10002=
 28302 42998 00201 10048 20013 30003 40231 52001 333 91003 91103 555
 10003=
 28307 42498 22901 10050 20025 30085 40229 52003 82500 333 91002 91103
 555 11003=
 28402 42598 73401 10059 20039 30045 40223 54000 86505 333 91002 91103
 555 10006=
 28502 42598 61601 10041 20024 30109 40213 57003 86400 333 91002 91102
 555 10003=
 22550 82997 61301 10042 20029 30209 40219 57003 83082 555 11007=
 22778 42998 20000 11006 21011 30176 40247 52004 80005 555 11003=
 22889 42/// /0000 11014 21014 30158 40246 52003 555 1/001=
 22762 42697 30000 10028 20027 30200 40239 54001 83500 555 11004=
 22638 NIL=
 22671 42/// /0000 10010 20008 30145 40225 54001 555 1/001=
 22456 42997 80000 10008 21001 30127 40216 52002 8807/ 555 1/002=
 22583 42998 73401 10067 20020 30130 40210 53003 84071 555 11005=
 22749 42/// /1901 10010 21002 30126 40253 52005 555 1/002=
 22951 42/// /0000 10011 21001 39977 40263 52003 555 1/002=
 22887 41996 01301 11002 21005 30170 40241 52003 71000 
 555 14103=
 22876 42997 02401 10018 20007 30170 40244 54000 555 11002=
 22481 42/// /0000 11005 21005 30159 40212 52004 555 1/001=
 22854 42/// /0000 10030 20002 39968 40259 52003 555 1/003=
 22781 NIL=
 22676 41698 71601 10009 21002 30152 40230 57001 71111 82170 555
 10001=
 22648 42698 21502 10060 20048 30196 40242 52004 81401 555 10005=
 22559 42/// /0000 10076 20033 30208 40224 54001 555 1/006=
 22869 42997 00000 10025 20003 30108 40258 52006 555 11003=
 22768 42697 31902 10068 20023 30193 40242 52001 81531 555 10004=
 22798 42998 60000 11022 21028 30124 40239 51001 80001 555 10000=
 22375 NIL=
 23207 NIL=
 23215 42398 82706 10011 21002 30042 40131 54001 889// 333 88909 91011
 91111 555 1/000=
 23219 NIL=
 22408 42999 20101 10005 21006 30070 40222 52001 82030 555   11000=
 22511 42998 51801 10041 20025 30099 40220 52002 82031 555   11004=
 22529 42999 22002 10073 20043 30212 40219 52002 80002 555   11004=
 22602 42976 20901 10034 20019 30005 40231 52001 8203/ 555   11004=
 22621 83870 /2102 10081 20051 30092 40230 52002 555   1////=
 22619 42498 12503 10120 20051 30073 40228 52001 81500 555   11008=
 22721 42998 20000 10047 20035 30145 40243 52002 80001 555   11005=
 22727 86/66 /0000 10054 20042 30199 40247 52001 555   1////=
 22717 83/70 /2101 10041 20026 30054 40248 54000 555   1////=
 22802 42598 20000 10044 20033 30220 40244 52002 81530 555   11004=
 22820 42998 02101 10053 20027 30113 40249 52002 555   11003=
 22831 42997 00000 10013 20003 30196 40252 52005 555   11004=
 22805 429// 01103 10106 20026 30215 40234 54000 555   11006=
 22912 42984 10000 10046 20037 30225 40240 57001 80001 555   11006=
 
