03:31:00 MSK 22.06.2023
020 123456/=о000=0031
 унту01 бтул 220000
 22686 81998 10000 10014 20011 30072 40172 52008 71200 80009 555 10002=
 22695 42998 33402 10051 20009 30003 40154 52008 82031 555 10004=
 22996 42/// /3601 10054 20054 39963 40146 52003 555 1/007=
 23220 43/// /3005 10038 20002 39959 40099 54000 555 1/003=
 23226 42460 83607 10028 20001 39896 40108 53006 885// 333 88614 91010
 91110 555 11004=
 23305 42/// /0102 10050 20032 30140 40168 52002 555 1/006=
 23320 86/// /3302 10050 20034 30058 40129 52006=
 23324 42683 83302 10049 20035 30053 40129 52005 885// 333 88643 555
 10006=
 23405 42471 83502 10043 20031 30066 40165 52008
 8555/ 333 85618 555 10007=
 23410 86/// /3302 10054 20019 30044 40139 52003 555 53010=
 23411 42/// /3503 10049 20034 30064 40152 52004 555 1/006=
 23412 42599 83602 10056 20020 30047 40142 53005 885// 333 88626 555 10006=
 23416 NIL=
 23418 42565 83302 10064 20023 30063 40136 52003 885//
 333 88633 555 11006=
 23503 NIL=
 23507 86/// /3302 10035 20021 39850 40158 52002=
 23509 42/// /3402 10070 20015 30072 40149 52006 555 1/009=
 23514 42597 83502 10062 20027 39948 40141 52005 885// 333 88625 555 10007=
 23518 NIL=
 23606 42562 83402 10068 20036 39978 40141 52006 885// 333 88632 555 10010=
 23612 NIL=
 23701 NIL=
 23704 86/// /0101 10069 20052 39926 40039 55004 555 53008=
 23707 82998 83604 10084 20035 30013 40141 52009 82035 555 10007=
 23708 42/// /0101 10045 20025 39996 40143 52011 555 1/005=
 23709 82998 73301 10043 20011 39948 40139 52010 80001 555 10003=
 23711 42998 83301 10061 20029 39956 40122 52006 8805/ 555 10008=
 23803 42999 80000 10045 20009 39957 40134 53018 80001 555 10004=
 23804 82997 80000 10060 20047 39997 40139 52007 8805/ 555 10006=
 23807 42/// /3202 10078 20058 39986 40143 52004 555 1/007=
 23808 86/// /0000 10027 20020 39975 40142 52007=
 23812 42997 60201 10042 20009 39955 40115 52007 80002 555 10004=
 23904 41958 80000 10026 20026 39990 40146 52004 71022 80005 555 11004=
 23905 82899 53101 10050 20040 39913 40137 52007 85020 555 11005=
 23909 82898 82801 10044 20038 39889 40130 52011 81039=
 23912 82998 80000 10023 20010 39922 40113 52010 80001 555 10004=
 23913 82999 53001 10033 20024 39876 40102 52012 82031 555 11001=
 23914 82898 63202 10054 20024 39858 40110 52008 82045=
 27095 86/// /0000 10071 20071 39936 40160 52003=
 28013 81998 32903 10052 20031 39895 40122 52011 71211 80001 555
 10005=
 28016 NIL=
 28029 82899 53201 10066 20050 39885 40099 52007 82021 555 11006=
 28116 82499 73302 10078 20055 39894 40118 52006 86535=
 28128 82598 83202 10089 20056 39958 40107 52005 86531 555 11008=
 28134 82898 60000 10060 20056 39759 40101 52006 86040 555 11006=
 28138 43/// /3402 10061 20049 39540 40092 52006=
 28216 82699 83002 10073 20045 39832 40122 52005 885// 555 10008=
 28222 42/// /3101 10103 20059 39918 40105 52005 555 1/010=
 28224 82670 83001 10092 20051 39900 40106 52005 8654/=
 28234 81599 80000 10077 20059 39830 40100 52005 70262 885// 555
 11008=
 28238 82599 72101 10062 20046 39800 40096 52007 87500 555 11006=
 28313 42/// /0000 10071 20043 39937 40125 52007 555 1/009=
 28319 82598 83201 10082 20044 39964 40123 52006 885//=
 28321 82899 83202 10091 20054 39918 40115 52006 8805/=
 28324 42/// /3201 10096 20042 39999 40116 52007 555 1/009=
 28326 82598 72701 10080 20060 39924 40105 52007 87500 555 10008=
 28413 82599 82901 10088 20036 30007 40126 52005 885// 555 10009=
 28428 82598 73101 10071 20034 39934 40115 52006 87500 555 10008=
 28429 42/// /0000 10054 20042 39710 40114 53006 555 1/007=
 22983 41498 82501 10074 20069 30056 40159 52005 70282 86935 333 91002
 91103 555 11009=
 27083 42599 53001 10070 20060 39935 40153 52005 85900 333 91002 91104
 555 11007=
 27097 42/// /3002 10070 20066 39898 40154 52003 333 91004 91104 555
 1/007=
 27185 42/// /0000 10052 20049 39981 40162 52003 333 91000 91102 555
 1/008=
 27199 42998 40000 10075 20059 39961 40154 52005 84030 333 91001 91102
 555 10007=
 27281 42982 73202 10075 20059 39963 40166 52003 87070 333 91003 91105
 555 11009=
 27283 42498 83102 10076 20062 30005 40158 52003 889// 333 91002 91103
 555 10008=
 27295 42/// /2801 10067 20041 39911 40158 52003 333 91002 91104 555
 1/009=
 27296 42580 83501 10059 20044 39937 40151 52006 889// 333 91002 91103
 555 10007=
 27385 419// 20000 10028 20023 30037 40166 52007 71100 82030 333 91000
 91103 555 10004=
 27393 42598 70201 10069 20043 39987 40155 52006 87900 333 91002 91103
 555 10007=
 27480 42998 30000 10022 20011 30042 40171 52006 82031 333 91000 91102
 555 11005=
 28007 42999 83102 10064 20041 39890 40147 52002 8805/ 333 91004 91105
 555 10008=
 28009 42998 80000 10068 20050 39934 40140 52002 83031 333 91001 91103
 555 11008=
 28105 42598 72101 10051 20040 39952 40149 52005 87500 333 91002 91102
 555 10007=
 28202 42969 83301 10072 20045 39924 40141 52007 88050 333 91003 91104
 555 10008=
 28302 42998 83502 10079 20047 39918 40141 52006 8807/ 333 91003 91104
 555 10009=
 28307 42498 82902 10067 20035 30009 40151 52006 885// 333 91004 91104
 555 10007=
 28402 42598 82801 10071 20053 39967 40143 52005 8557/ 333 91001 91103
 555 10009=
 28502 42998 82602 10084 20040 30041 40142 52005 8807/ 333 91004 91104
 555 10009=
 22550 82997 00000 10030 20024 30166 40176 52002 555 10007=
 22778 42998 20201 10021 20017 30105 40175 52006 82070 555 10005=
 22889 42/// /2901 10056 20056 30074 40159 52005 555 1/005=
 22762 82997 00000 10022 20022 30137 40176 52002 555 10004=
 22638 NIL=
 22671 42/// /0301 10051 20028 30094 40172 52007 555 1/006=
 22456 42997 60000 10028 20028 30093 40180 52002 86030 555 11006=
 22583 42998 03501 10035 20028 30095 40175 52008 555 10004=
 22749 42/// /0000 10067 20054 30050 40173 54001 555 1/007=
 22951 42/// /0000 10043 20038 39911 40191 55002 555 1/006=
 22887 41996 33101 10060 20051 30092 40161 53005 71011 80001 
 555 11003=
 22876 42997 02501 10055 20050 30098 40170 52007 555 11005=
 22481 42/// /0201 10015 20014 30132 40185 52007 555 1/004=
 22854 42/// /3001 10054 20039 39898 40184 57002 555 1/007=
 22781 NIL=
 22676 41598 10000 10016 20013 30093 40171 52007 71100 81200 555
 10005=
 22648 41993 20000 10037 20035 30129 40175 57001 74441 81031 555
 16005=
 22559 42/// /0000 10050 20038 30160 40177 52003 555 1/006=
 22869 41997 00000 10034 20026 30038 40186 52002 71200 555 11005=
 22768 41997 21901 10038 20031 30126 40176 52001 71200 80001 555
 10004=
 22798 42998 60000 10056 20026 30045 40156 52009 80001 555 10006=
 22375 NIL=
 23207 NIL=
 23215 41395 83204 10039 20035 30056 40144 52003 70252 886// 333 86637
 555 11006=
 23219 NIL=
 22408 42699 71002 10110 20096 30002 40147 52005 86530 333   86637
 555   11011=
 22511 41498 81101 10110 20098 30024 40141 57003 72582 8697/ 333  
 86914 555   11011=
 22529 41599 70000 10094 20079 30159 40166 57004 70282 87500 333  
 87623 555   12010=
 22602 41474 61901 10130 20124 39909 40125 57008 71198 83930 555  
 11013=
 22621 83618 /1403 10098 20085 30017 40153 57007 555   1////=
 22619 41482 71303 10098 20086 39985 40139 57005 70298 87500 555  
 11011=
 22721 41697 81201 10098 20087 30062 40158 57002 78082 889// 333  
 85642 555   11012=
 22727 86968 /1203 10103 20086 30105 40152 57016 555   1////=
 22717 83/70 /1901 10129 20121 39947 40133 57027 555   1////=
 22802 41459 72102 10148 20097 30119 40141 52002 78098 85930 333  
 85916 91110 555   11014=
 22820 41662 81802 10113 20087 30015 40147 57028 72162 8647/ 555  
 12012=
 22831 41697 80000 10093 20084 30119 40173 57008 76162 885// 333  
 88648 555   12012=
 22805 41497 81004 10151 20084 30122 40141 52002 79598 8693/ 555  
 11014=
 22912 41599 80302 10138 20094 30135 40150 57001 70282 8237/ 555  
 10014=
 
