03:31:00 MSK 10.05.2023
020 123456/=о000=0031
 унту01 бтул 100000
 22686 81498 83102 10062 20054 30096 40195 52001 76062 8557/ 333 85616 555 11005=
 22695 41597 82902 10053 20038 30027 40178 54000 76162 8752/ 333 87621
 555 12005=
 22996 42/// /1901 10067 21008 30033 40217 57004 555 1/005=
 23220 41599 71901 11013 21019 39967 40109 53001 70282 83530 555 1/100=
 23226 42460 80501 11022 21031 39893 40110 58003 8555/ 333 85613 555 
 1/102=
 23305 42/// /3004 10006 21024 30150 40178 52012 555 1/100=
 23320 86/// /2603 11001 21025 30058 40131 52008=
 23324 42580 72503 11002 21023 30046 40124 53009 87500 333 87624 555
 1/101=
 23405 42970 73001 10001 21020 30085 40186 52012 87030 
 555 1/101=
 23410 86/// /2504 10000 21032 30047 40144 52010 555 53008=
 23411 42/// /2803 10001 21026 30071 40161 52010 555 1/100=
 23412 41699 72903 11001 21029 30052 40150 52011 70282 83530 555 1/101=
 23416 NIL=
 23418 42965 72703 10006 21030 30085 40159 52009 87030
 555 1/000=
 23503 NIL=
 23507 86/// /3501 11003 21003 39881 40195 52006=
 23509 NIL=
 23514 41697 72801 11006 21008 39978 40176 52007 70282 82570 555 1/101=
 23518 NIL=
 23606 41442 83301 10002 20002 30019 40187 52010 77176 8762/ 333 87710 555 1/002=
 23612 NIL=
 23701 42/// /2702 10058 20051 30063 40191 54001 555 1/005=
 23704 86/// /0000 10064 20051 39926 40039 55004 555 53012=
 23707 83/// /2703 10064 20022 30060 40190 57004 555 1/004=
 23708 42/// /2502 10065 20013 30044 40191 57003 555 1/005=
 23709 41998 82503 10073 20014 39997 40186 50001 70282 8007/ 555 12005=
 23711 41598 82701 10047 20039 30004 40172 58002 70262 889// 333 86621 555 11005=
 23803 41999 82601 10071 21004 30023 40200 58002 70262 8802/ 555 11004=
 23804 42697 82501 10066 20010 30054 40197 57004 8355/ 555 12005=
 23807 42/// /2503 10069 20012 30051 40210 57004 555 1/005=
 23808 86/// /2204 10086 21008 30043 40208 57002=
 23812 41496 82601 10050 20025 30024 40185 53001 78082 889// 555 11004=
 23904 42980 82401 10080 21015 30063 40218 57004 8804/ 555 11004=
 23905 42599 82402 10075 21020 39992 40216 57003 885// 555 11004=
 23909 42598 82403 10083 21026 39974 40215 57007 885//=
 23912 42598 81401 10065 21010 30015 40205 57008 885// 555 11005=
 23913 42599 80201 10068 21058 39980 40206 57008 885// 555 11009=
 23914 82899 82404 10077 21027 39954 40207 57010 87077=
 27095 86/// /1602 10064 21009 30013 40240 57007=
 28013 42598 82303 10075 21040 39992 40220 57007 885// 555 10006=
 28016 42/// /2301 10036 21031 30009 40234 57007 555 1/002=
 28029 42599 82003 10060 21045 30012 40230 57010 8657/ 555 11005=
 28116 42899 22001 10013 21043 30011 40244 57008 81035=
 28128 42899 22201 10041 21037 30095 40249 57007 81031 555 11101=
 28134 42598 21801 11014 21065 39900 40258 57006 82500 555 14102=
 28138 43/// /2001 10011 21094 39688 40260 57005=
 28216 42999 02202 10035 21067 39959 40258 57006 555 10100=
 28222 42/// /1502 10023 21018 30059 40255 57006 555 1/100=
 28224 42970 01601 11018 21066 30044 40262 57004=
 28234 42999 01601 11017 21085 39981 40266 57003 555 10105=
 28238 42999 02301 11045 21083 39960 40274 57004 555 10107=
 28313 NIL=
 28319 42999 00000 11033 21042 30099 40267 57002=
 28321 42999 02102 11008 21050 30056 40264 57004=
 28324 42/// /0000 11055 21089 30141 40267 57002 555 1/105=
 28326 42998 20000 11055 21076 30076 40271 57001 80001 555 14104=
 28413 42999 01301 11013 21048 30140 40265 57003 555 10102=
 28428 42899 23102 11033 21070 30073 40264 57003 82030 555 10103=
 28429 42/// /0302 11032 21065 39849 40272 57004 555 1/103=
 22983 42598 80000 10036 20009 30116 40221 57001 84535 333 91001 91102
 555 12003=
 27083 42584 62302 10070 21030 30003 40223 57005 84530 333 91003 91104
 555 11005=
 27097 42/// /2301 10063 21018 39974 40234 57008 333 91002 91103 555
 1/004=
 27185 42/// /0000 10017 21007 30062 40248 57005 333 91000 91101 555
 1/003=
 27199 42598 52401 10057 21006 30051 40247 57006 85500 333 91002 91102
 555 11005=
 27281 42584 62301 10060 21021 30044 40250 57005 86500 333 91001 91103
 555 11004=
 27283 42597 70000 10057 21007 30093 40248 57005 87500 333 91000 91102
 555 11004=
 27295 42/// /0000 10030 21019 30004 40258 57006 333 91000 91101 555
 1/003=
 27296 42980 01602 10032 21035 30033 40252 57006 333 91004 91103 555
 11001=
 27385 429// 70000 10028 20008 30128 40257 57005 87030 333 91000 91101
 555 11004=
 27393 42598 22302 10005 21029 30091 40264 57005 82500 333 91002 91103
 555 11101=
 27480 42598 82001 10037 20010 30133 40262 57005 885// 333 91002 91103
 555 10005=
 28007 42999 62502 10061 21039 39979 40239 57006 86030 333 91004 91104
 555 10003=
 28009 42698 22201 10021 21045 30033 40245 57006 82500 333 91001 91102
 555 14100=
 28105 42998 22101 11004 21040 30045 40249 57007 82030 333 91002 91103
 555 11100=
 28202 42967 02201 10017 21042 30028 40252 57006 333 91002 91102 555
 10100=
 28302 42998 00000 11015 21039 30029 40263 57006 333 91000 91101 555
 14100=
 28307 42998 01301 11013 21031 30116 40264 57005 333 91002 91102 555
 14101=
 28402 42998 22401 10001 21038 30081 40263 57004 81031 333 91002 91102
 555 10000=
 28502 42998 02801 11036 21056 30158 40265 57004 333 91002 91102 555
 14102=
 22550 82997 70501 10050 20028 30198 40208 52007 87070 555 11005=
 22778 42598 70000 10052 20032 30144 40212 54000 82570 555 11006=
 22889 42/// /2201 10042 20026 30132 40218 52002 555 1/004=
 22762 41597 62301 10051 20051 30172 40211 54000 70262 84530 555
 1/004=
 22638 NIL=
 22671 42/// /0202 10051 20049 30127 40205 53008 555 1/004=
 22456 41597 80000 10008 20008 30130 40218 52008 70282 8557/ 555
 1/100=
 22583 41598 73501 10005 21001 30130 40211 52013 70288 87500
 555 1/000=
 22749 42/// /2403 10079 20010 30098 40221 57003 555 1/005=
 22951 42/// /2601 10028 20004 39961 40244 54001 555 1/003=
 22887 42997 82202 10077 20034 30146 40215 54000 86031 
 555 10004 =
 22876 42997 82302 10062 20024 30142 40215 57002 86045 555 11004=
 22481 43/// /2901 11003 21003 30161 40215 52013 555 1/101=
 22854 42/// /2602 10053 20013 39945 40233 57002 555 1/005=
 22781 NIL=
 22676 41498 83102 10052 20048 30124 40201 52005 70282 8294/ 555
 11005=
 22648 42498 71302 10065 20035 30163 40209 57004 85930 555 11005=
 22559 NIL=
 22869 41697 72501 10077 20019 30083 40230 57002 76162 87500 333 87636
 555 12006=
 22768 42697 52002 10070 20030 30168 40217 52001 83531 555 11006=
 22798 42498 82201 10065 20022 30087 40198 57003 8695/ 555 10004=
 22375 NIL=
 23207 NIL=
 23215 41398 83207 11016 21021 30037 40127 53019 70272 886// 333 88706
 91110 555 1/100=
 23219 NIL=
 22408 42984 63301 11011 21028 30042 40194 57001 82039 555   1/102=
 22511 42698 51701 10013 21018 30073 40195 52001 82131 555   1/102=
 22529 42599 12002 10000 21012 30192 40199 52002 81500 555   12000=
 22602 42976 62402 10080 20009 39979 40201 52001 85530 333   85615
 555   1/001=
 22621 83/70 /2102 10025 21017 30069 40209 52002 555   1////=
 22619 42498 22802 10053 21024 30050 40209 52001 81501 555   11004=
 22721 42998 03201 10044 21012 30118 40216 52003 555   11003=
 22727 86/70 /1301 10040 21025 30178 40226 54000 555   1////=
 22717 83/70 /2501 10029 21023 30035 40230 54000 555   1////=
 22802 42999 00000 10010 21013 30205 40229 54000 555   12003=
 22820 42998 12403 10068 21046 30091 40226 54000 81030 555   11002=
 22831 42997 30301 10000 21014 30176 40232 54000 83030 555   12002=
 22805 429// 22503 10057 21011 30212 40232 54000 80001 555   11003=
 22912 42984 01101 11023 21031 30224 40240 52001 555   12100=
 
