15:31:00 MSK 22.08.2023
020 123456/=о000=1231
 унту01 бтул 221200
 22686 81498 70102 10104 20063 39980 40076 52011 70282 84985 555 11015=
 22695 41598 63101 10092 20065 39909 40057 52010 70282 85931 555 12013=
 22996 82598 63302 10134 20051 39889 40065 54000 86900 555 10019=
 23220 41499 60405 10150 20087 39925 40058 57003 70282 84931 333 91111 555 11016=
 23226 41660 61205 10160 20054 39862 40064 57003 70162 84931 333 91110 
 555 11018=
 23305 42599 60202 10120 20069 30050 40076 52003 84230 555 11015=
 23320 86/// /3201 10115 20104 39976 40045 54001=
 23324 41582 70502 10148 20114 39973 40046 57003 72582 82962 555 11018=
 23405 41573 70105 10124 20048 39973 40067 52005
 70262 82930 555 11016=
 23410 86/// /3603 10141 20066 39954 40045 57005 555 50087 53006=
 23411 41599 80203 10128 20052 39974 40058 54000 70282 889// 555
 11018=
 23412 42699 73603 10125 20078 39957 40049 57003 83531 555 11015=
 23416 NIL=
 23418 41559 80202 10107 20085 39978 40049 53002 78082
 8595/ 333 85927 555 11014=
 23501 NIL=
 23503 41598 70202 10118 20084 30009 40057 52006 70282 82905 555 12018=
 23507 86/// /0502 10106 20055 39761 40058 51007=
 23509 41498 73603 10109 20078 39977 40053 52004 72522 86901 333 86914
 555 11016=
 23514 41597 73502 10106 20085 39859 40047 52005 72582 83980 555 12019=
 23518 42/// /0602 10121 20076 39947 40034 57003 555 1/017=
 23606 41560 83302 10109 20064 39885 40044 52003 78585 889// 333 85930 555 11019=
 23612 NIL=
 23701 41660 73202 10102 20068 39935 40059 52006 78082 87900 555
 11018=
 23704 86/// /2901 10108 20075 39686 49796 50043 555 53006=
 23707 81497 72804 10104 20074 39932 40058 52006 78082 83931 555 11016=
 23708 41498 52902 10121 20053 39912 40054 52006 70282 83901 555 12020=
 23709 41598 62406 10111 20048 39863 40048 52001 70282 85301 555 11020=
 23711 41598 70101 10109 20083 39875 40037 53001 70282 84945 555 11018=
 23803 41599 83203 10116 20098 39883 40055 52003 72582 889// 555 11014=
 23804 81597 73302 10097 20061 39924 40064 52006 72582 87330 555 11014=
 23807 42/// /3003 10119 20063 39912 40066 52002 555 1/016=
 23808 86/// /3002 10113 20076 39902 40062 50004 333 91111=
 23812 41597 73102 10108 20052 39890 40045 53005 70282 85910 555 11014=
 23904 42570 73003 10139 20045 39917 40065 54000 84302 555 11018=
 23905 81599 62702 10129 20057 39845 40062 52002 70182 86900 555
 11019=
 23909 81598 73202 10119 20073 39827 40061 52001 72522 82305=
 23912 81598 52703 10120 20059 39870 40053 51006 72582 83901 333 91110
 555 11019=
 23913 81599 72401 10091 20073 39839 40060 52011 72582 87900 555
 11013=
 23914 81498 72802 10091 20074 39812 40060 52006 78082 86901=
 28013 81598 62502 10128 20070 39840 40059 57001 70282 84901 555
 11023=
 28016 81599 73104 10126 20069 39852 40066 54001 72582 87900 333 91110
 555 10018=
 28029 81599 62803 10140 20057 39850 40058 57002 70282 86800 555
 11020=
 28116 81599 52503 10150 20056 39846 40064 57004 70182 85900=
 28128 81598 62601 10134 20084 39924 40070 52002 72522 86900 555
 11019=
 28134 81595 63201 10127 20078 39731 40065 57001 78182 86901 555
 11018=
 28138 42599 32304 10128 20056 39524 40062 57002 83300=
 28216 82599 72804 10158 20052 39786 40066 57003 87900 555 10023=
 28222 81598 82801 10156 20067 39884 40067 50000 70282 86971 555
 11020=
 28224 82670 72602 10177 20049 39864 40064 57005 87500=
 28234 82598 72703 10160 20037 39804 40066 57002 82230 555 10027=
 28238 82599 82803 10162 20033 39778 40063 57004 882// 555 10022=
 28313 82598 72903 10173 20050 39889 40069 57005 87900 555 10023=
 28319 82599 62502 10189 20041 39919 40071 57008 85550=
 28321 82599 82802 10174 20050 39875 40066 57006 8697/=
 28324 82599 73002 10198 20021 39954 40067 57009 86401 555 10032=
 28326 82598 63003 10188 20033 39891 40065 57006 86800 555 10030=
 28413 82599 83202 10194 20027 39959 40073 57009 86804 555 10029=
 28428 82599 82902 10187 20007 39899 40071 57007 83531 555 10030=
 28429 82598 82503 10183 20043 39684 40069 57005 83201 555 10029=
 22983 42498 63302 10150 20033 39979 40079 54000 83935 333 91007 91108
 555 11026=
 27083 41599 63002 10134 20070 39862 40074 52001 70282 86900 333 91005
 91109 555 11029=
 27097 41498 73003 10137 20080 39828 40077 54000 70282 87900 333 91006
 91106 555 10022=
 27185 42698 33003 10171 20075 39902 40075 57003 82540 333 91006 91109
 555 11030=
 27199 41498 63102 10164 20073 39888 40074 57008 70282 86300 333 91007
 91105 555 10027=
 27281 41482 72601 10156 20117 39880 40076 57003 70282 86962 333 91002
 91109 555 11022=
 27283 41498 72402 10155 20104 39929 40077 57001 72582 87900 333 91003
 91109 555 10020=
 27295 41598 83501 10132 20102 39842 40081 57005 72582 884// 333 91003
 91107 555 11020=
 27296 42598 72502 10164 20083 39870 40075 57007 87900 333 91004 91106
 555 10025=
 27385 416// 72502 10170 20107 39959 40080 57006 70281 84131 333 91004
 91108 555 10024=
 27393 42598 62904 10187 20069 39918 40077 57012 84941 333 91006 91109
 555 10029=
 27480 42598 82701 10204 20080 39961 40081 57010 85801 333 91004 91107
 555 10033=
 28007 41599 63302 10124 20067 39826 40076 50003 72582 85340 333 91003
 91107 555 11018=
 28009 41498 73102 10129 20054 39873 40073 57001 78082 87900 333 91005
 91107 555 11017=
 28105 41598 63301 10140 20076 39892 40075 57001 72522 86300 333 91003
 91106 555 10022=
 28202 41699 63002 10157 20069 39861 40070 57009 70282 83431 333 91004
 91107 555 10024=
 28302 42598 82904 10149 20078 39863 40080 56003 85901 333 91009 91109
 555 10022=
 28307 42498 82901 10192 20063 39943 40078 57009 86831 333 91003 91107
 555 10030=
 28402 42698 72602 10192 20064 39911 40078 57008 84231 333 91005 91106
 555 10034=
 28502 42598 80102 10197 20022 39982 40079 57011 87401 333 91003 91106
 555 10029=
 22550 81597 73602 10122 20089 30116 40126 54000 72522 87900 333 87932
 555 11018=
 22778 41596 73103 10111 20081 30028 40095 52003 78082 86970 555
 11018=
 22889 42598 72804 10132 20051 39997 40079 54001 87800 333 87624 555
 11022=
 22762 81598 73002 10126 20070 30076 40113 54001 72582 84961 555
 10018=
 22638 46/// /0202 10126 20058 39917 40134 52001=
 22671 42/// /0303 10132 20053 30020 40096 52005 555 1/020=
 22456 41597 70401 10134 20071 30036 40120 52002 70282 87200 555
 11018=
 22583 41598 63103 10127 20066 30006 40083 52008 70288 84871
  555 11017=
 22749 42598 70602 10132 20057 30002 40122 52002 87500 555 10020=
 22951 42598 83501 10128 20068 39848 40118 54001 889// 555 1/018=
 22887 42699 73005 10129 20064 30020 40087 53003 
 82531 333 91111 555 10023=
 22876 42597 62802 10130 20048 30021 40091 52002 86900 333 86927 555
 10020=
 22481 42/// /3403 10129 20062 30045 40095 52004 555 1/016=
 22854 42/// /3603 10132 20029 39841 40117 54001 555 1/027=
 22781 NIL=
 22676 41497 73604 10107 20061 30013 40087 52008 78082 87900 333 91110
 555 11015=
 22648 41798 70102 10129 20067 30086 40130 54000 72582 86930 333 86655
 555 10020=
 22559 82598 63203 10137 20073 30105 40121 52003 84531 555 11019=
 22869 42597 33404 10137 20040 39964 40106 52002 83200 555 11021=
 22768 42697 73303 10136 20044 30063 40111 52003 85570 555 10024=
 22798 41497 70000 10104 20077 39959 40068 53005 78082 87900 555
 11017=
 22375 46/// /0305 10130 20057 30099 40114 52004=
 23207 41499 50601 10124 20109 30059 40081 54000 72582 84901 555
 11015=
 23215 42498 70704 10149 20093 39981 40065 54001 85902 555 11019=
 23219 NIL=
 27095 NIL=
 22408 42699 61303 10157 20078 39993 40135 57004 86800 333   86639
 555   11022=
 22511 42698 70502 10156 20072 30020 40135 57002 86430 333   86647
 555   10030=
 22529 42599 60702 10140 20068 30134 40141 57001 83832 555   11019=
 22602 41477 61201 10150 20101 39911 40126 57004 70282 85930 333  
 85917 555   11020=
 22621 83670 /1102 10133 20082 30004 40138 57001 555   1////=
 22619 42498 31102 10157 20086 39975 40126 57004 83800 555   10028=
 22721 42698 40801 10173 20060 30034 40127 57004 84500 555   11029=
 22727 86970 /0401 10170 20081 30079 40124 57004 555   1////=
 22717 83/70 /0502 10178 20110 39927 40113 57005 555   1////=
 22802 42599 70902 10178 20133 30088 40110 57001 83971 555   11020=
 22820 42668 51103 10160 20083 39995 40124 57002 85100 333   85835
 555   11025=
 22831 42698 30401 10178 20056 30068 40120 57002 83200 555   10027=
 22805 41498 81102 10166 20149 30087 40110 52002 78082 883// 555  
 11019=
 22912 42599 70802 10173 20125 30096 40110 57002 82430 555   11019=
 
