09:31:00 MSK 15.09.2023
020 123456/=о000=0631
 унту01 бтул 150600
 22686 82998 01703 10157 20102 30079 40174 52004=
 22695 42998 21903 10154 20082 30023 40169 53005 80001=
 22996 82998 31801 10154 20107 30050 40228 52006 80001=
 23220 42599 32405 10166 20104 30022 40156 54000 81131 333 91010 91110=
 23226 41460 32107 10134 20101 39947 40153 54000 70354 83500=
 23305 42999 61905 10132 20099 30109 40136 53007 86070=
 23320 66/// /2204 10177 20108 30096 40165 52002 60002 333 20104=
 23324 42987 02204 10157 20101 30088 40161 53002=
 23405 42975 61903 10140 20097 30052 40147 53003
 83031=
 23410 66/// /1705 10147 20093 30064 40156 54001 60002 333 20091=
 23411 42999 72107 10140 20098 30061 40146 57001 87030 333 91010 91111=
 23412 42999 01904 10152 20099 30063 40155 53001=
 23416 NIL=
 23418 42965 11603 10162 20088 30107 40177 54000 80001=
 23501 NIL=
 23503 42998 22104 10162 20086 30119 40167 53003 80001=
 23507 86/// /2102 10129 20103 39872 40170 52004=
 23509 42998 11802 10154 20088 30109 40184 53003 80001=
 23514 42997 22103 10159 20096 39998 40185 52004 80001=
 23518 42998 82004 10142 20092 30114 40202 53004 80005 555 53007=
 23606 42962 02101 10161 20102 30029 40192 57005=
 23701 42999 22003 10149 20103 30080 40204 52005 80001=
 23704 66/// /2001 10136 20112 39747 49856 53194 60002 333 20061=
 23707 82999 61802 10149 20102 30082 40209 52006 80005=
 23708 42983 51803 10159 20098 30078 40221 52006 80004=
 23709 82998 62001 10172 20092 30041 40224 52006 80001=
 23711 42998 61902 10159 20102 30057 40219 53005 80001=
 23803 42999 81601 10137 20089 30057 40230 53008 80001=
 23804 82997 71801 10148 20105 30079 40218 52006 80005=
 23807 41997 11901 10145 20114 30072 40227 52006 70240 80001=
 23808 86/// /0901 10147 20114 30073 40234 52005=
 23812 42997 42001 10165 20092 30077 40232 53003 80002=
 23904 42970 61602 10140 20102 30086 40237 52004 80001=
 23905 82999 22002 10168 20097 30020 40237 52005 80001=
 23909 82998 22601 10173 20106 30006 40239 52005 80001=
 23912 81998 22101 10142 20097 30058 40243 52003 70240 80001=
 23913 81999 10000 10110 20072 30027 40250 52002 70241 80001=
 23914 82998 31001 10137 20097 39996 40243 52005 80001=
 28013 82998 62901 10177 20096 30020 40240 52004 80001=
 28016 82999 80000 10170 20106 30028 40242 52002 80001=
 28029 82998 21801 10171 20104 30030 40239 52004 80005=
 28116 82999 70301 10157 20111 30022 40243 52004 80005=
 28128 81996 62201 10138 20131 30097 40245 52003 71041 80001=
 28134 82998 00000 10165 20100 39906 40241 52003=
 28138 42999 20201 10175 20082 39692 40230 52005 80001=
 28216 82999 70000 10190 20113 39956 40238 52003 80005=
 28222 81998 82301 10184 20104 30056 40241 52002 70241 80001=
 28224 82965 70000 10186 20115 30036 40238 52001 80005=
 28234 81998 13501 10152 20083 39976 40243 51003 70140 80001=
 28238 82999 21201 10134 20074 39950 40243 54001 80001=
 28313 42998 70000 10155 20104 30058 40243 57001 80001=
 28319 81898 40000 10164 20130 30088 40244 52002 70340 82051=
 28321 82999 70000 10157 20109 30047 40242 52002 80001=
 28324 81998 80000 10158 20103 30127 40243 54000 70242 80005=
 28326 81998 40000 10156 20109 30062 40241 57001 70141 80001=
 28413 81899 33301 10172 20108 30125 40242 54001 70241 82031=
 28428 82998 80000 10172 20099 30063 40239 54000 80001=
 28429 82998 80602 10178 20098 39844 40235 54001 80001=
 22983 42998 12701 10145 20099 30119 40220 52005 80001 333 91001
 91101=
 27083 42999 01801 10147 20099 30013 40227 52006 333 91002 91102=
 27097 42998 21601 10161 20117 39985 40235 52006 80001 333 91002
 91102=
 27185 42998 30000 10146 20101 30059 40236 52003 82031 333 91000
 91101=
 27199 42998 60000 10160 20109 30050 40239 52003 86070 333 91001
 91102=
 27281 42982 21401 10157 20109 30037 40235 52006 81039 333 91002
 91102=
 27283 42963 70000 10140 20113 30088 40238 52004 87030 333 91001
 91102=
 27295 42998 61301 10163 20091 39998 40239 52006 84079 333 91002
 91103=
 27296 42998 01901 10170 20097 30030 40238 52002 333 91002 91102=
 27385 429// 30000 10172 20094 30112 40237 52003 80001 333 91000
 91101=
 27393 42598 52901 10142 20103 30080 40245 52002 83901 333 91001
 91103=
 27480 41998 11901 10161 20094 30114 40237 52004 70240 80001 333 91002
 91102=
 28007 42999 70000 10138 20096 39991 40244 52005 80001 333 20079 91000
 91101=
 28009 42998 81601 10163 20094 30045 40246 52002 80001 333 91001
 91101=
 28105 42998 20000 10170 20101 30055 40239 52002 80001 333 91000
 91101=
 28202 42976 50000 10161 20097 30028 40240 52001 80004 333 91000
 91102=
 28302 42998 60000 10177 20096 30022 40240 52002 84031 333 91000
 91101=
 28307 42498 60901 10173 20089 30101 40239 52003 83401 333 91002
 91102=
 28402 42998 50000 10183 20105 30068 40238 52002 82039 333 91001
 91102=
 28502 42998 20701 10167 20083 30140 40239 51001 80001 333 91001
 91101=
 22550 82497 80203 10092 20067 30167 40177 52027 885// 333 20088
 87615=
 22778 42998 21604 10142 20098 30111 40178 52003 81071=
 22889 42998 12301 10154 20111 30135 40218 52005 80001=
 22762 42498 81701 10138 20099 30117 40154 52008 8657/=
 22638 46/// /3602 10088 20077 39968 40189 52019=
 22671 42798 71802 10151 20102 30065 40140 51006 86530 333 87656=
 22456 41997 60201 10082 20080 30095 40181 52027 70252 80001=
 22583 42598 82301 10141 20098 30069 40146 52007 86570=
 22749 41497 82502 10123 20120 30028 40149 52016 76186 8872/ 333 20117
 88710=
 22951 42498 72102 10130 20100 39898 40168 53009 87500=
 22887 42999 11503 10142 20107 30135 40203 54000 80001=
 22876 42997 01802 10168 20107 30126 40195 52005=
 22481 NIL=
 22854 42499 82103 10112 20097 39880 40159 53012 886// 333 85713=
 22781 NIL=
 22676 42898 21803 10152 20095 30079 40153 52004 81031=
 22648 41397 83404 10091 20089 30124 40169 53025 76186 8872/ 333 20091
 88708=
 22559 81597 83402 10090 20079 30151 40167 52027 76186 8252/ 333
 20090=
 22869 42997 01902 10149 20098 30047 40189 52004 333 20092=
 22768 42897 51904 10149 20095 30110 40158 52005 82031=
 22798 42997 21702 10151 20100 30098 40206 50005 80001=
 22375 46/// /0305 10092 20063 30158 40172 52026=
 23207 41395 80403 10078 20076 30100 40122 52012 78084 889//=
 23215 42998 72104 10126 20112 30045 40130 56005 87070=
 23219 NIL=
 27095 66/// /1401 10147 20116 30026 40246 52004 60002 333 20027=
 22408 12699 33401 10055 20049 30078 40227 52016 69932 81530 333  
 20034 31004=
 22511 11598 40102 10096 20074 30098 40217 52016 69942 70181 83930
 333   20087 31009=
 22529 12599 60202 10104 20068 30196 40203 52020 60002 86500 333  
 20072 33007 86627=
 22602 12999 23201 10081 20062 39997 40219 52014 60002 8203/ 333  
 20042 31004=
 22621 12398 73501 10093 20089 30072 40209 52018 60002 87600 333  
 20060 32/// 87707=
 22619 12498 83003 10103 20094 30048 40203 52016 60002 888// 333  
 20074 31007 85617=
 22721 12498 73002 10101 20084 30105 40201 52017 69982 87700 333  
 20075 31008 85610=
 22727 12570 83602 10112 20079 30153 40200 52024 60002 884// 333  
 20096 32/// 88622=
 22717 12998 73101 10087 20076 30020 40214 52020 60002 85031 333  
 20069 31///=
 22802 12399 83102 10084 20081 30199 40222 52022 60002 886// 333  
 20067 31007 88706=
 22820 12570 73402 10098 20069 30065 40199 52022 69982 87500 333  
 20091 31010 87624=
 22831 11498 83401 10104 20088 30120 40174 52027 60042 70282 889//
 333   20100 32011 88911=
 22805 12598 83601 10110 20090 30195 40220 52022 60002 8753/ 333  
 20099 31008=
 22912 12599 83602 10107 20075 30188 40203 52021 60002 885// 333  
 20093 31011 88630=
 
