06:31:00 MSK 02.12.2023
020 123456/=о000=0331
 уйту01 бтул 020300
 22686 11496 80000 11078 21087 39970 40072 57009 60022 77172 8457/ 333 21081 47019 55000 84615 555 53001 7002/=
 22695 11496 80702 11077 21095 39905 40062 58018 69952 77172 8772/ 333
 21081 47027 555 53006 7995/=
 22996 11496 71601 11070 21070 39880 40070 57010 69992 77172 85570 333
 21070 47024 55000 85613 93601 555 53004 7004/=
 23220 11496 81106 11094 21116 39979 40126 57010 69982 77173 8472/ 333 21109 47012 55007 555 53008 7998/=
 23226 11455 80401 11078 21084 39909 40129 57009 60022 77172 8652/ 333 
 21090 47016 86613 555 53002 7003/=
 23305 11967 80801 11060 21064 30082 40110 57008 60012 77172 8807/ 333
 21075 47016 555 53003 7002/=
 23320 76/// /0401 11064 21064 30044 40119 57011 333 21083 60002 555 53001 7000/=
 23324 12580 80402 11068 21082 30042 40121 57011 60012 885// 333 21071
 49020 55000 88630 555 53004 7001/=
 23405 1199681102 11059 21063 39998 40100 57009
 69960 77172 8802/ 333 21067 47020 55000 555
 53004 7002/=
 23410 76/// /0401 11051 21063 30019 40118 57008 333 21051 60002 555 7000/=
 23411 11998 80301 11050 21051 30025 40116 57007 60012 77172 8802/ 333
 21056 47034 555 53003 7003/=
 23412 11396 80902 11048 21054 30019 40118 57008 60032 77172 8872/ 333
 21050 47036 55000 85709 555 53004 7007/=
 23416 NIL=
 23418 11448 80000 11047 21053 30039 40114 57009 60012 77172 8672/
 333 21057 47032 55000 86712 555 53003 7003/=
 23501 NIL=
 23503 12998 81002 11062 21077 30049 40100 57028 69942 8801/ 333 21077
 47023 555 53004 7001/=
 23507 86/// /0000 11100 21104 39770 40092 57007 333 21100 555 53003=
 23509 12498 81101 11065 21085 30014 40094 58029 60022 886// 333 21069
 47030 88710 555 53002 7003/=
 23514 11997 81101 11079 21085 39901 40103 57010 69932 77072 8807/ 333 21087 47036 55000 555 53005 7001/=
 23518 11696 81302 11060 21074 30019 40113 57007 60022 77172
 8357/ 333 21060 47028 55000 555 51054 7003/ 91204=
 23606 11460 80901 11075 21075 39918 40089 57010 60012 77172 885// 333 21076 47022 55000 88618 555 53005 7003/=
 23612 11457 81101 11057 21065 39971 40109 57007 60012 77172 8452/ 333 21079 47021 84611 93402 555 53004 7001/=
 23701 11558 70000 11067 21074 39946 40078 57008 60012 78582
 83970 333 21076 47020 555 51073 53003 7001/ 91203=
 23704 76/// /0000 11066 21066 39423 49537 53008 333 21101 60002 555 51080 7000/=
 23707 61997 80901 11073 21082 39933 40069 57006 60022 77177 8807/ 333 21101 47018 55000 93607  555 53004 7002/=
 23708 11448 81302 11057 21070 39926 40079 57008 69952 77172 8572/ 333
 21070 47022 85711 555 53003 7995/=
 23709 11998 80000 11053 21067 39889 40085 57008 60022 70272 8807/ 333
 21053 47024 93401 555 53003 7003/ 91203=
 23711 12498 81302 11079 21089 39925 40099 57008 60002 8395/ 333 21098 47026 55000 555 53003 7990/=
 23803 11997 81201 11055 21071 39906 40089 57008 60022 77172 8802/ 333 21055 47024 55000 555 53005 7005/=
 23804 11696 80000 11080 21088 39923 40073 57004 60022 77172 8352/ 333 21081 47021 55000 555 53003 7003/=
 23807 11396 81801 11073 21073 39909 40075 57007 60012 77172 8572/ 333 21081 47015 55000 85708 555 53002 7003/=
 23808 66/// /1401 11068 21068 39912 40085 57006 60002 333 21078 555 7000/=
 23812 11996 81101 11073 21085 39933 40100 57010 69922 77172 8807/ 333
 21088 47019 934// 555 53003 7992/=
 23904 11572 81501 11071 21073 39920 40081 57009 60022 70272 8653/ 333
 21071 47022 86630 555 53003 7004/=
 23905 12599 80000 11068 21076 39851 40084 57008 60022 885// 333 21068
 47028 555 53003 7003/=
 23909 11297 81601 11064 21072 39839 40090 57010 69972 77172 8772/ 333
 21064 47027 55000 93607=
 23912 11496 81601 11076 21089 39904 40102 57011 60022 77172 8552/ 333
 21076 47023 555 53005 7002/=
 23913 11997 81403 11087 21109 39879 40116 57011 69962 77172 8802/ 333
 21105 47019 55027 555 53006 7996/=
 23914 61497 81202 11081 21091 39836 40101 57011 60022 77172 8802/ 333
 21084 47024 55000=
 28013 12598 81601 11065 21080 39856 40093 58010 69962 885// 333 21065
 47029 93401 555 53005 7996/=
 28016 12598 81501 11066 21069 39863 40093 57012 69992 885// 333 21066
 47032 555 53006 7001/=
 28029 12599 81402 11071 21082 39876 40102 57010 60022 885// 333 21071
 47019 55000 555 53005 7002/=
 28116 11496 81601 11070 21080 39858 40095 57014 60012 77172 8672/ 333
 21071 47032 55000=
 28128 11596 80000 11061 21070 39943 40100 57014 60022 77172 8802/ 333
 21061 47022 55000 93401 555 53005 7002/=
 28134 12498 81501 11085 21099 39747 40110 57014 69982 8471/ 333 21085
 47023 555 53005 7998/=
 28138 12599 80000 11115 21127 39532 40124 57012 60012 885// 333 21119
 47031 55000 93646=
 28216 11598 80902 11074 21083 39787 40093 58022 69982 70272 887// 333
 21075 47034 555 53005 7002/=
 28222 12598 80000 11061 21070 39900 40099 58016 60022 885// 333 21061
 47016 93401 555 53004 7002/=
 28224 11460 81001 11064 21076 39879 40098 57019 60012 77172 885// 333
 21064 47029 55000=
 28234 12597 81001 11068 21084 39821 40107 58017 69972 885// 333 21077
 47022 555 53004 7997/=
 28238 11596 80301 11080 21095 39800 40113 58018 60012 77172 885// 333
 21089 47027 55000 555 53004 7001/=
 28313 11595 80801 11065 21078 39894 40091 57027 69902 71022 885// 333
 21071 47031 555 53004 7001/=
 28319 12598 80701 11058 21067 39921 40088 57032 69902 885// 333 21068
 47031=
 28321 11596 81801 11067 21079 39893 40102 58029 60022 77172 8552/ 333
 21072 47039=
 28324 12599 80701 11060 21068 39966 40090 58030 60022 885// 333 21064
 47033 555 53003 7005/=
 28326 12598 70000 11057 21065 39905 40096 57023 60022 87500 333 21058
 47035 55000 555 53001 7002/=
 28413 11496 81101 11056 21071 39951 40076 58036 60002 71022 885// 333
 21062 47025 93400 555 53005 7000/=
 28428 11595 80601 11052 21064 39898 40086 58033 69932 71022 885// 333
 21059 47032 555 53003 7004/=
 28429 12498 81201 11055 21063 39679 40099 56025 69972 886// 333 21060
 47032 93401 555 53004 7003/=
 22983 11558 80000 11074 21082 39961 40069 57007 69942 77172 865// 333
 21074 47015 55000 91000 91101 555 53002 7003/=
 27083 11559 80000 11077 21087 39840 40069 57009 69942 77172 885// 333
 21077 47019 91000 91102 555 53003 7003/=
 27097 12598 81601 11080 21082 39805 40074 57014 69922 885// 333 21084
 47016 91002 91102 555 53003 7004/=
 27185 12698 80000 11069 21079 39878 40067 56016 60002 885// 333 21070
 47011 91000 91104 555 53004 7003/=
 27199 11597 80701 11066 21075 39869 40071 57016 69912 77072 8252/ 333
 21066 47999 55000 91002 91104 555 53004 7005/=
 27281 11459 80702 11075 21086 39846 40059 57016 69922 77172 8472/ 333
 21077 47013 91003 91104 555 53004 7001/=
 27283 11997 71002 11076 21086 39904 40064 57016 69902 70272 87030 333
 21079 47017 91002 91103 555 53003 7003/=
 27295 12997 80501 11075 21093 39806 40065 57021 60002 8805/ 333 21081
 47010 91002 91104 555 53005 7002/=
 27296 12998 81401 11068 21092 39846 40069 57021 60002 8807/ 333 21070
 47018 55000 91002 91104 555 53004 7004/=
 27385 114// 80402 11078 21092 39917 40050 57023 69932 77172 8575/ 333
 21089 47011 91003 91104 555 53004 7997/=
 27393 12598 80702 11071 21081 39892 40067 57027 60002 8657/ 333 21126
 47021 55000 91003 91104 555 53005 7003/=
 27480 11497 80603 11069 21088 39906 40037 57026 60012 78582 889// 333
 21107 47012 91005 91105 555 53005 7001/=
 28007 11396 80000 11069 21081 39813 40082 58015 69972 71072 886// 333
 21070 47022 55000 88709 91000 91101 555 53002 7005/=
 28009 11497 80000 11066 21080 39871 40086 57016 60012 78582 889// 333
 21067 47035 91001 91102 555 53005 7004/=
 28105 12598 81101 11067 21082 39879 40077 57019 60002 885// 333 21069
 47028 91002 91103 555 53004 7004/=
 28202 12997 81101 11076 21092 39849 40077 57025 69902 8801/ 333 21080
 47030 91002 91105 555 53005 7004/=
 28302 12997 80601 11072 21091 39839 40074 57028 60002 8807/ 333 21085
 47019 91003 91103 555 53004 7003/=
 28307 11498 83601 11074 21087 39907 40055 58032 69922 77172 8457/ 333
 21110 47018 91003 91103 555 53003 7005/=
 28402 12481 80703 11051 21065 39871 40054 57036 60002 886// 333 21060
 47024 91005 91106 555 53006 7004/=
 28502 12597 80802 11048 21065 39936 40042 56046 60002 8802/ 333 21058
 48017 55002 91003 91107 555 53007 7004/=
 22550 11950 80201 11085 21090 30065 40076 57006 60032 77172 8801/ 333
 21094 47016 55000 555 53005 7003/=
 22778 11496 80401 11082 21094 39989 40061 57007 60012 78582 889// 333
 21088 47009 55000 85614 555 53002 7003/=
 22889 11496 80601 11072 21074 39982 40071 57006 60012 77172 8872/ 333
 21077 47012 88511 555 53002 7004/=
 22762 11996 80000 11092 21099 30028 40069 57005 60032 77177 8002/ 333
 21097 47019 555 53003 7005/ 91206=
 22638 46/// /0100 11107 21119 39840 40075 54000=
 22671 11996 80301 11085 21096 39983 40065 57009 60012 77172 87010 333
 21090 47021 55000 555 53004 7001/=
 22456 11596 70000 11098 21121 39996 40087 57011 69922 78582 86970 333
 21106 47032 555 53006 7992/=
 22583 11597 80000 11066 21076 39995 40078 57008 69952 78582 8697/ 333
 21076 47024 55000 555 53005 7995/=
 22749 NIL=
 22951 11897 80000 11103 21111 39775 40067 57004 69932 77872 8802/ 333
 21103 47019 555 53003 7997/=
 22887 11697 81201 11067 21075 39991 40062 57008 69922 70282 85531
 333 21074 47007 55000 85636 555 53003 7001/=
 22876 11496 80000 11080 21083 39988 40062 57005 69942 78588 889// 333
 21088 47012 88916 555 51080 53001 7003/ 91205=
 22481 11596 70301 11082 21091 30032 40087 57011 69952 78582 86970 333
 21092 47032 555 53003 7995/=
 22854 11297 80801 11088 21096 39770 40068 58004 69922 77172 8772/ 333
 21088 47016 55000 87706 555 53004 7002/=
 22781 NIL=
 22676 11896 70000 11087 21099 39982 40062 57008 60022 77172 87010 333
 21100 47019 555 53003 7002/=
 22648 NIL=
 22559 11496 80402 11084 21096 30060 40077 57007 60032 77172 8672/ 333
 21096 47015 55000 86713 555 53005 7003/=
 22869 11397 83401 11083 21093 39915 40068 57005 69972 77177 8872/ 333
 21085 47016 86707 555 53002 7002/ 91205=
 22768 12597 80000 11090 21102 30011 40063 57005 69942 885// 333 21090
 47013 55000 88621 555 53002 7002/=
 22798 11497 80401 11093 21098 39954 40071 57006 60022 77877 885// 333
 21094 47013 555 53003 7002/=
 22375 46/// /0704 11096 21108 30079 40094 57012=
 23207 11496 80402 11088 21097 30090 40113 57006 60012 77772 85605 333
 21093 47033 55000 555 53003 7002/=
 23215 NIL=
 23219 NIL=
 27095 76/// /1001 11085 21085 39853 40090 57012 333 21085 60002 555 53003 7000/=
 22408 21435 80102 11067 21078 39944 40098 52002 77372 8672/ 333  
 21079 55000 60032 86512 555   7005/=
 22511 21223 80000 11077 21088 39963 40088 54000 77372 8772/ 333  
 21083 60032 87705 555   7006/=
 22529 21996 80000 11100 21113 30073 40080 52001 77172 8802/ 333  
 21108 60022 555   7004/=
 22602 22476 70501 11122 21138 39851 40088 52007 87500 333   21125
 55000 69972 87616 555   7003/=
 22621 73642 /0000 11109 21122 39935 40081 52001 333   21127 55000
 69912 555   7004/=
 22619 22398 83402 11088 21097 39906 40071 52005 886// 333   21092
 55000 69922 88706 555   7003/=
 22721 22497 80000 11087 21100 39967 40069 52004 887// 333   21094
 69902 86712 555   7001/=
 22727 76468 /0702 11057 21074 30006 40055 52006 333   21073 69942
 555   7996/=
 22717 73/64 /0201 11089 21100 39854 40058 52004 333   21105 69912
 555   7992/=
 22802 22998 00102 11097 21108 30030 40054 52011 333   21097 55000
 60002 555   7997/=
 22820 21597 83001 11079 21093 39914 40054 52006 77172 8752/ 333  
 21081 55000 69992 87627 555   7006/=
 22831 21697 80000 11075 21090 30003 40060 52003 70272 885// 333  
 21076 55000 69922 88634 555   7995/=
 22805 225// 70702 11055 21068 30019 40044 52008 87500 333   21055
 55000 69902 555   7001/=
 22912 21584 80801 11075 21089 30029 40045 52007 70272 885// 333  
 21078 69922 88632 555   7996/=
 
