15:31:00 MSK 08.09.2023
020 123456/=о000=1231
 унту01 бтул 081200
 22686 82398 83503 10123 20111 30098 40194 51013 886// 333 86709 555
 11014=
 22695 42497 80103 10128 20103 30029 40177 52013 886// 555 11014=
 22996 81496 80102 10108 20108 39966 40145 52014 78082 889// 555 12013=
 23220 41496 82602 10118 20111 30032 40168 52015 76062 8872/ 555 11012=
 23226 41356 83604 10103 20095 39967 40174 52020 71022 887// 333 86707 
 555 10012=
 23305 42999 33504 10126 20073 30190 40217 51006 83030 555 11018=
 23320 86/// /0203 10133 20104 30119 40189 52015=
 23324 42481 83503 10131 20098 30116 40190 52015 886// 333 88716 555
 10014=
 23405 42470 80103 10116 20098 30111 40206 52009 885// 333
 88614 555 11014=
 23410 86/// /3503 10133 20094 30102 40195 52012 555 50122 53007=
 23411 42499 80402 10125 20097 30117 40203 52010 8672/ 555 11015=
 23412 42499 80203 10133 20100 30104 40197 52012 883// 333 84916 555 10016=
 23416 NIL=
 23418 42565 53403 10167 20126 30113 40182 52010 82531
 555 10023=
 23501 NIL=
 23503 42398 80103 10129 20107 30150 40198 52011 887// 333 86708 555 11015=
 23507 86/// /0303 10108 20106 39896 40197 52013=
 23509 42998 63602 10136 20121 30114 40189 52014 86020 555 11022=
 23514 42597 63602 10187 20123 39988 40173 52010 82339 555 10022=
 23518 42/// /0502 10193 20084 30079 40165 52009 555 1/022=
 23606 42662 53603 10189 20138 30009 40165 52007 82201 555 10025=
 23612 NIL=
 23701 82675 50303 10198 20133 30046 40167 52009 82230 555 11023=
 23704 86/// /0101 10189 20151 30093 40204 51232 555 53005=
 23707 81697 60403 10178 20137 30030 40155 52009 70182 84405 555 10020=
 23708 42598 20503 10216 20090 30009 40148 52007 81201 555 11023=
 23709 82598 30502 10220 20061 39969 40148 52010 83200 555 10026=
 23711 42998 50602 10214 20090 39995 40153 52008 82085 555 10029=
 23803 42699 81103 10239 20076 39972 40138 52011 83901 555 10027=
 23804 42597 63601 10168 20141 30013 40150 52011 84931 555 11019=
 23807 42/// /0103 10127 20122 39999 40153 52015 555 1/014=
 23808 86/// /0206 10199 20116 39980 40137 52007=
 23812 42597 31101 10216 20037 39993 40144 52007 83100 555 11022=
 23904 42370 83301 10132 20123 39991 40141 52011 887// 333 87709 555
 11015=
 23905 82599 80602 10179 20120 39912 40126 52009 8297/ 555 11018=
 23909 82598 80604 10197 20108 39893 40122 52009 85551=
 23912 82599 20803 10210 20061 39953 40132 52009 81101 555 10027=
 23913 82599 51403 10203 20037 39923 40137 52008 85100 555 10024=
 23914 82499 50703 10207 20083 39885 40124 52008 83501=
 28013 81598 70603 10192 20106 39899 40115 52007 70282 87900 555
 10020=
 28016 81599 80903 10181 20136 39901 40111 52009 70282 86902 555
 11019=
 28029 82699 80604 10179 20116 39905 40111 52011 82531 555 11017=
 28116 81498 80000 10159 20140 39889 40106 52012 70252 8697/=
 28128 82599 80000 10182 20142 39960 40104 52011 8653/ 555 11021=
 28134 82598 80801 10184 20122 39780 40108 52013 82575 555 10024=
 28138 42599 60504 10180 20116 39578 40108 52005 86200=
 28216 81/93 93301 10119 20116 39815 40100 52006 74565 555 11013=
 28222 82598 80702 10167 20139 39917 40100 52009 8685/ 555 11017=
 28224 81570 80802 10178 20136 39891 40090 52007 70254 82535=
 28234 81497 70000 10161 20141 39837 40099 50009 72582 87900 555
 11020=
 28238 81599 80706 10194 20112 39811 40094 52010 70292 889// 333 91110
 555 10021=
 28313 81596 82501 10110 20102 39918 40102 52005 76162 8802/ 555
 11013=
 28319 81496 82901 10108 20101 39946 40103 52006 76186 8802/=
 28321 81496 83302 10126 20123 39898 40092 52002 71065 886//=
 28324 81697 82702 10116 20104 39981 40097 52007 76162 8802/ 555
 11014=
 28326 81497 81401 10160 20145 39910 40085 52007 76062 8872/ 555
 11018=
 28413 81599 82701 10109 20079 39989 40107 50007 70262 885// 555
 11014=
 28428 81598 83402 10129 20104 39911 40088 50005 70282 889// 555
 12017=
 28429 81598 82601 10125 20116 39695 40087 52011 72586 889// 555
 11015=
 22983 42498 80401 10121 20089 30061 40162 52015 889// 333 91004 91105
 555 11016=
 27083 42599 80202 10115 20080 39932 40147 52015 885// 333 91004 91106
 555 11015=
 27097 41498 83302 10112 20095 39888 40141 52009 70282 889// 333 91006
 91106 555 11014=
 27185 42598 83502 10106 20072 39966 40144 52015 883// 333 91004 91106
 555 11014=
 27199 42598 83101 10107 20080 39945 40135 52009 885// 333 91002 91104
 555 11013=
 27281 41482 80303 10111 20053 39940 40140 52013 70262 8655/ 333 91005
 91106 555 11014=
 27283 42498 80503 10107 20058 39988 40139 52013 889// 333 91004 91105
 555 11013=
 27295 42598 83302 10095 20051 39892 40136 52011 885// 333 91004 91105
 555 11013=
 27296 42598 83502 10101 20057 39922 40133 52010 885// 333 91003 91104
 555 11013=
 27385 424// 80402 10107 20049 30009 40133 52014 887// 333 91004 91104
 555 11013=
 27393 42598 80101 10106 20049 39968 40134 52008 884// 333 91003 91105
 555 10016=
 27480 42598 80702 10115 20055 30006 40130 52012 885// 333 91003 91105
 555 10015=
 28007 42499 83603 10106 20091 39881 40134 52010 883// 333 88914 91006
 91107 555 11013=
 28009 41442 83601 10111 20100 39925 40128 52009 75122 886// 333 91003
 91105 555 11013=
 28105 41459 80000 10113 20098 39942 40128 51008 76162 8872/ 333 91000
 91104 555 11014=
 28202 41560 83202 10099 20082 39910 40124 52010 76162 8802/ 333 91004
 91105 555 11012=
 28302 42598 83502 10107 20057 39903 40123 52009 885// 333 91003 91104
 555 10013=
 28307 42498 83201 10107 20042 39988 40127 52008 886// 333 91003 91104
 555 11016=
 28402 42598 82801 10100 20057 39950 40123 52008 885// 333 91002 91105
 555 11013=
 28502 42698 80202 10108 20040 30021 40121 52008 885// 333 91002 91104
 555 10014=
 22550 82997 20301 10154 20071 30207 40217 57001 80001 555 11021=
 22778 41498 80302 10122 20103 30120 40187 52016 72052 885// 555
 11014=
 22889 42498 83302 10125 20106 30080 40163 52010 885// 333 88617 555
 12015=
 22762 82598 83301 10133 20089 30164 40202 52010 8657/ 555 11016=
 22638 46/// /0601 10151 20059 39998 40215 57001=
 22671 NIL=
 22456 42998 00000 10157 20064 30132 40216 54001 555 11022=
 22583 42698 70402 10123 20089 30130 40208 52009 875// 555 11014=
 22749 42598 80502 10118 20077 30085 40206 52012 885// 333 88631 555
 11014=
 22951 41498 80401 10100 20075 39926 40200 52014 70282 889// 555
 1/013=
 22887 41599 80102 10135 20106 30096 40163 52010 70252 8655/
 333 86626 555 11017=
 22876 42497 83602 10136 20121 30103 40173 52011 885// 333 88618 555
 12017=
 22481 42/// /0202 10140 20060 30165 40216 52002 555 1/018=
 22854 42/// /0103 10096 20073 39923 40205 52012 555 1/014=
 22781 NIL=
 22676 42598 83503 10113 20090 30124 40199 52013 885// 555 11014=
 22648 42698 70302 10145 20068 30169 40214 52003 87500 333 87642 555
 11018=
 22559 82998 70301 10153 20070 30201 40217 52004 83031 555 11019=
 22869 41597 40303 10144 20090 30038 40180 51015 70181 84400 555
 11019=
 22768 41497 83603 10116 20095 30145 40194 52017 70282 889// 333 86618
 555 11014=
 22798 41598 83602 10151 20132 30058 40165 52012 70282 889// 555
 11016=
 22375 46/// /3402 10134 20070 30209 40224 52001=
 23207 42599 72101 10125 20056 30199 40221 52004 84501 555 11021=
 23215 42598 20202 10138 20060 30116 40202 52012 82800 555 11///=
 23219 NIL=
 27095 86/// /3503 10107 20107 39932 40153 52012=
 22408 42599 62202 10166 20116 30054 40196 57001 85830 333   85623
 555   10019=
 22511 42698 71902 10178 20096 30082 40197 57002 82239 555   10023=
 22529 42999 10903 10149 20074 30210 40217 57003 80002 555   11026=
 22602 42599 62402 10176 20107 39982 40196 54000 82131 555   10025=
 22621 83/70 /1103 10155 20071 30080 40214 54000 555   1////=
 22619 42598 50903 10151 20099 30054 40207 54000 82105 555   11024=
 22721 42999 11701 10161 20063 30120 40214 57004 80001 555   11017=
 22727 86/70 /2101 10160 20077 30168 40214 57002 555   1////=
 22717 83/70 /1101 10178 20083 30018 40206 52002 555   1////=
 22802 42599 62001 10189 20131 30184 40206 52002 83901 555   11025=
 22820 42970 00901 10152 20064 30081 40212 57002 555   11023=
 22831 42998 10101 10172 20072 30152 40205 54000 81030 555   11023=
 22805 42598 61403 10178 20134 30187 40211 52005 81534 555   10026=
 22912 42599 31002 10184 20091 30189 40203 52002 82401 555   11022=
 
