06:31:00 MSK 20.01.2023
020 123456/=о000=0331
 уйту01 бтул 200300
 22686 11498 81605 11020 21039 30094 40196 52002 60002 70232 885// 333 21055 47045 55011 88614 91110 555 53010 7000/=
 22695 12498 81804 11030 21056 30038 40194 51002 60002 885// 333 21066
 47044 88616 555 53009 7000/=
 22996 12598 71804 11053 21113 30081 40275 57005 60002 84530 333 21081
 47043 55019 555 53011 7000/=
 23220 11598 80911 11046 21069 30103 40249 57022 60002 73732 885// 333 21157 47066 55000 91015 91115 555 53015 7990/=
 23226 11557 81510 11050 21067 30034 40256 58019 69902 77073 8452/ 
 333 21135 47037 91016 91116 92982 93401 555 53016 7990/=
 23305 11484 81806 11027 21042 30137 40165 58007 60002 73632 885// 333
 21053 47031 88618 91010 91112 555 53012 7992/=
 23320 76/// /1401 11074 21087 30164 40240 55010 333 21102 60002 555 53005 7000/=
 23324 12981 71801 11073 21086 30158 40239 57013 60002 87070 333 21081
 49040 55000 555 53008 7000/=
 23405 12397 81805 11031 21045 30080 40183 58004 60002
 886// 333 21060 43042 55000 88708 91111 93401 555 53011 7995/=
 23410 76/// /1609 11064 21087 30119 40220 57008 333 21075 60002 91013 91115 555 7000/=
 23411 11499 81908 11049 21054 30108 40200 57007 60002 73632 8872/ 333
 21066 48045 91011 91112 555 53012 7002/=
 23412 12699 81805 11061 21081 30121 40221 57002 69902 8655/ 333 21073 47049 55000 91111 555 53011 7001/=
 23416 NIL=
 23418 12465 81304 11064 21092 30167 40243 57002 60002
 886// 333 21066 47058 55000 88713 555 53010 7002/=
 23501 NIL=
 23503 11398 81904 11040 21063 30164 40216 53004 60002 70232 887// 333
 21061 47046 86708 91110 555 53011 7999/=
 23507 86/// /1903 11042 21042 39886 40204 54001 333 21087 555 53007=
 23509 12498 81904 11046 21065 30150 40231 53008 60002 885// 333 21072
 47050 88614 555 53009 7990/=
 23514 11397 81805 11060 21068 30033 40237 57005 69902 77073 887// 333 21083 47062 55000 85708 91110 555 53010 7999/=
 23518 11496 81906 11074 21094 30182 40278 55001 69902 77173 885// 333
 21079 48058 55000 91112 555 53012 7003/=
 23606 11360 82003 11058 21073 30067 40245 58003
 69902 75662 886// 333 21085 47054 55000 88708
 934//  555 53008 7990/=
 23612 12484 71805 11085 21109 30147 40207 52003 60002 85530 333 
 21086 47057 85613 91111 555 53011 7002/=
 23701 12481 81902 11051 21070 30110 40244 53003 60002 885// 333 21074
 47044 88617 555 530// 7000/=
 23704 76/// /1903 11052 21059 39926 40039 55004 333 21066 60002 555 51054 7000/=
 23707 62598 81804 11050 21076 30110 40247 57003 60002 885// 333 21063
 47031 55048 88620 555 53009 7990/=
 23708 12484 81704 11053 21077 30113 40268 58007 60002 885// 333 21074
 48044 88617 555 53010 7000/ 91210=
 23709 42598 61702 11069 21089 30089 40290 57001 60002 86500 333 21096
 47041 86626 555 53006 7000/=
 23711 12998 81804 11096 21115 30126 40305 51001 60002 85035 333 21101 47066 55000 555 53009 7990/=
 23803 12699 71502 11070 21099 30106 40294 57004 60002 87500 333 21106
 47045 55028 555 53006 7000/=
 23804 62497 82003 11046 21076 30109 40259 58005 60002 855// 333 21065 47038 55011 85618 555 53010 7990/=
 23807 12497 82006 11044 21078 30102 40269 55003 60002 885// 333 21070
 48027 55041 88619 555 53010 7000/=
 23808 NIL=
 23812 12997 82003 11100 21132 30165 40338 58001 60002 8805/ 333 21118
 47069 934// 555 53007 7000/=
 23904 11683 81704 11065 21110 30131 40295 56006 60002 70232 885// 333
 21089 47034 88641 555 53009 7000/=
 23905 12899 81702 11087 21132 30077 40317 57010 60002 8802/ 333 21103
 47037 555 53007 7000/=
 23909 12998 11803 11110 21154 30086 40347 57002 60002 80001 333 21111
 47034 55029=
 23912 12998 31803 11125 21154 30167 40374 50003 60002 80001 333 21129
 47056 555 53009 7000/=
 23913 12999 20000 11192 21220 30144 40398 54001 60002 80001 333 21214
 47052 55017 555 53005 7000/=
 23914 12998 01504 11158 21181 30098 40378 57002 60002 333 21159 47050
 55028=
 28013 12898 21704 11113 21170 30114 40361 55002 60002 82070 333 21123
 47037 555 53008 7000/=
 28016 12998 01502 11120 21173 30123 40366 57003 60002 333 21134 47035
 555 53005 7000/=
 28029 12999 01804 11104 21174 30158 40392 57002 60002 333 21123 47048
 55055 555 53009 7000/=
 28116 12999 01902 11123 21175 30136 40384 57001 60002 333 21130 47045
 55045=
 28128 12999 11802 11118 21178 30235 40401 57008 60002 80001 333 21157
 47041 55052 555 53007 7000/=
 28134 12998 30000 11160 21181 30039 40423 57004 69902 80001 333 21200
 47056 555 53003 7990/=
 28138 12999 01801 11156 21195 39819 40438 52003 60002 333 21171 47054
 55036=
 28216 12999 01804 11120 21184 30086 40407 57004 60002 333 21123 47034
 555 53010 7000/=
 28222 12998 01502 11119 21186 30202 40412 58005 60002 333 21123 47040
 555 53007 7000/=
 28224 12970 01902 11106 21180 30189 40418 57002 60002 333 21137 47043
 55064=
 28234 12998 01603 11115 21198 30135 40435 52003 60002 333 21118 47044
 555 53006 7000/=
 28238 12999 22301 11245 21275 30117 40462 52005 60002 80001 333 21245
 47050 55059 555 53002 7000/=
 28313 12998 51602 11155 21200 30210 40421 57002 60002 80001 333 21160
 47042 555 53006 7000/=
 28319 12999 00000 11182 21205 30253 40434 54000 60002 333 21189
 47049=
 28321 12999 02103 11146 21200 30201 40423 57002 60002 333 21152
 47052=
 28324 12999 00301 11235 21268 30300 40437 54001 60002 333 21235 47043
 555 53003 7000/=
 28326 12998 20000 11187 21223 30235 40442 52003 60002 80001 333 21187
 47042 55059 555 53003 7000/=
 28413 12999 21502 11111 21214 30292 40424 57003 60002 80001 333 21138
 47039 555 53007 7000/=
 28428 12998 03201 11265 21303 30248 40460 54000 60002 333 21267 48032
 555 53003 7000/=
 28429 12998 02101 11122 21191 30008 40454 54000 60002 333 21156 47032
 555 53004 7000/=
 22983 12584 81702 11039 21083 30140 40249 57006 60002 885// 333 21046
 43037 55004 91005 91107 555 53007 7000/=
 27083 12584 81805 11049 21104 30037 40267 57008 60002 885// 333 21073
 47037 91009 91109 555 53010 7000/=
 27097 11598 81505 11068 21111 30026 40301 57002 60002 73632 885// 333
 21097 47044 91008 91109 555 53010 7000/=
 27185 12998 81402 11047 21118 30102 40293 58005 60002 8807/ 333 21085
 47043 91005 91105 555 53008 7000/=
 27199 12598 81703 11049 21132 30115 40321 57005 60002 885// 333 21105
 47046 55032 91009 91108 555 53009 7000/=
 27281 12484 81605 11037 21110 30074 40288 57004 60002 8657/ 333 21074
 47038 91009 91110 555 53011 7000/=
 27283 12497 51703 11053 21128 30137 40300 57004 60002 83530 333 21088
 47041 91005 91108 555 53009 7000/=
 27295 12597 81503 11051 21133 30066 40330 57005 60002 885// 333 21109
 47059 91008 91108 555 53008 7000/=
 27296 12997 81703 11063 21139 30108 40337 57005 60002 8807/ 333 21116
 47045 55041 91006 91109 555 53009 7000/=
 27385 125// 71704 11044 21121 30186 40320 57003 60002 82530 333 21094
 43048 91007 91108 555 53009 7000/=
 27393 13/// /1807 11070 21140 30182 40362 57003 60002 333 21127 55057
 91009 91110 555 53011 7000/=
 27480 12598 81703 11036 21111 30189 40322 57001 60002 8457/ 333 21087
 47042 91007 91109 555 53009 7000/=
 28007 12699 81703 11076 21145 30052 40328 57006 60002 885// 333 21111
 48049 55017 88641 91006 91108 555 53008 7000/=
 28009 12998 81805 11077 21158 30121 40342 57007 60002 8805/ 333 21110
 48045 91010 91109 555 53010 7000/=
 28105 12998 81903 11066 21149 30124 40332 57009 60002 8805/ 333 21106
 47046 91006 91107 555 53008 7000/=
 28202 12997 81906 11077 21147 30124 40358 57005 60002 80004 333 21132
 47050 91009 91109 555 53009 7000/=
 28302 11997 01503 11106 21164 30136 40381 54000 60002 73630 333 21116
 47052 91005 91108 555 53008 7000/=
 28307 12498 81404 11075 21144 30214 40366 57002 60002 885// 333 21149
 47046 91008 91109 555 53009 7000/=
 28402 12984 51804 11083 21140 30197 40388 52002 60002 82011 333 21090
 47046 91006 91109 555 53011 7000/=
 28502 12997 00000 11124 21168 30292 40404 52003 60002 333 21126 48032
 55066 91000 91104 555 53009 7000/=
 22550 12471 82104 10023 21018 30077 40087 52032 69962 885// 333 21003
 43036 55000 88618 91115 555 53015 7997/=
 22778 11596 81605 11015 21028 30126 40197 52004 69902 78582 889// 333
 21019 47038 55025 555 53010 7990/=
 22889 12498 81503 11038 21077 30156 40245 58006 60002 885// 333 21041
 43027 88615 93499 555 53008 7000/=
 22762 11497 81602 10006 21000 30122 40161 51014 60002 73632 8677/ 333
 21009 47036 555 53013 7000/ 91213=
 22638 46/// /2403 10003 21016 39895 40121 52044=
 22671 11498 81904 10007 21007 30057 40136 52010 60002 73632 885// 333
 21021 47039 55021 88615 91112 555 53012 7000/=
 22456 11496 82003 10010 20002 39970 40057 53018 69962 77172 8872/ 333
 21010 43042 91110 555 53013 7001/=
 22583 12584 71703 11003 21025 30069 40150 54000 60002 875// 333
 21039 47059 55000 555 53008 7000/=
 22749 NIL=
 22951 12498 82203 11012 21021 39898 40183 52005 60002 886// 333 21012
 47041 555 53013 7992/=
 22887 11597 81704 11027 21061 30151 40222 58001 69902 78082 
 8695/ 333 21027 43023 55049 86922 555 53012 7990/=
 22876 11496 81803 11021 21033 30139 40214 52002 69972 78782 889// 333
 21021 47023 88916 555 51023 53010 7997/ 91210=
 22481 11598 81709 10005 21009 30042 40095 57003 60002 73632 885// 333
 21023 48041 91014 91115 555 53018 7990/=
 22854 12398 82003 10006 21003 39879 40169 52012 60002 886// 333 21004
 44045 55000 88707 555 53014 7001/=
 22781 NIL=
 22676 11598 81806 10003 21022 30087 40165 52008 69902 70272 885// 333
 21032 47027 555 53011 7990/=
 22648 NIL=
 22559 12698 82004 10020 21015 30091 40108 52029 69942 8653/ 333 21005
 44035 55000 86641 91113 555 53017 7994/ 91217=
 22869 11396 81603 11023 21029 30054 40205 52003 69992 77177 885// 333
 21024 555 53009 7001/ 91210=
 22768 12497 82004 11004 21022 30129 40180 52015 69902 885// 333 21010
 47027 55000 88617 91112 555 53013 7990/=
 22798 12497 81703 11045 21068 30121 40237 57003 60002 885// 333 21049
 47032 88616 555 53008 7000/=
 22375 NIL=
 23207 11599 81806 11015 21035 30101 40124 57012 60002 73632 885// 333
 21044 47028 55000 91010 91111 555 53012 7990/=
 23215 NIL=
 23219 NIL=
 27095 76/// /1504 11063 21111 30070 40309 57003 333 21094 60002 555 53010 7000/=
 22408 22684 42302 11028 21039 39928 40079 52042 84500 333   21030
 55000 60052 555   7011/=
 22511 22984 52103 11029 21042 39968 40091 52053 80010 333   21030
 60042 555   7013/=
 22529 22598 72406 10007 21022 30085 40092 52056 87500 333   20005
 60002 87626 91010 91112 555   7007/=
 22602 22976 22403 11026 21039 39882 40111 52041 8203/ 333   21026
 55000 60022 555   7009/=
 22621 73468 /2203 10000 21014 39971 40111 52047 333   21001 55000
 69982 555   7008/=
 22619 22597 82503 11001 21016 39954 40114 52038 885// 333   21001
 55000 60012 88625 555   7006/=
 22721 22497 82501 10004 21006 30026 40125 52036 885// 333   20002
 60022 88619 555   7009/=
 22727 76570 /1802 11003 21022 30090 40138 52021 333   21004 69912
 555   7003/=
 22717 73/70 /2201 11005 21014 39939 40134 52024 333   21006 60022
 555   7011/=
 22802 22598 70000 11012 21018 30111 40135 52017 87500 333   21020
 55000 69902 555   7013/=
 22820 22498 82101 11009 21025 30000 40138 52014 8651/ 333   21010
 55000 60012 86619 555   7005/=
 22831 22497 82201 10011 21020 30091 40147 52012 889// 333   20010
 55000 60012 88919 555   7008/=
 22805 225// 82603 10007 21001 30116 40136 52012 82505 333   21003
 55000 60002 555   7006/=
 22912 22584 81802 10005 21016 30125 40140 52007 885// 333   20004
 60002 88624 555   7005/=
 
