00:31:00 MSK 12.06.2023
020 123456/=о000=2131
 уйту01 бтул 112100
 22686 82498 80000 10032 20017 30155 40255 53002 885// 333 88618=
 22695 42998 22901 10040 20002 30088 40241 53003 82030=
 22996 42/// /0000 10038 20022 30083 40269 52005=
 23220 43/// /2803 10001 21006 39989 40131 52013 333 91111=
 23226 41356 83409 11002 21008 39916 40131 52007 71072 887// 333 86708 
 91013 91115=
 23305 42/// /3203 10055 20019 30205 40233 54001=
 23320 86/// /3403 10007 21018 30123 40196 52009=
 23324 41581 73304 10005 21024 30109 40187 51006 70282 87900 333 86625
 91112=
 23405 42968 50000 10009 21002 30134 40235 58001 85030=
 23410 86/// /2902 10024 21022 30113 40210 52002=
 23411 42/// /3202 10026 20014 30133 40222 52002=
 23412 42699 83502 10033 21012 30116 40213 52001 8355/=
 23416 NIL=
 23418 42665 83203 10034 21010 30139 40212 52004 8555/
 333 85641=
 23503 42/// /0000 11018 21032 30181 40232 52004=
 23507 86/// /3201 10006 21002 39934 40248 52003=
 23509 42/// /3201 10033 20016 30155 40233 52005=
 23514 42697 83301 10041 20006 30029 40225 52005 885// 333 88640=
 23518 NIL=
 23606 42960 80000 10054 20014 30066 40231 52004 8805/=
 23704 86/// /1501 10017 20017 39926 40039 55004=
 23701 42/// /2601 10052 20016 30122 40251 52003=
 23707 82998 43203 10060 20018 30119 40251 52004 84040=
 23708 42/// /2301 10020 20003 30102 40253 52005=
 23709 82798 82702 10060 21000 30052 40243 52006 885// 333 88650=
 23711 42998 83001 10053 20010 30056 40224 52006 8805/=
 23803 43/// ///// 1//// 2//// 3//// 4//// 5////=
 23804 82997 72801 10068 20020 30108 40252 52003 87030=
 23807 42/// /2502 10058 20034 30102 40263 52003=
 23808 86/// /2303 10065 20010 30092 40259 52004=
 23812 42997 52902 10038 20000 30068 40230 53006 83032=
 23904 42978 70000 10052 20045 30110 40267 51006 87070=
 23905 82599 82701 10045 20017 30036 40263 52006 885//=
 23909 82598 62601 10048 20004 30014 40259 52005 86500=
 23912 82598 80000 10035 20023 30050 40242 52003 8255/=
 23913 82599 73002 10046 21002 30004 40232 54001 85930=
 23914 82499 82704 10056 20008 39988 40243 52001 885//=
 28013 82598 32602 10049 21004 30025 40255 52005 83500=
 28016 42/// /2902 10035 20017 30039 40264 52009=
 28029 82599 62501 10065 20008 30030 40248 52002 86500=
 28116 82499 40000 10034 20019 30031 40262 52008 84400=
 28128 82899 80401 10024 20015 30106 40261 52009 8803/=
 28134 82598 80000 10007 21004 39905 40260 52007 885//=
 28138 43/// /2703 10017 21024 39680 40251 52009=
 28216 82699 22601 10059 21001 39963 40259 50003 82400=
 28222 42/// /0000 10045 20020 30066 40261 52013=
 28224 82970 00801 10023 20003 30045 40260 52008=
 28234 82898 30000 10035 20005 39982 40262 53015 83030=
 28238 82599 22902 10024 21005 39953 40258 53012 82500=
 28313 42/// /0000 10013 21002 30071 40266 50004=
 28319 82998 00000 10012 20005 30101 40267 52004=
 28321 82999 00701 10052 21002 30054 40257 50002=
 28324 42/// /0000 10016 21004 30140 40262 52006=
 28326 82998 21301 10003 21005 30071 40261 52006 80001=
 28413 82999 01201 10052 20010 30143 40265 52005=
 28428 82999 03401 10033 20007 30075 40261 52004=
 28429 42/// /0000 10017 20005 39852 40268 52005=
 22983 42984 20000 10023 20017 30170 40276 52003 82030 333 91001
 91102=
 27083 42984 00000 10022 20011 30054 40279 52005 333 91000 91102=
 27097 42/// /2701 10019 20014 30019 40284 52006 333 91001 91104=
 27185 42/// /0000 10031 20023 30101 40286 52007 333 91000 91101=
 27199 42998 20000 10073 20018 30081 40277 52004 82030 333 91002
 91103=
 27281 42984 13402 10056 20018 30078 40285 52004 80001 333 91003
 91103=
 27283 42997 13502 10016 20011 30125 40283 52005 80001 333 91002
 91102=
 27295 42/// /3001 10029 20009 30026 40280 54000 333 91002 91102=
 27296 42998 20000 10031 20012 30055 40274 52002 82030 333 91000
 91101=
 27385 419// 10000 10017 20012 30150 40280 52003 71100 81030 333 91000
 91101=
 27393 42998 02001 10041 20004 30109 40281 52003 333 91002 91102=
 27480 41998 20000 10020 20012 30153 40283 52002 71100 81031 333 91000
 91101=
 28007 42999 13303 10063 21008 30013 40274 52009 81030 333 91004
 91105=
 28009 42998 00000 10018 20002 30060 40273 52008 333 91000 91101=
 28105 42998 00000 10024 20011 30072 40273 52005 333 91000 91101=
 28202 42997 03301 10054 20006 30045 40266 52001 333 91002 91102=
 28302 42997 00000 10027 20005 30042 40273 52001 333 91000 91101=
 28307 42998 00000 10037 20011 30130 40275 52003 333 91000 91102=
 28402 42984 02302 10045 20017 30092 40272 52001 333 91002 91102=
 28502 42997 22702 10015 21010 30165 40270 52003 80001 333 91002
 91104=
 22550 82970 71702 10121 20046 30222 40232 57007 87070=
 22778 42998 30701 10015 20013 30201 40271 52001 83070=
 22889 42/// /2701 10038 20037 30187 40274 52006=
 22762 82997 82101 10073 20060 30222 40261 54001 8007/=
 22638 NIL=
 22671 42/// /0000 10045 20041 30168 40247 54001=
 22456 42597 22001 10102 20045 30136 40222 57009 82480=
 22583 42998 20000 10018 20009 30161 40242 57003 82070=
 22749 NIL=
 22951 42/// /2501 10042 20036 30007 40290 52002=
 22887 41996 01601 10031 20021 30202 40273 53005 71000=
 22876 42997 22202 10054 20042 30201 40274 52003 82030=
 22481 42/// /0000 10006 20006 30182 40236 57004=
 22854 42/// /2301 10078 20048 3//// 4//// 5////=
 22781 NIL=
 22676 42598 11201 10053 20028 30173 40251 57001 81400=
 22648 NIL=
 22559 42/// /2102 10116 20046 30226 40242 57006=
 22869 42697 60000 10067 20031 30138 40286 52003 85530 333 85634=
 22768 42697 71802 10105 20053 30218 40267 57001 86530=
 22798 42598 60000 10040 20026 30147 40260 52005 86500=
 22375 NIL=
 23207 NIL=
 23215 NIL=
 23219 NIL=
 27095 86/// /3201 10042 20033 30056 40286 53006=
 22408 42699 82902 10172 20035 30074 40217 52009 83505=
 22511 42698 82403 10176 20052 30102 40217 52006 83404=
 22529 42599 51802 10112 20041 30214 40221 57007 82832=
 22602 42978 22403 10155 20048 30018 40235 52002 8203/=
 22621 83/70 /2202 10132 20045 30099 40234 57001=
 22619 42998 72403 10154 20044 30086 40239 52001 80005=
 22721 42998 13002 10145 20041 30155 40250 54000 80001=
 22727 86/70 /1502 10112 20045 30225 40272 52007=
 22717 83/70 /2202 10108 20019 30084 40274 52003=
 22802 42998 20000 10069 20033 30255 40278 52004 81031=
 22820 42998 32404 10125 20020 30141 40274 52003 80001 555   50138=
 22831 42998 20000 10047 20033 30221 40276 52003 80001=
 22805 42598 32202 10077 20031 30261 40281 54000 81501=
 22912 42984 11201 10035 20027 30272 40287 52001 80001=
 
