00:31:00 MSK 21.06.2023
020 123456/=о000=2131
 уйту01 бтул 202100
 22686 82598 63203 10070 20026 30051 40148 52001 83530=
 22695 42698 83204 10067 20008 39976 40126 58004 885// 333 88641=
 22996 42/// /0102 10085 20034 39924 40104 52002=
 23220 43/// /3205 10033 20020 39939 40078 57001 333 91112=
 23226 41258 80106 10016 20008 39881 40095 54000 71022 887// 333 86704 
 91111=
 23305 42/// /3607 10073 20039 30118 40145 57003 333 91012 91112=
 23320 86/// /0403 10050 20021 30020 40091 52008 333 91110=
 23324 42481 80205 10051 20032 30018 40094 52004 886// 333 88712 91110=
 23405 42570 83505 10074 20034 30036 40132 57005 8655/ 333 
 86523 91111=
 23410 86/// /3304 10066 20040 30006 40100 54001 333 91110=
 23411 42/// /0105 10070 20051 30030 40117 54000=
 23412 42499 80104 10065 20045 30010 40105 53001 883// 333 84914=
 23416 NIL=
 23418 41465 73605 10070 20057 30017 40088 57005 72582
 86530 333 86616=
 23503 NIL=
 23507 86/// /0104 10055 20046 39825 40130 57005=
 23509 42/// /3402 10068 20042 30031 40107 57007=
 23514 41697 83502 10059 20044 39902 40094 57007 70282 889// 333 85636=
 23518 NIL=
 23606 42460 83403 10060 20035 39936 40099 57010 885// 333 88614=
 23704 86/// /0202 10065 20020 39926 40039 55004=
 23701 42/// /3201 10064 20014 39998 40125 58004 333 91111=
 23707 82998 40105 10066 20011 39988 40117 52003 84030=
 23708 42/// /3502 10061 20006 39962 40109 54001=
 23709 82698 83203 10058 21002 39904 40093 57003 885// 333 88634 91110=
 23711 42598 63303 10055 20023 39904 40070 58008 86500 333 86631=
 23803 43/// ///// 1//// 2//// 3//// 4//// 5////=
 23804 82997 83602 10079 20016 39966 40107 54000 8807/=
 23807 42/// /3402 10079 20033 39953 40110 52002=
 23808 NIL=
 23812 42597 83603 10063 20004 39898 40056 58006 885//=
 23904 42980 83402 10068 20047 39948 40101 57001 8805/=
 23905 82599 83302 10076 20027 39865 40086 57004 889//=
 23909 82598 83302 10071 20024 39833 40072 57006 885//=
 23912 82598 83504 10068 20016 39863 40050 54001 8655/=
 23913 81599 83104 10070 20020 39804 40025 57007 70282 889//=
 23914 82898 83503 10066 20018 39799 40048 57001 8807/=
 28013 82598 83304 10071 20018 39839 40063 57003 889//=
 28016 82/// /3303 10073 20032 39851 40069 57002=
 28029 82699 83102 10071 20042 39823 40036 57003 885//=
 28116 82499 83303 10069 20033 39840 40064 57001 884//=
 28128 82599 83303 10075 20039 39899 40048 57002 8257/=
 28134 81598 83102 10060 20050 39691 40032 57004 72162 8551/=
 28138 43/// /3204 10054 20042 39461 40010 57006=
 28216 82699 73202 10071 20034 39774 40063 54001 87500=
 28222 42/// /3201 10079 20046 39856 40044 57002=
 28224 82670 63303 10078 20041 39837 40043 57004 86500=
 28234 81597 83302 10067 20051 39759 40029 57006 76162 885//=
 28238 81497 83004 10069 20050 39722 40015 57009 76162 8872/=
 28313 42/// /3201 10070 20033 39877 40064 54000=
 28319 82899 50000 10064 20032 39904 40063 52001 85030=
 28321 82899 33403 10080 20036 39858 40055 54000 82081=
 28324 42/// /3202 10085 20036 39937 40054 54001=
 28326 82898 62902 10076 20040 39857 40038 57003 83031=
 28413 82899 23101 10068 20026 39950 40069 52002 81031=
 28428 82599 73102 10049 20014 39871 40052 54001 83531=
 28429 42/// /3001 10055 20023 39642 40043 57003=
 22983 42584 73201 10083 20023 30025 40128 52004 84550 333 91002
 91103=
 27083 42584 83402 10082 20026 39897 40114 52001 885// 333 91004
 91105=
 27097 42/// /3102 10077 20054 39855 40110 57002 333 91003 91104=
 27185 42/// /0000 10080 20052 39939 40115 52003 333 91000 91103=
 27199 41597 73101 10077 20064 39915 40107 57001 78022 85330 333 91002
 91103=
 27281 42984 73301 10055 20032 39921 40125 52005 81035 333 91002
 91102=
 27283 42497 83101 10059 20045 39963 40116 52003 8657/ 333 91002
 91102=
 27295 42/// /3001 10066 20042 39865 40112 50000 333 91003 91106=
 27296 42598 83302 10066 20040 39889 40102 54000 885// 333 91004
 91104=
 27385 425// 63501 10077 20036 39988 40114 52006 83530 333 91002
 91104=
 27393 41598 63301 10068 20047 39940 40107 52002 70282 85530 333 91002
 91108=
 27480 42598 82901 10057 20045 39992 40119 52007 8653/ 333 91001
 91102=
 28007 42999 83302 10065 20037 39846 40102 57001 85035 333 91004
 91106=
 28009 42498 83402 10078 20035 39886 40091 57001 889// 333 91004
 91105=
 28105 42598 60000 10061 20046 39903 40099 57002 86500 333 91000
 91102=
 28202 42597 73403 10056 20034 39874 40091 58001 82931 333 91004
 91105=
 28302 42997 53501 10049 20032 39868 40093 52001 82031 333 91003
 91103=
 28307 41498 62902 10068 20031 39960 40101 52003 70282 82531 333 91003
 91108=
 28402 42584 53102 10055 20037 39918 40094 52003 82531 333 91003
 91105=
 28502 42597 82301 10045 20016 39989 40092 52004 81431 333 91001
 91106=
 22550 82697 80101 10066 20029 30196 40206 52004 885// 333 88633=
 22778 42598 80103 10074 20026 30094 40162 52007 8257/=
 22889 42/// /3001 10087 20015 30044 40128 52003=
 22762 82/// /3001 10073 20029 30145 40184 52003=
 22638 NIL=
 22671 42/// /3501 10069 20027 30102 40179 54001=
 22456 42597 70000 10035 20030 30120 40208 52004 87500=
 22583 42698 33203 10068 20040 30082 40161 54000 82570=
 22749 NIL=
 22951 42/// /0301 10023 20012 39905 40187 53008=
 22887 42697 83302 10090 20034 30065 40133 52002 8355/=
 22876 42597 83202 10089 20042 30075 40145 52003 889// 333 88921=
 22481 42/// /3401 10039 20038 30134 40187 54001=
 22854 42/// /0401 10055 20025 39901 40187 52008=
 22781 NIL=
 22676 NIL=
 22648 NIL=
 22559 42/// /3402 10072 20034 30185 40201 52002=
 22869 42/// /3403 10069 20020 30022 40168 54001=
 22768 42697 73503 10070 20024 30125 40175 52002 87500 =
 22798 42598 83502 10083 20014 30015 40125 54000 885//=
 22375 NIL=
 23207 NIL=
 23215 NIL=
 23219 NIL=
 27095 86/// /3201 10076 20071 39896 40119 52002=
 22408 42984 61401 10106 20078 30047 40193 57001 83075=
 22511 42998 21602 10123 20048 30080 40197 52004 81032=
 22529 42999 20000 10013 20005 30202 40209 57002 80002=
 22602 42978 21202 10141 20066 39975 40192 52006 82031=
 22621 83/70 /0000 10038 20003 30071 40211 52002=
 22619 42983 10902 10110 20036 30046 40201 52006 80001=
 22721 42998 00000 10085 20018 30108 40205 52008=
 22727 86/70 /0402 10109 20036 30150 40197 52006=
 22717 83/70 /0000 10105 20046 30010 40199 52009=
 22802 42999 50000 10123 20099 30165 40188 52008 83031=
 22820 42998 23301 10056 20033 30061 40197 52004 80001 555   50132=
 22831 42998 00401 10072 20029 30135 40190 52006=
 22805 42598 23601 10117 20079 30172 40191 53002 82530=
 22912 42984 10000 10059 20040 30176 40191 52011 81030=
 
