21:31:00 MSK 20.03.2023
020 123456/=о000=1831
 унту01 бтул 201800
 22686 41598 81904 10005 21043 39965 40065 57020 70272 8557/=
 22695 42698 82005 11000 21060 39905 40058 57020 885// 333 88633=
 22996 42998 71802 10012 21090 39949 40135 57012 87070=
 23220 41598 81905 11033 21061 39930 40073 57011 70283 885//=
 23226 42660 82405 11042 21058 39852 40069 58016 885// 333 88636  91116 
 93400=
 23305 42584 71906 10010 21051 39968 49995 57048 82530 333 91010 91113=
 23320 66/// /2004 11030 21093 30001 40075 57036 60002 333 10011=
 23324 42981 21704 11038 21087 39991 40069 57036 80001=
 23405 41596 81505 10010 21035 39922 40021 57037 78582 8595/
 333 85927 91012 91112=
 23410 66/// /1608 11020 21089 39951 40048 58042 60002 333 10008 91011 91111=
 23411 41999 82008 11005 21057 39936 40025 58047 73632 8807/ 333 91012
 91113=
 23412 42999 71805 11018 21078 39948 40045 57042 87030=
 23416 NIL=
 23418 42965 01203 11016 21085 30010 40084 57024=
 23501 NIL=
 23503 42998 82006 10010 21061 39996 40045 57039 8805/ 333 91012 91112=
 23507 86/// /2304 11018 21032 39744 40055 58022 333 91113=
 23509 42998 51905 10006 21040 39990 40068 56031 8001/ 333 91010
 91111=
 23514 42597 82005 11005 21071 39877 40074 57034 8557/ 333 85622=
 23518 42997 01806 11008 21075 30004 40096 58033 333 91111 555
 53011=
 23606 42560 82204 11003 21048 39923 40090 57020 
 8553/ 333 85630=
 23612 NIL=
 23701 41456 82003 11006 21047 39964 40094 58022 77172 8802/ 333 88514
 91112=
 23704 66/// /2003 11002 21047 39926 40039 55004 60002 333 10037=
 23707 81598 82005 10005 21047 39970 40102 57021 70282 8355/=
 23708 41462 81904 11009 21059 39973 40123 58016 77172 8772/ 333 87711
 91112=
 23709 42598 82003 11009 21078 39936 40131 58015 885// 333 88621 91112=
 23711 42998 82004 10002 21070 39948 40122 57022 86035=
 23803 42699 81703 10001 21093 39959 40140 58023 885// 333 88638 91110=
 23804 81597 82002 10009 21063 39969 40114 57023 70282 849// 333 91111=
 23807 42598 82104 10012 21063 39964 40125 58019 8255/ 333 91110=
 23808 86/// /1704 10006 21089 39970 40139 58022 333 91111=
 23812 42997 72002 11001 21092 39984 40148 58014 87030=
 23904 42980 81802 10011 21072 39988 40145 57012 8805/=
 23905 42599 82003 10009 21077 39924 40152 57015 885// 555 51005=
 23909 42898 82003 10002 21083 39915 40162 57017 86071=
 23912 42898 81703 11003 21077 39974 40168 58015 8805/ 555 51008=
 23913 42999 60000 11048 21085 39951 40187 58012 80001 555 51014=
 23914 82498 81702 11009 21071 39912 40172 57015 885//=
 28013 42598 82003 10001 21077 39936 40169 57014 885// 555 51008=
 28016 42/// /2002 10005 21048 39947 40174 56016 555 51003=
 28029 42599 82004 11002 21042 39962 40183 57012 8257/ 555 51010=
 28116 42499 82102 10000 21016 39950 40183 57010 885//=
 28128 41596 81901 11006 21018 30040 40195 57011 77172 8557/ 555
 51019=
 28134 42698 82001 11006 21041 39842 40197 57013 8653/ 555 51015=
 28138 43/// /1701 11036 21072 39628 40207 57011=
 28216 41596 81904 11010 21015 39896 40198 57013 76875 8872/ 333 93401
 555 51011=
 28222 42/// /2003 11005 21023 30004 40202 57012 555 51002=
 28224 41568 81902 11007 21028 39989 40205 57014 77072 885//=
 28234 42598 82103 11014 21048 39928 40211 57013 885// 555 51011=
 28238 42599 82105 11011 21049 39904 40212 57013 885// 555 51015=
 28313 42/// /1903 11005 21015 30010 40205 57012 555 51005=
 28319 42598 82102 11005 21018 30047 40213 57014 885//=
 28321 41599 82003 11008 21022 30001 40207 57011 70272 8652/=
 28324 42/// /1903 11005 21038 30090 40213 57011 555 50000=
 28326 42598 72103 11016 21043 30027 40218 57015 87500 555 51011=
 28413 42497 81902 11001 21017 30090 40214 58011 886// 555 50000=
 28428 41599 81904 11020 21065 30040 40229 57012 70282 889// 555
 51022=
 28429 42/// /2103 11038 21065 39813 40236 57013 555 51037=
 22983 42984 82202 10030 21070 30018 40123 57013 8807/ 333 91004
 91105=
 27083 42584 82003 10020 21065 39917 40139 57010 885// 333 91004
 91105=
 27097 42998 81804 10003 21039 39892 40155 58011 8807/ 333 91006
 91107=
 27185 42/// /1601 11005 21044 39978 40164 57007 333 91003 91103=
 27199 42998 72001 10004 21018 39974 40173 57005 87070 333 91002
 91104=
 27281 42984 61702 11004 21043 39958 40167 57005 82075 333 91002
 91104=
 27283 42997 01801 11004 21025 30014 40174 57007 333 91002 91105=
 27295 42597 81802 10005 21014 39925 40179 57007 885// 333 91004
 91104=
 27296 41496 81902 10008 21011 39956 40175 57008 71022 886// 333 91004
 91104=
 27385 424// 82102 10012 20000 30049 40178 57005 8675/ 333 91004
 91105=
 27393 41496 82005 10005 21001 30017 40190 57008 75152 886// 333 91006
 91106=
 27480 41396 81901 10006 20005 30054 40184 57006 71082 886// 333 91002
 91103=
 28007 42999 61903 11012 21035 39904 40169 57010 80001 333 91006
 91106=
 28009 42498 82003 10004 21022 39964 40175 57009 889// 333 91005
 91107=
 28105 42598 81902 10005 21019 39974 40175 57006 885// 333 91004
 91105=
 28202 41595 82203 10003 21007 39956 40180 57009 71052 886// 333 91004
 91106=
 28302 41597 81902 10003 21004 39959 40190 57006 77152 885// 333 91004
 91105=
 28307 41496 81502 10004 21005 30044 40190 57007 77187 8802/ 333 91004
 91106=
 28402 41458 82105 10003 21001 30016 40197 57006 71065 8762/ 333 91007
 91108=
 28502 41597 82002 10009 21007 30100 40205 58009 70262 885// 333 91003
 91106=
 22550 82470 82304 10018 21001 30001 40011 57003 8245/=
 22778 41598 81802 10015 21029 30014 40083 57009 72622 885//=
 22889 41598 82102 10026 21060 30031 40117 57016 70272 885// 333
 88620=
 22762 41597 81702 10026 21017 30015 40054 57012 70272 8652/=
 22638 46/// /2801 10001 21002 39811 40036 52001=
 22671 41497 82302 10014 21006 39949 40028 57016 78582 8697/ 333
 86915=
 22456 NIL=
 22583 42598 72003 10001 21027 39941 40021 57023 87500=
 22749 41498 82004 10042 21016 39930 40053 58013 70282 889// 333
 88917=
 22951 42998 02302 10005 21031 39812 40093 57010=
 22887 42697 81704 10027 21050 30036 40105 57015 8555/ 
 333 85639=
 22876 42997 62002 10018 21070 30025 40098 57010 80001=
 22481 41596 82008 11001 21002 39927 49980 58024 78583 889// 333 91013
 91115=
 22854 42998 02003 10014 21023 39789 40076 57009=
 22781 NIL=
 22676 41598 82004 10013 21030 39969 40046 57017 70272 8357/ 333
 91110=
 22648 42/// /2206 10048 20014 39991 40037 58009 333 91011 91111=
 22559 41598 62304 10016 21001 30003 40020 57006 70282 82930 333
 91110=
 22869 42998 82102 10018 21048 39956 40104 57008 8802/=
 22768 42897 62005 10024 21023 30021 40070 57010 86070=
 22798 41998 81902 10003 21038 39987 40100 58020 70282 8805/=
 22375 46/// /2307 11006 39931 49946 57023 333 91116=
 23207 NIL=
 23215 42998 41606 11046 21084 39927 40017 58048 80030 333 91111=
 23219 NIL=
 27095 66/// /1402 11001 21055 39933 40164 58011 60002 333 10035=
 22408 11584 82701 11024 21073 39879 40029 52018 69932 70232 885//
 333   10024 88630=
 22511 12584 72703 11005 21072 39905 40026 52012 69902 82511 333  
 10031 91111=
 22529 12598 82303 10022 21008 30011 40018 52004 69902 885// 333  
 10037 88625=
 22602 11374 82502 10000 20024 39812 40037 52007 69902 70272 885//
 333   10020 88608=
 22621 12898 82403 10009 21006 39891 40030 57001 69922 885// 333  
 10027 88657=
 22619 11496 82403 10001 21006 39874 40033 57004 60022 78585 889//
 333   10031 88914=
 22721 11395 83001 10004 21003 39942 40040 52002 60022 78582 889//
 333   10059 85707=
 22727 12564 82101 10029 20008 39996 40043 57014 60002 884// 333  
 10068 88632=
 22717 11396 82201 10017 20012 39850 40042 57010 60012 76100 8872/
 333   10055 86709=
 22802 11496 82001 10017 20009 30019 40042 57010 60022 78082 889//
 333   10054 88913=
 22820 12697 82301 10037 20007 39909 40043 57015 60002 8651/ 333  
 10072 86646=
 22831 12597 72201 10051 21001 39996 40050 57013 60002 87500 333  
 10080 87627=
 22805 114// 81301 10013 20010 30026 40046 57016 69932 78082 889//
 333   10029=
 22912 12584 81702 10048 20006 30035 40050 57020 60002 885// 333  
 10068 88627=
 
