03:31:00 MSK 28.01.2023
020 123456/=о000=0031
 унту01 бтул 280000
 22686 41498 82303 11064 21082 30049 40152 51001 70273 885// 333 88612 555 1/107=
 22695 42498 82604 11071 21095 39977 40135 52006 885// 333 88614 555
 1/107=
 22996 42/// /2802 11071 21071 39994 40187 52010 555 1/107=
 23220 41598 82504 11055 21067 39832 49974 52011 73673 885// 333 91111 555 1/105=
 23226 41560 82705 11062 21085 39752 49969 52014 70272 885// 333
 88625 91111 555 1/106=
 23305 42/// /2504 11040 21055 30045 40073 52013 555 1/105=
 23320 86/// /2603 11046 21064 39953 40027 52009=
 23324 41478 82705 11040 21059 39933 40011 52007 73632 886// 333 88713
 555 1/105=
 23405 41497 82703 11062 21081 39994 40096 52010 70272 
 8655/ 333 86615 555 1/107=
 23410 86/// /2405 11045 21061 39944 40042 52011 555 53011=
 23411 NIL=
 23412 41499 82706 11044 21059 39948 40046 52010 70283 883// 333 91110 555 1/105=
 23416 NIL=
 23418 41465 82704 11050 21074 39993 40068 52011
 70272 885// 333 88615 555 1/105=
 23503 42/// /3003 11053 21083 30042 40093 52010 555 1/106=
 23507 86/// /3004 11060 21079 39796 40114 52008=
 23509 42/// /2302 11051 21073 30025 40105 52009 555 1/106=
 23514 41597 82803 11060 21070 39886 40087 52010 77172 885// 333 88620 555 1/107=
 23518 42/// /2803 11049 21066 39983 40077 51010 555 1/106=
 23606 42460 82703 11051 21068 39935 40111 52009 
 885// 333 88613 555 1/105=
 23612 NIL=
 23701 42/// /2703 11060 21080 30014 40148 51007 555 1/107=
 23704 86/// /2803 11062 21067 39926 40039 55004 555 53008=
 23707 81597 82704 11062 21075 30019 40155 52008 77176 8652/ 333 86621  93401 555 1/107=
 23708 42/// /2804 11061 21082 39997 40151 52010 555 1/106=
 23709 42/// /2704 11061 21084 39849 40072 52009 555 1/106=
 23711 42498 82702 11056 21074 39940 40114 52008 86505 333 86617 555 1/106=
 23803 41599 83302 11068 21097 39967 40152 52012 70272 8596/ 555 1/108=
 23804 81497 82801 11064 21078 30013 40163 52009 70272 8752/ 333 87610  93400 555 1/107=
 23807 42/// /2703 11079 21079 30012 40180 52008 555 1/108=
 23808 86/// /2603 11067 21081 39997 40170 52011=
 23812 41496 82702 11072 21084 39966 40134 52012 78582 889// 333 88917
 934// 555 1/108=
 23904 41476 82901 11083 21090 30024 40187 51012 70252 885// 333 88612
 93401 555 1/109=
 23905 42599 82601 11084 21099 39939 40176 52014 885// 555 1/109=
 23909 41497 83002 11077 21090 39912 40166 52015 77172 8752/=
 23912 42/// /3002 11084 21093 39948 40148 52015 555 1/110=
 23913 41599 63004 11083 21108 39903 40140 53030 70273 86500 333 91110
 93400 555 1/110=
 23914 81498 83002 11075 21094 39883 40148 52020 70272 885// 333
 93403=
 27095 86/// /3202 11074 21074 39971 40209 52019=
 28013 41897 83103 11077 21094 39924 40164 52027 77072 8807/ 555
 1/107=
 28016 42/// /3303 11062 21063 39934 40167 52028 555 1/106=
 28029 41599 83002 11027 21033 39909 40131 52012 72272 8452/ 555
 1/103=
 28116 41499 73204 11030 21040 39915 40149 52015 70172 87500=
 28128 41596 82702 11034 21040 39989 40145 52010 77172 8802/ 555
 1/104=
 28134 41496 81801 11045 21055 39780 40138 52006 77072 8672/ 333 93402
 555 1/105=
 28138 43/// /2303 11068 21078 39555 40138 52004=
 28216 41595 82603 11048 21057 39857 40162 52010 77372 8872/ 555
 1/106=
 28222 42/// /2001 11043 21051 39951 40150 52008 555 1/104=
 28224 41520 82303 11049 21062 39939 40158 52007 77372 8802/=
 28234 41596 82002 11055 21071 39869 40155 52005 77372 885// 333 93401
 555 1/105=
 28238 41496 82303 11058 21078 39845 40157 52005 77172 8802/ 555
 1/106=
 28313 42/// /2202 11047 21059 39973 40171 52007 555 1/105=
 28319 41496 82504 11054 21063 30016 40185 52006 77175 8802/ 333
 93402=
 28321 41596 82303 11052 21060 39957 40166 52007 77172 8802/ 333
 93401=
 28324 42/// /2403 11049 21068 30053 40177 52007 555 1/105=
 28326 42598 72303 11053 21067 39976 40168 52004 87500 555 1/105=
 28413 41598 82102 11054 21073 30065 40191 52006 72476 885// 333 93402
 555 1/105=
 28428 41495 82303 11062 21081 30004 40195 52003 75775 886// 333 93401
 555 1/106=
 28429 42/// /2304 11078 21088 39767 40194 52004 333 91110 555 1/107=
 22983 41466 82802 11073 21086 30090 40199 52010 77772 886// 333 91004
 91106 93402 555 1/108=
 27083 42584 83302 11079 21092 39970 40201 52013 885// 333 91002 91108
 555 1/107=
 27097 42/// /3303 11077 21080 39930 40203 52017 333 91005 91107 555
 1/107=
 27185 42/// /3303 11059 21072 30016 40207 52020 333 91005 91107 555
 1/106=
 27199 41498 83402 11045 21061 39991 40194 52022 70272 8577/ 333 91004
 91105 555 1/105=
 27281 41484 83306 11051 21074 39996 40210 52019 70272 885// 333 91008
 91108 555 1/106=
 27283 41497 83404 11041 21065 30031 40191 52022 70282 885// 333 91006
 91109 555 1/105=
 27295 42/// /3102 11042 21059 39938 40196 52018 333 91005 91105 555
 1/104=
 27296 41997 83103 11033 21051 39962 40185 52016 70272 8807/ 333 91005
 91106 555 1/104=
 27385 414// 83001 11032 21040 30069 40200 52014 76676 8577/ 333 91003
 91104 93400 555 1/104=
 27393 41497 82503 11035 21043 30019 40194 52011 77173 8777/ 333 91004
 91106 555 1/104=
 27480 41498 82601 11039 21059 30076 40208 52009 70282 886// 333 91002
 91104 555 1/104=
 28007 41499 83404 11068 21086 39918 40190 52020 73683 883// 333 88914
 91006 91108 555 1/107=
 28009 42598 83603 11061 21083 39963 40180 52023 885// 333 91005 91106
 555 1/106=
 28105 41598 83201 11045 21058 39979 40184 52023 70272 885// 333 91004
 91106 555 1/103=
 28202 41996 83302 11029 21041 39946 40172 52016 77172 8807/ 333 91004
 91105 555 1/103=
 28302 41596 82001 11039 21049 39946 40180 53010 77182 884// 333 91002
 91104 555 1/104=
 28307 41497 82101 11040 21059 30046 40194 52009 77172 885// 333 91003
 91106 555 1/104=
 28402 41458 82402 11043 21054 30009 40193 52008 77172 8762/ 333 91004
 91106 93400 555 1/105=
 28502 42997 82303 11050 21069 30099 40206 52008 8807/ 333 91004 91106
 555 1/106=
 22550 81973 02303 11072 21089 30126 40137 57005 70281 555 1/112=
 22778 41498 72402 11075 21090 30117 40189 52001 70282 87500 555
 1/108=
 22889 42/// /2504 11069 21084 30104 40194 53010 555 1/107=
 22762 42/// /1701 11098 21101 30139 40180 54001 555 1/110=
 22638 46/// /2201 11110 21122 39945 40183 57011=
 22671 42/// /2401 11087 21093 30062 40144 55003 555 1/114=
 22456 NIL=
 22583 42584 72602 11065 21084 30043 40126 52006 875// 555 1/107=
 22749 42/// /2303 11086 21097 30083 40214 55001 555 1/110=
 22951 42/// /2703 11081 21087 39940 40235 52002 555 1/108=
 22887 41497 82803 11064 21080 30119 40192 52009 70282 8655/ 
 333 86614 555 1/107=
 22876 42/// /2402 11061 21072 30117 40193 52003 555 1/107=
 22481 42/// /2203 11046 21046 30046 40100 58003 555 1/105=
 22854 42/// /2303 11087 21093 39921 40223 54001 555 1/110=
 22781 NIL=
 22676 41498 82003 11066 21088 30067 40147 57004 70272 885// 555 1/107=
 22648 42/// /2002 11095 21111 30135 40184 50001 555 1/116=
 22559 42/// /2002 11089 21105 30127 40144 57006 555 1/113=
 22869 42/// /2604 11067 21074 30066 40220 53007 555 1/106=
 22768 42697 62304 11081 21098 30142 40194 52001 82531 555 1/110=
 22798 42/// /2501 11065 21076 30053 40170 52009 555 1/107=
 22375 46/// /2305 11037 30063 40078 54010=
 23207 NIL=
 23215 NIL=
 23219 NIL=
 22408 41484 82204 11047 21059 39945 40098 57029 70272 885// 333  
 88611 93500 555   1/106=
 22511 82584 82104 11059 21080 39990 40115 57026 8251/ 555   1/108=
 22529 42598 52205 11072 21097 30129 40136 57022 82502 555   1/110=
 22602 42474 72303 11074 21087 39920 40154 57024 87500 333   87613
 555   1/108=
 22621 83/70 /2105 11084 21098 30013 40159 57022 555   1////=
 22619 42998 62104 11072 21087 30004 40169 57020 80005 555   1/110=
 22721 42397 82801 11079 21090 30089 40192 57015 8672/ 333   86708
 555   1/111=
 22727 86370 /2002 11059 21070 30164 40214 57011 555   1////=
 22717 83/70 /2202 11052 21060 30011 40211 57016 555   1////=
 22802 42998 72101 11078 21086 30192 40217 57018 83031 555   1/113=
 22820 42398 82504 11053 21065 30077 40218 57010 885// 333   88607
 555   1/106=
 22831 42297 82401 11073 21084 30167 40225 57003 886// 333   88705
 555   1/108=
 22805 425// 22407 11028 21039 30206 40226 57017 82500 333   91010
 91111 555   14104=
 22912 42484 82202 11030 21050 30220 40236 57011 885// 333   88616
 555   1/104=
 
