12:31:00 MSK 30.10.2023
010 111/=о000=0931
 уйту01 бтул 300900
 22686 41498 83102 11039 21054 30003 40104 52012 72272 8752/ 333 87611=
 22695 41597 82902 11039 21066 39933 40088 52008 77172 8652/=
 22996 41498 83102 11023 21028 39919 40107 52014 70272 8352/=
 23220 41499 21208 11094 21124 30048 40196 57003 73630 81630 333 91011 91114=
 23226 42960 01705 11092 21122 39971 40196 57010=
 23305 41440 81503 11061 21068 30079 40107 56002 78587 883//=
 23320 86/// /3201 11135 21155 30080 40158 57004=
 23324 42982 71303 11073 21107 30085 40165 57004 82076=
 23405 41934 81404 11061 21069 30005 40107 52001 77372 8802/=
 23410 86/// /0902 11080 21096 30046 40146 57002=
 23411 41497 81706 11067 21078 30038 40130 57001 77172 8802/=
 23412 42999 81203 11072 21089 30044 40144 57001 8805/=
 23416 NIL=
 23418 42965 81704 11048 21110 30066 40142 53002 8805/=
 23503 41998 81503 11061 21079 30070 40121 52002 77172 8802/=
 23507 86/// /1801 11066 21072 39786 40104 52004=
 23509 41997 81402 11054 21075 30038 40118 52002 77172 8802/=
 23514 41395 81303 11072 21088 39925 40127 57001 77372 8772/ 333 87708=
 23518 42998 81305 11071 21119 30057 40152 54000 8807/ 333 91110=
 23606 41458 81203 11062 21085 39936 40113 54000 78582 889// 333 86918=
 23701 41358 81401 11044 21056 39974 40106 52006 77172 8872/ 333
 86709=
 23704 86/// /1301 11043 21046 39389 49502 53020=
 23707 81995 80000 11039 21050 39963 40098 52007 77377 8802/=
 23708 41326 81301 11047 21065 39956 40108 52006 77372 8872/ 333 85709=
 23709 41497 81001 11054 21086 39917 40114 52005 78587 889// 333 86912=
 23711 41495 81002 11067 21084 39954 40128 52001 78582 889// 333 88914=
 23803 41497 81302 11048 21086 39932 40116 52007 77172 8802/ 333 88518=
 23804 41596 82101 11030 21047 39951 40098 52009 78582 8695/ 333 86924=
 23807 41496 83001 11026 21029 39940 40103 52010 77172 8357/=
 23808 86/// /1001 11039 21046 39938 40109 52011=
 23812 41496 81202 11054 21067 39958 40124 52005 77172 8672/=
 23904 41359 82901 11022 21034 39946 40105 52012 77072 8572/ 333 85709=
 23905 41898 80000 11031 21063 39873 40103 52012 77072 8802/=
 23909 41497 80801 11043 21065 39857 40107 52012 77072 8752/=
 23912 41495 80601 11049 21062 39919 40115 52010 77372 8802/=
 23913 41597 81001 11043 21094 39883 40116 53009 77172 8872/=
 23914 81495 80901 11052 21060 39849 40111 52011 77372 8802/=
 28013 41397 80701 11040 21059 39868 40103 52013 77172 8872/=
 28016 41598 80000 11028 21049 39874 40101 52013 72682 889//=
 28029 41499 80601 11032 21056 39878 40101 52016 70272 8872/=
 28116 41598 80201 11029 21045 39866 40099 52018 70282 8792/=
 28128 41597 80602 11023 21041 39942 40097 52020 77172 8802/=
 28134 41598 81002 11035 21075 39742 40098 52016 70272 8651/=
 28138 41597 80504 11066 21080 39527 40106 52018 78582 883// 333
 91111=
 28216 41896 83403 11023 21034 39792 40092 52023 77372 8802/=
 28222 41597 80501 11020 21040 39896 40092 52020 77172 8672/=
 28224 41446 80302 11018 21037 39870 40085 52021 77172 8572/=
 28234 41598 80902 11025 21070 39810 40090 52017 77172 885//=
 28238 41599 80704 11033 21070 39785 40091 53017 77172 885//=
 28313 41596 83402 11009 21028 39897 40090 52025 77372 8802/=
 28319 41496 83001 11008 21015 39922 40086 52029 77177 8802/ 333
 93402=
 28321 41596 83602 11014 21025 39880 40084 52024 77372 8802/=
 28324 41697 83602 11002 21024 39958 40079 52026 77172 885//=
 28326 41498 80702 11007 21033 39887 40074 52022 70272 8802/=
 28413 41598 83003 11008 21031 39969 40092 52030 78587 883//=
 28428 41596 83503 10002 21012 39881 40066 52028 77175 8802/=
 28429 41596 80901 11010 21024 39650 40061 52022 77372 8802/ 333
 93403=
 22983 42598 83002 11027 21060 30013 40120 52012 8655/ 333 91004
 91106=
 27083 41599 82902 11029 21050 39891 40117 52015 70272 885// 333 91005
 91107=
 27097 42598 82803 11027 21035 39855 40120 52017 885// 333 91005
 91107=
 27185 42698 82702 11018 21051 39947 40134 52018 885// 333 91006
 91106=
 27199 42498 83001 11014 21032 39925 40125 52020 8671/ 333 91004
 91104=
 27281 42482 82903 11013 21054 39931 40141 52015 885// 333 91005
 91108=
 27283 42498 83004 11013 21045 39977 40135 52019 889// 333 91007
 91108=
 27295 41598 82602 11022 21042 39877 40133 52021 70272 885// 333 91005
 91106=
 27296 42698 83103 11014 21037 39904 40124 52021 885// 333 91006
 91106=
 27385 425// 82903 11006 21049 30014 40144 52017 8257/ 333 91005
 91107=
 27393 42598 83004 11008 21031 39959 40131 52023 8743/ 333 91007
 91107=
 27480 42498 82902 10001 21047 30022 40152 52013 885// 333 91004
 91106=
 28007 41499 83102 11023 21046 39849 40114 52019 70272 886// 333 88710
 91004 91105=
 28009 41422 82801 11020 21055 39897 40110 52018 78582 889// 333 91002
 91102=
 28105 41498 83001 11014 21041 39919 40114 52021 70272 888// 333 91004
 91104=
 28202 41561 83203 11014 21041 39886 40109 52021 77172 885// 333 91005
 91106=
 28302 41598 83003 11012 21039 39883 40113 52023 72682 8697/ 333 91005
 91105=
 28307 42498 82804 11007 21034 39984 40130 52023 885// 333 91006
 91107=
 28402 41498 82902 11009 21018 39942 40122 52026 70272 886// 333 91005
 91105=
 28502 42598 83006 11004 21029 30024 40129 52027 885// 333 91009
 91110=
 22550 82997 32202 11026 21045 30078 40088 52005 83030=
 22778 41598 83101 11046 21073 30047 40118 52006 70282 885// 333
 88622=
 22889 42/// /2804 11030 21043 30027 40115 52012=
 22762 42498 82001 11043 21055 30079 40119 53006 886//=
 22638 46/// /1701 11057 21086 39866 40097 54000=
 22671 41397 82301 11053 21064 30023 40103 52005 78582 889// 333
 86707=
 22456 41596 72201 11035 21041 39988 40077 52002 78582 87900=
 22583 41598 72802 11044 21067 30013 40095 52011 70228 87500=
 22749 NIL=
 22951 42598 81802 11034 21064 39837 40123 58005 885//=
 22887 41599 82602 11035 21056 30046 40118 52012 70282 8595/
 333 85920=
 22876 42497 83001 11043 21064 30048 40122 52010 885// 333 88619=
 22481 42/// /2004 11062 21076 30029 40083 52010=
 22854 42598 81401 11043 21061 39825 40119 58002 885// 333 88628=
 22781 NIL=
 22676 42498 83202 11054 21073 30028 40107 52010 885//=
 22648 NIL=
 22559 41498 82001 11032 21039 30083 40100 52005 70272 885// 333
 88618=
 22869 42597 82402 11031 21062 39981 40132 53005 8653/ 333 86632=
 22768 42597 82502 11036 21062 30067 40118 52007 885// 333 88627=
 22798 41497 80000 11020 21037 39988 40102 52010 72687 8795/=
 22375 46/// /2204 11037 21062 30047 40062 52014=
 23207 41495 81404 11060 21075 30066 40089 57003 77372 8872/=
 23215 NIL=
 23219 NIL=
 27095 86/// /3102 11025 21025 39893 40125 52016=
 22408 41383 83201 11050 21060 39904 40056 52005 70272 886// 333  
 88707 93501=
 22511 41443 82002 11026 21042 39934 40056 52003 78572 889// 333  
 88611 93500=
 22529 42599 82103 11034 21059 30068 40075 57002 885// 333   88627=
 22602 42978 62202 11041 21062 39838 40067 52003 8603/=
 22621 83670 /1804 11027 21058 39936 40077 54000=
 22619 42582 71901 11032 21086 39913 40074 57004 87500=
 22721 42998 00000 11046 21063 39985 40085 57007=
 22727 86467 /0000 11021 21040 30030 40078 57013=
 22717 83/70 /0701 11051 21411 39871 40072 57009=
 22802 42599 70202 11023 21043 30032 40056 57011 84530 333   84620=
 22820 41556 81202 11030 21048 39937 40075 57013 77172 8652/ 333  
 86620=
 22831 41698 71001 11020 21040 30033 40089 57010 72272 87500 333  
 87638=
 22805 41496 81103 10016 21007 30026 40051 57012 78782 889//=
 22912 41250 81403 11008 21018 30049 40064 57013 77172 8872/ 333  
 86706=
 
