00:31:00 MSK 26.07.2023
020 123456/=о000=2131
 уйту01 бтул 252100
 22686 81998 40000 10103 20101 39940 40036 53004 71211 83041=
 22695 42598 60901 10135 20119 39882 40026 52004 83930=
 22996 42/// /1701 10123 20123 39873 40049 52009=
 23220 43/// /0701 10150 20120 39919 40052 57004=
 23226 42960 70804 10176 20120 39857 40057 57004 82036=
 23305 42/// /1302 10156 20140 30012 40038 52002=
 23320 86/// /1201 10164 20127 39972 40040 57004=
 23324 42983 80902 10167 20148 39976 40048 58003 8807/=
 23405 42968 11301 10139 20126 39941 40035 58001 81030=
 23410 86/// /1302 10142 20124 39948 40039 53002=
 23411 42/// /2202 10162 20149 39960 40043 52005=
 23412 42699 72701 10177 20136 39951 40041 52004 83530=
 23416 NIL=
 23418 42965 22801 10156 20135 39972 40042 58003 82030=
 23503 42/// /1901 10094 20087 39993 40041 54001=
 23507 86/// /1501 10120 20119 39745 40040 52004=
 23509 42/// /0000 10111 20098 39966 40041 54000=
 23514 41997 11801 10119 20119 39859 40046 57002 71100 81030=
 23518 42/// /0000 10121 20110 39960 40047 57003=
 23606 42960 51601 10129 20129 39883 40041 57002 85030=
 23704 86/// /0000 10129 20129 39926 40039 55004=
 23701 NIL=
 23707 81497 80501 10124 20122 39910 40036 54000 78082 8694/ 333 86914=
 23708 42/// /1201 10147 20133 39901 40042 57002=
 23709 82598 71201 10144 20130 39868 40050 54001 86930 333 86922=
 23711 42598 32701 10110 20106 39889 40050 58003 81130=
 23803 42599 80000 10141 20117 39878 40048 58004 889//=
 23804 81296 82001 10149 20146 39899 40036 52003 71082 886// 333 88704=
 23807 42/// /1701 10123 20123 39891 40044 52005=
 23808 NIL=
 23812 42997 20000 10111 20105 39903 40058 54000 81032=
 23904 41942 20000 10103 20103 39901 40052 52005 71000 82030=
 23905 82599 22002 10146 20142 39835 40049 54000 81970=
 23909 82598 61902 10144 20129 39825 40056 57001 82541=
 23912 82898 71301 10126 20113 39881 40064 54001 86031=
 23913 82999 00000 10098 20089 39856 40076 55001=
 23914 82499 62103 10158 20124 39820 40061 57002 85580=
 28013 82598 21902 10140 20119 39841 40059 50001 82500=
 28016 82/// /0000 10133 20129 39849 40062 50000=
 28029 82699 32002 10168 20138 39859 40065 57001 83500=
 28116 82899 32001 10137 20131 39849 40067 54000 82051=
 28128 82599 80000 10156 20142 39927 40071 54000 87501=
 28134 82998 80000 10126 20121 39744 40078 57001 80005=
 28138 43/// /2201 10108 20098 39544 40086 54000=
 28216 82699 52202 10149 20124 39792 40073 54000 85400=
 28222 42/// /0000 10164 20138 39891 40074 54000=
 28224 81570 81601 10159 20148 39875 40075 54000 72522 8696/=
 28234 82898 61301 10159 20120 39816 40078 57002 86040=
 28238 82599 62301 10140 20112 39795 40083 54001 86500=
 28313 42/// /2001 10147 20138 39896 40078 54001=
 28319 81598 61001 10149 20145 39927 40081 58001 70192 84550=
 28321 82599 51902 10158 20146 39883 40075 57002 83930=
 28324 42/// /2201 10145 20130 39966 40080 57004=
 28326 81596 61901 10153 20137 39909 40085 52004 79598 86300=
 28413 81597 80000 10155 20138 39965 40080 55002 78082 8635/=
 28428 82599 80000 10142 20120 39909 40084 50001 889//=
 28429 42/// /0501 10123 20110 39700 40093 54001=
 22983 41914 30000 10097 20096 39946 40047 52004 71000 81031 333 91000
 91102=
 27083 41908 00000 10100 20098 39840 40054 52006 74400 333 91000
 91102=
 27097 42/// /0000 10101 20101 39811 40062 52008 333 91000 91102=
 27185 42/// /0000 10115 20114 39887 40063 52006 333 91000 91101=
 27199 42998 00000 10123 20121 39875 40063 52006 333 91001 91101=
 27281 41984 31201 10135 20129 39865 40062 52004 71111 82031 333 91001
 91101=
 27283 41993 10000 10109 20107 39914 40064 52005 74640 81030 333 91001
 91102=
 27295 42/// /0501 10123 20109 39827 40067 52004 333 91001 91101=
 27296 41998 21601 10135 20119 39858 40065 52002 70291 82030 333 91002
 91103=
 27385 419// 20000 10128 20125 39942 40064 52005 71100 82030 333 91000
 91101=
 27393 41998 32102 10141 20132 39910 40072 52004 71211 82035 333 91002
 91103=
 27480 41998 00000 10140 20140 39944 40066 52004 71100 333 91000
 91102=
 28007 42999 12702 10133 20116 39812 40061 51008 81040 333 91003
 91103=
 28009 41598 50000 10135 20122 39858 40056 52005 70298 85500 333 91000
 91105=
 28105 42998 52201 10144 20136 39879 40061 52008 85060 333 91001
 91104=
 28202 42597 50000 10140 20128 39853 40063 52003 8393/ 333 91000
 91104=
 28302 42997 51501 10145 20135 39853 40069 52002 83031 333 91001
 91102=
 28307 42998 21101 10134 20120 39934 40071 52006 80001 333 91002
 91103=
 28402 42984 52203 10158 20145 39904 40073 52005 82035 333 91004
 91104=
 28502 42597 80000 10153 20141 39979 40077 52004 885// 333 91000
 91102=
 22550 82572 61701 10131 20126 39999 40009 52001 82530=
 22778 41998 20000 10118 20114 39971 40037 52007 71111 82070=
 22889 42/// /0801 10108 20108 39964 40046 52004=
 22762 81596 60000 10125 20125 39993 40031 52005 71022 84460=
 22638 46/// /1800 10113 20111 39792 40007 52004=
 22671 42/// /0000 10110 20105 39943 40018 52003=
 22456 41596 80000 10122 20122 39925 40008 52002 71022 8251/=
 22583 42698 31101 10131 20125 39950 40026 52008 82570=
 22749 NIL=
 22951 42/// /0000 10109 20105 39769 40038 52004=
 22887 42697 61401 10110 20104 39974 40041 52006 82530=
 22876 42997 22302 10125 20125 39969 40038 52004 80001=
 22481 43/// /1201 10108 20108 39970 40021 5////=
 22854 42/// /0000 10141 20124 39754 40027 54001=
 22781 NIL=
 22676 41898 11701 10118 20116 39948 40022 52002 71181 81030=
 22648 NIL=
 22559 42/// /1701 10137 20120 39998 40014 50001=
 22869 42998 20501 10127 20119 39902 40043 52003 80030=
 22768 42897 51701 10161 20127 39983 40030 52004 83031=
 22798 41496 60000 10130 20130 39932 40039 52005 71222 85570=
 22375 46/// /1102 10115 20115 30003 40017 52002=
 23207 NIL=
 23215 NIL=
 23219 NIL=
 27095 86/// /2201 10105 20105 39852 40071 52010=
 22408 41599 80501 10133 20129 39852 49993 52002 70282 86909 333  
 86924=
 22511 42598 70000 10122 20113 39877 49992 52004 83530=
 22529 41/93 92501 10104 20100 39992 49998 52003 74742=
 22602 42477 80000 10118 20112 39777 49991 52003 889// 333   88915=
 22621 83912 /0000 10114 20109 39866 49999 52004=
 22619 42498 52501 10127 20119 39841 49992 52002 85500=
 22721 41395 80000 10142 20136 39905 49998 52001 71022 886// 333  
 88706=
 22727 86/12 /0000 10122 20120 39954 40000 57001=
 22717 NIL=
 22802 42598 70101 10136 20133 39961 49983 57003 82532=
 22820 42998 21702 10136 20121 39869 49998 57001 82030 555   50154=
 22831 42997 60000 10113 20107 39955 40008 52001 84031=
 22805 425// 80804 10163 20124 39957 49975 57006 82531=
 22912 42984 20901 10120 20112 39970 49984 57005 82031=
 
