21:31:00 MSK 04.07.2023
020 123456/=о000=1831
 унту01 бтул 041800
 22686 81998 12002 10179 20088 30010 40103 53017 70281 81080=
 22695 43/// /2502 10184 20076 39950 40093 52017=
 22996 82598 21601 10174 20118 39967 40142 52012 81101=
 23220 42599 51101 10156 20144 39943 40076 52012 85800=
 23226 41560 72005 10170 20156 39871 40072 52011 72581 85940 333 85921 
 91115=
 23305 41699 51903 10149 20122 30046 40072 52014 70282 82230 333 91117=
 23320 66/// /2401 10134 20113 30020 40089 52021 60002 333 10273=
 23324 42582 22503 10187 20115 30011 40083 52021 81302=
 23405 41967 29901 10134 20127 39991 40085 52011
 70298 82031=
 23410 66/// /2102 10137 20121 39996 40087 50016 60002 333 10240 91115=
 23411 41599 22103 10137 20125 30000 40085 52017 70298 82500=
 23412 41599 52303 10144 20120 39997 40089 52015 72598 82301 333 91111  =
 23416 NIL=
 23418 42965 32302 10206 20094 30027 40096 52020 
 83080 333 91114=
 23501 NIL=
 23503 42998 21601 10144 20110 30050 40098 51020 80009=
 23507 86/// /2001 10154 20105 39809 40102 52014 333 91111=
 23509 42998 61902 10166 20108 30037 40111 52015 84931=
 23514 41597 42202 10160 20092 39925 40111 52016 70281 84400 333 91113=
 23518 82598 52503 10194 20090 30026 40111 52020 82189 555 53013=
 23606 41962 62101 10150 20123 39961 40119 52008 70282 86080=
 23612 NIL=
 23701 41599 31801 10152 20134 39997 40119 52010 70281 82440 333 91112=
 23704 66/// /2402 10202 20099 39926 40039 55004 60002 333 10238=
 23707 82998 42102 10181 20108 30000 40124 52016 82042 333 91110=
 23708 42984 52102 10166 20100 39993 40135 52014 80031=
 23709 82/// /2101 10178 20090 39955 40136 52015=
 23711 42998 22401 10164 20115 39968 40128 52015 82030=
 23803 42999 20000 10167 20088 39965 40134 53013 82060=
 23804 42997 20000 10170 20119 39994 40131 52013 82030=
 23807 82997 22201 10179 20106 39988 40140 52014 80001=
 23808 86/// /1802 10142 20111 39985 40145 52013=
 23812 42997 20000 10163 20110 39986 40139 52019 80002=
 23904 42970 02002 10170 20129 39996 40144 52010=
 23905 82599 22202 10172 20107 39935 40149 52014 82500 555 50193=
 23909 82898 22201 10148 20121 39920 40153 52015 82030=
 23912 82598 11201 10169 20117 39965 40146 52019 81500 555 50216=
 23913 82599 10000 10144 20130 39929 40147 52019 81100 555 50204=
 23914 82498 32902 10200 20102 39904 40144 52016 81580=
 28013 82998 32702 10200 20084 39932 40148 52016 80001 555 50216=
 28016 82/// /2801 10194 20111 39943 40153 52017 555 50216=
 28029 82999 00000 10215 20141 39936 40140 52016 555 50227=
 28116 82999 13302 10187 20110 39935 40152 52017 80005=
 28128 82899 30301 10177 20156 30002 40147 52016 82081 555 50205=
 28134 82998 00000 10169 20131 39818 40149 52017 555 50215=
 28138 NIL=
 28216 82599 83202 10223 20135 39871 40147 53004 86901 555 50234=
 28222 42/// /0000 10202 20144 39964 40145 52018 555 50228=
 28224 82670 50000 10203 20163 39943 40142 52016 85400=
 28234 82898 20601 10213 20125 39884 40143 52016 82040 555 50226=
 28238 82999 12501 10192 20150 39858 40142 52016 80001 555 50213=
 28313 42/// /0000 10219 20145 39968 40147 52016 555 50228=
 28319 82597 23601 10239 20147 39992 40143 52015 82100=
 28321 82599 33302 10230 20139 39952 40140 52015 83200=
 28324 42/// /2601 10201 20140 30028 40140 52016 555 50228=
 28326 82998 40901 10180 20134 3//// 4//// 5//// 80001 555 50228=
 28413 82599 22701 10236 20168 30032 40144 52019 81430 555 50236=
 28428 82899 10000 10210 20149 39966 40138 52015 81030 555 50230=
 28429 42/// /0201 10193 20153 39758 40143 52013 555 50221=
 22983 42998 10000 10181 20101 30034 40133 52010 81030 333 91002
 91110=
 27083 42999 00000 10159 20123 39933 40144 52010 333 91000 91105=
 27097 42998 01701 10155 20128 39907 40156 52011 333 91001 91104=
 27185 42/// /0000 10166 20127 39984 40159 53009 333 91000 91104=
 27199 42598 20000 10162 20124 39975 40163 52010 82500 333 91000
 91106=
 27281 42982 11401 10184 20119 39964 40159 52009 81030 333 91001
 91103=
 27283 42998 00000 10165 20113 30014 40162 52010 333 91000 91105=
 27295 42998 00000 10178 20093 39928 40166 52011 333 91000 91104=
 27296 42998 20000 10184 20115 39958 40163 52012 82030 333 91001
 91105=
 27385 429// 20000 10165 20122 30041 40162 52009 82030 333 91000
 91103=
 27393 42598 12501 10178 20101 30007 40168 52013 81100 333 91001
 91108=
 27480 42598 20000 10166 20127 30042 40164 52009 81501 333 91000
 91103=
 28007 42999 12601 10191 20094 39911 40157 52012 81030 333 91002
 91105=
 28009 42998 30000 10168 20116 39960 40159 52013 83030 333 91000
 91102=
 28105 42598 31501 10182 20121 39977 40164 52013 83400 333 91002
 91104=
 28202 42980 20000 10180 20092 39951 40160 52013 82030 333 91000
 91105=
 28302 42998 20000 10185 20097 39946 40161 52014 82030 333 91000
 91104=
 28307 42998 02901 10175 20110 30027 40163 52012 333 91001 91105=
 28402 42998 12701 10202 20104 39992 40160 52014 81030 333 91002
 91105=
 28502 42998 32701 10184 20118 30062 40159 52015 80001 333 91002
 91105=
 22550 81997 61803 10145 20111 30045 40055 52005 70298 82063=
 22778 42598 21902 10190 20080 30041 40107 52009 81170=
 22889 42698 10701 10163 20132 30049 40131 52010 81400=
 22762 82598 32701 10167 20102 30056 40092 53013 82869=
 22638 NIL=
 22671 41598 71301 10137 20120 30005 40080 50009 72598 85931 333
 91111=
 22456 41997 22102 10143 20113 39958 40041 51001 70298 81061=
 22583 41698 62102 10171 20098 30008 40084 52016 70288 82271 333 91112=
 22749 41598 61802 10131 20115 39973 40092 53019 72922 85930 333
 91119=
 22951 12498 62701 10176 20082 39846 40111 53009 60002 86900 333
 10215=
 22887 42699 21502 10180 20126 30054 40120 53010 81501 =
 22876 42597 42002 10179 20121 30049 40118 52011 82509=
 22481 41598 72104 10143 20141 30011 40061 52014 72598 87960=
 22854 41699 72204 10160 20096 39832 40105 52014 70182 87900 333 85646
 91111=
 22781 NIL=
 22676 41598 61803 10152 20105 30015 40088 52013 72522 85960 333
 91113=
 22648 41498 61702 10149 20135 30026 40070 58002 70198 84931=
 22559 81598 62203 10146 20114 30115 40130 51001 72998 83930=
 22869 42997 02001 10180 20081 39980 40120 52009 333 91110=
 22768 42697 51903 10200 20091 30050 40097 52007 83531 333 91111=
 22798 42598 11801 10189 20119 30016 40122 52012 81500=
 22375 NIL=
 23207 NIL=
 23215 42698 31803 10161 20114 39972 40056 51017 82502 333 91112=
 23219 NIL=
 27095 NIL=
 22408 11599 62401 10132 20106 39840 49981 52011 60022 70282 83930
 333   10181=
 22511 11598 82002 10137 20111 39875 49989 52012 60012 70282 8493/
 333   10172 91110=
 22529 11599 72102 10133 20104 30018 40024 52011 60092 72582 85932
 333   10187 85924 91111=
 22602 11458 82103 10123 20110 39787 40001 52014 60062 78082 889//
 333   10146 88912 91111=
 22621 12498 61904 10136 20096 39894 40026 52013 60062 82532 333  
 10164=
 22619 11482 71702 10128 20104 39875 40026 52012 60042 72522 87900
 333   10172=
 22721 11998 51801 10160 20078 39950 40043 52011 60102 70282 82031
 333   10182=
 22727 12970 01904 10168 20104 30015 40060 52008 60032 333   10184
 91111=
 22717 12998 11902 10153 20083 39865 40047 52013 60032 81030 333  
 10172 91113=
 22802 12599 61902 10169 20088 30018 40040 52007 60022 81931 333  
 10194 91111=
 22820 12970 02203 10166 20083 39936 40065 52010 69962 333   10195
 91114=
 22831 11698 21501 10154 20099 30030 40082 52007 69982 70181 81230
 333   10207=
 22805 12598 81504 10090 20068 30028 40047 54000 69932 885// 333  
 10130=
 22912 12599 61602 10159 20111 30055 40069 54000 60002 82530 333  
 10200=
 
