18:31:00 MSK 12.02.2023
020 123456/=о000=1531
 уйту01 бтул 121500
 22686 11498 82002 11076 21103 30025 40128 52005 69902 70282 8657/ 333 11063 86618 555 51070 53007=
 22695 12498 82402 11079 21110 39956 40114 52004 60002 885// 333 11069
 88616 555 51068 53007=
 22996 11495 81802 11056 21067 39945 40136 52010 60052 78582 8492/ 333
 11039 555 51044 53006=
 23220 11496 82107 11066 21090 39933 40078 52013 69932 77173 8872/ 333 11046 91011 91114 555 51061 53014=
 23226 11442 82309 11070 21083 39842 40061 52014 60022 77173 885// 333 
 11050 88618 91014 91116 92981 555 51062 53017=
 23305 11584 82104 11051 21077 30045 40073 51007 60002 70232 885// 333
 11046 88630 555 51044 53011=
 23320 76/// /2304 11067 21094 30021 40096 51011 333 60002 91114 555 51047 53015=
 23324 11580 82206 11062 21098 30009 40088 51012 60002 73632 885// 333
 11041 88629 91011 91113 555 51047 53013=
 23405 12997 82003 11066 21090 39992 40094 52007 60002 8805/ 333
 11054 555 51052 53009=
 23410 76/// /2005 11066 21097 39990 40089 51009 333 60002 91113=
 23411 11998 82305 11066 21092 39996 40087 51005 69902 77073 8802/ 333
 11042 91111 555 51048 53012=
 23412 11998 82405 11063 21098 39992 40091 52008 69902 77172 8807/ 333 11036 91110 555 51046 53014=
 23416 NIL=
 23418 11565 72004 11050 21113 30033 40108 52006 69932 70232 
 87500 333 11034 87630 555 51045 53011=
 23503 11598 82203 11061 21107 30053 40104 52005 69952 77172 885// 333 11052 88621 555 51046 53010=
 23507 86/// /2403 11084 21102 39796 40117 52008 333 11073 555 51069 53010=
 23509 12598 82303 11059 21102 30036 40117 51004 60002 885// 333 11049
 88621 555 51049 53011=
 23514 12597 82203 11060 21091 39911 40112 54000 69902 885// 333 11056 88625 555 51055 53010=
 23518 11596 82004 11052 21073 30032 40126 54001 69922 78582
 889// 333 11044 86623=
 23606 12560 82201 11064 21088 39946 40123 52004 
 60002 885// 333 11050 88620 555 51050 53009=
 23701 12580 72101 11088 21096 39998 40133 52005 60002 87500 333
 11049 87622 555 53004=
 23704 76/// /0000 11132 21132 39926 40039 55004 333 60002=
 23707 61998 20000 11103 21114 39990 40128 52004 69902 71110 82030 333 11051 555 51056 53004=
 23708 11957 81803 11048 21062 39981 40134 52002 60012 77172 8807/ 333
 11042 555 51049 53006=
 23709 11497 81702 11049 21072 39944 40141 52002 69952 77172 8572/ 333
 11035 85712 555 51048 53007=
 23711 12498 81903 11051 21067 39968 40142 52004 69972 885// 333 11037 88619 555 51050 53007=
 23803 11496 81402 11050 21070 39966 40150 52003 60012 77272 8802/ 333
 11033 88516 555 51046 53007=
 23804 11496 82001 11046 21054 39978 40126 52004 60022 77172 8652/ 333 11037 86614 555 51046 53004=
 23807 11395 81904 11046 21052 39967 40133 52006 60052 77372 8672/ 333
 11042 86707 555 51045 53006=
 23808 66/// /1302 11048 21057 39970 40142 52003 60002 333 11039=
 23812 11496 81902 11056 21075 39996 40163 5//// 69942 78582 889// 333
 11042 934// 555 51/// 53007=
 23904 11221 82002 11052 21061 39983 40144 52008 69992 78582 883// 333
 11038 86705 555 51042 53007=
 23905 12599 81803 11040 21079 39916 40148 52006 69902 885// 333 11036
 555 53006=
 23909 12498 81803 11049 21087 39911 40162 52006 69902 885// 333
 11035=
 23912 12598 81804 11050 21078 39980 40178 52003 69982 86501 333 11045
 555 53009=
 23913 11599 81401 11063 21100 39958 40195 50002 69932 70272 885// 333
 11041 555 53008=
 23914 12498 81704 11055 21083 39915 40179 52004 69942 885// 333
 11049=
 28013 12898 81703 11053 21097 39935 40172 52005 69902 8802/ 333 11040
 91111 555 53011=
 28016 12599 81803 11052 21100 39944 40176 52006 60002 885// 333 11033
 91111 555 53011=
 28029 12599 81804 11050 21089 39966 40192 52001 60002 885// 333 11045
 91111 555 53011=
 28116 11499 81902 11060 21097 39947 40184 52005 60002 70232 885// 333
 11041=
 28128 12899 82102 11067 21096 30046 40205 52007 69902 8805/ 333 11043
 555 53008=
 28134 11598 81702 11070 21101 39848 40211 52001 69932 70272 885// 333
 11055 555 53007=
 28138 11599 81803 11088 21107 39633 40225 57001 69942 70282 883// 333
 11071=
 28216 11896 81706 11067 21101 39889 40197 54000 69902 77172 8802/ 333
 11055 91111 555 53011=
 28222 12598 71902 11061 21103 30007 40209 52004 69902 87800 333 11041
 555 53010=
 28224 11669 81803 11065 21111 39991 40212 52002 69902 77072 8651/ 333
 11045=
 28234 12597 81803 11078 21120 39937 40227 52003 69922 885// 333 11049
 91110 555 53010=
 28238 11596 82005 11072 21118 39917 40233 54001 69902 77072 885// 333
 11052 91110 555 53010=
 28313 11596 81603 11062 21092 30002 40201 54000 69922 77172 885// 333
 11048 555 53013=
 28319 12598 81802 11067 21098 30044 40214 54000 69902 885// 333
 11049=
 28321 11596 81803 11068 21091 39995 40206 57003 69922 77172 8652/ 333
 11047=
 28324 11698 81905 11062 21109 30090 40215 54000 69902 70272 8647/ 333
 11044 555 53009=
 28326 11596 81803 11070 21103 30031 40225 57001 69912 77172 8802/ 333
 11050 555 53008=
 28413 11596 61701 11071 21109 30082 40210 53004 69902 77172 85570 333
 11049 555 53010=
 28428 11598 81905 11079 21121 30038 40232 57002 69902 70282 8695/ 333
 11063 91110 555 53010=
 28429 11598 82103 11089 21109 39812 40244 54000 69942 70272 885// 333
 11074 555 53009=
 22983 11568 80000 11050 21067 30028 40136 52011 60022 70272 8553/ 333
 11034 91001 91102 555 51045 53002=
 27083 11456 81901 11060 21070 39906 40134 52010 60042 77172 8872/ 333
 11048 91002 91103 555 51051 53006=
 27097 11497 81602 11065 21070 39874 40143 52010 60012 77172 8772/ 333
 11052 91003 91103 555 51052 53010=
 27185 12998 81401 11065 21080 39954 40143 52012 60002 8807/ 333 11048
 91002 91104 555 51046 53006=
 27199 11496 81702 11063 21081 39948 40152 52007 60012 77173 8672/ 333
 11047 91004 91106 555 51048 53007=
 27281 11457 81401 11061 21072 39929 40142 52015 60012 77172 8872/ 333
 11048 91002 91104 555 51049 53008=
 27283 11496 81602 11066 21078 39974 40135 52011 60012 77172 8872/ 333
 11053 91004 91107 555 51051 53008=
 27295 11496 81402 11070 21089 39892 40151 52009 69992 77172 8802/ 333
 11059 91004 91105 555 51057 53009=
 27296 11996 81702 11070 21095 39928 40153 52008 69962 77172 8802/ 333
 11057 91004 91107 555 51056 53009=
 27385 114// 81501 11064 21083 30012 40145 52013 60012 77172 8872/ 333
 11053 91003 91105 555 51056 53010=
 27393 11496 81806 11074 21100 39989 40166 52009 69932 77173 8677/ 333
 11059 91008 91111 555 51059 53011=
 27480 11496 81403 11064 21091 30012 40144 52016 69962 78582 889// 333
 11048 91004 91105 555 51054 53007=
 28007 11497 81702 11061 21077 39884 40154 52007 69962 77172 8802/ 333
 11043 88510 91004 91107 555 51047 53008=
 28009 11496 81603 11057 21087 39949 40165 52005 69902 78582 889// 333
 11035 91005 91109 555 51042 53010=
 28105 11497 81702 11059 21082 39950 40155 52006 69952 77173 8872/ 333
 11041 91004 91105 555 51043 53009=
 28202 11596 81906 11058 21088 39934 40162 52004 69922 77172 885// 333
 11048 91008 91108 555 51048 53011=
 28302 11997 81603 11060 21095 39933 40169 52006 69902 77173 8802/ 333
 11049 91006 91107 555 51050 53011=
 28307 11497 81404 11075 21106 30014 40164 52008 69942 77173 8657/ 333
 11054 91008 91108 555 51054 53010=
 28402 11542 81503 11074 21095 39989 40175 52007 69942 77173 8657/ 333
 11052 91005 91111 555 51054 53012=
 28502 11997 81605 11070 21100 30070 40178 57001 69902 77173 8802/ 333
 11056 91008 91109 555 51056 53011=
 22550 11372 82003 11074 21089 30080 40090 57018 69922 70282 886// 333
 11058 88708 555 51067 53008=
 22778 NIL=
 22889 11497 82501 11065 21076 30048 40137 52011 69962 70272 8655/ 333
 11037 86615 555 51054 53005=
 22762 NIL=
 22638 46/// /2001 11095 21111 39876 40110 57023=
 22671 11497 72302 11072 21083 30028 40110 57002 69942 78582 86930 333
 11058 86914 555 51067 53005=
 22456 11596 82002 11070 21080 39982 40072 58011 69902 78582 889// 333
 11035 555 51070 53008=
 22583 12598 72101 11058 21080 30016 40099 52006 69902 
 875// 333 11053 555 51057 53006=
 22749 NIL=
 22951 12998 02501 11122 21131 39871 40168 58001 69922 333 11080 555
 51113 53006=
 22887 12597 83301 11060 21083 30068 40140 52014 60002 8655/ 
 333 11054 86623 555 51058 53005=
 22876 12497 82302 11079 21093 30069 40147 52010 60002 885// 333 11062
 88617 555 51072 53004=
 22481 11698 82203 11048 21059 30015 40069 58002 69922 70232 8357/ 333
 11048 91110 555 51065 53010=
 22854 NIL=
 22781 NIL=
 22676 NIL=
 22648 NIL=
 22559 NIL=
 22869 12398 82403 11094 21101 30007 40162 52009 60002 886// 333 11082
 86707 555 51076 53005=
 22768 12597 62303 11083 21111 30091 40143 52005 69932 86500 333 11065
 86621 555 51073 53006=
 22798 12997 70000 11111 21120 30016 40134 52008 60002 87070 333 11044
 555 51061 53002=
 22375 46/// /2305 11042 30028 40043 57007=
 23207 NIL=
 23215 NIL=
 23219 NIL=
 27095 76/// /1301 11061 21061 39917 40153 52008 333 60002 555 51048 53010=
 22408 21223 82105 11051 21063 39856 40008 57061 77372 8872/ 333  
 69992 88505=
 22511 21468 81904 11054 21072 39902 40025 57058 77187 8692/ 333  
 69932=
 22529 22598 82004 11066 21103 30063 40070 57034 885// 333   60002
 88630=
 22602 21359 82103 11059 21078 39827 40057 57051 77172 8872/ 333  
 69952 88508=
 22621 73970 /1905 11064 21090 39935 40078 57041 333   60002=
 22619 21396 81902 11057 21079 39923 40086 57037 77172 8872/ 333  
 69902 87706=
 22721 22998 82201 11057 21083 30010 40111 57027 8802/ 333   60002=
 22727 76966 /1802 11059 21084 30085 40134 57020 333   60002=
 22717 73/61 /2203 11051 21062 39931 40129 57028 333   60002=
 22802 21599 82002 11037 21055 30104 40128 57036 72682 889// 333  
 69902 85920=
 22820 22998 82203 11054 21081 39998 40138 57023 8807/ 333   60002=
 22831 22997 70000 11130 21145 30089 40148 57020 80001 333   60002=
 22805 21596 82308 11013 21023 30120 40140 57035 77172 8652/ 333  
 69912 91011 91112=
 22912 22984 72104 11034 21056 30144 40160 57026 87030 333   60002=
 
