21:31:00 MSK 04.10.2023
020 123456/=о000=1831
 унту01 бтул 041800
 22686 81496 81605 10110 20108 39754 49847 57047 76165 8872/ 333 86512=
 22695 42/// /1604 10098 20088 39705 49849 56049=
 22996 82/// /1904 10144 20111 39793 49967 58009 333 91111=
 23220 42599 81303 10035 20006 39855 49993 57014 8653/ 333 86632=
 23226 42560 81605 10021 21001 39785 49997 57013 8555/ 333 85632=
 23305 41584 80802 10047 20047 39907 49934 58025 70252 885//=
 23320 66/// /1502 10048 20048 39905 49976 57014 60002 333 10051=
 23324 41357 81502 10046 20039 39903 49978 57013 75065 886// 333 88707=
 23405 41396 81004 10064 20062 39826 49922 57033
 76062 8672/ 333 86707=
 23410 66/// /1101 10057 20051 39865 49958 57015 60002 333 10057=
 23411 41499 81301 10056 20056 39858 49944 58018 70252 886//=
 23412 41/93 91402 10060 20059 39861 49954 57017 74742=
 23416 NIL=
 23418 41441 81202 10077 20066 39892 49962 57016 75165 886//
 333 88711=
 23501 NIL=
 23503 41398 81603 10087 20079 39883 49930 58029 70262 8672/ 333 86707=
 23507 86/// /1403 10076 20076 39605 49900 58042=
 23509 41997 62301 10072 20065 39859 49934 58032 76162 86020=
 23514 41297 81603 10078 20078 39755 49943 57028 76162 887// 333 86705=
 23518 41496 81804 10078 20069 39888 49976 57017 76062 8872/ 333 86711
 555 53008=
 23606 41235 81605 10080 20080 39775 49938 58037 76362 8872/ 333 86705=
 23612 NIL=
 23701 41558 81903 10103 20098 39779 49901 56042 76162 8557/ 333 85622=
 23704 66/// /1904 10108 20108 39820 49931 53018 60002 333 10108 91110=
 23707 81397 81906 10119 20109 39786 49910 57028 76166 8872/ 333 86709 91010 91111=
 23708 41480 81906 10111 20094 39800 49942 57028 72162 8772/ 333 87712
 91011 91111=
 23709 81397 81704 10097 20085 39781 49964 57026 76162 8772/ 333 87709=
 23711 41497 81804 10085 20081 39806 49968 58036 76162 885// 333 85614=
 23803 41599 82103 10108 20090 39804 49974 58023 70262 889//=
 23804 81497 82004 10115 20104 39799 49936 57022 70262 8652/ 333 86616=
 23807 41497 82107 10126 20115 39801 49953 57019 70282 8355/ 333 91010
 91111=
 23808 86/// /1706 10115 20100 39815 49974 56017 333 91111=
 23812 41497 81101 10092 20080 39846 40001 57024 70282 889//=
 23904 42674 82004 10137 20107 39837 49984 57009 885// 333 88639=
 23905 41599 62004 10120 20089 39784 40000 57006 70182 86500 555
 50084=
 23909 41598 82106 10121 20077 39789 40022 57009 70282 885// 333 91011
 91111=
 23912 41497 81803 10095 20085 39850 40034 57008 76162 8872/ 555
 50080=
 23913 41597 81302 10100 20083 39825 40045 56015 78082 889// 555
 50089=
 23914 81498 82004 10103 20077 39790 40036 57007 70262 885// 333
 91110=
 28013 41598 62005 10117 20063 39814 40034 58008 70282 86500 333 91011
 91112 555 50088=
 28016 42/// /2104 10123 20077 39829 40043 58007 333 91110 555 50092=
 28029 41599 82006 10118 20069 39856 40066 57008 70282 885// 333 91011
 91115 555 50095=
 28116 42499 82103 10117 20069 39843 40063 57011 885// 333 91111=
 28128 42599 82103 10124 20083 39937 40083 57012 8757/ 333 91010 555
 50095=
 28134 41598 82003 10109 20066 39758 40094 57010 70262 8657/ 555
 50090=
 28138 43/// /2104 10091 20063 39564 40112 57010 333 91111=
 28216 42699 82105 10118 20057 39810 40095 57012 885// 333 91112 555
 50079=
 28222 42/// /2104 10128 20066 39912 40098 57011 333 91110 555 50089=
 28224 42670 72105 10130 20058 39906 40110 57011 84540 333 91112=
 28234 42598 82004 10117 20059 39852 40119 56010 885// 555 50093=
 28238 42599 82205 10116 20052 39835 40127 57012 885// 555 50100=
 28313 42/// /1904 10123 20061 39927 40111 57011 555 50082=
 28319 41598 72204 10127 20053 39978 40129 57009 78202 82550 333
 91110=
 28321 42899 82105 10124 20061 39918 40113 57011 8805/ 333 91110=
 28324 42/// /1902 10119 20041 30013 40129 57009 555 50101=
 28326 42598 62204 10127 20053 39952 40131 57008 86500 555 50107=
 28413 42899 31903 10125 20043 30016 40133 57009 83030 333 91110 555
 50104=
 28428 42599 81702 10102 20047 39974 40153 57007 885// 555 50102=
 28429 42/// /2304 10103 20053 39757 40156 57009 555 50103=
 22983 42484 82103 10154 20105 39831 49929 57024 889// 333 91007
 91108=
 27083 42484 81906 10156 20097 39759 49967 57010 887// 333 91011
 91112=
 27097 42998 81805 10146 20110 39753 49999 58008 8805/ 333 91010
 91112=
 27185 42/// /1803 10159 20097 39837 40010 58008 333 91009 91111=
 27199 42998 82104 10143 20085 39850 40036 57004 8805/ 333 91010
 91113=
 27281 42984 82007 10160 20087 39824 40018 57008 8805/ 333 91013
 91114=
 27283 42997 82104 10149 20092 39884 40031 57006 8805/ 333 91008
 91111=
 27295 42997 61805 10135 20068 39815 40054 57003 86070 333 91011
 91112=
 27296 42698 61904 10131 20062 39851 40058 57003 82930 333 91007
 91111=
 27385 425// 72006 10147 20080 39939 40060 57004 86530 333 91012
 91113=
 27393 42598 62107 10127 20056 39918 40081 57009 83541 333 91010
 91113=
 27480 42998 52105 10145 20078 39952 40074 57003 82031 333 91009
 91110=
 28007 42999 82005 10136 20077 39775 40023 57007 8805/ 333 91009
 91110=
 28009 42595 82006 10133 20061 39841 40040 57006 885// 333 91012
 91112=
 28105 42598 82105 10138 20064 39858 40041 57004 885// 333 91009
 91112=
 28202 42997 82206 10124 20053 39853 40065 57005 8805/ 333 91010
 91115=
 28302 42997 62004 10121 20050 39868 40087 57009 86030 333 91007
 91111=
 28307 42998 11704 10129 20043 39953 40091 57011 80001 333 91010
 91110=
 28402 42982 52007 10121 20062 39932 40104 57012 82075 333 91012
 91113=
 28502 42997 52106 10109 20051 30025 40125 58010 80001 333 91008
 91109=
 22550 81436 83604 10043 20040 39857 49867 57017 76362 8872/ 333
 88711=
 22778 41598 81805 10138 20120 39785 49849 57018 70282 885// 333
 91110=
 22889 41498 81704 10141 20112 39844 49925 58021 70262 885// 333 88616
 91111=
 22762 81396 81903 10131 20124 39771 49807 56020 75165 886//=
 22638 46/// /3503 10055 20049 39692 49909 54030=
 22671 41296 80704 10077 20074 39727 49802 57057 76366 8872/ 333
 86706=
 22456 42597 80401 10039 20034 39803 49888 57021 885//=
 22583 41597 80601 10069 20068 39783 49860 57057 78088 889//=
 22749 41497 83504 10063 20058 39721 49841 52031 76186 8872/ 333 88712
 91114=
 22951 41498 62204 10096 20062 39602 49868 57002 70262 86100 333
 91114=
 22887 42697 81605 10148 20117 39835 49901 57028 8455/ 
 333 91112 =
 22876 41497 81805 10147 20124 39814 49882 57021 70282 889// 333 88918
 91011 91114=
 22481 41597 80502 10041 20032 39844 49895 58035 78082 889//=
 22854 41497 82207 10091 20080 39569 49840 53003 78086 889// 333 87711
 91013 91117=
 22781 NIL=
 22676 41496 81303 10108 20107 39740 49813 57044 76162 8872/=
 22648 41395 83406 10045 20044 39815 49859 53027 78188 889// 333 88909
 91010 91117=
 22559 81496 80102 10050 20042 39826 49842 56028 76362 8872/ 333 88712
 91011 91111=
 22869 41598 82305 10128 20105 39742 49881 57014 70282 889// 333 86622
 91111=
 22768 41597 52309 10129 20089 39787 49834 57009 70262 85500 333 85623
 91014 91116=
 22798 41598 81904 10127 20116 39796 49901 57027 70262 889// 333 91010
 91110=
 22375 46/// /0905 10026 20025 39899 49914 54020=
 23207 NIL=
 23215 41196 81501 10034 20034 39874 49961 57014 75065 886// 333
 88702=
 23219 NIL=
 27095 66/// /2106 10148 20117 39792 40007 57008 60002 333 10148 91011 91112=
 22408 12784 83501 10028 20022 39807 49953 52006 69902 8805/ 333  
 10086=
 22511 11984 21901 10028 20021 39836 49954 52013 69902 70151 82030
 333   10086=
 22529 11598 83503 10069 20053 39916 49923 52013 69952 72582 889//
 333   10080 88922 91110=
 22602 12975 22602 10053 20044 39748 49967 52019 60002 8203/ 333  
 10086=
 22621 12698 73103 10059 20046 39808 49943 52022 60022 87500 333  
 10071 87634=
 22619 11698 82805 10071 20062 39796 49949 52028 60052 70262 885//
 333   10077 88634=
 22721 11997 83103 10065 20052 39846 49941 52036 60122 70286 8807/
 333   10069=
 22727 12970 83103 10075 20066 39906 49952 52051 60232 80009 333  
 10130 91110=
 22717 12598 82702 10071 20065 39786 49977 52037 60132 8655/ 333  
 10072 86623=
 22802 11598 62502 10079 20073 39972 49995 52027 60062 70282 85530
 333   10086 85632=
 22820 11498 62704 10068 20061 39825 49957 52054 60322 72162 86500
 333   10082 87615 91112=
 22831 11496 83003 10040 20034 39857 49911 52072 60432 78086 889//
 333   10104 88914 91112=
 22805 115// 22808 10099 20090 39977 49996 52030 60112 70261 82500
 333   10103 91011 91112=
 22912 11684 82904 10090 20067 39975 49990 52047 60102 72165 885//
 333   10162 88649 91111=
 
