06:31:00 MSK 21.08.2023
020 123456/=о000=0331
 уйту01 бтул 210300
 22686 61997 82602 10073 20061 30024 40121 57010 69902 76062 8807/ 333 20035 31005 55082 555 53005 7990/=
 22695 11597 82703 10068 20050 39955 40104 57011 69972 76162 8652/ 333
 20052 31006 555 53009 7001/=
 22996 61596 70000 10081 20081 39956 40137 57005 69982 71042 86530 333 20062 31008 55079 555 53005 7998/ 91206=
 23220 12599 30703 10087 20056 39960 40097 58002 60002 82531 333 20030 31004 55073 555 53005 7998/=
 23226 12960 31403 10052 20038 39892 40103 52002 60002 82046 333 20026 
 31003 555 53007 7003/=
 23305 12699 82404 10074 20065 30031 40058 57004 69902 8653/ 333 20070
 31007 555 53012 7993/=
 23320 76/// /2203 10080 20055 30014 40085 57002 333 20074 60002 555 53008 7000/=
 23324 11679 71603 10087 20058 30009 40084 57002 69902 72522 87900 333
 20078 55078 86637 555 53007 7003/=
 23405 11230 82602 10067 20065 39975 40071 57006
 60022 75365 886// 333 20059 31008 55011 88705
 555 53007 7005/=
 23410 76/// /1803 10070 20062 39972 40066 57005 333 20066 60002 555 7000/=
 23411 11499 82303 10070 20067 39973 40060 57005 69972 70262 887// 333
 20066 31008 555 53009 7001/=
 23412 11399 82103 10072 20065 39971 40065 57005 69952 70262 887// 333 20068 31007 55044 86708 555 53008 7001/=
 23416 NIL=
 23418 41357 81602 10072 20054 30008 40079 57008 69992
 76162 8672/ 333 20071 31007 55034 86709 555 53007 7001/=
 23501 NIL=
 23503 11498 82302 10072 20061 30025 40073 57010 60032 76062 887// 333
 20066 32008 85710 555 53006 7005/=
 23507 66/// /2902 10062 20061 39785 40088 57013 60002 333 20058 555 53008 7000/=
 23509 11997 82301 10070 20064 30011 40087 58034 60037 76162 8802/ 333
 20063 31007 555 53006 7003/=
 23514 11397 82302 10063 20060 39892 40083 57009 60022 78082 8695/ 333 20059 32007 55063 85708 555 53004 7002/=
 23518 12698 82002 10071 20058 30000 40089 57007 69932 8697/ 333 20041
 31005 55065 85634 555 53004 7996/ 91208=
 23606 11662 82402 10066 20066 39935 40097 57010 69962 78082 885// 333 20056 31008 55099 88636 555 53006 7999/=
 23612 12698 72202 10071 20058 39962 40093 57006 69932 82570 333 20047 31008 555 53003 7993/=
 23701 11962 82502 10061 20048 39991 40118 57012 69902 76062 8807/ 333
 20038 31004 555 53006 7004/=
 23704 76/// /2201 10052 20052 39355 49464 53021 333 20015 60002 555 50088 7000/=
 23707 62998 82603 10059 20050 39995 40125 57008 60002 8807/ 333 20032 30006 55073 555 53005 7000/=
 23708 12998 62301 10055 20039 39978 40125 57006 60002 85031 333 20041
 555 53005 7002/=
 23709 62998 72502 10062 20045 39931 40120 57005 60002 87031 333 20060 31007 555 53004 7004/ 91206=
 23711 12998 62701 10073 20048 39939 40104 57004 60002 86030 333 20066 31009 55020 555 53004 7993/=
 23803 12699 70000 10081 20064 39948 40122 56004 60032 87100 333 20069
 31005 55033 555 53003 7010/=
 23804 61597 72901 10079 20061 39987 40128 57006 69902 70282 83930 333 20055 31009 55068 555 53004 7995/=
 23807 11496 72101 10077 20077 39977 40135 57007 69982 72581 85930 333
 20057 31007 55064 555 53004 7001/=
 23808 66/// /2701 10076 20071 39969 40133 57005 60002 333 20059 555 7000/=
 23812 12597 73201 10095 20075 39951 40108 57007 60022 84530 333 20088
 31009 555 53003 7010/=
 23904 11527 80000 10063 20063 39986 40140 57006 60012 72841 83341 333
 20023 31006 555 53012 7001/=
 23905 62498 50000 10073 20071 39912 40134 57003 60042 85600 333 20065
 31009 555 53007 7004/=
 23909 62598 73001 10100 20095 39888 40125 54000 69932 87300 333 20075
 30010 55065=
 23912 61596 83501 10080 20072 39929 40116 57005 69982 78082 8695/ 333
 20053 31008 555 53012 7998/=
 23913 61593 73602 10064 20064 39894 40118 57012 60002 74442 86902 333
 20049 31007 55028 555 53003 7001/=
 23914 61499 70000 10089 20074 39865 40114 57006 69912 70282 87500 333
 20071 30009 55078=
 28013 62598 62703 10079 20062 39896 40120 57002 60002 85530 333 20069
 30009 555 53006 7000/=
 28016 61493 83202 10081 20081 39907 40125 57002 60002 74642 86605 333
 20048 30008 555 53003 7000/=
 28029 62899 30801 10107 20075 39900 40111 57011 60002 82031 333 20067
 30008 55069 555 53002 7000/=
 28116 62499 53001 10078 20069 39902 40126 57004 60002 81470 333 20042
 30007 55063=
 28128 62999 30000 10121 20079 39971 40118 57007 60002 80001 333 20068
 30009 55048 555 53003 7000/=
 28134 62898 50000 10087 20083 39779 40119 57009 60002 82081 333 20059
 30006 555 53001 7000/=
 28138 12599 70000 10098 20061 39565 40112 57010 60002 87500 333 20062
 30006 55056=
 28216 62699 22701 10106 20073 39839 40126 57010 60002 81501 333 20092
 30011 555 53002 7000/=
 28222 62698 80000 10127 20087 39932 40118 57008 60002 86501 333 20085
 30010 555 53003 7000/=
 28224 62870 51301 10123 20079 39914 40118 57007 60002 83041 333 20077
 30008 55085=
 28234 62898 60000 10107 20069 39851 40119 56006 60002 86080 333 20093
 30012 555 53003 7000/=
 28238 62899 81901 10110 20080 39822 40114 56006 60002 8808/ 333 20089
 30010 55093 555 53002 7000/=
 28313 62698 30000 10104 20073 39944 40130 57006 60002 82501 333 20064
 30008 555 53003 7000/=
 28319 62599 63001 10108 20072 39972 40129 57006 60002 82501 333 20058
 30009=
 28321 62599 62601 10099 20072 39928 40125 57006 60002 82231 333 20088
 30009=
 28324 62899 80000 10111 20073 30008 40124 57007 60002 82084 333 20059
 30007 555 53004 7000/=
 28326 62898 60000 10105 20081 39938 40118 57007 60002 84035 333 20066
 30008 55089 555 53005 7000/=
 28413 62699 22701 10128 20079 30011 40128 57007 60002 81509 333 20093
 30010 555 53003 7000/=
 28428 62599 73101 10111 20067 39944 40123 57004 60002 82531 333 20097
 30010 555 53004 7000/=
 28429 62898 82801 10127 20090 39723 40116 56005 60002 84035 333 20111
 30013 555 53005 7000/=
 22983 12598 83001 10088 20080 30046 40148 57003 69932 885// 333 20075
 31009 55078 91003 91103 555 52004 53003 7997/=
 27083 12599 72801 10090 20082 39929 40145 57001 60002 87500 333 20079
 30008 91002 91103 555 52005 53006 7000/=
 27097 12598 73102 10092 20092 39894 40148 54000 69912 87500 333 20061
 30007 91003 91103 555 52002 53003 7991/=
 27185 12698 70000 10076 20076 39973 40153 51001 60002 87500 333 20057
 30009 91000 91101 555 52005 53001 7000/=
 27199 12998 63601 10091 20084 39952 40144 57001 60002 86030 333 20065
 30006 55022 91002 91103 555 52004 53003 7000/=
 27281 12982 23302 10091 20082 39953 40155 52004 60002 81031 333 20069
 30008 91003 91105 555 52005 53005 7000/=
 27283 12498 23402 10083 20083 39996 40148 53002 60002 82500 333 20054
 30007 91003 91103 555 52004 53003 7000/=
 27295 12/// /0000 10091 20082 39899 40144 57004 60002 333 20060 3/006
 91000 91101 555 53001 7000/=
 27296 12970 20000 10087 20077 39929 40141 57005 60002 80001 333 20055
 30007 55000 91001 91102 555 52001 53002 7000/=
 27385 119// 30000 10100 20097 30021 40146 52002 60022 74641 83030 333
 20094 31010 91000 91102 555 52006 53003 7003/=
 27393 12598 20000 10112 20087 39978 40142 57003 60002 82100 333 20089
 30007 55021 91001 91101 555 52005 53002 7000/=
 27480 12598 63301 10130 20129 30022 40145 52002 60032 86400 333 20122
 31013 91002 91102 555 52012 53004 7003/=
 28007 11668 63602 10092 20081 39889 40143 54000 69952 71222 86500 333
 20078 31010 55100 91003 91104 555 52007 53005 7995/=
 28009 12698 73402 10098 20083 39936 40140 57001 60002 87500 333 20076
 30009 91003 91104 555 52006 53004 7000/=
 28105 12998 20000 10096 20089 39954 40141 53001 60002 82030 333 20061
 30010 91000 91102 555 52004 53002 7000/=
 28202 11560 63501 10084 20074 39919 40135 57005 69942 78011 85930 333
 20051 30008 91002 91103 555 52006 53003 7994/=
 28302 12998 10101 10099 20086 39913 40134 57006 60002 81030 333 20078
 30008 91002 91102 555 52005 53002 7000/=
 28307 12498 23001 10129 20097 39996 40134 57004 69902 82500 333 20117
 30012 91002 91102 555 52010 53002 7991/=
 28402 11433 60000 10122 20115 39959 40131 57006 69902 71022 82679 333
 20115 30014 91000 91102 555 52011 53002 7994/=
 28502 11596 83601 10129 20106 30032 40132 55003 60012 78082 8591/ 333
 20129 31015 55074 91002 91103 555 52013 53004 7001/=
 22550 12697 83501 10095 20083 30138 40148 57013 60012 889// 333 20086
 31010 55046 88642 555 53007 7001/=
 22778 12598 63002 10095 20075 30081 40148 57009 69902 83570 333 20091
 30011 55066 555 53008 7990/=
 22889 12598 82702 10085 20083 30062 40146 57009 60002 8457/ 333 20046
 31007 555 53005 7990/=
 22762 61596 82401 10070 20069 30118 40157 58012 60002 71022 8357/ 333
 20067 31008 555 53005 7995/ 91205=
 22638 46/// /2701 10086 20085 39955 40176 57012=
 22671 12998 72801 10077 20059 30051 40128 57011 60002 87070 333 20056
 30006 55069 555 53004 7000/=
 22456 12597 82903 10075 20057 30044 40130 57011 69932 885// 333 20075
 31007 555 53008 7993/=
 22583 11497 82803 10073 20063 30019 40097 57011 60012 72088 886// 333 
 20073 31008 55065 555 53007 7002/=
 22749 NIL=
 22951 12998 00000 10040 20036 39915 40195 57005 60002 20022 31005 555
 53005 7000/=
 22887 12699 82903 10094 20084 30081 40149 57003 60002 8655/ 
 333 20064 30003 55078 86648 555 53006 7993/=
 22876 12997 72601 10097 20080 30080 40151 57007 60002 87030 333 20077
 30010 555 50128 53005 7000/ 91208=
 22481 11496 82602 10077 20070 30034 40085 57010 60062 76162 8872/ 333
 20075 31008 555 53010 7007/=
 22854 12999 22802 10056 20045 39897 40183 5//// 60002 80001 333 20028
 31004 55118 555 53006 7000/=
 22781 NIL=
 22676 12698 72804 10080 20056 30050 40126 57012 69902 87500 333 20075
 31008 555 53006 7990/=
 22648 NIL=
 22559 62598 72702 10087 20074 30131 40147 58014 60002 82530 333 20081
 31009 55030 555 53008 7000/=
 22869 11997 22901 10078 20072 30029 40175 57004 60002 71211 80030 333
 20065 31007 555 53004 7002/ 91211=
 22768 12697 62602 10079 20063 30113 40162 57011 60002 82531 333 20078
 30006 55046 555 53006 7000/=
 22798 11598 72001 10070 20061 30022 40133 57008 69902 70282 85530 333
 20038 30008 555 53005 7991/=
 22375 46/// /3504 10082 20078 30070 40085 57008=
 23207 11497 82702 10073 20066 30021 40043 57005 69952 78082 889// 333
 20064 55001 555 53014 7007/=
 23215 NIL=
 23219 NIL=
 27095 76/// /0000 10064 20056 39934 40161 55002 333 20045 60002 555 53005 7000/=
 22408 22699 60000 10073 20069 30038 40185 57008 83530 333   20041
 55141 60002 555   7000/=
 22511 21628 40000 10061 20055 30063 40183 57010 71140 81571 333  
 20049 60002 555   7000/=
 22529 22599 42701 10077 20073 30162 40169 57009 82502 333   20042
 60002 555   7000/=
 22602 22477 22401 10066 20063 39970 40193 57004 71200 8203/ 333  
 20059 55101 60002 555   7000/=
 22621 73/70 /3201 10098 20073 30044 40180 57009 333   20066 55132
 60002 555   7000/=
 22619 22982 32902 10107 20097 30022 40176 57008 80001 333   20091
 55130 60002 555   7000/=
 22721 22998 33001 10067 20063 30083 40180 57012 80001 333   20062
 60002 555   7000/=
 22727 76/67 /1101 10096 20095 30139 40186 57010 333   20085 60002
 555   7000/=
 22717 73/70 /2601 10097 20091 39999 40192 57006 333   20090 60002
 555   7000/=
 22802 21972 10000 10092 20091 30172 40195 57006 71100 80001 333  
 20079 55138 60002 555   7000/=
 22820 22770 72402 10128 20105 30054 40186 57009 83501 333   20081
 55135 60002 555   7000/=
 22831 22998 60000 10045 20041 30133 40188 57010 80001 333   20033
 55121 60002 555   7000/=
 22805 22998 00000 10146 20126 30173 40197 57005 333   20146 55130
 60002 555   7000/=
 22912 21907 00000 10071 20067 30179 40194 57006 74440 333   20065
 60002 555   7000/=
 
