18:31:00 MSK 14.03.2023
020 123456/=о000=1531
 уйту01 бтул 141500
 22686 11998 81806 11006 21100 39898 49997 57030 60002 73832 8807/ 333 10002 91012 91115 555 51041 53015=
 22695 12998 81705 11007 21157 39843 49995 57034 60002 8805/ 333 10001
 91012 91113 555 51043 53013=
 22996 11998 81905 11015 21087 39915 40102 56022 69902 73632 8807/ 333
 10010 91012 91116 555 51033 53016=
 23220 11495 71910 11048 21059 39830 49972 52021 69972 73983 87900 333 11048 91014 91114 555 51032 53019=
 23226 41/02 92115 11052 21062 39730 49945 52021 60012 73933 333 11050 
 91020 91122 92992 555 51038 53023=
 23305 11999 61905 11023 21132 39958 49985 51008 69962 70331 83035 333
 11006 91112 555 51041 53017=
 23320 76/// /2405 11022 21136 39937 40010 52030 333 60002 91113 555 51025 53019=
 23324 11981 22305 11025 21105 39918 49995 52030 69942 73631 82040 333
 11022 91010 91113 555 51029 53017=
 23405 12970 61805 11020 21115 39904 40003 58006 69902 80005 
 333 10006 91113 555 51038 53017=
 23410 76/// /2006 11024 21163 39912 40009 51033 333 60002 91116=
 23411 12999 72206 11021 21146 39917 40007 51022 69922 82031 11000
 91115 555 51039 53018=
 23412 11999 12405 11021 21152 39915 40012 52032 69922 70230 81030 333 11007 91113 555 51038 53016=
 23416 NIL=
 23418 12965 22204 11017 21150 39967 40041 52025 69902
 80001 333 10007 91113 555 51032 53014=
 23503 12998 82004 11016 21141 39982 40032 51007 69902 82031 333 10009
 555 51033 53013=
 23507 86/// /1803 11026 21131 39708 40019 58022 333 11013 91111 555 51058 53014=
 23509 12998 81803 11019 21111 39972 40050 54000 69902 80009 333 10006
 555 51033 53013=
 23514 11997 72004 11025 21123 39860 40057 51012 69902 70232 86011 333 11003 91110 555 51042 53013=
 23518 12997 22203 11044 21125 39980 40073 52023 69922 80009 333
 11003 91112=
 23606 12960 81904 11018 21116 39899 40072 51004
 69902 8805/ 333 10004 555 51035 53013=
 23701 12499 71703 11005 21122 39917 40047 58030 60002 85970 333 10006
 83911 91110 555 51036 53014=
 23704 76/// /1705 10000 21113 39926 40039 55004 333 60002 91111=
 23707 61998 81806 11002 21126 39923 40055 57025 60002 73632 8802/ 333 10008 91010 91116 555 51033 53016=
 23708 12584 81705 11011 21129 39939 40090 57015 60002 82931 333 10006
 91110 555 51031 53014=
 23709 12998 61804 11011 21149 39915 40109 57003 69902 83045 333 10003
 555 51033 53014=
 23711 12998 62103 11021 21121 39936 40107 52013 69902 86030 333 10008 555 51031 53013=
 23803 11999 61804 11013 21139 39941 40123 58006 60002 70231 86030 333 10004 91110 555 51034 53012=
 23804 62997 81803 11003 21123 39930 40075 57025 69902 8807/ 333 10012 91110 555 51027 53011=
 23807 12498 81910 11006 21087 39927 40088 56025 60002 8257/ 333 10007
 91013 91114 555 51030 53014=
 23808 66/// /1506 11010 21111 39947 40117 57015 60002 333 10007 91111=
 23812 12997 22103 11022 21123 39970 40134 5//// 69902 80002 333 10000
 91010 555 51/// 53012=
 23904 12970 81805 11009 21100 39960 40118 57023 60002 8802/ 333 10016
 91113 555 51029 53013=
 23905 12599 81803 11015 21105 39910 40140 57011 60002 885// 333 10006
 555 53010=
 23909 12898 82004 11023 21106 39913 40161 57001 60002 83016 333
 10000=
 23912 12998 21902 11039 21110 39971 40167 52009 60002 80001 333 11010
 555 53012=
 23913 12999 01701 11064 21114 39940 40177 52013 69902 333 11008 555
 53011=
 23914 12899 22203 11034 21115 39909 40171 52009 60002 82040 333
 11009=
 28013 12998 51903 11028 21111 39937 40172 50002 60002 80005 333 11005
 555 53011=
 28016 12999 41903 11025 21113 39950 40180 50001 60002 80001 333 11000
 555 53010=
 28029 12999 12104 11026 21102 39968 40191 52011 60002 80001 333 11010
 91110 555 53011=
 28116 12999 22002 11028 21103 39958 40194 52001 60002 80001 333
 11006=
 28128 12999 22202 11062 21094 30051 40210 52009 60002 80001 333 11004
 555 53010=
 28134 12998 01901 11036 21115 39849 40208 52011 60002 333 11010 555
 53008=
 28138 12999 02202 11059 21130 39628 40212 52015 69922 333 11033
 91111=
 28216 12899 22104 11030 21107 39913 40218 52003 60002 82021 333 11005
 555 53013=
 28222 12898 22201 11029 21108 30017 40216 52010 60002 80030 333 10004
 555 53009=
 28224 12970 02202 11023 21109 30005 40223 52010 60002 333 10003=
 28234 12898 22302 11030 21130 39937 40222 52012 60002 82030 333 11008
 555 53009=
 28238 12999 02502 11038 21125 39912 40223 52015 60002 333 11010 91110
 555 53012=
 28313 12598 51802 11033 21105 30030 40228 51005 60002 82401 333 10004
 555 53009=
 28319 12599 32202 11025 21100 30073 40240 52009 60002 82550 333
 11003=
 28321 12999 22302 11029 21105 30019 40227 52007 60002 80001 333
 11001=
 28324 12599 52203 11024 21106 30113 40237 52009 60002 85400 333 10006
 555 53008=
 28326 12898 22302 11028 21117 30039 40230 52016 60002 82030 333 10002
 555 53009=
 28413 12899 62003 11018 21088 30121 40246 52006 60002 81034 333 10007
 555 53008=
 28428 12599 22403 11034 21103 30062 40252 52014 60002 82500 333 11001
 555 53008=
 28429 12898 12403 11049 21095 39827 40253 52016 69902 81030 333 11004
 555 53009=
 22983 11435 81603 11025 21040 39958 40064 57024 69952 77173 8477/ 333
 10007 91008 91112 555 51031 53012=
 27083 11456 81606 11030 21047 39867 40092 57023 69932 77173 8802/ 333
 10000 91011 91116 555 51044 53016=
 27097 11497 81506 11033 21041 39856 40122 56026 69972 77173 8772/ 333
 11004 91010 91115 555 51044 53015=
 27185 12998 81604 11024 21043 39939 40125 58020 60002 8802/ 333 10005
 91010 91112 555 51041 53012=
 27199 11595 81904 11022 21049 39957 40157 57023 69932 78682 889// 333
 10007 91009 91112 555 51039 53012=
 27281 11439 81707 11024 21038 39912 40122 57025 69992 77373 8872/ 333
 11003 91010 91114 555 51041 53014=
 27283 11457 81805 11025 21039 39988 40149 57025 69962 78582 889// 333
 10003 91010 91112 555 51036 53012=
 27295 11496 81606 11031 21047 39909 40166 56024 69992 77173 8802/ 333
 11003 91010 91115 555 51048 53015=
 27296 11996 81905 11027 21054 39948 40170 57023 69902 77122 8807/ 333
 10001 91009 91112 555 51040 53012=
 27385 114// 81805 11012 21037 30025 40155 57026 69972 78583 889// 333
 10006 91011 91113 555 51045 53013=
 27393 11495 82009 11018 21065 30017 40190 58024 60002 77173 8672/ 333
 11005 91016 91116 555 51041 53016=
 27480 11598 81805 11002 21041 30025 40154 57035 60012 73683 885// 333
 10013 91010 91111 555 51036 53011=
 28007 11599 81906 11024 21083 39888 40155 56020 60002 73622 885// 333
 11003 88620 91011 91111 555 51045 53011=
 28009 12998 81705 11020 21109 39956 40169 57015 60002 85011 333 11003
 91008 91109 555 51044 53009=
 28105 12598 81906 11021 21076 39965 40167 56018 60002 885// 333 11004
 91009 91111 555 51045 53011=
 28202 12981 82007 11017 21092 39954 40179 58021 60002 8802/ 333 11002
 91010 91110 555 51052 53010=
 28302 12998 81705 11016 21090 39966 40199 58014 60002 8802/ 333 10004
 91010 91110 555 51047 53010=
 28307 11998 81506 11012 21076 30050 40197 57023 69902 77172 8807/ 333
 10006 91011 91111 555 51037 53011=
 28402 11598 81807 11015 21072 30035 40217 57016 60002 73632 8657/ 333
 11002 91011 91111 555 51037 53011=
 28502 12698 81704 11014 21072 30131 40237 57011 60002 8657/ 333 11004
 91006 91110 555 51039 53010=
 22550 11496 81503 11028 21036 39850 49860 57028 60012 77173 8802/ 333
 11025 88516 91112 555 51053 53014=
 22778 11594 81608 11027 21038 39914 49983 57023 60012 78683 889// 333
 11009 91011 91118 555 51049 53018=
 22889 11496 81505 11022 21048 39978 40065 56020 69902 77173 8872/ 333
 10005 88511 91011 91117 92982 555 51032 53017=
 22762 12/// /1504 11023 21031 39887 49926 57029 60002 333 11022 91010
 91112 555 51065 53012=
 22638 46/// /1903 10007 20003 39604 49823 57007=
 22671 11495 81805 11033 21037 49847 58029 69942 78583 8695/ 333 11018
 86915 91010 91114 555 51056 53014=
 22456 11496 81603 11033 21055 39775 49862 57033 60012 77173 8872/ 333
 11025 91110 555 51053 53010=
 22583 11998 81703 11019 21070 39882 49962 57029 60002 73633 8802/ 333
 10003 91112 555 51043 53012=
 22749 NIL=
 22951 11497 82304 11003 21007 39673 49951 57003 60052 77173 8872/ 333
 11003 555 51062 53015=
 22887 11395 81308 11020 21032 39964 40034 57026 69932 77373 8872/ 333
 10004 86709 91012 91119 92982 555 51033 53019=
 22876 11496 81606 11020 21039 39939 40014 58021 69922 78583 889// 333
 10004 88917 91010 91116 555 51036 53016=
 22481 11593 81608 11033 21051 39872 49925 57031 69902 78683 889// 333
 11020 91012 91116 555 51049 53016=
 22854 11896 81906 11011 21017 39638 49923 57011 60052 77172 8802/ 333
 11011 91011 91112 92982 555 51066 53015=
 22781 NIL=
 22676 11596 81607 11023 21064 39879 49956 57027 69922 78583 889// 333 11012 91011 91116  92982 555 51050 53016=
 22648 NIL=
 22559 11595 81604 11031 21039 39864 49880 57029 69992 78682 889// 333
 11029 88625 91113 555 51062 53013=
 22869 11497 81704 11023 21031 39838 49987 57026 60032 78583 889// 333
 11019 86912 91113 555 51054 53015=
 22768 11596 81907 11018 21036 39893 49943 57026 69952 77173 8657/ 333
 11017 86622 91011 91115 555 51052 53015=
 22798 12598 81809 11005 21103 39933 40045 56028 60002 86901 333 10010
 91016 91118 555 51035 53018=
 22375 46/// /1709 11043 39880 49895 54030 333 91113=
 23207 12999 72004 11033 21125 39926 49949 52006 69922 80005 333 11010
 91113 555 51044 53021=
 23215 NIL=
 23219 NIL=
 27095 76/// /1505 11033 21040 39904 40137 56024 333 60002 91116 555 51040 53016=
 22408 21450 81102 11022 21030 39610 49756 57004 77173 8872/ 333  
 60032 88510=
 22511 21457 81602 10000 21013 39641 49758 57004 77172 8792/ 333  
 60012=
 22529 21575 81803 10003 21008 39788 49795 57016 70272 885// 333  
 60012 88627=
 22602 21474 82104 10029 20021 39548 49764 52013 72687 889// 333  
 60032 88910=
 22621 73266 /1805 10013 20002 39657 49792 57002 333   60032=
 22619 21496 82003 10037 20028 39637 49790 52007 78082 889// 333  
 60022 88912=
 22721 21496 81801 10026 20024 39719 49814 52001 78082 889// 333  
 60052 85915=
 22727 76462 /2106 10054 20039 39792 49838 52011 333   60022 91112=
 22717 73/69 /2205 10048 20040 39642 49828 52022 333   60082 91010
 91113=
 22802 22499 72104 10058 20035 39812 49834 52025 86930 333   60052
 85918=
 22820 22468 82306 10057 20034 39711 49842 52015 8657/ 333   60032
 86615 91014 91113=
 22831 21397 82204 10036 20024 39822 49875 52006 78082 889// 333  
 60072 88907=
 22805 21496 81805 10024 20024 39834 49853 52025 71042 886// 333  
 60022=
 22912 21599 82008 10055 20035 39861 49876 52017 70262 885// 333  
 60072 88628 91013 91114=
 
