18:31:00 MSK 09.05.2023
020 123456/=о000=1531
 уйту01 бтул 091500
 22686 61997 82704 10102 20029 30095 40192 53010 69902 76062 8807/ 333 10136 91113 555 50087 53013=
 22695 12998 82906 10102 21007 30023 40172 53005 60002 8807/ 333 10126
 91110 555 50081 53014=
 22996 12599 52503 10137 21025 30046 40230 57009 60002 82831 333 10157
 91110 555 50065 53010=
 23220 12597 72302 10002 21022 39973 40115 52006 69972 8353/ 333 10022 555 51006 53009=
 23226 11460 82403 11006 21018 39898 40113 52005 69962 70282 8655/ 333 
 10007 86614 91110 555 51013 53010=
 23305 12599 83005 10031 21016 30118 40145 52003 69902 884// 333 10051
 91111 555 50032 53011=
 23320 76/// /2602 10031 21024 30053 40125 57005 333 60002 555 50019 53010=
 23324 12982 71602 10020 21017 30045 40121 58008 60012 87070 333 10040
 555 50011 53011=
 23405 11471 72702 10025 20017 30058 40157 54000
 60032 70262 84530 333 10037 84614 555 50029 53008=
 23410 76/// /2403 10012 21008 30034 40131 54001 333 60002=
 23411 12599 82604 10039 21030 30046 40135 57002 69942 889// 333
 10051 555 50030 53011=
 23412 12499 63203 10030 21022 30035 40131 57002 69902 83330 333 10045 555 50026 53011=
 23416 NIL=
 23418 11460 72603 10020 20009 30070 40143 57002
 60042 78082 87900 333 10048 85614 555 50031 53009=
 23503 11398 82702 10025 20012 30107 40157 54001 60052 76162 8872/ 333 10071 86708 555 50041 53009=
 23507 66/// /3003 10052 20022 39863 40169 52006 60002 333 10084 91111 555 50048 53012=
 23509 11597 82501 10064 20033 30083 40160 58003 69982 76162 8452/ 333
 10093 555 50053 53010=
 23514 11497 82404 10043 20038 39955 40149 57010 60052 78082 889// 333 10070 84710 555 50038 53009=
 23518 11596 82702 10036 20027 30062 40152 58005 60032 78082 889// 333
 10062 84927 555 50025 53011=
 23606 11660 82802 10063 20039 30004 40168 52002 60042 78082 889// 333 10118 85936 555 50054 53011=
 23701 11599 82704 10121 20002 30055 40180 56005 69902 72522 8497/ 333
 10134 91111 555 50072 53011=
 23704 76/// /2504 10127 20011 39926 40039 55004 333 60002 91112=
 23707 61698 82505 10125 20005 30061 40189 57004 69902 70282 84531 333 10135 91112 555 50067 53012 =
 23708 12984 82304 10119 21016 30043 40188 57011 60002 8005/ 333 10127
 91111 555 50049 53011=
 23709 12998 82204 10114 21024 30000 40187 57015 60002 8805/ 333 10123
 91111 555 50050 53013=
 23711 12498 82302 10104 21003 30005 40170 57009 69952 8497/ 333 10115 91110 555 50045 53010=
 23803 12699 72404 10118 21023 30029 40204 58013 60002 86530 333 10126 86642 91110 555 50046 53013=
 23804 12597 72502 10123 20003 30059 40200 57008 60002 84931 333 10142 555 50054 53010=
 23807 12598 72405 10123 20013 30059 40215 57009 60002 83530 333 10142
 91110 555 50050 53013=
 23808 66/// /2305 10129 21015 30053 40216 57010 60002 333 10137 91113=
 23812 12597 62302 10100 21020 30038 40196 57011 60002 85802 333 10106
 555 50036 53012=
 23904 12670 72503 10144 21021 30074 40225 57010 60002 82531 333 10144
 555 50051 53010=
 23905 12599 72303 10120 21017 30004 40225 57011 60002 87500 333 10128
 91110 555 53010=
 23909 12598 72402 10113 21030 39992 40230 57010 60002 87500 333
 10123=
 23912 12598 72404 10107 21027 30036 40223 57011 60002 85530 333 10117
 91111 555 53011=
 23913 12599 62601 10103 21072 30004 40228 57013 60002 85501 333 10107
 555 53010=
 23914 62499 62504 10107 21042 39978 40229 57012 60002 86501 333 10119
 91110=
 28013 12599 62304 10119 21051 30010 40235 57011 60002 86500 333 10126
 91110 555 53010=
 28016 12599 22502 10120 21035 30023 40241 57011 60002 82540 333 10134
 555 53011=
 28029 12999 12204 10109 21067 30030 40245 57012 60002 80001 333 10116
 555 53009=
 28116 12499 22402 10121 21057 30024 40249 57012 60002 81405 333
 10126=
 28128 12999 22304 10102 20016 30105 40255 57014 60002 80001 333 10114
 555 53006=
 28134 12998 22701 10101 21093 39911 40254 57008 60002 80001 333 10115
 555 53008=
 28138 12999 22504 10090 21114 39693 40250 57009 60002 80004 333
 10103=
 28216 12999 02602 10113 21086 39969 40260 57011 60002 333 10121 555
 53007=
 28222 12998 00000 10114 21070 30068 40258 57010 60002 333 10126 555
 53005=
 28224 12970 02801 10114 21086 30051 40259 57010 60002 333 10120=
 28234 12999 03002 10110 21116 39986 40258 57008 60002 333 10126 555
 53007=
 28238 12999 02802 10106 21091 39958 40255 57008 60002 333 10125 555
 53008=
 28313 12998 02601 10122 21093 30075 40262 57011 60002 333 10129 555
 53008=
 28319 12999 01101 10107 21056 30107 40267 57012 60002 333 10118=
 28321 12999 22401 10121 21079 30062 40260 57011 60002 80001 333
 10127=
 28324 12999 01101 10119 21100 30145 40263 57012 60002 333 10131 555
 53005=
 28326 12998 20000 10127 21088 30075 40257 57010 60002 80001 333 10136
 555 53006=
 28413 12999 01001 10119 21085 30147 40266 57013 60002 333 10124 555
 53005=
 28428 12999 00000 10130 21104 30077 40257 57009 60002 333 10136 555
 53006=
 28429 12998 03102 10108 21088 39854 40257 57008 60002 333 10130 555
 53007=
 22983 12598 82603 10146 21023 30119 40220 57010 60002 83435 333 10158
 91005 91109 555 50060 53009=
 27083 12599 32303 10126 21022 30017 40233 57011 60002 83800 333 10142
 91005 91108 555 50059 53008=
 27097 12498 72202 10120 21015 39988 40243 57010 60002 85981 333 10141
 91004 91108 555 50051 53010=
 27185 12698 52501 10134 21036 30074 40252 57012 60002 85500 333 10150
 91004 91106 555 50055 53007=
 27199 12598 52402 10125 21021 30063 40255 57011 60002 85300 333 10144
 91004 91105 555 50056 53008=
 27281 12582 62402 10135 21044 30056 40257 57014 60002 84439 333 10141
 91005 91108 555 50064 53008=
 27283 12498 52602 10125 21037 30106 40258 57012 60002 85800 333 10143
 91003 91107 555 50057 53008=
 27295 12998 52601 10115 21036 30016 40262 57012 60002 83085 333 10139
 91002 91106 555 50054 53006=
 27296 12598 62802 10129 21051 30043 40255 57013 60002 82930 333 10142
 91003 91104 555 50056 53006=
 27385 125// 62501 10128 21030 30139 40264 57011 60002 82530 333 10144
 91002 91105 555 50062 53006=
 27393 12598 32401 10126 21058 30100 40266 57013 60002 82940 333 10137
 91002 91107 555 50061 53007=
 27480 12698 22901 10140 21023 30143 40268 57012 60002 82500 333 10154
 91002 91104 555 50065 53005=
 28007 12799 32702 10132 21051 39991 40245 57011 60002 81501 333 10141
 91004 91107 555 50057 53007=
 28009 12698 32702 10127 21059 30043 40247 57012 60002 83500 333 10141
 91004 91108 555 50043 53008=
 28105 12598 62402 10135 21058 30056 40250 57013 60002 86200 333 10145
 91003 91106 555 50047 53010=
 28202 12999 10000 10130 21058 30040 40255 57014 60002 81030 333 10134
 91000 91105 555 50050 53006=
 28302 12998 30000 10124 21072 30040 40263 56013 60002 83030 333 10130
 91000 91105 555 50046 53006=
 28307 12998 10000 10130 21070 30126 40266 57013 60002 81030 333 10136
 91000 91105 555 50055 53007=
 28402 12998 13301 10136 21062 30090 40264 57013 60002 80005 333 10139
 91002 91105 555 50059 53007=
 28502 12998 10102 10125 21093 30165 40266 56013 60002 80001 333 10136
 91003 91106 555 50052 53010=
 22550 62697 83203 10118 20030 30184 40194 52001 60002 83570 333 10143
 555 50079 53008=
 22778 12598 82704 10121 20025 30149 40216 57001 60002 82572 333 10136
 555 50094 53009=
 22889 12598 72304 10141 21037 30132 40216 57010 60002 83580 333 10154
 555 50066 53011=
 22762 12598 62302 10138 20029 30172 40210 57003 60002 86500 333 10144
 555 50104 53010=
 22638 NIL=
 22671 12598 72901 10106 20048 30115 40192 52002 69902 84930 333 10131
 555 50081 53009=
 22456 11597 80000 10077 20053 30098 40185 58001 69952 72582 885// 333
 10100 555 50055 53010=
 22583 11598 83101 10055 20037 30101 40181 52009 69912 78088 8697/ 
 333 10101 555 50060 53012=
 22749 NIL=
 22951 12598 82601 10106 20009 39970 40246 57009 60002 8693/ 333 10134
 555 50077 53010=
 22887 12699 82704 10143 21009 30151 40219 57007 60002 83531
 333 10164 91110 555 50087 53010=
 22876 12997 72603 10137 21023 30147 40219 56004 60002 87040 333 10152
 91111 555 50097 53014=
 22481 11998 73003 10027 20006 30132 40185 52011 69992 70282 87070 333
 10052 555 50032 53008=
 22854 12899 82303 10111 20002 39952 40234 57010 60002 85037 333 10119
 555 50084 53011=
 22781 NIL=
 22676 11598 83302 10099 20050 30119 40195 52002 69912 72522 889// 333
 10144 91110 555 50091 53012=
 22648 NIL=
 22559 12598 82804 10132 20015 30177 40193 57004 60002 8592/ 333 10143
 85629 555 50086 53010=
 22869 12997 82804 10137 21015 30086 40230 56004 60002 80075 333 10152
 91111 555 50088 53011=
 22768 11597 72604 10130 20020 30172 40220 57006 69902 72582 87500 333
 10141 87633 555 50105 53011=
 22798 12498 82601 10127 21002 30090 40199 57003 60002 8695/ 333 10145
 91111 555 50069 53011=
 22375 NIL=
 23207 11599 72804 10011 20000 30117 40140 52007 69972 72682 86930 333
 10047 91111 555 50019 53012=
 23215 NIL=
 23219 NIL=
 27095 76/// /2704 10140 21029 30026 40247 57011 333 60002 555 50046 53008=
 22408 22699 62702 10158 21024 30041 40184 57005 81534 333   60002=
 22511 22998 22303 10150 21034 30073 40189 57006 82041 333   69902=
 22529 21599 62503 10153 21022 30193 40200 57004 70282 83932 333  
 69902=
 22602 22999 22503 10155 20023 39982 40198 57007 82031 333   60002=
 22621 73970 /2506 10157 21035 30068 40202 57009 333   60002 91010
 91110=
 22619 22482 72604 10158 21025 30049 40202 57011 81505 333   60002=
 22721 22598 81601 10169 20012 30114 40208 57014 86516 333   60002
 86623=
 22727 76/70 /2404 10155 20020 30178 40224 57012 333   60002=
 22717 73/70 /2304 10139 21010 30042 40229 57005 333   60002=
 22802 22999 71803 10122 21016 30210 40233 57011 83032 333   60002=
 22820 22970 72304 10146 20010 30100 40232 57005 83079 333   60002=
 22831 22698 72903 10146 20008 30181 40234 57005 83930 333   60002=
 22805 22598 71503 10066 20000 30225 40245 57012 85535 333   60002=
 22912 22999 82404 10139 21048 30237 40252 57013 81037 333   60002=
 
