18:31:00 MSK 13.01.2023
020 123456/=о000=1531
 уйту01 бтул 131500
 22686 11496 81704 11069 21084 39999 40102 57014 69982 77173 8552/ 333 11069 85610 555 51082 53010=
 22695 11597 81903 11073 21094 39937 40094 57016 69942 77072 8652/ 333
 11073 86623 555 51089 53009=
 22996 11598 82103 11058 21076 30001 40193 57010 69942 70273 8452/ 333
 11056 91111 555 51079 53011=
 23220 11496 82004 11121 21135 39936 40084 56001 60012 77087 8872/ 333 11107 555 51159 53012=
 23226 11459 72106 11137 21150 39852 40078 57001 60042 77173 85020 333 
 11124 85514 91112 92880 555 51154 53013=
 23305 12484 81904 11068 21080 30030 40058 58009 69962 70232 885// 333
 11067 88618 91110 555 51071 53010=
 23320 76/// /2406 11089 21123 30023 40098 54000 333 60002 91113 555 51094 53014=
 23324 11480 82305 11094 21115 30011 40091 51001 60052 73631 886// 333
 11087 88718 91110 555 51095 53011=
 23405 12497 81803 11070 21083 39977 40079 58011 60022 8255/ 333 11069
 555 51076 53007=
 23410 76/// /1806 11087 21105 39992 40092 54000 333 60002 91010 91110=
 23411 11496 82106 11082 21086 39989 40080 58005 60022 77173 8872/ 333
 11081 91110 555 51084 53012=
 23412 11698 82004 11085 21101 39990 40090 58003 60022 77172 8457/ 333 11084 555 51089 53010=
 23416 NIL=
 23418 11326 81703 11084 21099 30041 40117 58005 60032
 77275 8672/ 333 11084 86707 93401 555 51089 53010=
 23503 11498 82004 11076 21097 30048 40100 57007 60022 77072 885// 333 11075 88613 555 51085 53010=
 23507 86/// /0000 11091 21095 39782 40102 58013 333 11091 555 51100 53000=
 23509 12498 81903 11075 21095 30036 40117 58007 69992 885// 333 11074
 88617 555 51087 53008=
 23514 11497 82103 11086 21099 39914 40117 58009 69972 75675 886// 333 11086 88710  934// 555 51097 53010=
 23518 NIL=
 23606 12460 82104 11076 21098 39959 40137 58005 
 69932 885// 333 11076 88614 555 51095 53010=
 23701 11464 72004 11069 21084 30000 40134 58011 69922 78583 85920 333
 11069 85917 555 51091 53009=
 23704 76/// /2003 11067 21069 39926 40039 55004 333 60002=
 23707 61496 81904 11060 21079  30007 40143 57015 69902 78582 889// 333 11060 84914 555 51087 53010 =
 23708 12484 81905 11063 21084 30012 40166 57009 69922 8677/ 333 11063
 86710 555 51092 53010=
 23709 12598 82004 11065 21089 39979 40178 58006 69922 885// 333 11062
 88625 555 51089 53008=
 23711 11497 82003 11076 21093 39993 40169 58005 69932 78582 889// 333 11076 88917 555 51099 53007=
 23803 11597 82103 11061 21092 30001 40187 58011 69942 78582 8696/ 333
 11061 555 51092 53009=
 23804 11496 82004 11057 21071 30011 40160 57012 69962 77172 8652/ 333 11057 86615 555 51085 53008=
 23807 11496 82107 11058 21073 30012 40178 57010 60022 78583 889// 333
 11058 85914 91012 91112 555 51084 53013=
 23808 NIL=
 23812 11496 82203 11077 21097 30031 40200 57006 69952 77172 8872/ 333
 11077 88712 555 51/// 53008=
 23904 11480 82004 11064 21078 30042 40204 57013 69942 73632 883// 333
 11059 85913 91110 555 51082 53010=
 23905 11599 82003 11068 21085 39974 40210 57015 69932 73632 885// 333
 11067 555 53009=
 23909 11497 82105 11073 21090 39971 40225 57010 69902 77172 8752/ 333
 11067=
 23912 11497 81905 11089 21100 30035 40236 58006 60032 77772 886// 333
 11087 555 53010=
 23913 11597 82501 11097 21130 30006 40247 58005 60022 77172 8872/ 333
 11097 555 53009=
 23914 11497 81905 11089 21106 39971 40240 57008 60022 77172 8652/ 333
 11087 93603=
 28013 11397 82004 11083 21109 30000 40242 58008 69902 77173 8872/ 333
 11073 555 53009=
 28016 12599 82103 11074 21106 30013 40249 58010 69922 885// 333 11068
 555 53009=
 28029 11896 61905 11099 21121 30043 40274 57005 69922 77172 86020 333
 11096 91110 555 53011=
 28116 11496 82204 11088 21111 30028 40270 57006 69902 77173 8872/ 333
 11082=
 28128 11896 82104 11105 21130 30134 40297 57002 69922 77173 8807/ 333
 11091 91111 555 53011=
 28134 11598 82103 11105 21130 39927 40299 57005 69932 70272 86505 333
 11102 555 53008=
 28138 11999 02305 11127 21154 39706 40312 52003 69932 73631 333 11125
 91111=
 28216 11596 82006 11128 21157 39999 40318 57004 69902 77171 8872/ 333
 11103 91012 91112 555 53011=
 28222 12898 82003 11106 21143 30105 40312 57004 69922 8805/ 333 11090
 555 53009=
 28224 11870 72105 11101 21169 30095 40322 57005 69902 70232 87030 333
 11088 91111=
 28234 12898 21904 11115 21173 30031 40329 57006 69902 82070 333 11103
 91110 555 53011=
 28238 11899 52205 11112 21172 30010 40334 58002 69902 73631 85020 333
 11098 91111 555 53011=
 28313 11998 01904 11136 21177 30133 40340 57002 69902 70271 333 11109
 555 53010=
 28319 12898 32205 11121 21192 30185 40361 58002 60002 83050 333
 11097=
 28321 12999 32104 11122 21171 30116 40335 57004 69902 80001 333 11102
 91110=
 28324 11899 52104 11110 21206 30225 40355 57002 69902 70232 83079 333
 11086 91110 555 53010=
 28326 11898 62205 11104 21186 30146 40345 57005 60002 73632 86030 333
 11093 91010 91111 555 53012=
 28413 11599 22004 11129 21200 30233 40366 58005 60002 70231 81530 333
 11097 555 53011=
 28428 12899 51903 11142 21207 30192 40393 58002 60002 85030 333 11101
 91110 555 53011=
 28429 12998 22206 11139 21189 39948 40394 50002 60002 80001 333 11117
 91010 91112 555 53013=
 22983 11584 82103 11050 21067 30065 40173 57010 60022 70232 8655/ 333
 11049 91006 91108 555 51076 53008=
 27083 11484 82205 11063 21080 39971 40201 57005 60002 73632 885// 333
 11058 91010 91111 555 51079 53011=
 27097 11498 81806 11070 21080 39954 40227 57008 69902 73732 889// 333
 11067 91011 91112 555 51085 53012=
 27185 11598 81903 11061 21083 30048 40239 57006 60002 73632 885// 333
 11060 91008 91109 555 51074 53009=
 27199 11998 82003 11063 21082 30049 40255 57009 69902 77173 8807/ 333
 11058 91007 91109 555 51073 53010=
 27281 11459 82005 11062 21082 30032 40247 57005 69922 77173 8872/ 333
 11060 91008 91111 555 51070 53011=
 27283 11497 82104 11059 21079 30083 40246 57008 69902 73632 887// 333
 11058 91009 91111 555 51070 53013=
 27295 11597 81904 11076 21093 30007 40271 58006 60002 73632 885// 333
 11068 91008 91111 555 51081 53014=
 27296 11598 81904 11077 21099 30041 40270 57006 60002 73632 885// 333
 11057 91007 91108 555 51074 53014=
 27385 115// 81803 11076 21096 30142 40277 57003 69902 73632 8357/ 333
 11051 91008 91110 555 51068 53013=
 27393 11597 82010 11112 21135 30121 40303 57005 69912 73632 8452/ 333
 11070 91014 91114 555 51086 53014=
 27480 12498 82003 11071 21101 30156 40290 57002 60002 885// 333 11061
 91007 91110 555 51071 53010=
 28007 11499 82104 11067 21088 39967 40239 56012 69902 73732 885// 333
 11066 88614 91009 91112 555 51084 53012=
 28009 11497 82106 11069 21096 30024 40243 57013 69902 78583 889// 333
 11062 91010 91111 555 51081 53011=
 28105 11598 82105 11067 21090 30047 40255 57008 60002 73632 885// 333
 11058 91009 91113 555 51077 53013=
 28202 11696 82206 11090 21109 30047 40281 57006 69902 77173 885// 333
 11073 91010 91111 555 51090 53011=
 28302 11997 81905 11117 21140 30066 40310 57006 69932 73873 8807/ 333
 11093 91008 91112 555 51104 53012=
 28307 11497 81503 11121 21152 30168 40322 57006 69902 77173 885// 333
 11088 91007 91110 555 51098 53010=
 28402 11457 82007 11101 21112 30144 40334 57010 69902 77173 8662/ 333
 11095 91010 91111 555 51105 53011=
 28502 11997 81804 11152 21199 30251 40364 57007 60002 70231 86031 333
 11133 91005 91111 555 51131 53012=
 22550 11459 81903 11040 21050 30023 40033 52007 60022 77187 8872/ 333 11030 88713 555 51042 53009=
 22778 11596 81903 11052 21067 30045 40116 57005 69962 78582 889// 333
 11052 555 51076 53008=
 22889 12497 82003 11048 21062 30076 40165 57010 69932 886// 333 11048
 88710 555 51076 53009=
 22762 11396 81602 11053 21059 30044 40084 54000 60032 77172 8677/ 333
 11053 555 51068 53009=
 22638 46/// /2302 11023 21033 39811 40038 52016=
 22671 11395 82002 11063 21063 39980 40063 57024 60022 78582 889// 333
 11057 85707 555 51067 53009=
 22456 11596 82002 11047 21053 39932 40020 52002 69952 78582 8697/ 333
 11038 555 51052 53007=
 22583 11560 81702 11063 21081 39984 40067 57009 69952 78582 889// 333 
 11062 555 51072 53006=
 22749 NIL=
 22951 11497 82304 11051 21062 39837 40125 53009 60022 77173 8772/ 333
 11051 555 51074 53011=
 22887 11497 81706 11049 21059 30077 40149 57006 69902 78583 8695/
 333 11049 85712 91012 91112 555 51075 53013=
 22876 11497 82104 11044 21058 30061 40138 57004 69902 73632 889// 333
 11044 88916 91111 555 51073 53011=
 22481 11595 71805 11055 21061 39981 40034 57008 69922 78583 84970 333
 11050 555 51061 53012=
 22854 11397 82004 11053 21061 39809 40104 53011 60032 77172 8672/ 333
 11053 86709 91112 555 51071 53012=
 22781 NIL=
 22676 11496 81906 11060 21072 30001 40080 57005 60012 77172 8872/ 333 11059 555 51070 53011=
 22648 NIL=
 22559 11597 82004 11047 21057 30028 40045 52004 60032 77172 8252/ 333
 11042 555 51052 53011=
 22869 11496 82004 11052 21060 39987 40140 52002 60012 78583 889// 333
 11052 85914 91111 555 51080 53011=
 22768 11597 82106 11044 21065 30050 40101 57001 69942 73683 889// 333 11044 85626 91111 555 51068 53011=
 22798 11496 81904 11057 21067 30024 40139 58015 69932 78582 889// 333
 11057 86913 555 51089 53011=
 22375 46/// /2006 11044 39993 40009 57002=
 23207 11496 82103 11053 21072 30011 40034 57002 60012 78582 889// 333
 11053 555 51061 53008=
 23215 NIL=
 23219 NIL=
 27095 76/// /1906 11067 21074 39993 40231 57011 333 60002 91112 555 51084 53012=
 22408 21484 72104 10003 21011 39826 49974 52015 70282 87500 333  
 69942 87619=
 22511 21584 72002 11009 21030 39867 49988 52015 70181 82530 333  
 69902=
 22529 22598 62003 11025 21044 30005 40012 52015 83532 333   60002=
 22602 21459 82103 11009 21009 39782 40007 52019 77072 8872/ 333  
 69902 88510=
 22621 73370 /2204 11024 21040 39881 40021 52016 333   60002=
 22619 22498 82403 11018 21034 39862 40021 52017 885// 333   60012
 88613=
 22721 21497 80000 11025 21029 39939 40038 52017 70282 887// 333  
 60052 85712=
 22727 76356 /1702 10003 21003 30004 40052 52024 333   60022=
 22717 73/65 /2203 11009 21015 39853 40047 52022 333   60012=
 22802 22398 82002 10000 21008 30025 40048 52020 886// 333   60022=
 22820 22498 82405 10012 21005 39916 40052 52023 885// 333   69942
 88610 91010 91111=
 22831 21397 82202 11005 21019 30017 40072 52018 70282 889// 333  
 60042 88908=
 22805 225// 82304 10013 20009 30033 40053 51015 885// 333   60022=
 22912 21584 82005 10011 21003 30056 40071 52019 70262 885// 333  
 60052 88622 91111=
 
