00:31:00 MSK 02.08.2023
020 123456/=о000=2131
 уйту01 бтул 012100
 22686 81598 61201 10158 20149 39997 40091 52004 71122 81209=
 22695 42998 30902 10200 20116 39940 40082 52003 83030=
 22996 NIL=
 23220 43/// /0603 10146 20109 30023 40158 52004=
 23226 42960 20702 10128 20107 39962 40168 52010 81041=
 23305 42/// /0803 10208 20127 30077 40103 50003=
 23320 86/// /1303 10152 20098 30054 40123 52005=
 23324 42982 20802 10140 20128 30069 40142 52010 80001=
 23405 42997 09901 10152 20141 30005 40099 54000=
 23410 86/// /0602 10132 20103 30025 40117 53005=
 23411 42/// /0702 10192 20127 30027 40110 52007=
 23412 42999 60703 10158 20116 30025 40117 52006 86030=
 23416 NIL=
 23418 42965 71403 10198 20117 30053 40122 52018 87030=
 23503 42/// /1801 10148 20126 30061 40108 51011=
 23507 86/// /0000 10160 20129 39813 40105 52002=
 23509 42/// /1201 10164 20117 30035 40109 52007=
 23514 42997 40000 10111 20104 39932 40121 52010 81031=
 23518 42/// /1304 10185 20124 30042 40128 52017=
 23606 42960 61301 10139 20139 39952 40110 52005 80004=
 23704 86/// /0000 10137 20137 39763 49872 56282=
 23701 42/// /0201 10133 20127 39977 40101 54000=
 23707 82998 80402 10165 20137 39963 40088 52001 84035=
 23708 42/// /3501 10155 20127 39958 40099 54001=
 23709 82998 70000 10152 20107 39924 40106 52004 85039=
 23711 42998 70101 10136 20126 39953 40114 52008 83035=
 23803 42999 80000 10172 20123 39926 40095 53005 80001=
 23804 82997 62101 10164 20148 39950 40087 52001 82031=
 23807 42/// /2701 10178 20172 39937 40087 54001=
 23808 86/// /1501 10161 20146 39934 40092 52005=
 23812 82997 80000 10146 20114 39956 40110 52010 85032=
 23904 41926 80000 10167 20167 39942 40089 52002 71022 80002=
 23905 82599 20000 10156 20146 39879 40093 52004 82500=
 23909 82898 21002 10156 20146 39866 40097 52005 81071=
 23912 82898 61302 10189 20124 39920 40099 52009 82031=
 23913 82599 60000 10135 20123 39897 40115 52009 82901=
 23914 82898 71502 10163 20144 39859 40101 52010 82041=
 28013 82598 61101 10167 20151 39880 40097 50007 82530=
 28016 82/// /1101 10158 20156 39886 40098 52008=
 28029 82899 51101 10184 20141 39890 40095 52008 82041=
 28116 81493 30000 10152 20150 39878 40096 52006 74441 81535=
 28128 82899 60601 10166 20164 39951 40095 52005 83031=
 28134 82998 20000 10139 20136 39769 40102 52005 80001=
 28138 43/// /3602 10129 20122 39567 40106 52006=
 28216 82999 30802 10181 20172 39811 40089 52005 80005=
 28222 42/// /0301 10152 20149 39914 40097 52009=
 28224 82669 60000 10166 20158 39892 40092 52008 82405=
 28234 82897 80201 10172 20149 39833 40094 52006 8805/=
 28238 82599 80000 10167 20150 39811 40096 52007 885//=
 28313 NIL=
 28319 82598 60000 10171 20169 39934 40087 52004 84550=
 28321 82999 20601 10174 20168 39897 40088 52005 80001=
 28324 42/// /0000 10153 20140 39973 40087 52005=
 28326 42898 50000 10162 20139 39913 40088 52006 85030=
 28413 82599 30000 10177 20158 39973 40088 52005 83500=
 28428 82/// /0501 10158 20141 39912 40086 52005=
 28429 42/// /0601 10139 20132 39701 40091 52003=
 22983 41442 80000 10152 20151 30001 40100 52007 71082 83935 333 91001
 91102=
 27083 41558 70000 10144 20142 39885 40096 52005 71022 87500 333 91000
 91102=
 27097 42/// /0000 10142 20142 39853 40101 51008 333 91000 91102=
 27185 42/// /0000 10185 20184 39925 40096 52005 333 91000 91101=
 27199 42598 50000 10183 20178 39911 40095 52003 83320 333 91001
 91102=
 27281 41950 53001 10169 20165 39909 40104 52005 71011 82031 333 91002
 91103=
 27283 41497 63101 10185 20182 39952 40098 52005 72598 86900 333 91001
 91102=
 27295 NIL=
 27296 41993 50000 10177 20164 39897 40103 52008 74642 85030 333 91000
 91101=
 27385 419// 21801 10151 20147 39982 40104 52006 71100 82030 333 91001
 91102=
 27393 42598 52201 10180 20167 39940 40100 52005 84540 333 91002
 91103=
 27480 41998 00000 10151 20151 39987 40109 52002 71100 333 91000
 91102=
 28007 41920 82801 10162 20153 39847 40094 52002 71022 80005 333 91002
 91103=
 28009 41996 80000 10173 20163 39893 40090 52007 71022 80001 333 91001
 91103=
 28105 41996 20000 10164 20157 39912 40094 52004 71011 80008 333 91000
 91102=
 28202 41997 60000 10175 20164 39885 40092 52009 70292 80004 333 91000
 91104=
 28302 42597 80000 10176 20167 39880 40094 53007 8297/ 333 91000
 91102=
 28307 42998 20000 10171 20155 39962 40097 52004 80001 333 91000
 91103=
 28402 42584 72301 10184 20166 39927 40094 52005 86931 333 91002
 91103=
 28502 42997 02702 10176 20147 39998 40096 52004 333 91004 91104=
 22550 82572 52001 10161 20157 30089 40098 52012 82531=
 22778 41598 73001 10168 20158 30035 40100 52001 71792 83971=
 22889 42/// /2901 10136 20136 30016 40098 53003=
 22762 82997 30000 10136 20136 30069 40106 52003 80001=
 22638 46/// /0800 10107 20105 39886 40104 52008=
 22671 42/// /0000 10173 20172 30018 40092 52003=
 22456 41597 82401 10193 20178 30005 40086 51010 78092 85992=
 22583 42998 72601 10148 20130 30017 40093 52004 85071=
 22749 NIL=
 22951 42/// /0000 10128 20124 39847 40116 52005=
 22887 41596 89901 10162 20159 30026 40092 51002 71198 82501=
 22876 41997 72201 10168 20168 30030 40098 55001 70298 87030 333
 91112=
 22481 42/// /0000 10134 20039 30041 40092 53004=
 22854 42/// /0000 10140 20136 39836 40110 51007=
 22781 NIL=
 22676 41496 63101 10179 20177 30016 40089 52004 71022 83631=
 22648 NIL=
 22559 42/// /2101 10158 20149 30085 40101 52008=
 22869 42998 12701 10147 20143 39973 40114 52006 80030=
 22768 42897 31801 10152 20149 30061 40108 52006 82031=
 22798 42598 63301 10161 20143 39984 40090 51004 84531=
 22375 46/// /1202 10153 20138 30074 40089 52004=
 23207 NIL=
 23215 NIL=
 23219 NIL=
 27095 86/// /0000 10137 20137 39892 40109 52007=
 22408 42682 23501 10137 20134 39933 40075 52011 82430=
 22511 42682 21601 10171 20145 39961 40075 52010 82500=
 22529 42598 20000 10113 20107 30084 40091 52007 82500=
 22602 41975 12001 10130 20125 39863 40078 52013 71200 80030=
 22621 83/70 /1502 10183 20150 39957 40088 52009=
 22619 42498 11702 10174 20151 39933 40082 52010 81500=
 22721 42997 00000 10148 20140 39999 40092 52007=
 22727 86/70 /0000 10155 20145 30045 40090 52007=
 22717 83/70 /0000 10144 20136 39900 40084 52006=
 22802 42998 30201 10149 20143 30048 40070 52005 80001=
 22820 42998 21602 10171 20144 39960 40088 52006 82030 555   50165=
 22831 42997 20000 10149 20143 30044 40096 52009 82031=
 22805 429// 11204 10194 20165 30046 40064 52005 81030=
 22912 42584 81201 10154 20146 30066 40080 52009 83531=
 
