03:31:00 MSK 06.09.2023
020 123456/=о000=0031
 унту01 бтул 060000
 22686 82998 81705 10139 20111 39968 40062 57028 8807/ 555 10013=
 22695 42998 81502 10135 20092 39915 40060 57027 8805/ 555 10012=
 22996 81998 51701 10109 20109 39957 40136 57014 71222 85070 555 12009=
 23220 43/// /0803 10084 20037 39984 40121 57014 555 1/007=
 23226 42560 80000 10102 20051 39911 40117 57013 885// 333 88630 555 
 10010=
 23305 NIL=
 23320 86/// /1803 10124 20075 30038 40108 57015=
 23324 42982 71603 10125 20073 30033 40106 57015 87070 555 10010=
 23405 42997 61703 10130 20115 39968 40062 57018 86030 555 11012=
 23410 86/// /1504 10136 20112 39998 40090 57012 555 53010=
 23411 NIL=
 23412 42999 61802 10131 20121 39996 40088 57011 86030 555 11011=
 23416 NIL=
 23418 41665 71401 10134 20119 30033 40103 57011 72511 82930
 555 11012=
 23503 NIL=
 23507 86/// /1701 10113 20106 39781 40078 58020=
 23509 NIL=
 23514 42697 81902 10129 20128 39914 40101 57012 8255/ 555 10011=
 23518 42/// /1903 10138 20095 30030 40117 57014 555 1/012=
 23606 42960 61903 10127 20127 39947 40106 57012 83031 555 10013=
 23612 NIL=
 23701 42/// /2002 10124 20101 39980 40104 57019 555 1/012=
 23704 86/// /1801 10131 20117 39751 49861 53013 555 53007=
 23707 82998 82101 10126 20107 39981 40108 57019 82031 555 10012=
 23708 42/// /1702 10115 20104 39983 40126 57013 555 1/011=
 23709 82398 80000 10121 20110 39948 40133 57011 885// 333 88608 555 11012=
 23711 42998 61801 10108 20103 39969 40132 57011 86030 555 11010=
 23803 42999 71501 10118 20094 39957 40129 58018 80002 555 11011=
 23804 42997 80000 10121 20115 39981 40120 57016 86075 555 11013=
 23807 42/// /1602 10101 20101 39975 40131 57016 555 1/011=
 23808 86/// /0000 10098 20095 39979 40142 57009=
 23812 42997 20000 10041 20036 39994 40155 57011 80002 555 10004=
 23904 41922 32001 10083 20083 39992 40145 57012 71011 82032 555 11009=
 23905 81899 80000 10116 20114 39927 40145 57009 70382 8805/ 555
 11012=
 23909 82298 61803 10119 20117 39916 40152 57011 86600=
 23912 82998 01201 10058 20054 39976 40165 57011 555 10007=
 23913 81/92 93101 10029 20029 39959 40188 57005 74541 555 10006=
 23914 82499 31502 10088 20078 39914 40164 57011 82504=
 27095 86/// /1701 10066 20150 39941 40181 57011=
 28013 82598 31603 10106 20095 39935 40158 57012 83500 555 10010=
 28016 82/// /1701 10123 20123 39943 40159 57010 555 1/014=
 28029 82999 01601 10079 20075 39959 40174 57005 555 11008=
 28116 82899 80000 10107 20105 39943 40166 57009 8801/=
 28128 82599 21301 10101 20099 30028 40177 57006 82530 555 10007=
 28134 82996 00000 10030 20029 39843 40193 57004 555 11002=
 28138 43/// /0201 10027 20021 39633 40198 57004=
 28216 81495 71502 10107 20103 39886 40174 57007 71042 87600 555
 11011=
 28222 42/// /0000 10067 20065 39992 40184 57006 555 1/007=
 28224 81947 21401 10072 20069 39974 40183 57005 71000 80009=
 28234 82997 00000 10048 20036 39916 40192 57002 555 11006=
 28238 81999 02801 10016 20006 39895 40200 54001 74000 555 10003=
 28313 42/// /1501 10108 20103 39992 40178 57005 555 1/012=
 28319 82898 60000 10117 20114 30022 40179 57004 86050=
 28321 81895 71802 10107 20105 39980 40177 57007 71022 87010=
 28324 42/// /1201 10072 20060 30064 40183 57005 555 1/009=
 28326 81894 30000 10044 20040 30004 40189 54000 71000 83030 555
 11007=
 28413 82599 60901 10122 20107 30057 40175 57010 85530 555 11013=
 28428 81995 00000 10085 20071 30000 40181 57005 71011 555 12007=
 28429 42/// /0402 10059 20053 39785 40191 57003 555 1/005=
 22983 42982 80000 10098 20094 30020 40121 57020 86035 333 91001 91102
 555 10010=
 27083 42984 21701 10073 20072 39925 40142 57014 80009 333 91001 91102
 555 10008=
 27097 42/// /0000 10086 20086 39899 40154 57013 333 91000 91102 555
 1/008=
 27185 42/// /0000 10061 20061 39981 40162 57011 333 91000 91100 555
 1/007=
 27199 42998 00000 10096 20093 39972 40164 57008 333 91001 91102 555
 10008=
 27281 41984 30000 10083 20080 39962 40164 57011 71111 80005 333 91001
 91101 555 10007=
 27283 41993 00000 10078 20078 30011 40164 57010 74440 333 91001 91101
 555 10008=
 27295 42/// /0000 10088 20079 39925 40170 57010 333 91000 91101 555
 1/006=
 27296 42997 71701 10097 20086 39957 40169 57007 87030 333 91002 91103
 555 10008=
 27385 419// 00000 10051 20049 30045 40173 57008 71100 333 91000 91101
 555 10005=
 27393 42598 22401 10082 20074 30011 40178 57005 81140 333 91001 91103
 555 10007=
 27480 41998 02001 10080 20080 30052 40178 57005 71100 333 91001 91101
 555 10007=
 28007 42999 12201 10123 20111 39904 40156 57009 81030 333 91001 91103
 555 10011=
 28009 41996 52201 10109 20100 39957 40160 57006 71011 85030 333 91003
 91103 555 11012=
 28105 42998 21901 10104 20099 39974 40161 57007 80002 333 91002 91102
 555 11009=
 28202 42997 02201 10099 20090 39951 40166 57004 333 91001 91101 555
 11009=
 28302 41994 50000 10075 20068 39949 40173 57005 71022 85030 333 91000
 91102 555 11009=
 28307 42998 00000 10076 20066 30034 40176 57004 333 91000 91101 555
 11007=
 28402 41980 02301 10108 20104 39997 40171 57007 71200 333 91001 91102
 555 11010=
 28502 42597 83002 10098 20087 30070 40171 57003 70282 82901 333 91002
 91103 555 11011=
 22550 81463 83501 10111 20108 39995 40004 57028 76186 8872/ 333 88710
 555 12012=
 22778 41598 81704 10146 20116 39998 40064 57029 70282 8657/ 555
 11015=
 22889 42/// /0101 10118 20107 30034 40117 58021 555 1/011=
 22762 82/// /1703 10152 20122 39988 40025 57038 555 1/014=
 22638 46/// /3002 10087 20079 39824 40042 52007=
 22671 41498 81804 10140 20129 39937 40014 58042 70282 8397/ 555
 11013=
 22456 41597 80000 10099 20099 39924 40008 58023 78082 889// 555
 11011=
 22583 42598 71702 10149 20118 39951 40026 57031 84570 555 11014=
 22749 42/// /2205 10146 20140 39899 40017 56031 333 91111 555 1/014=
 22951 42/// /2004 10144 20119 39796 40062 57031 555 1/013=
 22887 42697 81703 10138 20123 30043 40110 57023 8355/
 555 10013=
 22876 42997 71902 10147 20120 30020 40089 57027 87030 555 10013=
 22481 42/// /1201 10117 20111 39963 40014 58025 555 1/012=
 22854 42/// /2004 10143 20126 39764 40037 58033 333 91110 555 1/013=
 22781 NIL=
 22676 42598 81704 10151 20113 39956 40029 57033 885// 555 10014=
 22648 41497 83003 10115 20114 39981 40025 53006 78082 889// 333 88915
 555 11012=
 22559 42/// /3404 10114 20109 39985 40001 56035 555 1/012=
 22869 41697 82103 10144 20113 39943 40084 57028 76162 885// 333 88644
 555 11013=
 22768 42597 82005 10160 20117 39993 40040 57035 8257/ 333 91111 555
 10015=
 22798 42997 81602 10126 20108 39995 40103 57022 80001 555 10013=
 22375 46/// /0601 10101 20098 30002 40017 57014=
 23207 NIL=
 23215 42998 61805 10130 20125 39985 40070 57013 86070 555 11012=
 23219 NIL=
 22408 42984 63102 10077 20052 39917 40062 52001 86030 555   11007=
 22511 42984 62802 10080 20056 39942 40059 52004 80002 555   11006=
 22529 41598 42802 10078 20069 30028 40035 57003 70281 84500 555  
 12008=
 22602 42976 02702 10063 20056 39860 40080 52004 555   11005=
 22621 83/70 /2803 10076 20069 39916 40051 54000 555   1////=
 22619 41598 32804 10086 20082 39904 40058 54000 70282 83500 555  
 11007=
 22721 41597 43002 10089 20082 39963 40058 54000 70281 84500 555  
 11009=
 22727 86470 /2902 10108 20101 30022 40068 52005 555   1////=
 22717 83/70 /3002 10095 20092 39894 40085 52007 555   1////=
 22802 41998 02902 10090 20084 30081 40104 52013 70281 555   11010=
 22820 41498 82802 10106 20101 39939 40070 52007 70286 889// 333  
 86610 555   12012=
 22831 41296 80000 10118 20112 39993 40046 52006 76186 8872/ 333  
 88705 555   12013=
 22805 415// 63304 10118 20104 30080 40104 52014 70282 86500 555  
 11011=
 22912 41584 82802 10118 20109 30068 40083 52022 70262 885// 333  
 88631 555   11013=
 
