15:31:00 MSK 19.10.2023
020 123456/=о000=1231
 унту01 бтул 191200
 22686 41498 82803 10023 21002 39979 40078 51029 70275 86839 333 84617 555 11004=
 22695 41698 52904 10012 21012 39904 40056 52032 70272 83530 555 1/002=
 22996 41598 52802 10025 20017 39913 40097 52022 72682 83901 555 12004=
 23220 41496 81702 10008 21014 39760 49898 52011 77072 8272/ 555 12001=
 23226 41459 81504 10008 21015 39687 49896 53015 77072 885// 333 88613 
 91110 555 11000=
 23305 41460 83107 10017 20007 39966 49993 52042 78086 883// 333 91011
 91115 555 11002=
 23320 86/// /2104 10009 20009 39829 49900 51012=
 23324 41356 82002 10011 20004 39822 49897 52012 78582 889// 333 85709
 555 11001=
 23405 42465 83105 10017 20001 39907 40006 52038 
 8595/ 333 85919 91010 91112 555 11002=
 23410 86/// /2606 10008 21001 39807 49902 53017 333 91110 555 50011 53010=
 23411 41499 83107 10016 20008 39857 49945 53044 70272 887// 333
 91014 91114 555 12002=
 23412 41398 83206 10015 20003 39819 49914 52026 76176 8872/ 333 85709 91011 91111 555 12001=
 23416 NIL=
 23418 41458 82704 10017 20006 39861 49934 52024 78382 8695/
 333 83710 555 11002=
 23501 NIL=
 23503 41498 73005 10023 21002 39937 49986 52041 70272 87500 333 87614 91112 555 12003=
 23507 86/// /3304 10010 21004 39724 40031 51038 333 91110=
 23509 41498 73203 10022 20006 39928 40004 52042 72586 86930 333 86919
 555 12003=
 23514 41397 72904 10012 20006 39785 49978 52038 78587 87900 333 85709 91110 555 12002=
 23518 42/// /2604 10015 20004 39867 49957 52029 555 1/002=
 23606 41460 83003 10021 20010 39841 40010 52046 78082 8693/ 333 86915 91110 555 11003=
 23612 NIL=
 23701 41567 72703 10021 20011 39930 40058 51038 72582 82980 555 11003=
 23704 86/// /2903 10026 20023 39604 49716 51038 555 53011=
 23707 81498 82803 10022 20011 39936 40067 52032 70282 8395/ 555 12003=
 23708 41470 82604 10022 20007 39908 40055 52040 76176 8657/ 333 86616
 91110 555 12004=
 23709 41597 82504 10021 20005 39850 40040 52039 78082 883// 555 12003=
 23711 42497 82702 10020 20008 39837 40003 52036 889// 333 88915 555 11003=
 23803 41597 83003 10019 20003 39886 40064 53048 78082 8696/ 333 91110
 555 11003=
 23804 41496 82701 10024 20016 39930 40074 52032 78082 8795/ 333 87912 555 12004=
 23807 42/// /2703 10022 20021 39928 40088 52026 555 1/004=
 23808 86/// /2404 10027 20008 39914 40080 52030=
 23812 83/// /2603 10018 20009 39870 40030 5//// 555 1/002=
 23904 41570 72702 10028 20016 39941 40096 52025 70282 86301 333 86921
 555 11005=
 23905 41599 82402 10024 20013 39864 40089 52029 72582 889// 333 91110
 555 11004=
 23909 41498 82403 10027 20017 39844 40087 52032 72582 8637/ 333
 91110=
 23912 41598 82504 10027 20012 39876 40066 51038 78082 8695/ 333 91111
 555 11003=
 23913 41597 83102 10023 20002 39834 40061 52033 78082 889// 555
 11003=
 23914 81498 72505 10023 20013 39820 40074 52034 76176 87520 333 91011
 91112=
 28013 41598 82404 10031 21001 39864 40092 51032 72582 889// 333 91112
 555 11003=
 28016 41499 72404 10036 20011 39881 40103 52025 70282 87900 333 91111
 555 11005=
 28029 41599 82505 10041 21006 39883 40099 52029 70282 8657/ 333 91114
 555 11003=
 28116 41499 62504 10043 21012 39885 40112 52022 70182 85401 333
 91113=
 28128 41599 62309 10049 21010 39968 40120 52022 70162 84531 333 91011
 91115 555 11004=
 28134 41598 82203 10036 21025 39769 40116 52022 70282 885// 333 91112
 555 11003=
 28138 41599 82207 10018 21034 39558 40121 52021 70282 883// 333 91012
 91115=
 28216 42599 82404 10045 21038 39838 40132 51013 887// 333 91112 555
 11004=
 28222 41598 82503 10049 21023 39938 40130 51027 70282 8697/ 333 91113
 555 11005=
 28224 41670 72403 10055 21026 39924 40134 52014 70282 87500 333
 91112=
 28234 42599 72203 10045 21041 39861 40136 51018 85280 333 91111 555
 11005=
 28238 41599 72302 10036 21031 39840 40141 52014 70282 87500 333 91112
 555 11003=
 28313 42598 62203 10060 21017 39949 40138 52011 86900 555 11005=
 28319 42598 72203 10054 20008 39990 40152 52008 87400 333 91110=
 28321 42599 62404 10061 21018 39936 40136 52012 82270 333 91110=
 28324 42599 82404 10062 21017 30026 40145 52010 884// 333 91112 555
 11005=
 28326 42598 62403 10062 21013 39959 40143 52008 86500 333 91112 555
 11005=
 28413 41598 82001 10048 20018 30031 40152 52004 76061 8651/ 555
 11006=
 28428 42598 82104 10052 20012 39979 40162 52007 885// 333 91110 555
 11005=
 28429 42598 82204 10041 20006 39758 40166 52010 889// 333 91110 555
 11004=
 22983 41460 82602 10022 20011 39998 40102 52019 78582 86935 333 91003
 91107 555 12005=
 27083 41599 62402 10023 20003 39883 40105 52016 70287 86900 333 91003
 91107 555 12005=
 27097 41498 72503 10032 20013 39852 40111 52014 70282 87900 333 91004
 91106 555 12006=
 27185 42598 82502 10031 20002 39937 40119 52011 87501 333 91003 91106
 555 11006=
 27199 42598 72302 10035 21007 39928 40123 52012 87300 333 91004 91108
 555 11006=
 27281 42482 81901 10035 21010 39913 40119 52006 885// 333 91001 91105
 555 11005=
 27283 41498 83102 10036 21004 39967 40122 52008 70282 889// 333 91003
 91104 555 11004=
 27295 42598 81901 10038 21019 39876 40126 52008 885// 333 91003 91106
 555 11005=
 27296 42598 82502 10041 21035 39910 40125 52009 885// 333 91004 91107
 555 11004=
 27385 414// 81701 10038 20017 39998 40125 52004 78082 8695/ 333 91002
 91106 555 11006=
 27393 41597 82101 10035 20011 39967 40136 52009 78082 8692/ 333 91002
 91108 555 11005=
 27480 41498 81301 10035 20029 39997 40125 54000 78082 889// 333 91002
 91104 555 12006=
 28007 41599 62402 10021 21002 39854 40115 51015 70282 84330 333 91004
 91108 555 11003=
 28009 41598 82204 10034 21005 39907 40115 52020 70282 85501 333 91008
 91111 555 11006=
 28105 41498 72402 10032 21017 39928 40120 52012 70276 87500 333 91003
 91109 555 12004=
 28202 41581 82302 10035 21007 39906 40125 51012 70282 8697/ 333 91004
 91107 555 11004=
 28302 42598 82401 10043 21035 39906 40132 51008 889// 333 91002 91109
 555 11005=
 28307 41498 81601 10041 20012 39992 40135 52004 72581 885// 333 91003
 91105 555 11007=
 28402 41459 81902 10036 20025 39961 40139 52002 76186 8662/ 333 91003
 91105 555 11006=
 28502 41598 81902 10065 20043 30036 40138 57002 70282 8802/ 333 91003
 91104 555 11007=
 22550 82597 73503 10025 21013 30123 40133 52024 82570 555 11002=
 22778 41596 82902 10016 20009 30032 40101 52022 78082 8697/ 555
 1/003=
 22889 41496 82603 10023 20007 30013 40099 52022 78086 889// 333 88916
 555 12004=
 22762 42/// /3002 10030 21002 30076 40115 51019 555 1/004=
 22638 NIL=
 22671 NIL=
 22456 41597 63301 10008 20002 30038 40126 52033 70282 86500 555
 1/000=
 22583 41597 72904 10012 20002 39988 40068 52029 78582 87900 
 555 1/002=
 22749 41498 63603 10030 21017 30008 40133 51013 70381 86900 555
 11003=
 22951 41497 63502 10009 21011 39852 40135 52017 78582 85930 555
 1/005=
 22887 41499 72601 10016 20013 30030 40101 52022 
 72682 82931 555 11003=
 22876 42597 82602 10023 21004 30030 40082 52020 889// 333 88927 555
 1/002=
 22481 41598 83105 10016 21003 30023 40075 51026 72682 889// 333 91111
 555 1/002=
 22854 42599 83001 10009 21011 39846 40135 52014 889// 333 84907 555
 12003=
 22781 NIL=
 22676 41498 73003 10019 21002 30013 40090 52026 70272 87500 555
 1/002=
 22648 41498 73404 10030 20004 30097 40143 52016 70282 85931 555
 11003=
 22559 41598 73303 10030 21011 30111 40128 52021 70282 84930 555
 12003=
 22869 41397 73402 10018 20001 39975 40123 52016 78582 87900 333 85707
 555 12006=
 22768 41497 72903 10026 21011 30063 40113 52018 72622 86931 333 84915
 555 11004=
 22798 41598 62801 10020 20011 39967 40079 52029 70282 83930 555
 11003=
 22375 NIL=
 23207 41599 73305 10012 21007 39984 40006 52034 72782 86930 333 91010
 91113 555 1/100=
 23215 41398 82702 10000 21007 39808 49896 51022 70272 884// 333 88607
 555 12000=
 23219 NIL=
 27095 86/// /2601 10028 20026 39891 40118 52016=
 22408 42699 23502 10014 21043 30071 40222 52010 82500 555   11001=
 22511 42698 50203 10012 21051 30089 40211 52013 84830 555   14100=
 22529 41599 73603 10008 21003 30169 40176 52016 72682 87900 333  
 87921 91112 555   12000=
 22602 42477 70102 10000 21035 39982 40211 52013 86530 333   86618
 555   11001=
 22621 83/70 /3503 10020 21032 30046 40186 52014 555   1////=
 22619 42582 63504 10018 21020 30023 40183 52014 86500 333   86628
 91111 555   11003=
 22721 41598 83101 10021 21009 30076 40175 52013 72682 83501 555  
 11002=
 22727 86/61 /0103 10029 20003 30121 40169 52012 555   1////=
 22717 83/60 /0303 10007 21017 39980 40179 52013 555   1////=
 22802 41599 70205 10033 21026 30151 40174 52014 70282 83932 333  
 91110 555   12004=
 22820 41565 63502 10016 21015 30027 40164 52012 72682 85930 333  
 85624 555   11003=
 22831 42698 60302 10036 21022 30095 40150 52012 83931 555   12002=
 22805 41598 70303 10036 21013 30144 40169 52014 70282 86531 555  
 11005=
 22912 41599 50604 10039 21002 30136 40151 52012 70282 82830 333  
 91110 555   12006=
 
