00:31:01 MSK 13.10.2023
020 123456/=о000=2131
 уйту01 бтул 122100
 22686 41497 81604 10061 20056 39697 49791 57021 76065 8652/ 333 86613=
 22695 41497 81602 10045 20033 39648 49794 57021 76162 8772/=
 22996 41397 82003 10047 20047 39708 49887 58006 75152 886// 333 85707=
 23220 NIL=
 23226 42960 81508 11006 21037 39746 49958 57020 8805/ 333 91010 91111=
 23305 42/// /1503 10008 20008 39794 49821 56004=
 23320 86/// /1003 11006 21008 39828 49899 58032=
 23324 41956 81004 11003 21021 39837 49913 57024 77172 8802/ 333 91110=
 23405 41296 81404 10006 20003 39727 49824 57009
 76162 8872/ 333 86705=
 23410 86/// /1305 11002 21010 39774 49868 57022 333 91111=
 23411 42/// /1706 10006 20003 39758 49845 57012 333 91111=
 23412 41396 81505 10001 21001 39769 49864 57019 77172 8872/ 333 85707 91110=
 23416 NIL=
 23418 41459 81604 10003 21005 39793 49865 57026 77172
 8572/ 333 85710 91111=
 23503 NIL=
 23507 86/// /1502 10000 20000 39523 49825 57014=
 23509 NIL=
 23514 41397 81703 10000 20000 39665 49856 57014 72272 886// 333 86707=
 23518 42/// /1504 10002 21002 39795 49884 56021=
 23606 41140 81802 10004 20004 39691 49858 57018
 77372 8872/ 333 86703=
 23704 86/// /1702 10033 20033 39572 49684 52042=
 23701 42/// /1802 10027 20025 39715 49840 57009=
 23707 81397 81803 10039 20039 39715 49842 57016 75165 886// 333 88709=
 23708 42/// /1804 10011 20004 39722 49867 56012=
 23709 81495 81702 10002 21007 39693 49881 57013 77372 8672/ 333 86711=
 23711 41496 81803 10000 21002 39715 49881 57021 78582 8697/ 333 86914=
 23803 41496 82001 10002 21004 39711 49887 56013 78582 889//=
 23804 81397 82003 10031 20029 39718 49859 57011 72162 887// 333 86707=
 23807 42/// /2004 10039 20039 39718 49873 57009=
 23808 86/// /1803 10008 20005 39727 49891 57008=
 23812 81496 82102 11000 21002 39739 49898 56028 77172 8872/=
 23904 41375 81703 10017 20017 39747 49900 58007 70276 8772/ 333 87707=
 23905 41599 82003 10018 20015 39685 49906 57002 70272 8802/=
 23909 41497 82204 10023 20020 39677 49916 57008 78082 883//=
 23912 41495 81404 10002 21004 39739 49927 57017 77372 8872/=
 23913 41597 81602 10019 20004 39710 49934 56034 76176 8872/=
 23914 81493 81904 10003 20002 39673 49926 57022 77572 8872/=
 28013 41597 82105 10030 20016 39699 49923 56012 70262 889//=
 28016 42/// /2203 10039 20036 39715 49933 55005 333 91110=
 28029 41496 82006 10035 20029 39736 49950 57023 75165 886// 333 91010
 91110=
 28116 41497 82303 10045 20040 39726 49949 57005 76162 8872/=
 28128 41597 82209 10054 20042 39818 49966 57016 76162 8802/ 333 91015
 91113=
 28134 41196 82202 10018 20008 39632 49977 57032 76176 8672/=
 28138 43/// /2105 10004 21001 39440 49999 57031 333 91010 91113=
 28216 41595 82106 10045 20037 39691 49980 57032 76362 8872/ 333 91012
 91115=
 28222 42/// /2205 10048 20036 39795 49984 56015 333 91012 91114=
 28224 41457 82106 10044 20033 39791 49998 57015 76362 8872/ 333 91011
 91114=
 28234 41596 82006 10031 20014 39738 40010 56023 76362 885// 333 91011
 91115=
 28238 41497 82207 10027 20009 39723 40021 56027 76162 8872/ 333 91011
 91111=
 28313 42/// /2105 10048 20034 39812 49999 56007 333 91010 91114=
 28319 41496 82306 10049 20039 39867 40026 57014 76166 8802/ 333 91012
 91113=
 28321 41597 82205 10047 20034 39805 40003 55011 76162 8802/ 333 91010
 91114=
 28324 42/// /2207 10051 20026 39906 40023 56013 333 91013 91113=
 28326 41597 82207 10038 20026 39843 40026 57021 76162 8802/ 333 91011
 91116=
 28413 41497 82205 10051 20027 39914 40034 56009 76162 8677/ 333 91010
 91114=
 28428 41896 82107 10037 20014 39882 40065 56018 76362 8807/ 333 91011
 91113=
 28429 42/// /2207 10023 20008 39662 40069 56019 333 91014 91117=
 22983 42484 82002 10070 20060 39758 49858 57016 8695/ 333 91004
 91106=
 27083 41484 81904 10060 20052 39678 49892 57007 70262 8872/ 333 91007
 91108=
 27097 42/// /1904 10055 20055 39665 49917 57005 333 91008 91108=
 27185 42/// /2002 10072 20066 39754 49930 57005 333 91005 91107=
 27199 41498 82304 10067 20062 39757 49947 57002 72162 8677/ 333 91007
 91110=
 27281 41457 82205 10078 20074 39742 49940 57005 76065 8872/ 333 91008
 91111=
 27283 41497 82204 10076 20069 39796 49946 57005 70282 889// 333 91007
 91108=
 27295 42/// /2003 10070 20061 39720 49963 54001 333 91008 91110=
 27296 41496 82304 10071 20055 39752 49961 54000 78082 889// 333 91008
 91109=
 27385 414// 82003 10086 20077 39849 49972 57003 70262 8675/ 333 91006
 91111=
 27393 42598 82308 10076 20065 39818 49982 57001 8697/ 333 91011
 91112=
 27480 41498 82004 10089 20083 39861 49985 57005 72582 889// 333 91008
 91110=
 28007 41496 82203 10047 20036 39681 49935 52001 76162 8872/ 333 88711
 91007 91110=
 28009 41498 82204 10046 20032 39736 49940 52005 72582 889// 333 91006
 91110=
 28105 41498 82304 10057 20049 39760 49946 51003 70265 885// 333 91007
 91109=
 28202 41596 82502 10059 20047 39747 49961 53003 76162 8802/ 333 91004
 91109=
 28302 41596 82104 10066 20056 39759 49980 52001 76162 8802/ 333 91008
 91111=
 28307 41496 81903 10075 20059 39856 49995 52002 76162 885// 333 91007
 91111=
 28402 41450 82107 10066 20058 39831 40005 52001 76162 8872/ 333 91012
 91115=
 28502 41997 82008 10062 20039 39932 40033 57003 76162 8807/ 333 91012
 91117=
 22550 81970 32001 10039 20027 39720 49730 52012 70281 83030=
 22778 42598 82305 10073 20038 39735 49801 57003 8457/=
 22889 42/// /2003 10069 20059 39768 49851 57018=
 22762 42597 32102 10061 20033 39741 49778 53008 83500 333 91110=
 22638 46/// /2403 10014 20005 39530 49746 52009=
 22671 42/// /2203 10056 20044 39671 49746 55008=
 22456 41597 80000 10044 20044 39632 49715 57005 78081 889//=
 22583 41497 81402 10041 20040 39692 49769 57021 72528 889//=
 22749 NIL=
 22951 42/// /2303 10051 20028 39567 49837 50005 333 91112=
 22887 41596 81705 10074 20062 39763 49829 57020 78082 889// 
 333 88920 91110=
 22876 41497 82204 10073 20064 39749 49818 56014 72581 889// 333 88917
 91110=
 22481 42/// /1204 10023 20020 39699 49750 57014=
 22854 42/// /2206 10050 20038 39531 49807 52005 333 91010 91113=
 22781 NIL=
 22676 41598 81903 10061 20046 39692 49766 57011 70282 889//=
 22648 NIL=
 22559 42/// /2302 10050 20045 39723 49738 53010=
 22869 NIL=
 22768 42697 62204 10063 20036 39746 49794 52009 82531 333 91111=
 22798 41496 81802 10054 20053 39724 49832 57019 71052 886//=
 22375 NIL=
 23207 NIL=
 23215 NIL=
 23219 NIL=
 27095 86/// /2104 10050 20050 39705 49926 57003=
 22408 41459 83105 10015 20008 39602 49746 52040 76176 8872/ 333  
 88510 91111=
 22511 41224 82904 10016 20007 39614 49730 52029 76376 8872/ 333  
 88705=
 22529 41597 82304 10020 20004 39711 49718 52010 78082 889// 333  
 88920=
 22602 41357 82805 10007 21002 39555 49773 52028 78582 889// 333  
 88907 91010 91110=
 22621 83/60 /2505 10007 21001 39603 49738 52013 333   91111=
 22619 41498 82606 10013 20002 39600 49753 52016 70282 885// 333  
 88613 91010 91113=
 22721 41597 82903 10021 20009 39670 49765 52012 78082 889// 333  
 86626=
 22727 86870 /2606 10037 20016 39749 49795 52015 333   91011 91113=
 22717 83/70 /2505 10016 20009 39622 49813 52016 333   91112=
 22802 41597 82804 10042 20025 39821 49844 52025 78082 889// 333  
 85923 91111=
 22820 41597 82606 10029 20008 39673 49805 52024 76062 8552/ 333  
 91010 91113 555   50084=
 22831 41496 72602 10040 20026 39745 49798 52009 78082 87900 333  
 87916 91111=
 22805 414// 83108 10057 20045 39825 49849 52025 78081 8593/ 333  
 91013 91121=
 22912 42584 72708 10078 20035 39827 49841 52008 87500 333   87632
 91014 91116=
 
