03:31:00 MSK 09.03.2023
020 123456/=о000=0031
 унту01 бтул 090000
 22686 42598 81303 11074 21099 39891 49993 57028 885// 333 88624 555 1/109=
 22695 42598 61104 11080 21110 39838 49994 57024 86500 333 86623 555
 1/109=
 22996 42/// /1502 11068 21071 39835 40024 58032 555 1/110=
 23220 41999 70805 11193 21235 39936 40089 57004 73631 87030 555 1/121=
 23226 42460 82702 11201 21220 39856 40087 57005 8555/ 333 85619 555 
 1/123=
 23305 42/// /1804 11095 21113 39983 40012 58008 555 1/111=
 23320 86/// /1903 11124 21163 30001 40078 57006=
 23324 42679 81802 11134 21173 39994 40076 57008 885// 333 88634 555
 1/116=
 23405 42997 61303 11105 21111 39921 40023
 57014 86030 555 1/113=
 23410 86/// /1507 11114 21136 39958 40059 57007 555 53009=
 23411 41998 82004 11117 21129 39947 40040 57009 77071 8802/ 555
 1/113=
 23412 42999 81804 11125 21144 39956 40057 57007 8805/ 555 1/114=
 23416 NIL=
 23418 41959 81404 11113 21133 39997 40073 57006 77171 8802/ 
 555 1/113=
 23503 42/// /1902 11117 21136 39995 40047 57008 555 1/117=
 23507 NIL=
 23509 42/// /1503 11088 21108 39970 40050 58013 555 1/111=
 23514 41597 81602 11106 21118 39864 40067 57005 77172 8657/ 333 86626 555 1/113=
 23518 42/// /1903 11086 21105 39995 40090 57004 555 1/111=
 23606 42560 71602 11119 21132 39885 40065 58012 
 87900 333 85921 555 1/119=
 23612 NIL=
 23701 NIL=
 23704 86/// /1603 11071 21071 39926 40039 55004 555 53005=
 23707 81598 81504 11062 21085 39895 40030 57022 77172 8652/ 333 86623
 555 1/108=
 23708 42/// /1603 11086 21106 39909 40063 57016 555 1/111=
 23709 42/// /1501 11095 21113 39882 40081 58012 555 1/114=
 23711 41597 71702 11086 21098 39917 40092 58007 78582 84970 555 1/113=
 23803 41599 81302 11077 21098 39901 40086 58012 70271 889// 333 88923 555 1/109=
 23804 81697 81503 11057 21084 39890 40038 57022 70282 885// 333 88634 555 1/108=
 23807 42/// /1605 11060 21065 39874 40038 57025 555 1/107=
 23808 86/// /1102 11072 21086 39895 40068 57018=
 23812 41597 80000 11099 21111 39940 40109 58006 70282 889// 555 1/111=
 23904 42580 81502 11064 21080 39890 40050 58024 82505 555 1/110=
 23905 42599 81502 11068 21078 39839 40071 57020 885// 555 1/108=
 23909 42398 81402 11077 21087 39844 40096 57015 886//=
 23912 41597 81703 11056 21067 39917 40114 58007 77187 8457/ 555
 1/107=
 23913 41597 81503 11082 21109 39898 40135 57004 78582 889// 555
 1/111=
 23914 81496 81402 11063 21071 39850 40113 57009 71072 885//=
 27095 86/// /1204 11069 21071 39810 40043 58033 333 91110=
 28013 42898 81402 11076 21091 39864 40102 57014 8801/ 555 1/109=
 28016 42/// /1402 11085 21086 39869 40102 56014 555 1/111=
 28029 41599 61503 11054 21066 39895 40119 57007 70272 84520 555
 1/106=
 28116 41496 81302 11068 21078 39866 40102 57011 77072 8872/=
 28128 41598 81503 11057 21076 39963 40121 57009 70272 8357/ 555
 1/108=
 28134 41595 81701 11056 21075 39774 40133 57002 78587 8797/ 555
 1/107=
 28138 43/// /1602 11080 21091 39564 40149 52001=
 28216 41598 81303 11054 21063 39802 40106 58015 70272 887// 555
 1/107=
 28222 42/// /1502 11055 21069 39925 40125 58008 555 1/106=
 28224 41665 81503 11048 21063 39905 40123 57009 72682 8241/=
 28234 41596 81502 11052 21073 39856 40141 50001 77172 885// 555
 1/105=
 28238 41596 80901 11068 21081 39840 40152 50003 77172 885// 555
 1/108=
 28313 42/// /1603 11042 21053 39911 40107 58018 555 1/106=
 28319 41598 81702 11036 21052 39947 40113 58021 70272 885//=
 28321 41599 71603 11048 21057 39907 40115 58014 70172 84570=
 28324 42/// /1602 11042 21066 39994 40117 58015 555 1/106=
 28326 41496 81501 11042 21056 39944 40135 57005 77172 8802/ 555
 1/106=
 28413 42899 81503 11026 21053 39984 40108 58015 8807/ 555 1/105=
 28428 41599 71704 11037 21064 39944 40132 58012 70272 87500 555
 1/106=
 28429 42/// /1902 11035 21055 39726 40145 58007 555 1/106=
 22983 42984 81203 11062 21082 39884 49991 57041 85035 333 91005 91106
 555 1/110=
 27083 42584 61603 11067 21092 39775 40000 57041 86500 333 91004 91107
 555 1/107=
 27097 42/// /1305 11081 21090 39755 40024 58039 333 91008 91108 555
 1/109=
 27185 42/// /1303 11071 21087 39817 40005 58020 333 91007 91107 555
 1/108=
 27199 42998 81203 11075 21090 39832 40034 57040 80005 333 91005 91106
 555 1/109=
 27281 41457 81305 11063 21077 39778 49988 57048 77072 8872/ 333 91007
 91109 555 1/107=
 27283 41496 81403 11067 21078 39853 40014 57049 77172 8872/ 333 91004
 91106 555 1/108=
 27295 42/// /1103 11061 21077 39767 40023 58044 333 91006 91106 555
 1/106=
 27296 41996 81404 11062 21083 39810 40032 57043 77171 8802/ 333 91007
 91109 555 1/107=
 27385 414// 81605 11029 21046 39870 49999 57049 77173 8872/ 333 91008
 91109 555 1/106=
 27393 41496 81503 11047 21060 39871 40044 57041 77172 8572/ 333 91005
 91105 555 1/107=
 27480 41497 81503 11021 21030 39867 49995 57046 78582 889// 333 91006
 91107 555 1/103=
 28007 42499 81603 11067 21085 39787 40054 58030 885// 333 88614 91005
 91105 555 1/107=
 28009 42598 81301 11078 21094 39862 40077 57021 885// 333 91003 91103
 555 1/108=
 28105 42598 81402 11066 21088 39848 40052 58034 885// 333 91006 91106
 555 1/106=
 28202 42597 81603 11063 21084 39839 40066 57029 885// 333 91006 91106
 555 1/107=
 28302 41596 81304 11056 21075 39831 40064 58035 77122 884// 333 91007
 91107 555 1/106=
 28307 41497 81204 11045 21060 39895 40041 58043 77172 885// 333 91005
 91108 555 1/105=
 28402 41523 81506 11033 21044 39877 40057 57036 77222 8557/ 333 91007
 91108 555 1/104=
 28502 42997 81504 11009 21023 39961 40065 58034 80001 333 91006 91106
 555 1/104=
 22550 81433 81202 11069 21081 39883 49893 57039 78687 889// 333 88915
 555 1/108=
 22778 42998 81205 11078 21096 39874 49945 57045 85071 555 1/110=
 22889 42/// /1004 11068 21082 39910 49998 58038 555 1/111=
 22762 42/// /1103 11064 21083 39869 49909 58042 555 1/107=
 22638 46/// /0601 11081 21092 39635 49863 57025=
 22671 42/// /1402 11084 21092 39853 49933 57037 555 1/113=
 22456 NIL=
 22583 42598 71402 11106 21117 39893 49976 58026 87500 555 1/115=
 22749 42/// /1603 11054 21068 39737 49862 57037 555 1/106=
 22951 42/// /1903 11058 21068 39590 49872 57037 555 1/106=
 22887 42697 81405 11061 21084 39906 49977 57039 8355/ 
 333 91110 555 1/109=
 22876 42997 81305 11060 21080 39884 49958 58046 8805/ 555 1/110=
 22481 42/// /1505 11074 21096 39897 49950 57021 333 91111 555 1/110=
 22854 42/// /1303 11062 21071 39583 49873 57036 555 1////=
 22781 NIL=
 22676 42598 71304 11073 21098 39872 49951 57037 87500 555 1/111=
 22648 42/// /1202 11062 21062 39825 49871 57035 555 1/107=
 22559 NIL=
 22869 42/// /1305 11056 21076 39766 49915 58050 333 91111 555 1/106=
 22768 42597 81303 11048 21081 39851 49901 57049 8657/ 333 86625 555
 1/107=
 22798 42/// /1103 11070 21083 39901 40016 57029 555 1/109=
 22375 46/// /2102 11087 39918 49934 57022=
 23207 NIL=
 23215 42/// /1806 11164 21189 39938 40032 57006 333 91011 91113 555
 1/116=
 23219 NIL=
 22408 42984 00000 11294 21326 39765 49930 57016 333   93501 555  
 1/133=
 22511 42984 50801 11270 21302 39788 49920 57015 82015 333   93503
 555   1/132=
 22529 41996 83603 11099 21111 39877 49884 57023 77187 8802/ 555  
 1/109=
 22602 42974 00101 11172 21191 39674 49911 57007 555   1/122=
 22621 83760 /3402 11125 21141 39742 49886 57016 555   1////=
 22619 41598 73504 11115 21131 39714 49877 57010 70282 82530 555  
 1/112=
 22721 41597 72901 11095 21109 39765 49865 57014 72272 87500 333  
 87621 555   1/111=
 22727 86370 /0102 11060 21071 39805 49853 57011 555   1////=
 22717 83/25 /0302 11084 21098 39660 49856 57004 555   1////=
 22802 41496 80404 11059 21079 39816 49839 52005 78583 889// 333  
 88911 91110 555   1/106=
 22820 41497 80301 11063 21073 39712 49849 57010 77172 885// 333  
 88610 555   1/108=
 22831 41596 70000 11064 21075 39794 49849 57020 78587 87900 333  
 87921 555   1/107=
 22805 414// 81603 11014 21014 39809 49829 57004 78587 889// 555  
 1/102=
 22912 41984 51003 11051 21062 39819 49834 57010 70271 85030 555  
 1/106=
 
