00:31:00 MSK 03.12.2023
020 123456/=о000=2131
 уйту01 бтул 022100
 22686 41997 80000 11102 21114 30018 40122 52016 77072 8807/=
 22695 41996 82801 11092 21112 39944 40102 52014 77172 8802/=
 22996 41496 83301 11077 21077 39916 40108 52017 78582 8692/ 333 86914 93601=
 23220 43/// /1407 11130 21169 30019 40169 52010 333 91010 91111=
 23226 41434 81202 11107 21127 39943 40168 52004 77372 8652/ 333 86616=
 23305 42/// /0302 11054 21058 30095 40123 52008=
 23320 86/// /1103 11080 21098 30051 40126 52011=
 23324 41957 80904 11107 21138 30063 40144 52011 77172 8802/=
 23405 42497 80201 11075 21081 30014 40116 52007
 8555/ 333 85611=
 23410 86/// /2301 11075 21097 30026 40125 52012=
 23411 42/// /0000 11062 21064 30031 40122 53010=
 23412 41499 82601 11074 21090 30026 40126 52011 70272 885// 333 88619=
 23416 NIL=
 23418 42665 80000 11139 21152 30049 40127 52007
 885// 333 88648=
 23503 42/// /1102 11081 21095 30066 40118 52010=
 23507 86/// /0000 11107 21111 39790 40113 53008=
 23509 NIL=
 23514 41997 61101 11100 21111 39917 40121 52012 70272 86070=
 23518 42/// /0101 11115 21130 30030 40126 53011=
 23606 41960 80902 11107 21115 39937 40110 52012 77172 8802/=
 23704 86/// /0000 11091 21091 39334 49449 56033=
 23701 42/// /0000 11091 21098 39977 40111 52008=
 23707 81497 83101 11085 21095 39966 40103 52013 77177 8652/ 333 86619  93607=
 23708 42/// /3501 11084 21097 39947 40101 53013=
 23709 41497 80402 11089 21112 39900 40099 52011 77172 885// 333 88614
 93401=
 23711 41997 63601 11125 21142 39932 40110 52008 77072 86021=
 23803 41997 80000 11092 21114 39915 40102 53012 77172 8802/=
 23804 81496 80000 11084 21095 39952 40102 52012 77172 8652/ 333 86617=
 23807 42/// /3201 11082 21082 39942 40109 53014=
 23808 86/// /2902 11078 21078 39927 40100 53011=
 23812 41997 60000 11116 21133 39925 40095 52007 70282 84032 333 934//=
 23904 42679 80000 11128 21134 39945 40110 52015 885// 333 88634=
 23905 41596 83102 11078 21089 39857 40091 52012 77172 885//=
 23909 41497 83501 11066 21075 39828 40079 52013 77172 8652/ 333
 93607=
 23912 41498 80102 11092 21108 39876 40074 52009 77172 8552/=
 23913 41997 80802 11097 21142 39837 40074 55001 77172 8802/=
 23914 81596 80302 11096 21108 39806 40072 52011 78582 8592/=
 28013 41897 83202 11074 21089 39836 40073 53013 77072 8802/ 333
 93401=
 28016 42/// /3502 11066 21070 39846 40076 53016=
 28029 41599 83302 11084 21104 39831 40057 52011 70272 885//=
 28116 41496 80104 11066 21078 39831 40067 52016 77172 8872/=
 28128 41596 83603 11078 21093 39899 40056 52016 77172 8802/=
 28134 41496 83501 11093 21110 39684 40045 52010 77172 8572/=
 28138 43/// /0203 11131 21146 39445 40035 52008=
 28216 41896 83403 11066 21074 39755 40059 52023 77173 8802/=
 28222 42/// /3401 11080 21092 39851 40050 52017=
 28224 41559 83603 11079 21098 39827 40045 52023 77172 8802/=
 28234 41596 83602 11096 21116 39746 40033 53016 77172 885//=
 28238 41496 80103 11096 21116 39708 40020 53015 77372 8802/=
 28313 42/// /3401 11065 21079 39861 40057 52018=
 28319 41496 83401 11072 21084 39886 40055 52035 77177 8802/=
 28321 41896 83402 11070 21087 39841 40049 52027 77172 8802/=
 28324 42/// /3503 11065 21085 39921 40044 52032=
 28326 41596 80102 11086 21097 39838 40030 52028 77172 8802/=
 28413 41498 83303 11050 21070 39933 40057 52036 70272 885//=
 28428 41896 83504 11075 21097 39839 40028 52043 77173 8807/=
 28429 42/// /3504 11089 21102 39590 40012 52038=
 22983 41571 80000 11116 21129 30016 40126 52020 77172 8655/ 333 91000
 91101=
 27083 42584 70000 11135 21151 39887 40122 52015 87500 333 91000
 91101=
 27097 42/// /2902 11099 21103 39848 40121 52017 333 91004 91104=
 27185 42/// /0000 11098 21109 39939 40131 52020 333 91000 91102=
 27199 42998 83101 11109 21122 39916 40123 52020 80005 333 91002
 91102=
 27281 42984 52801 11140 21155 39924 40144 52023 80005 333 91001
 91102=
 27283 42997 02901 11129 21143 39968 40133 52023 333 91002 91102=
 27295 42/// /2901 11117 21134 39867 40131 52025 333 91002 91104=
 27296 42997 03101 11119 21137 39893 40121 52025 333 91002 91103=
 27385 429// 63101 11106 21116 30003 40138 52028 86030 333 91002
 91104=
 27393 42598 32702 11098 21114 39946 40124 52028 82530 333 91003
 91104=
 27480 42998 00000 11158 21180 30009 40147 52025 333 91000 91102=
 28007 42599 53402 11101 21116 39838 40111 52018 84501 333 91003
 91105=
 28009 41498 83302 11074 21095 39878 40095 52017 78582 889// 333 91004
 91104=
 28105 41998 83201 11099 21112 39907 40108 53019 70272 8802/ 333 91002
 91102=
 28202 42997 63303 11090 21106 39867 40097 52022 80004 333 91005
 91106=
 28302 42997 03102 11085 21104 39862 40099 53027 333 91004 91106=
 28307 41998 82903 11094 21110 39966 40107 52030 70272 82031 333 91005
 91106=
 28402 41582 73103 11080 21092 39918 40103 52033 70272 84510 333 91005
 91106=
 28502 42997 03107 11078 21101 39993 40101 52039 333 91010 91110=
 22550 81/05 91101 11126 21131 30110 40121 52018 74941=
 22778 41/93 90000 11123 21137 30061 40134 52019 74742=
 22889 42/// /2902 11131 21138 30032 40123 52016=
 22762 42997 80000 11190 21205 30091 40133 52018 8002/=
 22638 46/// /1501 11212 21233 39887 40132 52014=
 22671 NIL=
 22456 41596 60000 11126 21151 30030 40122 52013 78582 86900=
 22583 41598 72501 11130 21144 30033 40118 52014 70288 86570=
 22749 NIL=
 22951 42/// /0000 11117 21127 39843 40139 52013=
 22887 41497 82902 11078 21088 30049 40122 52017 78588 8695/ 333 86911=
 22876 42497 62801 11089 21093 30055 40131 52019 86400 333 86619=
 22481 42/// /0000 11089 21098 30065 40120 52012=
 22854 42/// /0000 11117 21127 39834 40137 52015=
 22781 NIL=
 22676 41897 70000 11178 21200 30046 40130 52020 77872 87010=
 22648 NIL=
 22559 42/// /0000 11157 21174 30112 40130 52019=
 22869 41/93 /0000 11127 21140 39990 40147 53017 74544=
 22768 42997 20000 11175 21197 30078 40132 52018 80008=
 22798 41497 80000 11092 21097 39999 40116 52015 77072 885//=
 22375 46/// /0802 11097 21108 30111 40126 52011=
 23207 NIL=
 23215 NIL=
 23219 NIL=
 27095 86/// /3101 11094 21094 39888 40126 52017=
 22408 41458 83402 11074 21083 39972 40127 52007 77187 8672/ 333  
 86716=
 22511 41377 82901 11087 21098 39994 40120 52007 77172 8371/=
 22529 41496 80000 11079 21089 30103 40110 52016 77172 8872/ 333  
 88516=
 22602 41474 63401 11088 21099 39889 40123 52010 70272 83530=
 22621 83757 /1901 11108 21119 39969 40115 52011=
 22619 41498 72201 11102 21115 39947 40113 52010 70272 87500=
 22721 41497 73001 11124 21134 30016 40120 52011 72272 87700 333  
 84710=
 22727 86/31 /0000 11088 21100 30070 40120 52010=
 22717 83/26 /0000 11093 21106 39917 40122 52011=
 22802 42698 82901 11090 21101 30098 40122 52009 885// 333   88645=
 22820 41696 82701 11089 21103 39978 40120 52011 77172 8652/ 333  
 86640 555   51077=
 22831 41497 70000 11077 21092 30059 40116 52012 72682 87900 333  
 87913=
 22805 415// 80301 11048 21064 30092 40118 52008 70282 885//=
 22912 42984 52501 11151 21168 30104 40120 52010 85030=
 
