09:31:00 MSK 17.07.2023
020 123456/=о000=0631
 унту01 бтул 170600
 22686 82998 43201 10238 20132 30016 40107 58002 80005=
 22695 42698 63303 10235 20102 39952 40092 58001 81101=
 22996 82999 20301 10239 20138 39927 40097 57002 80001=
 23220 42599 82007 10173 20128 39906 40038 57004 8653/ 333 91012 91111=
 23226 41559 82206 10170 20158 39834 40035 53004 79598 8595/ 333 85923=
 23305 42799 22703 10233 20126 30047 40072 58008 81201=
 23320 66/// /1702 10149 20137 30004 40073 50007 60002 333 20129=
 23324 41581 62002 10148 20146 39988 40061 53005 72581 83940 333 20145=
 23405 42972 22601 10224 20136 39986 40080 58005 80001=
 23410 66/// /2203 10170 20153 39980 40070 55002 60002 333 20143=
 23411 41599 61502 10201 20156 39991 40073 52002 70298 8620/=
 23412 41499 53203 10180 20154 39980 40071 58001 70298 83330=
 23416 NIL=
 23418 42665 63402 10203 20133 30008 40077 53004 83530=
 23501 NIL=
 23503 42998 23002 10233 20118 30038 40084 50003 81032=
 23507 86/// /0302 10222 20135 39804 40090 50001=
 23509 42498 52601 10212 20136 30016 40089 53001 85900 333 85919=
 23514 41597 82301 10180 20156 39900 40084 52001 78081 8697/ 333 86920=
 23518 42998 82202 10237 20135 39995 40079 57005 8805/ 555 53007=
 23606 42962 62302 10249 20144 39932 40084 57003 80002=
 23701 42699 22501 10264 20148 39978 40096 57006 81201=
 23704 66/// /0000 10254 20164 39926 40039 55004 60002 333 20098=
 23707 82599 22201 10241 20159 39974 40095 57005 80105=
 23708 42998 12001 10259 20092 39960 40096 5//// 8000/=
 23709 82998 42201 10252 20109 39920 40096 57005 81039=
 23711 42598 31302 10243 20145 39935 40090 57006 82101=
 23803 42999 02701 10232 20125 39937 40103 58002=
 23804 82997 00301 10245 20122 39965 40098 57004=
 23807 42997 23502 10237 20138 39955 40103 57003 80009=
 23808 86/// /0901 10241 20108 39948 40102 57004=
 23812 42697 31701 10247 20073 39949 40098 57009 81102=
 23904 42970 20301 10250 20126 39956 40100 57003 80001=
 23905 82999 13601 10243 20098 39887 40096 57004 80002=
 23909 82998 70501 10230 20110 39872 40098 57004 80004=
 23912 82999 80903 10238 20091 39922 40099 57008 80009=
 23913 82999 51102 10231 20073 39891 40102 57015 80001=
 23914 82699 70802 10225 20103 39861 40098 57007 81104=
 28013 82998 30803 10227 20093 39881 40094 58006 80005=
 28016 82999 10703 10227 20116 39885 40092 57006 80001=
 28029 82699 21003 10232 20103 39885 40087 57007 81110=
 28116 82599 20802 10217 20112 39872 40085 57007 81105=
 28128 82599 30603 10208 20134 39945 40088 57006 81101=
 28134 82598 50802 10215 20126 39760 40083 57005 83280=
 28138 42599 70804 10180 20120 39560 40089 52001 87500=
 28216 82599 30404 10203 20120 39795 40071 57008 83800=
 28222 82598 80602 10218 20131 39901 40081 57005 83251=
 28224 82668 70602 10199 20136 39877 40075 57004 82539=
 28234 82898 71102 10191 20129 39823 40082 50001 87030=
 28238 82599 80704 10201 20135 39798 40079 54001 86501=
 28313 42598 61003 10191 20137 39889 40068 57007 86500=
 28319 81598 50504 10193 20140 39906 40057 58003 70182 83550=
 28321 82599 60504 10208 20144 39879 40067 57004 82279=
 28324 82598 60603 10213 20129 39947 40058 57004 85981=
 28326 81598 50702 10228 20150 39888 40060 57007 70282 85500=
 28413 81699 60203 10195 20129 39938 40051 54001 70262 86801=
 28428 81598 80503 10184 20145 39872 40044 50002 72582 889//=
 28429 81597 80604 10160 20148 39665 40050 54000 78182 889//=
 22983 42998 23401 10241 20144 30008 40105 57006 80001 333 91001
 91101=
 27083 42999 23402 10232 20128 39894 40099 57002 80001 333 91004
 91104=
 27097 42998 63501 10231 20146 39857 40098 57001 80001 333 91002
 91103=
 27185 42998 30102 10220 20128 39931 40101 58001 80001 333 91003
 91103=
 27199 42998 20301 10228 20100 39911 40093 57001 80009 333 91003
 91104=
 27281 42982 03602 10213 20141 39909 40101 52001 333 91004 91105=
 27283 42998 10202 10217 20130 39952 40096 54000 80001 333 91004
 91104=
 27295 42998 20502 10217 20102 39859 40091 52003 80005 333 91004
 91106=
 27296 42998 20103 10208 20112 39888 40090 54000 82030 333 91005
 91105=
 27385 429// 20302 10219 20112 39970 40089 54000 82030 333 91007
 91107=
 27393 42598 20403 10201 20118 39925 40083 58002 81140 333 91007
 91107=
 27480 42998 20302 10224 20131 39971 40089 54000 82030 333 91005
 91106=
 28007 42999 10302 10230 20113 39852 40093 57003 80001 333 91004
 91104=
 28009 42998 50802 10231 20082 39899 40093 57004 80001 333 91004
 91104=
 28105 42998 10201 10222 20098 39913 40097 58003 80001 333 91003
 91104=
 28202 42999 20603 10215 20105 39877 40082 58004 82030 333 91006
 91107=
 28302 42598 70303 10200 20113 39862 40075 57004 84230 333 91007
 91107=
 28307 42998 63403 10208 20113 39938 40071 57002 86031 333 91007
 91107=
 28402 42998 40204 10207 20132 39896 40062 57003 83031 333 91007
 91107=
 28502 42598 80304 10178 20122 39959 40056 52001 885// 333 91008
 91108=
 22550 82997 21702 10237 20163 30085 40094 57008 80001=
 22778 42998 20101 10245 20165 30051 40115 57002 80001=
 22889 42998 00000 10242 20155 30027 40106 57006=
 22762 82998 01301 10252 20138 30079 40115 57006=
 22638 46/// /2301 10220 20114 39892 40102 57008=
 22671 42999 62001 10235 20136 30030 40103 57005 80001=
 22456 42998 72502 10253 20117 30000 40080 57009 81081=
 22583 42998 63002 10230 20122 30027 40101 54000 80001=
 22749 42998 12502 10228 20158 30001 40116 57008 80001=
 22951 42998 22802 10223 20134 39869 40130 58003 80001=
 22887 42999 23001 10228 20175 30042 40107 57002 80001=
 22876 42997 03001 10238 20165 30043 40110 57005=
 22481 42698 62502 10229 20130 30039 40088 57004 81502=
 22854 42999 22501 10222 20135 39855 40123 58003 80001=
 22781 NIL=
 22676 42998 31101 10245 20129 30033 40104 58006 80001=
 22648 42998 02302 10244 20139 30067 40110 57010=
 22559 82998 21902 10246 20134 30086 40101 57007 80001=
 22869 42997 02101 10241 20167 39985 40121 57004=
 22768 42997 22301 10236 20141 30072 40118 57005 80001=
 22798 42998 22401 10249 20142 39997 40100 57007 80001=
 22375 46/// /2703 10209 20136 30065 40079 57003=
 23207 41599 32702 10207 20139 30051 40072 52003 70281 82101=
 23215 42598 62805 10183 20126 39965 40048 55001 86200 333 86825
 91110=
 23219 NIL=
 27095 NIL=
 22408 12699 81703 10179 20139 39920 40060 57007 60002 885// 333  
 20141 30013 88649=
 22511 11577 81803 10170 20136 39958 40072 57002 69902 78082 8491/
 333   20147 30012=
 22529 12999 42203 10229 20130 30077 40083 57010 60002 80002 333  
 20127 30011=
 22602 11458 81402 10151 20143 39862 40075 57005 60032 78082 889//
 333   20150 31013 88912=
 22621 12498 61904 10220 20124 39956 40085 57011 60002 82531 333  
 20146 30///=
 22619 12982 71901 10206 20139 39935 40083 57010 60002 86075 333  
 20139 31012=
 22721 12998 61301 10202 20143 30008 40100 57008 60002 80009 333  
 20135 31013=
 22727 12570 21503 10214 20147 30060 40104 57010 60002 82101 333  
 20124 32///=
 22717 12598 81902 10189 20139 39914 40095 57008 60002 85531 333  
 20126 31/// 85622=
 22802 11559 81901 10175 20154 30072 40094 57003 69942 78082 889//
 333   20144 31014 86930=
 22820 12971 62103 10237 20132 39978 40104 57009 60002 82031 333  
 20147 31011=
 22831 12998 30901 10229 20148 30068 40119 57009 60002 80001 333  
 20094 30011=
 22805 11498 81802 10167 20155 30074 40093 57005 60012 72582 8697/
 333   20162 31016=
 22912 12999 61702 10218 20139 30095 40109 57009 60002 85031 333  
 20096 30011=
 
