03:31:00 MSK 31.01.2023
020 123456/=о000=0031
 унту01 бтул 310000
 22686 41497 81505 11050 21069 39818 49918 57018 77173 8652/ 333 86612 91111 555 1/106=
 22695 41496 81705 11058 21085 39767 49921 57019 77173 8872/ 333 87714
 91010 91112 555 1/106=
 22996 42/// /1703 11065 21070 39803 49992 57013 555 1/107=
 23220 41496 80804 11099 21118 39893 40040 52001 77173 8872/ 555 1/110=
 23226 41460 81705 11097 21109 39518 40036 52003 70272 8655/ 333 86611
 555 1/110=
 23305 42/// /1604 11049 21066 39924 49952 57007 555 1/106=
 23320 86/// /2003 11057 21107 39954 40028 57005=
 23324 42678 81702 11069 21100 39951 40030 58002 885// 333 88635 555
 1/109=
 23405 41497 81605 11055 21077 39854 49955 57010 73632 8695/ 333
 86918 91111 555 1/106=
 23410 86/// /1507 11065 21088 39905 40003 57007 333 91111 555 53011=
 23411 42/// /2008 11056 21073 39888 49978 57007 333 91013 91113
 555 1/106=
 23412 41499 81705 11063 21083 39898 49996 58010 77172 8872/ 555 1/107=
 23416 NIL=
 23418 41556 81604 11058 21088 39939 40013 58005 77072
 8552/ 333 85625 555 1/107=
 23503 42/// /1905 11056 21095 39928 49979 57008 333 91111 555 1/107=
 23507 86/// /1803 11076 21079 39643 49958 57011=
 23509 NIL=
 23514 41497 81704 11071 21086 39803 40002 57003 77073 8557/ 333 85619 91110 555 1/108=
 23518 42/// /1705 11066 21087 39940 40033 57003 555 1/107=
 23606 41458 81706 11066 21086 39828 40003 58006
 78583 889// 333 86914 91112 555 1/107=
 23612 NIL=
 23701 NIL=
 23704 86/// /1605 11061 21068 39926 40039 55004 555 53011=
 23707 81598 81705 11061 21085 39838 49972 57016 77177 8752/ 333 87620
 91110 555 1/107=
 23708 42/// /1605 11070 21096 39854 40006 57013 555 1/107=
 23709 NIL=
 23711 41497 81703 11078 21099 39871 40045 57002 78582 889// 333 88917 555 1/108=
 23803 41597 81702 11074 21100 39853 40037 58008 78582 889// 555 1/109=
 23804 81496 81703 11066 21089 39839 49986 57014 77172 8652/ 333 86613
 555 1/107=
 23807 42/// /1807 11073 21078 39830 49995 57012 333 91111 555 1/107=
 23808 86/// /1304 11083 21101 39853 40026 57011=
 23812 41396 81903 11107 21132 39907 40076 53003 78582 889// 333 86709
 934// 555 1/110=
 23904 41474 81603 11077 21089 39857 40017 57018 70272 885// 333 88612
 555 1/108=
 23905 41599 81602 11099 21113 39810 40045 57009 70272 885// 555
 1/110=
 23909 41497 81602 11133 21149 39815 40072 57007 77172 8752/=
 23912 42/// /1703 11113 21128 39889 40090 57006 555 1/111=
 23913 41997 81601 11131 21155 39868 40109 57003 77172 8802/ 555
 1/114=
 23914 81496 81803 11117 21131 39825 40092 57003 77387 8802/ 333
 93402=
 27095 86/// /1505 11061 21065 39786 40019 57016=
 28013 41897 81603 11118 21139 39841 40082 57004 77187 8802/ 555
 1/112=
 28016 42/// /1502 11108 21127 39845 40080 57006 555 1/112=
 28029 41899 21702 11099 21116 39874 40101 57004 70271 85020 555
 1/111=
 28116 41496 81702 11092 21106 39845 40083 57008 77172 8872/=
 28128 41896 81602 11081 21096 39945 40104 57005 77172 8807/ 555
 1/109=
 28134 41598 81901 11091 21109 39752 40115 57003 70272 8652/ 555
 1/110=
 28138 43/// /2002 11106 21120 39537 40127 57001=
 28216 41896 81705 11064 21075 39788 40093 57008 77172 8802/ 555
 1/107=
 28222 42/// /1603 11077 21095 39908 40109 57007 555 1/108=
 28224 41557 81604 11070 21089 39891 40111 57005 77172 8802/=
 28234 41596 81803 11076 21099 39838 40125 57004 77172 885// 555
 1/107=
 28238 41896 82102 11079 21099 39821 40135 57002 77172 8802/ 555
 1/110=
 28313 42/// /1603 11056 21065 39903 40100 57006 555 1/106=
 28319 41496 82104 11053 21068 39947 40115 58002 77177 8802/=
 28321 41896 81903 11064 21073 39896 40105 57007 77172 8802/=
 28324 43/// /1903 11051 21076 39990 40114 57004 555 1/106=
 28326 41598 72104 11058 21084 39933 40125 57005 70272 87500 555
 1/107=
 28413 41596 81804 11052 21073 39988 40113 54000 77173 8657/ 555
 1/106=
 28428 41596 81805 11070 21097 39950 40141 54001 77373 8802/ 333 91111
 555 1/107=
 28429 42/// /2105 11072 21083 39724 40149 57003 333 91110 555 1/107=
 22983 41469 81702 11051 21069 39854 49960 57014 77172 8802/ 333 91005
 91107 555 1/106=
 27083 41584 81904 11059 21079 39759 49983 57011 73632 887// 333 91007
 91110 555 1/105=
 27097 42/// /1604 11064 21070 39742 40008 57013 333 91008 91108 555
 1/107=
 27185 42/// /1603 11054 21070 39820 40006 57012 333 91006 91107 555
 1/106=
 27199 41997 81803 11054 21068 39828 40028 57013 77173 8802/ 333 91005
 91107 555 1/107=
 27281 41450 81706 11055 21068 39795 40005 57010 77172 8872/ 333 91009
 91109 555 1/106=
 27283 41496 81903 11050 21062 39850 40008 57009 77172 8657/ 333 91005
 91107 555 1/106=
 27295 42/// /1703 11050 21064 39778 40034 57011 333 91006 91109 555
 1/105=
 27296 41997 81703 11048 21069 39816 40037 57010 77172 8802/ 333 91006
 91106 555 1/106=
 27385 414// 81903 11044 21057 39900 40030 57007 77173 8577/ 333 91005
 91107 555 1/105=
 27393 41496 81807 11035 21046 39880 40052 57008 77173 8672/ 333 91009
 91110 555 1/104=
 27480 41997 81903 11044 21068 39908 40038 57003 77172 8802/ 333 91006
 91107 555 1/105=
 28007 41499 81703 11075 21088 39767 40035 57014 70272 885// 333 88615
 91005 91106 555 1/108=
 28009 41497 81703 11075 21099 39838 40053 57012 78582 889// 333 91006
 91108 555 1/108=
 28105 41998 81602 11064 21082 39837 40040 58011 70272 8802/ 333 91005
 91107 555 1/105=
 28202 41997 81703 11058 21075 39830 40056 57011 70272 8805/ 333 91004
 91106 555 1/107=
 28302 41596 81605 11042 21057 39831 40063 57009 77173 885// 333 91008
 91108 555 1/105=
 28307 41496 81503 11029 21044 39911 40056 57006 77172 885// 333 91007
 91107 555 1/103=
 28402 41550 81806 11036 21050 39891 40072 57004 77173 8662/ 333 91009
 91109 555 1/105=
 28502 41996 81804 11043 21066 39985 40091 54000 77173 8802/ 333 91006
 91110 555 1/105=
 22550 81450 81404 11028 21038 39776 49786 57018 77173 8872/ 333 88710
 555 1/103=
 22778 41598 81507 11044 21059 39822 49891 57015 73683 889// 333 91011
 91111 555 1/105=
 22889 42/// /1505 11052 21070 39873 49960 57016 333 91110 555 1/106=
 22762 42/// /1404 11033 21033 39806 49845 57014 555 1/103=
 22638 46/// /2003 11003 21010 39540 49759 52006=
 22671 42/// /1604 11043 21049 39771 49850 57020 555 1/105=
 22456 NIL=
 22583 41559 81402 11054 21065 39817 49898 57013 78588 889//
 555 1/106=
 22749 42/// /2005 11011 21021 39689 49812 54001 333 91110 555 1/102=
 22951 42/// /2305 11022 21030 39575 49853 57004 333 91110 555 1/103=
 22887 41496 81506 11044 21064 39863 49933 57016 78582 8495/ 
 333 91010 91111 555 1/105=
 22876 42/// /1605 11043 21058 39843 49916 57016 333 91110 555 1/105=
 22481 42/// /1306 11048 21048 39817 49869 57019 333 91110 555 1/105=
 22854 42/// /1905 11023 21027 39549 49833 57005 333 91110 555 1/103=
 22781 NIL=
 22676 41496 81505 11041 21068 39799 49876 57019 78583 889// 333 91113
 555 1/105=
 22648 42/// /1704 11008 21008 39746 49791 57002 555 1/102=
 22559 42/// /1604 11031 21039 39789 49806 57017 333 91110 555 1/103=
 22869 42/// /1704 11035 21041 39744 49892 57010 333 91110 555 1/104=
 22768 41497 81805 11027 21039 39807 49856 57012 73683 889// 333 85911
 91110 555 1/103=
 22798 42/// /1604 11055 21075 39844 49957 57015 555 1/106=
 22375 46/// /1509 11045 39831 49846 57017=
 23207 NIL=
 23215 NIL=
 23219 NIL=
 22408 41219 83602 11031 21035 39572 49718 57001 77572 8872/ 333  
 88503 93402 555   1/103=
 22511 41257 80201 11027 21032 39588 49706 57003 77172 8672/ 333  
 86705 93400 555   1/103=
 22529 41598 82003 11002 21011 39724 49731 57001 70272 885// 333  
 88626 555   1/102=
 22602 41359 81902 11004 21013 39485 49703 52002 77072 8872/ 333  
 88507 555   1/101=
 22621 83468 /1704 10000 21010 39593 49728 52002 555   1////=
 22619 41498 71602 10001 21008 39567 49721 57004 70272 87500 555  
 1/102=
 22721 41497 81401 10002 21001 39648 49743 57001 70287 889// 333  
 85913 93701 555   1/101=
 22727 86461 /1605 10006 21006 39713 49759 57002 555   1////=
 22717 83/30 /1702 10001 21003 39546 49733 57007 555   1////=
 22802 41496 82003 10006 21002 39703 49726 57009 78382 889// 333  
 88912 555   1/100=
 22820 41596 81904 10002 21013 39631 49763 57003 77172 8652/ 333  
 86623 555   1/102=
 22831 41497 72002 10002 21014 39740 49794 52002 70272 87900 333  
 87916 555   1/101=
 22805 414// 82010 10010 20006 39726 49745 56011 76162 885// 333  
 91013 91114 555   12100=
 22912 42484 82006 10010 21006 39760 49775 57005 885// 333   88616
 91112 555   1/100=
 
