06:31:00 MSK 04.04.2023
020 123456/=о000=0331
 уйту01 бтул 040300
 22686 12998 70702 11063 21141 30195 40300 58015 60002 86089 333 21068 43049 55090 555 53007 7000/=
 22695 12998 70804 11081 21172 30133 40294 57014 60002 80031 333 21083
 44047 555 53008 7000/=
 22996 12999 70601 11012 21025 30053 40242 57006 60002 84034 333 21014
 42025 55075 555 53007 7000/=
 23220 12599 22202 11132 21185 30211 40364 58004 60002 81530 333 21180 47089 55107 555 53009 7990/=
 23226 12560 82307 11129 21172 30125 40356 54000 60002 885// 333 21180  
 48062 88626 91111 555 53011 7000/=
 23305 12999 01201 11186 21208 30326 40357 58008 60002 333 21198 47030
 555 53004 7000/=
 23320 76/// /0000 11141 21207 30288 40367 57010 333 21201 60002 555 53003 7000/=
 23324 12986 00000 11147 21202 30285 40369 58007 60002 333 21182 49045
 55122 555 53003 7000/=
 23405 12973 11102 11105 21149 30239 40345 57011 60002
 80001 333 21112 47057 55129 555 53004 7000/=
 23410 76/// /0702 11157 21184 30259 40364 57007 333 21224 60002 555 7000/=
 23411 12999 00601 11127 21160 30264 40360 58009 60002 333 21140
 3/117 48049 555 53003 7000/ 91206=
 23412 12999 01002 11124 21169 30257 40362 57008 60002 333 21199 47056 55125 555 53003 7000/=
 23416 NIL=
 23418 12965 00000 11174 21186 30283 40363 57002 60002
 333 21192 44063 55131 555 53004 7000/=
 23501 NIL=
 23503 12998 23501 11176 21200 30295 40351 57012 60002 80001 333 21242
 48055 555 53004 7000/=
 23507 66/// /3401 11179 21196 30005 40345 57015 60002 333 21202 555 53004 7000/=
 23509 12998 20000 11146 21174 30255 40340 57012 60002 80001 333 21184
 48064 555 53006 7000/=
 23514 12997 20901 11139 21182 30137 40350 58011 60002 80001 333 21171 43073 55121 555 53006 7000/=
 23518 12998 13501 11138 21185 30255 40354 57003 60002 80001 333
 21160 3/114 48070 55112 555 51075 7000/ 91210=
 23606 12962 60702 11109 21161 30152 40329 57010 
 60002 80001 333 21125 43055 55101 555 
 53009 7000/=
 23612 12998 40301 11113 21156 30200 40344 57004 60002 80001 333 
 21145 47053 555 53008 7000/=
 23701 12999 70503 11070 21132 30175 40311 57012 60002 82034 333 21070
 43041 555 53010 7000/=
 23704 76/// /0703 11047 21111 39926 40039 55004 333 21047 60002 555 51005 7000/=
 23707 62998 80603 11032 21100 30146 40282 57010 60002 8805/ 333 21034 47025 55000 555 53009 7991/=
 23708 12984 80503 11044 21108 30143 40298 57009 60002 8805/ 333 21045
 48025 555 53009 7001/=
 23709 12998 70302 11052 21096 30103 40303 57006 60002 87030 333 21063
 43027 555 53007 7003/ 91209=
 23711 12998 30302 11060 21113 30143 40320 57003 60002 80001 333 21077
 43041 55008 555 53007 7990/=
 23803 12699 60802 11028 21085 30108 40293 58006 60002 86500 333 21034 43027 55000 86634 555 53007 7999/=
 23804 62997 80502 11020 21074 30126 40275 57007 60002 8807/ 333 21021 43027 55000 555 53007 7003/=
 23807 12997 70503 11014 21047 30101 40266 57005 60002 82039 333 21016
 46007 55000 555 53010 7991/=
 23808 66/// /0302 11016 21059 30102 40274 57006 60002 333 21017 555 7000/=
 23812 12997 60501 11018 21049 30132 40299 58002 60002 80001 333 21034
 43049 555 53006 7993/=
 23904 12470 80602 11009 21025 30098 40258 57003 60002 885// 333 21020
 42003 88612 555 53006 7000/=
 23905 12899 80302 11020 21034 30030 40263 57004 60002 82025 333 21022
 3/104 42011 555 53008 7000/=
 23909 12898 80502 11009 21020 30012 40262 57003 60002 81045 333 21016
 3/103 41004 55091=
 23912 12998 80902 10017 21023 30080 40275 52003 60002 80005 333 21007
 3/102 47025 555 53009 7000/=
 23913 12999 71305 10008 21040 30065 40298 52003 60002 82045 333 20005
 3/101 43040 55031 91110 555 53010 7000/=
 23914 12899 80702 10004 21022 30011 40272 52004 60002 81045 333 21004
 3/101 43016 55029=
 28013 12898 80502 11008 21022 30021 40256 54000 60002 83071 333 21017
 3/103 41002 555 53009 7000/=
 28016 12999 80401 11009 21010 30023 40252 57002 69902 80005 333 21014
 3/103 42011 555 53007 7990/=
 28029 13/// /0904 10029 21014 30031 40251 52006 60002 333 20024 3/101
 555 53006 7000/=
 28116 12899 70302 11011 21019 30009 40244 57001 60002 81031 333 21018
 3/105 42010 55085=
 28128 12999 70602 10027 21021 30092 40247 52004 60002 80001 333 20002
 3/105 42010 55107 555 53006 7000/=
 28134 12998 61003 10012 21015 39900 40254 52003 60002 80005 333 21009
 3/105 42017 91110 555 53010 7000/=
 28138 12899 80505 11006 21019 39707 40284 52007 60002 8802/ 333 21006
 3/102 44034 55091 91010 91111=
 28216 12699 60804 10025 21041 39926 40225 54000 60002 84501 333 20019
 31100 555 53004 7000/=
 28222 12898 81103 10032 21019 30049 40244 52007 60002 82051 333 21020
 31100 555 53006 7000/=
 28224 12670 61102 10036 21022 30023 40236 52008 60002 84531 333 21010
 3/100 41998 55106=
 28234 12999 61002 10014 21025 39978 40259 51012 60002 80005 333 20012
 3/102 41998 555 53009 7000/=
 28238 12599 80703 10005 21021 39964 40272 52009 60002 885// 333 21034
 3/105 41001 55119 555 53007 7000/=
 28313 12898 70301 10014 21033 30028 40222 53002 60002 87030 333 21023
 34101 555 53003 7000/=
 28319 12899 40901 11003 21036 30058 40224 53008 60002 84050 333 21015
 31000 41998=
 28321 12899 60502 10033 21046 30021 40225 53006 60002 84031 333 21010
 3/100 41998=
 28324 12699 60602 10011 21042 30103 40225 52007 60002 82589 333 21031
 34102 555 53004 7000/=
 28326 12898 60902 10028 21050 30051 40238 52012 60002 82031 333 21031
 3/100 41998 55120 555 53006 7000/=
 28413 12999 20000 10003 21031 30094 40218 52006 60002 80001 333 21001
 34101 555 53003 7000/=
 28428 12999 83301 10006 21032 30047 40234 52008 60002 80001 333 21007
 3/101 41998 555 53003 7000/=
 28429 12998 20000 10036 21056 39829 40241 52005 60002 80001 333 20014
 3/100 41997 555 53004 7000/=
 22983 12598 80602 11003 21020 30139 40246 57006 60002 83535 333 21003
 43021 55000 91003 91105 555 53007 7000/=
 27083 12599 70502 11006 21018 30001 40227 57006 60002 87500 333 21008
 42007 91005 91106 555 53007 7000/=
 27097 12998 80402 10001 21009 39958 40224 57006 60002 80009 333 21000
 42008 91004 91105 555 53006 7000/=
 27185 12998 80202 10020 21004 30019 40204 57005 60002 82015 333 20003
 41002 91003 91104 555 53004 7000/=
 27199 12998 80702 10027 21008 30010 40208 57006 60002 81078 333 20026
 41001 55044 91004 91106 555 53006 7000/=
 27281 12982 70602 10028 21006 39985 40192 57004 60002 81035 333 20026
 31001 91004 91106 555 53007 7000/=
 27283 12998 70703 10020 21005 30042 40198 58004 60002 82031 333 20016
 91004 91105 555 53006 7000/=
 27295 12998 60303 10024 21027 39944 40195 57004 60002 80005 333 20022
 42010 91005 91106 555 53006 7000/=
 27296 12998 60501 10016 21025 39981 40200 57004 60002 80001 333 21002
 41004 55079 91002 91104 555 53006 7000/=
 27385 129// 60401 10007 21013 30054 40184 57001 60002 82031 333 21011
 34101 91002 91104 555 53004 7000/=
 27393 12998 21003 10010 21029 30030 40202 53001 60002 80041 333 20002
 46022 55087 91004 91105 555 53005 7000/=
 27480 12998 80000 11011 21039 30051 40181 54000 60002 82031 333 21012
 34100 91000 91103 555 53005 7000/=
 28007 12999 80802 11001 21020 39969 40234 57004 60002 80005 333 21002
 42012 55075 91004 91105 555 53006 7000/=
 28009 12998 80601 10002 21017 30031 40244 57003 60002 8807/ 333 21006
 41998 91004 91105 555 53005 7000/=
 28105 12998 60603 10007 21017 30019 40221 57004 60002 82045 333 20003
 42003 91004 91105 555 53005 7000/=
 28202 12979 50601 10017 21026 39990 40213 58004 60002 82039 333 20016
 42023 91002 91103 555 53003 7000/=
 28302 12998 60301 10037 21047 39975 40204 57001 60002 86030 333 20028
 42010 91003 91104 555 53004 7000/=
 28307 12998 22901 11001 21042 30049 40195 52001 60002 80001 333 21005
 34101 91001 91102 555 53002 7000/=
 28402 12998 21102 10030 21038 30018 40197 52003 60002 81035 333 20020
 34100 91004 91104 555 53005 7000/=
 28502 12998 20501 10010 21032 30094 40198 52003 60002 80001 333 21017
 55119 91001 91101 555 53004 7000/=
 22550 62997 80401 11045 21116 30273 40284 57015 60002 8805/ 333 21046 43046 55118 555 53007 7000/=
 22778 12998 80903 10000 21058 30191 40262 57008 60002 8805/ 333 20000 43035 55000 555 53008 7990/=
 22889 12498 70702 11005 21020 30168 40256 57006 60002 84570 333 21007 42007 555 53010 7001/=
 22762 12997 80701 11007 21078 30223 40263 57011 60002 8007/ 333 
 21007 47038 555 53006 7000/ 91208=
 22638 46/// /0401 11044 21058 30034 40267 57011=
 22671 12999 70501 11074 21127 30203 40286 57017 60002 87030 333 21098 3/114 43066 55104 555 53007 7000/=
 22456 12997 80000 11131 21151 30205 40299 57017 60002 86072 333 21152
 47060 555 53004 7000/=
 22583 12998 20000 11170 21193 30234 40322 58017 60002 80009
 333 21175 44071 55095 555 53002 7000/=
 22749 NIL=
 22951 11396 81202 11007 21009 39943 40229 57009 60012 71022 886// 333
 21010 47048 555 53009 7005/=
 22887 12499 80502 11004 21019 30180 40251 57007 60002 8555/ 
 333 21004 42003 55000 85615 555 53011 7003/=
 22876 12597 80703 11009 21020 30181 40255 57009 69902 884// 333 21009 47006 88624 555 51001 53008 7002/ 91209=
 22481 12998 50000 11220 21241 30264 40323 58017 60002 84039 333 
 21244 44055 555 53003 7000/=
 22854 11294 80703 11015 21018 39944 40239 57010 69942 71022 886// 333
 21016 48056 55000 88703 555 53011 7003/=
 22781 NIL=
 22676 12898 71102 11043 21122 30206 40286 57017 60002 87070 333 21049 43023 555 53006 7000/=
 22648 NIL=
 22559 12598 60401 11058 21121 30269 40286 57014 60002 82531 333 21058
 48053 55109 555 53006 7000/=
 22869 12397 80603 10002 21004 30090 40241 57007 69902 886// 333 20001 43023 86706 555 53008 7001/ 91211=
 22768 12897 80803 10003 21029 30199 40250 57010 60002 8807/ 333 20003 43015 55000 555 53007 7998/=
 22798 12998 60502 11025 21103 30164 40280 57011 69902 86003 333 21025
 47023 555 53008 7996/=
 22375 46/// /1400 11171 30298 40315 57016=
 23207 12999 01101 11202 21224 30316 40341 57010 60002 333 21223 47032
 55086 555 53002 7000/=
 23215 NIL=
 23219 NIL=
 27095 76/// /0402 11004 21007 30008 40241 57005 333 21004 60002 555 53008 7000/=
 22408 22999 03403 11223 21244 30146 40313 57012 333   21228 55127
 60002 555   7000/=
 22511 21208 83401 11183 21203 30174 40307 57009 74441 886// 333  
 21192 60002 93502 555   7000/=
 22529 22599 83401 11069 21082 30273 40280 57013 885// 333   21103
 60002 88625 555   7000/=
 22602 22978 20000 11204 21216 30056 40306 57011 8203/ 333   21205
 55115 60002 555   7000/=
 22621 73566 /3602 11073 21090 30135 40282 57012 333   21076 55123
 60002 555   7000/=
 22619 22581 72903 11076 21092 30106 40273 57012 87500 333   21082
 55122 60002 87626 555   7000/=
 22721 21998 83001 11033 21058 30160 40262 57010 70282 8807/ 333  
 21033 69902 555   7990/=
 22727 76656 /3602 11026 21044 30198 40247 57010 333   21026 69952
 555   7996/=
 22717 73/70 /0203 11049 21073 30054 40255 57009 333   21049 69922
 555   7993/=
 22802 22699 73602 11040 21089 30227 40251 57010 82530 333   21040
 55104 60002 555   7000/=
 22820 21333 80102 11033 21044 30102 40242 57010 77372 8752/ 333  
 21034 55000 60022 87607 555   7002/=
 22831 21535 80601 11018 21037 30178 40235 57007 78582 889// 333  
 21018 55000 69982 88922 555   7002/=
 22805 22598 70102 11023 21054 30228 40248 57009 86530 333   21023
 55074 60002 555   7000/=
 22912 21940 80202 11024 21037 30208 40224 57010 77172 8802/ 333  
 21025 60022 555   7002/=
 
