12:31:00 MSK 27.01.2023
010 111/=о000=0931
 уйту01 бтул 270900
 22686 41497 82804 11044 21071 30009 40111 52012 77072 8652/ 333 86619=
 22695 42/// /2602 11048 21078 39936 40091 52011=
 22996 41996 82201 11005 21011 39917 40103 51007 77172 8802/=
 23220 41496 82407 11038 21050 39777 49918 52017 77173 887// 333 91013 91113=
 23226 41422 82710 11044 21050 39692 49906 52018 73873 889// 333 
 88910 91014 91116 92985=
 23305 42/// /2606 11027 21046 39996 40023 52012 333 91111=
 23320 86/// /2504 11030 21045 39910 49983 53018 333 91110=
 23324 41579 72605 11024 21054 39888 49965 52017 73683 87900 333 86623
 91111=
 23405 41470 82603 11047 21067 39948 40049 52012 70232 
 885// 333 88613 91110=
 23410 86/// /2406 11030 21056 39902 49999 52020 333 91012 91112=
 23411 42/// /2606 11034 21051 39928 40017 52018 333 91010 91112=
 23412 41498 82707 11031 21054 39907 40004 52019 77173 8477/ 333 91011 91112=
 23416 NIL=
 23418 41465 72505 11034 21073 39959 40034 52019 72682
 87900 333 86618 =
 23503 42/// /2804 11032 21066 30000 40051 51015=
 23507 86/// /2904 11053 21062 39760 40076 52011 333 91111=
 23509 42/// /2504 11035 21067 39990 40069 52013=
 23514 41597 72503 11044 21058 39857 40056 52014 78583 87900 333 85923 91110  93400=
 23518 42498 82703 11033 21049 39956 40048 52018 889// 333 86710=
 23606 42462 82804 11046 21070 39901 40075 52013
 885// 333 88612=
 23701 NIL=
 23704 86/// /2902 11052 21052 39926 40039 55004=
 23707 81498 82901 11059 21071 39975 40110 52012 70282 889// 333 85911  93401=
 23708 42/// /3003 11058 21075 39954 40107 52010=
 23709 42/// /2902 11053 21074 39849 40072 52009=
 23711 42998 72703 11041 21067 39911 40083 52012 87030=
 23803 42599 83002 11042 21076 39921 40103 51008 885//=
 23804 81496 83201 11050 21058 39958 40107 52010 77072 8452/ 333  93400=
 23807 41496 83001 11014 21022 39940 40102 52007 78582 8595/ 333 84914=
 23808 86/// /3102 11018 21024 39933 40102 52008=
 23812 42/// /3102 11047 21065 39929 40094 51005=
 23904 41328 82501 11006 21010 39947 40104 52003 77372 8772/ 333 87707=
 23905 41597 82402 11013 21021 39873 40101 52001 77372 8802/=
 23909 41497 82402 11016 21025 39856 40102 57002 77172 8671/ 333
 93401=
 23912 42498 82302 11011 21019 39905 40098 54000 8655/ 333 93401=
 23913 41597 81801 11014 21030 39870 40100 50004 77172 8872/ 333
 93401=
 23914 81496 82502 11019 21029 39842 40100 57002 77172 8672/ 333
 93403=
 28013 41397 82102 11017 21030 39873 40105 57002 77172 8571/=
 28016 41495 82302 11013 21014 39885 40113 50001 77372 8271/=
 28029 41597 82103 11027 21036 39894 40116 57002 77172 8352/=
 28116 41496 82202 11024 21032 39888 40121 54000 77172 8672/=
 28128 41597 82102 11031 21038 39975 40131 57001 77172 8602/=
 28134 41495 81901 11043 21055 39776 40133 57001 77272 8572/ 333
 93402=
 28138 41598 81902 11066 21076 39562 40144 54000 70282 885//=
 28216 41895 82103 11036 21045 39839 40142 54001 77372 8802/ 333
 93401=
 28222 41597 81902 11032 21041 39941 40139 54001 77172 8872/ 333
 93400=
 28224 41427 82104 11033 21048 39928 40145 57002 77372 8802/ 333
 93400=
 28234 41596 82004 11047 21066 39866 40151 57003 77372 885// 333
 93401=
 28238 41599 82203 11048 21067 39846 40156 57003 77172 885//=
 28313 41596 82103 11030 21044 39955 40151 57003 77372 8802/ 333
 93400=
 28319 41496 82404 11034 21049 39998 40166 58002 77177 8802/=
 28321 41594 82203 11035 21042 39942 40149 54001 77372 8802/ 333
 93401=
 28324 41896 82202 11025 21049 30037 40160 58003 77172 8802/=
 28326 41596 82204 11036 21050 39966 40157 57005 77172 8802/=
 28413 41498 82202 11036 21063 30047 40172 54000 72187 887//=
 28428 41495 82103 11045 21069 39991 40181 58002 77372 8802/ 333
 93400=
 28429 41595 82305 11064 21075 39760 40185 57005 77373 8802/ 333
 91110=
 22983 41574 83101 11010 21020 30008 40114 52012 70272 8555/ 333 91001
 91102=
 27083 41459 82601 11007 21018 39886 40109 52005 77172 8802/ 333 91002
 91103=
 27097 41964 82302 11016 21019 39855 40119 52004 77172 8802/ 333 91004
 91104=
 27185 41997 82102 11010 21023 39943 40129 50001 77172 8801/ 333 91005
 91105=
 27199 41396 82402 11024 21033 39934 40134 52003 77172 8772/ 333 91004
 91105 93401=
 27281 41412 82303 11025 21033 39931 40141 52005 77572 8872/ 333 91004
 91107=
 27283 41436 82403 11024 21035 39971 40130 52004 78582 889// 333 91006
 91107=
 27295 41569 82002 11035 21046 39891 40147 52002 77172 8802/ 333 91005
 91105 93400=
 27296 41497 82403 11029 21051 39919 40141 52002 70272 8802/ 333 91006
 91107=
 27385 415// 82302 11030 21046 30028 40160 52003 77172 8257/ 333 91005
 91106=
 27393 41496 82305 11035 21048 39985 40159 52002 77173 8677/ 333 91008
 91108=
 27480 41445 82303 11033 21048 30041 40172 52003 77772 886// 333 91006
 91106 93401=
 28007 41322 82402 11020 21031 39855 40120 52001 77382 8872/ 333 88709
 91005 91105=
 28009 41445 82302 11013 21033 39907 40118 52001 78582 889// 333 91004
 91105=
 28105 41459 82303 11021 21029 39925 40127 52002 77172 8872/ 333 91004
 91106 93401=
 28202 41963 82502 11029 21048 39911 40136 52002 77172 8807/ 333 91005
 91106=
 28302 41598 82303 11034 21049 39919 40152 52002 73672 8597/ 333 91006
 91107=
 28307 41497 82002 11032 21058 30018 40165 51004 77775 886// 333 91005
 91107 93400=
 28402 41441 82204 11043 21053 39985 40168 52004 77175 8662/ 333 91006
 91107 93402=
 28502 41998 82207 11051 21076 30080 40187 52005 73673 8807/ 333 91009
 91109=
 22550 81497 72604 11053 21071 30124 40134 52015 72622 86680 333
 86619=
 22778 41498 73103 11062 21076 30070 40141 52015 72475 87600=
 22889 42/// /2803 11024 21036 30030 40118 52017=
 22762 41496 82902 11046 21048 30108 40148 52015 78787 8697/=
 22638 46/// /2500 11103 21115 39948 40184 52018=
 22671 42398 72702 11044 21052 30037 40118 52014 87600 333 86709=
 22456 42997 62702 11057 21058 30019 40109 52011 80001=
 22583 42598 72803 11043 21063 30001 40083 52013 87500=
 22749 NIL=
 22951 41498 73201 11047 21053 39882 40171 52019 70282 87900=
 22887 41399 82905 11048 21061 30058 40130 52024 70282 8655/
 333 85709=
 22876 42497 82902 11052 21059 30059 40134 51018 885// 333 88614=
 22481 42/// /2704 11054 21058 30017 40071 52010=
 22854 42298 73102 11058 21063 39873 40171 52017 87600 333 87705=
 22781 NIL=
 22676 41496 82904 11039 21065 30038 40118 52009 77072 885//=
 22648 NIL=
 22559 41597 62603 11056 21073 30119 40136 52015 70272 82931=
 22869 42297 83403 11057 21064 30000 40153 52020 886// 333 86705=
 22768 42497 83003 11050 21064 30101 40152 52014 885// 333 88616=
 22798 41498 70000 11058 21070 30002 40118 52012 70262 86930 333
 93401=
 22375 46/// /2604 11037 30040 40056 52012=
 23207 41498 82505 11026 21045 39980 40003 52010 72622 889//=
 23215 NIL=
 23219 NIL=
 27095 86/// /2202 11008 21009 39895 40125 52006=
 22408 42999 81301 11116 21127 30025 40183 52006 80005 333   93501=
 22511 42998 32502 11082 21106 30061 40187 52012 81049=
 22529 42999 02503 11078 21105 30160 40167 52014=
 22602 42999 12702 11096 21108 39976 40213 52013 80001 333   93503=
 22621 83/70 /2703 11087 21107 30044 40190 52014=
 22619 42984 02604 11085 21104 30030 40196 52015=
 22721 42998 03002 11076 21095 30093 40196 52017=
 22727 86/70 /2902 11062 21085 30159 40209 52018=
 22717 83/70 /2702 11069 21078 30022 40224 52017=
 22802 42399 83201 11037 21054 30205 40229 52013 886// 333   88709=
 22820 42570 22704 11060 21079 30067 40209 52016 81530=
 22831 42398 83203 11051 21067 30137 40194 52022 8872/ 333   88706=
 22805 42598 83302 11028 21040 30208 40228 52015 885//=
 22912 42499 83201 11045 21056 30203 40219 52023 885// 333   88617=
 
