18:31:00 MSK 18.01.2023
020 123456/=о000=1531
 уйту01 бтул 181500
 22686 12498 81402 11068 21085 30131 40234 53001 60002 8657/ 333 11067 86614 555 51061 53008=
 22695 12498 81303 11073 21096 30069 40228 56002 60002 887// 333 11073
 87712 555 51069 53006=
 22996 12998 71803 11081 21122 30089 40285 53002 69902 87070 333 11055
 555 51085 53009=
 23220 11496 82005 11079 21091 30085 40233 52004 60022 77173 8872/ 333 11061 555 51070 53010=
 23226 11321 82007 11092 21103 30002 40226 52008 60042 77372 887// 
 333 11064 86709 91010 91111 93401 555 51078 53013=
 23305 11484 81905 11061 21074 30207 40236 52009 69922 70232 886// 333
 11028 88711 555 51035 53009=
 23320 76/// /2306 11084 21120 30179 40255 52006 333 60002 91011 91112 555 51073 53012=
 23324 12681 82304 11086 21110 30169 40250 52008 60002 885// 333 11079
 88640 555 51075 53011=
 23405 12497 81703 11062 21074 30141 40244 52006
 69902 885// 333 11035 88611 555 51044 53008=
 23410 76/// /1707 11087 21106 30150 40251 52004 333 60002 91110=
 23411 11599 82006 11067 21076 30152 40245 51004 69962 73632 885// 333
 11044 555 51050 53009=
 23412 11498 81804 11072 21089 30148 40248 52005 69932 77172 8277/ 333
 11052 555 51057 53009=
 23416 NIL=
 23418 12465 81403 11086 21105 30194 40272 52008 69922
 886// 333 11085 88713 555 51081 53007=
 23503 12398 82002 11072 21094 30207 40259 52006 69902 887// 333 11053 85709 555 51051 53006=
 23507 86/// /1902 11090 21092 39931 40256 52003 333 11065 555 51069 53005=
 23509 12598 81703 11075 21097 30184 40266 54001 60002 885// 333
 11071 88622 555 53006=
 23514 12497 82103 11085 21095 30066 40272 52005 69902 885// 333 11082 88617 555 51078 53007=
 23518 12497 81904 11094 21111 30193 40290 52004 69942 886// 333 11094
 84716 555 51103 53008=
 23606 12560 81802 11083 21102 30094 40275 54000
 60002 885// 333 11082 88625 555 51083 53006=
 23701 12981 71101 11099 21107 30127 40264 58005 60002 82031 333 11078
 555 51084 53006=
 23704 76/// /1603 11078 21078 39926 40039 55004 333 60002=
 23707 62998 41602 11074 21089 30121 40259 57001 69912 80002 333 11071 555 51083 53005=
 23708 12984 81503 11082 21097 30123 40280 57005 69942 84031 333 11073 555 51090 53006=
 23709 12998 71801 11084 21099 30094 40297 58003 69932 87030 333 11071
 555 51092 53005=
 23711 12498 81702 11087 21103 30120 40298 54000 69962 8697/ 333 11087 86917 555 51103 53006=
 23803 12999 61502 11089 21118 30111 40300 57003 60022 80001 333 11070
 555 51093 53006=
 23804 62997 61903 11071 21095 30114 40265 54000 69952 82031 333 11062
 555 51082 53005=
 23807 11997 82006 11080 21102 30110 40280 53005 69912 73632 8805/ 333
 11058 555 51084 53009=
 23808 66/// /1403 11083 21100 30116 40293 50002 60002 333 11064=
 23812 11497 82003 11087 21109 30146 40318 58001 69982 72622 889// 333
 11087 88919 934// 555 51115 53007=
 23904 11980 81903 11091 21113 30133 40299 51005 60002 70232 84036 333
 11058 91110 555 51089 53010=
 23905 12999 01702 11096 21118 30068 40309 52002 69902 333 11060 555
 53006=
 23909 12898 52003 11089 21115 30065 40323 52002 69902 82071 333
 11065=
 23912 12998 81703 11097 21115 30132 40336 57003 69952 80005 333 11090
 555 53007=
 23913 11599 81501 11088 21113 30105 40348 57003 69942 70272 885// 333
 11088 555 53007=
 23914 12998 21603 11109 21130 30066 40340 54000 69992 80001 333
 11093=
 28013 12898 61803 11101 21134 30089 40334 57005 69922 86020 333 11074
 555 53008=
 28016 12898 71801 11098 21130 30097 40337 53003 69902 87050 333 11066
 555 53006=
 28029 12899 31804 11088 21113 30119 40351 57003 69922 83070 333 11080
 91110 555 53010=
 28116 12899 82002 11105 21126 30102 40348 57001 69902 86015 333
 11070=
 28128 12899 81901 11110 21134 30200 40365 57006 69902 83031 333 11078
 555 53006=
 28134 12898 62201 11114 21142 39998 40374 57005 69922 83015 333 11085
 555 53006=
 28138 12999 02102 11121 21160 39781 40389 57001 69922 333 11091=
 28216 12699 61804 11110 21134 30052 40371 54000 69902 82505 333 11097
 555 53009=
 28222 12898 81803 11087 21121 30163 40370 57004 60002 8805/ 333 11077
 555 53006=
 28224 12670 61802 11097 21134 30150 40378 57004 69902 84530 333
 11077=
 28234 12898 71704 11096 21161 30092 40389 57004 60002 87030 333 11084
 555 53007=
 28238 12999 32901 11138 21164 30073 40403 54001 69902 80001 333 11074
 555 53007=
 28313 12998 51904 11099 21129 30175 40381 54001 60002 80001 333 11093
 555 53007=
 28319 12598 72202 11099 21162 30220 40395 53003 60002 83530 333
 11086=
 28321 12899 71904 11109 21136 30165 40383 52002 60002 87070 333
 11104=
 28324 12899 81803 11100 21172 30264 40394 53006 60002 85045 333 11085
 555 53006=
 28326 12998 32001 11106 21175 30196 40396 57003 60002 80001 333 11079
 555 53006=
 28413 12599 61603 11105 21172 30262 40394 50002 60002 82535 333 11086
 555 53007=
 28428 12998 42102 11120 21191 30211 40411 52002 60002 80001 333 11091
 555 53005=
 28429 12998 02202 11109 21169 39971 40413 54000 60002 333 11061 555
 53005=
 22983 11569 81701 11065 21087 30154 40263 52010 69902 76662 885// 333
 11052 91004 91106 93400 555 51073 53006=
 27083 12984 01903 11090 21123 30048 40282 52003 60002 333 11066 91005
 91109 555 51090 53010=
 27097 12598 81604 11090 21112 30028 40305 52002 60002 8654/ 333 11082
 91006 91107 555 51098 53010=
 27185 12998 81602 11080 21123 30112 40306 52004 60002 8807/ 333 11073
 91004 91105 555 51091 53007=
 27199 12998 71702 11086 21124 30115 40324 52002 60002 85081 333 11075
 91004 91105 555 51092 53008=
 27281 12984 61504 11077 21131 30086 40304 52006 60002 85075 333 11069
 91006 91107 555 51086 53008=
 27283 12997 21703 11086 21127 30143 40308 52004 60002 80001 333 11077
 91005 91106 555 51091 53009=
 27295 12997 61503 11088 21126 30064 40331 52005 60002 80009 333 11080
 91006 91107 555 51095 53008=
 27296 12997 61703 11090 21129 30102 40333 52005 60002 86030 333 11087
 91007 91107 51097=
 27385 129// 61704 11090 21121 30187 40323 52006 60002 82031 333 11072
 91005 91105 555 51086 53007=
 27393 12998 82103 11090 21112 30172 40354 52006 60002 8007/ 333 11087
 91005 91107 555 51096 53010=
 27480 12998 01602 11091 21127 30190 40326 52007 60002 333 11059 91004
 91105 555 51082 53007=
 28007 12499 81802 11096 21125 30044 40322 52001 60002 885// 333 11084
 88613 91004 91106 555 51101 53008=
 28009 12998 81903 11090 21125 30108 40330 54000 60002 8807/ 333 11078
 91004 91106 555 51093 53008=
 28105 12998 82003 11084 21127 30117 40328 52002 60002 8807/ 333 11078
 91006 91107 555 51094 53008=
 28202 12997 21904 11097 21131 30109 40344 52003 60002 82030 333 11083
 91005 91107 555 51097 53010=
 28302 12997 81803 11084 21110 30116 40359 52005 69902 8807/ 333 11083
 91006 91106 555 51094 53007=
 28307 12498 81402 11089 21116 30201 40355 52004 60002 885// 333 11082
 91004 91105 555 51094 53007=
 28402 12982 81903 11082 21116 30176 40366 52004 69902 8807/ 333 11070
 91004 91107 555 51087 53009=
 28502 12997 81602 11097 21152 30267 40378 52005 60002 80001 333 11066
 91003 91104 555 51094 53007=
 22550 11458 81404 11039 21053 30145 40155 57004 69902 78583 889// 333 11025 88712 91110 555 51026 53010=
 22778 11596 81404 11046 21059 30146 40218 52005 69952 78582 889// 333
 11046 555 51056 53006=
 22889 11496 81402 11061 21083 30171 40261 53008 69982 76876 8702/ 333
 11053 87514 555 51075 53007=
 22762 11396 81303 11037 21040 30149 40189 54001 69972 77172 8677/ 333
 11037 555 51040 53007=
 22638 46/// /1703 11014 21021 39887 40115 52009=
 22671 12498 81603 11052 21060 30111 40193 57002 60002 885// 333 11043
 88611 555 51042 53008=
 22456 12497 81402 11044 21046 30073 40163 58005 60002 886// 333 11023
 555 51026 53007=
 22583 12584 71402 11063 21082 30136 40220 57003 60002 875//
 333 11035 555 51043 53007=
 22749 NIL=
 22951 12498 82104 11023 21028 39891 40178 52005 60012 886// 333 11023
 555 51039 53009=
 22887 11496 81304 11049 21062 30166 40239 53007 69942 78382 
 8695/ 333 11044 86918 555 51063 53010=
 22876 11496 81402 11042 21052 30154 40231 52006 69972 78582 889// 333
 11041 88917 555 51058 53007=
 22481 11598 81404 11055 21055 30144 40199 57005 69902 70282 
 885// 333 11020 555 51031 53009=
 22854 12298 81604 11024 21029 39879 40170 53006 69972 886// 333 11024
 88706 555 51041 53008=
 22781 NIL=
 22676 12498 81303 11053 21072 30125 40205 57003 60002 885// 333 11053 555 51048 53009=
 22648 NIL=
 22559 11596 81402 11041 21054 30151 40168 57004 69902 77172 8552/ 333
 11031 85626 555 51030 53009=
 22869 11397 81603 11033 21044 30061 40214 52007 60012 77172 887// 333 11033 86709 555 51049 53007=
 22768 11596 81703 11026 21040 30141 40192 52003 69952 77172 8657/ 333 11025 86621 555 51039 53008=
 22798 12497 81603 11061 21078 30134 40252 56001 69922 8655/ 333 11061
 86617 555 51079 53005=
 22375 46/// /1705 11049 30167 40182 57003=
 23207 12499 81904 11027 21058 30187 40210 52009 60002 885// 333 11014
 555 51018 53009=
 23215 NIL=
 23219 NIL=
 27095 76/// /1604 11091 21112 30072 40314 51004 333 60002 555 51095 53009=
 22408 21459 81504 11018 21028 39895 40045 57001 77173 8872/ 333  
 60042 88510=
 22511 21477 81403 11007 21019 39931 40052 52002 72273 886// 333  
 60062 88710 92980=
 22529 21598 81403 11014 21025 30091 40098 52002 70272 885// 333  
 60022 88623=
 22602 21473 81803 10003 21003 39822 40047 52015 70272 885// 333  
 60052 88613=
 22621 73258 /1503 11001 21012 39944 40084 52008 333   60022=
 22619 22398 81602 10004 21009 39913 40072 52009 886// 333   60012
 88709=
 22721 22297 81302 10003 20000 39993 40092 52007 886// 333   60042
 88703=
 22727 NIL=
 22717 73/42 /1502 10003 20000 39883 40076 52009 333   60052=
 22802 22498 81502 10013 20010 30039 40062 52009 889// 333   60032=
 22820 21296 81805 10009 20001 39961 40098 52011 71022 886// 333  
 60022 88705=
 22831 22397 81302 10004 21009 30071 40127 52010 889// 333   60052
 88909=
 22805 225// 81407 10017 20014 30048 40068 52011 885// 333   60032=
 22912 22584 81303 10015 20006 30070 40085 52008 885// 333   69982
 88622=
 
