12:31:00 MSK 09.09.2023
010 111/=о000=0931
 уйту01 бтул 090900
 22686 82498 83602 10110 20089 30143 40240 52002 885// 333 88612=
 22695 42598 80302 10121 20083 30075 40223 51001 885//=
 22996 82998 20103 10172 20127 30022 40198 51003 80008=
 23220 42599 82301 10120 20056 30080 40217 58005 8553/=
 23226 42560 82804 10122 20063 30006 40213 58003 885// 333 88620=
 23305 42799 31802 10136 20082 30202 40229 58009 81505=
 23320 86/// /0502 10133 20037 30157 40227 57006=
 23324 42984 72601 10116 20055 30154 40229 58007 87070=
 23405 42470 72101 10106 20081 30142 40239 52002
 87900 333 85913=
 23410 86/// /0601 10143 20044 30133 40225 57006=
 23411 42599 21903 10143 20073 30142 40228 58008 81101=
 23412 42999 11902 10136 20060 30134 40227 58007 =
 23416 NIL=
 23418 42965 12902 10151 20067 30153 40224 58002 80001=
 23503 42598 33502 10153 20084 30180 40228 57004 83500=
 23507 86/// /1101 10101 20101 39931 40234 54001=
 23509 42498 63401 10132 20093 30153 40229 58002 85530 333 85621=
 23514 42997 20301 10162 20077 30031 40218 57002 80005=
 23518 42698 50202 10170 20096 30125 40212 57002 81105=
 23606 42262 83401 10121 20116 30064 40226 52002 886// 333 88706=
 23701 41480 83502 10123 20111 30106 40231 54001 70252 886// 333
 88711=
 23704 86/// /3502 10129 20127 39868 49979 53050=
 23707 81498 83603 10138 20120 30092 40219 52001 70252 886// 333 88710=
 23708 42481 70502 10154 20112 30075 40218 54001 87700 333 86615=
 23709 82998 80302 10163 20099 30028 40212 54001 8805/=
 23711 42397 80202 10139 20116 30051 40214 51002 886// 333 88708=
 23803 42999 80102 10176 20080 30034 40205 54000 80001=
 23804 82397 83501 10140 20126 30074 40214 52002 887// 333 86709=
 23807 81496 80103 10140 20133 30060 40215 52002 71022 886// 333 85612=
 23808 86/// /3303 10151 20116 30049 40210 54000=
 23812 42997 60601 10205 20037 30043 40196 58005 80002=
 23904 42970 40202 10183 20113 30050 40198 50002 82031=
 23905 82999 00103 10194 20084 39974 40188 54000=
 23909 82598 60504 10199 20069 39952 40182 57001 84101=
 23912 82599 60604 10197 20044 30005 40186 57002 82101=
 23913 82599 31203 10199 20011 39967 40183 57009 82101=
 23914 82499 70803 10187 20051 39940 40182 57002 83504=
 28013 82698 60403 10185 20070 39959 40177 54001 85202=
 28016 82599 60902 10196 20104 39962 40173 54000 86200=
 28029 82699 20405 10197 20064 39957 40163 57004 82100=
 28116 82499 30103 10188 20124 39947 40164 57002 83400=
 28128 82599 20403 10193 20079 30015 40159 57002 82500=
 28134 82598 20501 10196 20064 39827 40156 57003 82100=
 28138 42599 50306 10163 20043 39619 40156 54000 85100 333 91011
 91111=
 28216 82599 40404 10186 20083 39866 40146 52002 84800 333 91110=
 28222 82698 60703 10199 20065 39969 40151 54001 85201=
 28224 82670 50704 10190 20083 39944 40144 52002 85100=
 28234 82598 20502 10192 20049 39883 40144 57002 82200=
 28238 82599 50707 10183 20051 39855 40140 57002 85100 333 91011
 91113=
 28313 82598 70504 10192 20078 39960 40140 52002 87500 333 91010
 91110=
 28319 82598 30603 10201 20093 39972 40124 54000 83100=
 28321 82699 30805 10193 20080 39947 40138 52002 83200 333 91010
 91110=
 28324 82599 60605 10198 20069 30013 40126 54001 86200=
 28326 82898 60603 10197 20091 39953 40128 57001 82031 333 91111=
 28413 82599 50402 10194 20074 30002 40116 52003 85100 333 91110=
 28428 82598 50606 10201 20053 39928 40100 52002 82501 333 91011
 91113=
 28429 82698 60505 10177 20078 39714 40101 52002 82106 333 91010
 91112=
 22983 42498 80101 10149 20119 30119 40220 52005 8793/ 333 91003
 91105=
 27083 42699 20103 10185 20110 39982 40192 52003 81101 333 91006
 91107=
 27097 42998 60102 10181 20130 39939 40186 52006 86030 333 91005
 91107=
 27185 42698 60103 10183 20132 30007 40180 52006 86800 333 91006
 91107=
 27199 42598 50203 10197 20123 39982 40168 52003 82170 333 91007
 91108=
 27281 42582 50205 10194 20126 39977 40172 52006 85100 333 91007
 91108=
 27283 42598 20305 10207 20134 30021 40167 52005 82230 333 91008
 91108=
 27295 42998 43502 10199 20116 39923 40159 52005 80001 333 91006
 91107=
 27296 42998 20304 10193 20110 39954 40158 52005 80001 333 91007
 91107=
 27385 425// 50103 10186 20131 30031 40152 52005 83530 333 91007
 91108=
 27393 42598 20705 10207 20091 39989 40148 52005 81140 333 91009
 91111=
 27480 41598 70404 10175 20137 30032 40153 52009 70282 85530 333 91007
 91107=
 28007 42699 60203 10186 20111 39932 40178 52003 84530 333 91005
 91107=
 28009 42698 60701 10200 20094 39977 40174 54000 86200 333 91005
 91106=
 28105 42598 60402 10193 20128 39987 40169 52001 86200 333 91005
 91106=
 28202 41981 50503 10189 20123 39948 40156 52005 70282 84031 333 91005
 91108=
 28302 42598 70303 10185 20099 39931 40146 52005 82930 333 91008
 91110=
 28307 42498 20304 10213 20063 39999 40133 52003 82100 333 91009
 91109=
 28402 42698 60307 10208 20073 39958 40125 52005 86201 333 91012
 91113=
 28502 42598 50606 10218 20046 30010 40106 52001 84401 333 91011
 91112=
 22550 82997 02302 10171 20081 30225 40235 57005=
 22778 42598 83502 10120 20092 30175 40242 52003 8657/=
 22889 42/// /0102 10136 20119 30142 40225 52005=
 22762 NIL=
 22638 46/// /2401 10165 20097 30023 40239 57003=
 22671 42598 80000 10137 20088 30162 40241 58001 885// 333 88621=
 22456 42998 02303 10171 20069 30136 40220 57006=
 22583 41598 61201 10136 20096 30156 40234 58005 70225 86500=
 22749 NIL=
 22951 42498 80101 10106 20089 39982 40258 52003 886//=
 22887 41399 83202 10126 20114 30160 40228 52004 70252 886//
 333 88709=
 22876 42497 83301 10124 20113 30167 40238 52004 886// 333 88711=
 22481 42/// /2104 10156 20077 30182 40236 54000=
 22854 42299 80000 10104 20087 39975 40258 52004 886// 333 88706=
 22781 NIL=
 22676 42498 82601 10119 20097 30164 40239 58002 885//=
 22648 NIL=
 22559 82598 22303 10170 20090 30224 40240 57005 82200=
 22869 42497 80102 10130 20104 30102 40246 52004 886// 333 88712=
 22768 41397 80403 10115 20092 30198 40247 52002 70252 886// 333
 85708=
 22798 42598 80000 10132 20120 30119 40228 52003 885//=
 22375 46/// /2404 10159 20077 30198 40212 57006=
 23207 42499 12403 10144 20072 30195 40217 57009 81100=
 23215 NIL=
 23219 NIL=
 27095 NIL=
 22408 42999 22203 10190 20136 30053 40194 57002 80001=
 22511 42998 02204 10199 20124 30086 40200 57004=
 22529 42999 02103 10191 20121 30214 40220 57003=
 22602 42999 22304 10176 20123 30004 40219 52002 8203/=
 22621 83/70 /2104 10188 20118 30093 40226 57002=
 22619 42498 22502 10184 20117 30077 40228 52001 82500=
 22721 42999 01101 10161 20109 30149 40243 57001=
 22727 86/70 /1901 10168 20097 30206 40252 54000=
 22717 83/70 /2201 10176 20102 30056 40245 57001=
 22802 41599 31702 10183 20119 30226 40248 52004 70240 81131=
 22820 42970 02101 10168 20071 30120 40251 52001=
 22831 42698 32201 10168 20094 30200 40253 57002 83100=
 22805 42998 01503 10182 20127 30230 40254 52006=
 22912 42599 22201 10169 20090 30242 40257 52003 81101=
 
