15:31:00 MSK 13.07.2023
020 123456/=о000=1231
 унту01 бтул 131200
 22686 81497 80703 10158 20146 39956 40049 52015 76162 8657/ 333 86613
 555 11017=
 22695 41497 80803 10157 20134 39898 40042 52015 78082 889// 333 85918
 91110 555 12016=
 22996 81598 62001 10170 20133 39871 40045 51014 70282 85930 555 12023=
 23220 42599 11104 10174 20051 30033 40167 57001 81100 555 11018=
 23226 42960 03403 10179 20036 39964 40167 57006 555 10026=
 23305 42999 20706 10235 20079 30089 40115 53002 82030 333 91010 91112
 555 10034=
 23320 86/// /1106 10205 20049 30069 40137 52002 333 91111=
 23324 42989 10904 10199 20068 30080 40153 56001 80002 333 91111 555
 10032=
 23405 42576 81103 10174 20113 30014 40107 52006 8355/ 
 555 10018=
 23410 86/// /0707 10206 20065 30030 40120 52005 333 91012 91114 555 50157 53014=
 23411 42599 60905 10214 20090 30031 40113 53003 85905 333 91111 555
 11027=
 23412 42699 31006 10202 20079 30030 40120 53006 82530 333 91011 91112 555 10027=
 23416 NIL=
 23418 42965 71404 10174 20092 30047 40116 52013 87030
 555 11021=
 23501 NIL=
 23503 42698 81403 10157 20111 30065 40112 52013 8357/ 333 91110 555 10018=
 23507 86/// /0901 10124 20124 39788 40083 52010=
 23509 41497 80703 10143 20095 30018 40092 52012 76162 8652/ 333 86618
 555 11015=
 23514 41497 80905 10122 20116 39922 40110 52016 78086 889// 333 86710
 91010 91110 555 11013=
 23518 42/// /0904 10118 20099 30032 40120 51013 333 91111 555
 1/013=
 23606 41256 81004 10131 20131 39921 40079 52013 78182 889// 333 86706  91110 555 11015=
 23612 NIL=
 23701 41571 71001 10180 20170 39935 40055 52014 72582 84970 555 11022=
 23704 86/// /1402 10185 20163 39926 40039 55004 555 53010=
 23707 81598 70802 10191 20147 39917 40039 52009 70282 86930 333 84620 555 11022=
 23708 41598 71602 10201 20133 39916 40054 52010 70282 84930 555 11023=
 23709 41598 71501 10199 20143 39881 40060 52009 72522 87300 333 84930
 555 11025=
 23711 41398 80802 10145 20132 39921 40081 52008 70282 889// 333 85709 555 11016=
 23803 42699 71802 10196 20133 39889 40055 51006 85690 555 11021=
 23804 81597 72002 10182 20147 39908 40043 52012 70282 86330 555 12021=
 23807 42/// /2104 10151 20149 39900 40051 53016 555 1/021=
 23808 86/// /1803 10208 20129 39897 40052 51011=
 23812 41597 72003 10196 20119 39920 40071 52010 70282 87900 555 11023=
 23904 41570 72004 10195 20135 39907 40053 51010 70282 86330 333 86924
 555 11027=
 23905 81599 61802 10183 20125 39847 40059 52011 70282 83950 555
 11022=
 23909 81598 71804 10186 20118 39839 40067 52009 70282 87300=
 23912 81597 71901 10184 20139 39896 40075 52008 78082 86901 555
 11022=
 23913 82599 72402 10211 20104 39866 40078 52008 87900 555 11020=
 23914 81499 71702 10185 20137 39834 40073 52007 72582 87980=
 28013 81598 62303 10189 20110 39853 40068 52009 72582 83930 555
 11026=
 28016 81599 72002 10200 20126 39859 40067 51007 70282 87900 555
 11026=
 28029 81499 72203 10190 20120 39871 40075 52003 70282 84270 555
 11024=
 28116 81599 72202 10194 20112 39856 40071 52005 70381 87900=
 28128 82899 81702 10200 20123 39936 40079 54000 86031 333 91110 555
 10039=
 28134 82598 72301 10192 20125 39752 40078 57001 87400 555 11029=
 28138 42599 72702 10178 20105 39551 40081 54000 87200=
 28216 81599 52402 10212 20081 39796 40071 50000 70182 82930 555
 10039=
 28222 81598 82001 10214 20112 39896 40076 57004 70282 84251 555
 11032=
 28224 82670 70000 10202 20103 39878 40076 57004 86201=
 28234 82599 62702 10207 20095 39823 40081 57007 84230 555 10027=
 28238 82599 72903 10206 20098 39797 40079 57010 86201 555 11028=
 28313 82598 62302 10210 20074 39895 40073 50001 86200 555 10030=
 28319 82599 72402 10218 20074 39925 40075 57003 85430=
 28321 82599 71701 10204 20100 39886 40075 57003 87100=
 28324 82598 62102 10237 20048 39961 40072 57008 84901 555 10047=
 28326 82598 62502 10212 20101 39905 40078 57005 85801 333 91110 555
 10033=
 28413 82599 72702 10225 20060 39959 40072 57004 86302 555 11029=
 28428 82599 63202 10235 20060 39903 40073 57009 86900 555 10046=
 28429 82598 62703 10225 20068 39694 40074 58008 84931 555 10044=
 22983 41498 71802 10184 20127 39940 40038 52015 70282 84950 333 91004
 91107 555 12025=
 27083 41599 81701 10135 20120 39837 40048 52015 72186 885// 333 91002
 91109 555 11017=
 27097 41498 82001 10156 20130 39808 40054 52010 70282 8637/ 333 91002
 91106 555 12021=
 27185 41598 71501 10170 20126 39877 40049 51006 70282 86301 333 91002
 91108 555 11023=
 27199 41598 71501 10179 20123 39875 40059 52007 70282 85331 333 91003
 91106 555 12025=
 27281 41482 71904 10172 20099 39853 40047 52008 70282 83972 333 91006
 91109 555 11024=
 27283 41498 70000 10160 20129 39908 40055 52006 72522 87900 333 91002
 91105 555 12022=
 27295 42598 71902 10180 20109 39822 40058 51004 84574 333 91004 91105
 555 11026=
 27296 41598 70701 10188 20112 39857 40060 52004 78082 87900 333 91003
 91106 555 12026=
 27385 415// 62901 10179 20113 39933 40053 52004 70282 85530 333 91002
 91105 555 11021=
 27393 41598 62004 10197 20097 39906 40065 52002 70282 83940 333 91006
 91107 555 11026=
 27480 41498 81402 10165 20131 39936 40057 52005 70282 889// 333 91003
 91106 555 12021=
 28007 42599 81701 10171 20107 39817 40062 52009 8635/ 333 91002 91106
 555 11020=
 28009 41498 82302 10179 20106 39871 40068 52007 70282 86901 333 91004
 91106 555 12021=
 28105 41598 71602 10174 20115 39883 40063 52007 70182 86230 333 91004
 91106 555 11022=
 28202 42583 62302 10177 20102 39856 40063 52007 85930 333 91005 91106
 555 11023=
 28302 41598 72203 10207 20080 39851 40063 57002 70282 87900 333 91006
 91107 555 11028=
 28307 41498 72402 10204 20079 39926 40060 50000 70282 86961 333 91005
 91107 555 11030=
 28402 41498 71802 10192 20108 39897 40064 54000 72522 86931 333 91004
 91106 555 11022=
 28502 41598 71802 10196 20090 39972 40068 50000 70282 86501 333 91004
 91109 555 10028=
 22550 82697 70703 10205 20125 30040 40050 53006 87500 333 87638 91110
 555 10023=
 22778 41498 80502 10182 20167 39958 40023 52005 70282 8657/ 555
 11022=
 22889 41498 71603 10189 20143 39956 40036 51016 70182 87800 333 87617
 555 12026=
 22762 81596 80501 10152 20149 39996 40033 52009 71062 8652/ 555
 11018=
 22638 NIL=
 22671 42/// /0904 10180 20127 39969 40043 52008 555 1/019=
 22456 42597 80802 10207 20111 39981 40062 52005 885// 555 10027=
 22583 42698 80702 10169 20109 30000 40076 52011 8657/
 555 11018=
 22749 42498 80403 10150 20124 39904 40022 52018 889// 333 88914 555
 11015=
 22951 41498 81502 10142 20123 39755 40020 52021 70262 881// 555
 1/018=
 22887 41599 71803 10185 20141 39964 40029 52014 
 70282 83931 555 11025=
 22876 41496 81902 10162 20160 39962 40030 52019 78082 889// 333 88710
 555 12019=
 22481 42/// /0905 10202 20104 30036 40085 52007 333 91113 555 1/023=
 22854 42/// /1302 10150 20135 39747 40018 52017 555 1/018=
 22781 NIL=
 22676 41596 80602 10160 20136 39966 40039 52012 78082 889// 333 91110
 555 11017=
 22648 42598 80702 10163 20126 39998 40041 52012 889// 333 88627 555
 10019=
 22559 82698 80903 10193 20119 30036 40051 52009 8657/ 333 86649 555
 11021=
 22869 41497 72102 10185 20138 39885 40023 52013 70282 87900 333 85913
 555 11023=
 22768 41497 80702 10165 20160 39978 40024 52017 78082 889// 333 86912
 555 12019=
 22798 41598 70601 10173 20150 39934 40040 52013 70282 87900 555
 11020=
 22375 NIL=
 23207 42999 20809 10223 20064 30106 40127 57002 80001 333 91013 91115
 555 10033=
 23215 42998 10606 10196 20047 30075 40159 57002 80002 333 91010 91113
 555 11023=
 23219 NIL=
 27095 86/// /1702 10160 20138 39851 40066 52012=
 22408 41999 80503 10190 20093 39935 40074 57009 70282 8007/ 555  
 10027=
 22511 42998 60503 10199 20099 39952 40065 57008 82039 333   91110
 555   10036=
 22529 42599 80502 10175 20115 30047 40053 54000 885// 333   88630
 555   12022=
 22602 41474 70602 10150 20101 39851 40064 52001 72522 86930 333  
 86912 555   11018=
 22621 83570 /3502 10167 20112 39921 40052 52002 555   1////=
 22619 42482 73501 10163 20115 39898 40048 52002 87500 555   11019=
 22721 42698 83001 10167 20115 39950 40042 52005 885// 333   88636
 555   11019=
 22727 86570 /3601 10160 20117 39999 40044 52012 555   1////=
 22717 83/70 /2902 10170 20112 39868 40050 52003 555   1////=
 22802 42699 83102 10177 20109 30039 40061 52005 8655/ 333   86634
 555   11024=
 22820 42469 83402 10149 20119 39914 40043 52009 885// 555   10017=
 22831 42598 70402 10182 20132 39971 40022 52007 87900 333   87924
 555   11022=
 22805 42598 83302 10185 20120 30039 40057 52004 84531 555   10037=
 22912 42599 82902 10158 20119 30032 40046 52006 8733/ 333   86620
 555   11019=
 
