12:31:00 MSK 06.01.2023
010 111/=о000=0931
 уйту01 бтул 060900
 22686 42998 13201 11273 21302 30066 40178 52016 80001=
 22695 42/// /3503 11255 21297 39985 40155 51017=
 22996 42998 60102 11303 21341 39910 40120 52013 82029=
 23220 42999 20802 11268 21310 39991 40149 52003 82030=
 23226 42960 10000 11286 21310 39919 40159 53001 80009=
 23305 42/// /3603 11223 21250 30164 40195 50004=
 23320 86/// /0302 11300 21340 30069 40151 52008=
 23324 42983 50202 11323 21353 30071 40159 52006 81046=
 23405 42970 20104 11248 21273 30075 40186 52018
 80001=
 23410 NIL=
 23411 42/// /0105 11235 21261 30072 40171 51011 333 91110=
 23412 42999 00203 11251 21281 30054 40162 52010=
 23416 NIL=
 23418 41965 23503 11268 21300 30058 40140 52010 70271
 82031=
 23503 NIL=
 23507 NIL=
 23509 42/// /3402 11264 21294 30066 40153 51012=
 23514 41997 20102 11260 21287 39918 40136 53011 70271 80009 333  93609=
 23518 41998 83601 11254 21281 30023 40124 52005 70272 8807/=
 23606 41662 83602 11256 21288 39948 40140 52011 
 70272 82501=
 23701 42/// /0102 11269 21295 30007 40152 51012=
 23704 86/// /0000 11325 21349 39926 40039 55004=
 23707 82998 30204 11265 21333 39989 40136 52015 80005=
 23708 42/// /3402 11290 21325 39962 40130 51010=
 23709 42/// /3401 11294 21335 39849 40072 52009=
 23711 42998 63301 11290 21321 39929 40119 52006 80005=
 23803 42999 80301 11268 21293 39911 40110 53010 85031=
 23804 81997 63501 11285 21313 39965 40128 52013 72211 84021=
 23807 41997 30102 11303 21334 39945 40128 52010 72271 82075=
 23808 86/// /3001 11324 21359 39929 40120 51010=
 23812 42/// /0000 11300 21338 39922 40105 52005=
 23904 42470 83601 11314 21345 39940 40118 51010 885// 333 88616=
 23905 42999 33301 11304 21335 39847 40103 52010 80005=
 23909 41898 83402 11272 21300 39811 40082 52007 70272 86015 333
 93612=
 23912 41898 80000 11298 21329 39869 40085 52003 77672 82045 333
 93503=
 23913 42999 33101 11291 21332 39846 40103 50000 82021=
 23914 81998 63101 11265 21293 39793 40076 52004 70172 80005 333
 93612=
 28013 41897 83602 11248 21281 39814 40067 52003 77172 8801/=
 28016 41897 83602 11226 21260 39819 40065 52004 72272 84015 333
 93508=
 28029 41899 61202 11173 21193 39816 40049 52004 70272 86010=
 28116 41897 80102 11220 21245 39803 40052 52005 77172 84017=
 28128 41998 80401 11172 21195 39880 40043 52002 77672 80004=
 28134 41898 81003 11192 21222 39680 40055 52003 70272 83021=
 28138 82899 80302 11244 21276 39468 40087 52001 8802/=
 28216 41999 03601 11188 21214 39723 40041 52004 70171=
 28222 41897 81401 11148 21170 39835 40040 50001 70272 8807/=
 28224 41857 80000 11135 21158 39810 40034 57001 77172 82075=
 28234 41596 80902 11147 21180 39752 40045 58003 77172 8252/=
 28238 41896 80201 11162 21185 39735 40056 58003 77172 8802/=
 28313 41998 20000 11180 21205 39835 40040 51003 70271 80001 333
 93501=
 28319 41496 82301 11157 21178 39863 40036 53004 77177 8802/=
 28321 41899 53501 11149 21168 39819 40033 52002 70172 85070=
 28324 41897 80000 11128 21159 39903 40029 50000 77372 8802/=
 28326 41496 80901 11122 21147 39839 40034 57004 77172 8802/=
 28413 41599 63102 11165 21194 39910 40040 51005 70272 81531=
 28428 41895 80000 11094 21115 39833 40023 58007 77372 8807/=
 28429 41595 81802 11098 21118 39607 40031 58006 77172 8802/=
 22983 42598 50000 11321 21352 30027 40147 52015 82535 333 91001
 91102=
 27083 42999 30000 11302 21334 39878 40129 52015 83030 333 91000
 91105=
 27097 42998 03401 11304 21334 39823 40120 52014 333 91003 91104=
 27185 42998 13202 11291 21325 39917 40124 51012 80001 333 91004
 91105=
 27199 42998 63201 11291 21321 39882 40104 52012 80004 333 91003
 91103=
 27281 42982 03303 11291 21321 39894 40127 52014 333 91004 91106=
 27283 42998 03304 11298 21329 39932 40108 52014 333 91005 91106=
 27295 42998 03002 11301 21340 39826 40108 52012 333 91004 91104=
 27296 42980 03103 11298 21338 39852 40097 52012 333 91004 91105=
 27385 429// 03102 11286 21319 39970 40114 52010 333 91003 91104=
 27393 42998 03002 11286 21320 39905 40097 52006 333 91003 91103=
 27480 42998 03202 11279 21316 39979 40123 52012 333 91003 91104=
 28007 41999 83403 11287 21322 39805 40098 51016 70232 86035 333 91004
 91106 93516=
 28009 41956 83301 11247 21288 39849 40080 52010 77172 85011 333 91003
 91103=
 28105 42998 63401 11245 21280 39865 40084 51013 82075 333 91003
 91105=
 28202 42973 13103 11265 21301 39827 40072 52009 81030 333 91004
 91104=
 28302 42998 03002 11256 21290 39820 40072 52008 333 91003 91103=
 28307 42998 03003 11285 21324 39930 40091 52009 333 91004 91106=
 28402 42998 23103 11251 21279 39878 40075 52005 80005 333 91004
 91105=
 28502 42998 33104 11254 21293 39959 40074 50006 80001 333 91006
 91108=
 22550 82997 03501 11241 21266 30216 40227 52013=
 22778 42998 23501 11299 21330 30101 40180 52018 80005=
 22889 42/// /3002 11306 21336 30052 40150 52017=
 22762 42998 03001 11252 21273 30157 40200 52018=
 22638 46/// /3300 11163 21181 30000 40244 52011=
 22671 42998 20201 11244 21260 30115 40203 52021 80001=
 22456 42998 00000 11305 21337 30141 40241 52012=
 22583 42998 23201 11272 21299 30110 40201 52017 80001=
 22749 NIL=
 22951 42998 03301 11244 21270 39900 40213 52017=
 22887 42999 43301 11281 21304 30081 40160 52018 80001=
 22876 42997 02902 11276 21302 30085 40167 52017=
 22481 42998 22902 11271 21296 30164 40224 52017 80001=
 22854 42998 03602 11224 21248 39890 40209 52014=
 22781 NIL=
 22676 42998 03001 11308 21340 30106 40195 52020=
 22648 NIL=
 22559 42998 03202 11236 21261 30206 40225 52016=
 22869 41997 00000 11323 21355 30020 40188 52014 70500=
 22768 42997 23602 11245 21273 30134 40190 52016 80001=
 22798 42997 23401 11260 21287 30022 40147 52015 80001=
 22375 46/// /0201 11255 30218 40235 52009=
 23207 42599 82701 11190 21217 30177 40201 57003 8655/=
 23215 NIL=
 23219 NIL=
 27095 86/// /3102 11309 21335 39872 40131 51015=
 22408 42684 83301 11123 21139 30113 40273 52002 883// 333   88933
 93501=
 22511 42698 62901 11112 21130 30135 40264 52003 82532=
 22529 41599 72501 11104 21117 30232 40239 52007 70272 87500 333  
 87630=
 22602 41475 73201 11090 21097 30036 40274 52007 70272 86530 333  
 86615=
 22621 83/68 /3103 11076 21089 30101 40247 52010=
 22619 41459 73004 11079 21096 30080 40247 52011 78582 87900 333  
 85914=
 22721 41498 83001 11083 21096 30141 40244 52011 78582 889// 333  
 85917=
 22727 86766 /0000 11101 21116 30200 40251 52016=
 22717 83/70 /3002 11083 21099 30056 40259 52014=
 22802 42699 83302 11073 21099 30245 40270 52013 885//=
 22820 42469 72901 11159 21181 30105 40253 52016 82530=
 22831 42998 10000 11290 21322 30177 40240 52016 80001=
 22805 42598 80102 11051 21105 30242 40263 52007 885//=
 22912 42599 23301 11150 21170 30237 40253 52015 81540=
 
