00:31:00 MSK 25.10.2023
020 123456/=о000=2131
 уйту01 бтул 242100
 22686 42598 83003 11009 21026 39984 40084 53007 8657/ 333 86624=
 22695 41997 83204 11011 21046 39908 40062 53008 77172 8802/=
 22996 41997 83201 11022 21041 39901 40089 54000 77172 8807/=
 23220 41496 70302 11106 21118 39827 49972 52013 78582 86930=
 23226 42660 80302 11076 21086 39758 49977 52011 8655/ 333 86643=
 23305 42/// /3505 11035 21037 30023 40051 52015=
 23320 86/// /2201 11058 21058 39907 49980 52009=
 23324 42375 83401 11078 21088 39905 49983 52015 886// 333 88707=
 23405 42497 83203 11033 21041 39950 40052 52013
 8455/ 333 84615=
 23410 86/// /2804 11052 21069 39899 49997 52011=
 23411 42/// /3404 11035 21044 39932 40022 52013=
 23412 42599 83303 11047 21067 39906 40004 52012 885// 333 88627=
 23416 NIL=
 23418 42665 83004 11036 21054 39928 40002 52017 885//
 333 88635=
 23503 42/// /3202 11027 21049 39985 40035 52015=
 23507 86/// /3403 11036 21053 39742 40055 52013=
 23509 NIL=
 23514 41697 83102 11037 21051 39824 40021 52019 70282 889// 333 86637=
 23518 42/// /3402 11041 21059 39906 49998 52021=
 23606 41560 63102 11031 21051 39860 40032 53012 70282 86500 333 86632=
 23704 86/// /2903 11010 21020 39481 49593 52003=
 23701 42/// /2902 11009 21029 39930 40060 53004=
 23707 82598 82904 11012 21031 39933 40066 52002 8655/ 333 86624=
 23708 42/// /2704 11022 21041 39903 40053 54001=
 23709 41597 82302 11032 21043 39849 40043 52003 77172 885// 333 88621=
 23711 41597 72802 11023 21045 39845 40014 53005 78582 85970 333 85924=
 23803 41497 83003 11019 21053 39875 40056 54000 78582 889// 333 88918=
 23804 81596 82902 11013 21039 39923 40069 53001 78582 8697/ 333 86920=
 23807 42/// /2902 11020 21034 39920 40082 54001=
 23808 86/// /2503 11021 21038 39903 40072 54001=
 23812 41496 82802 11029 21054 39862 40025 57001 78582 889// 333 934//=
 23904 42581 83002 11021 21046 39926 40084 52001 885// 333 88628=
 23905 42599 82901 11022 21054 39842 40071 54000 885//=
 23909 42498 82902 11025 21063 39814 40061 57002 883//=
 23912 41598 82903 11027 21055 39848 40041 57003 77072 8455/=
 23913 42599 82402 11032 21074 39804 40035 57004 889//=
 23914 82498 82603 11030 21066 39785 40044 57005 885//=
 28013 42598 82903 11024 21078 39825 40057 57002 885//=
 28016 42/// /2902 11023 21061 39840 40066 55002=
 28029 41599 83102 11020 21074 39826 40047 54000 70272 885//=
 28116 41497 83503 11026 21078 39833 40065 52002 77072 885//=
 28128 42599 83403 11015 21082 39900 40054 52001 885//=
 28134 42598 83501 11035 21087 39693 40047 52002 885//=
 28138 43/// /3602 11076 21099 39463 40041 52002=
 28216 42699 83604 11030 21083 39762 40062 53006 885// 333 91110=
 28222 42/// /3402 11015 21075 39854 40047 53002=
 28224 42570 70203 11020 21077 39831 40045 52006 87900=
 28234 42898 50102 11042 21090 39759 40040 52004 85070=
 28238 42899 60202 11052 21075 39728 40035 52005 86020=
 28313 42/// /3603 11024 21068 39865 40058 52009=
 28319 42598 60102 11026 21051 39885 40050 52011 86500=
 28321 42899 80104 11025 21063 39846 40050 52008 8805/=
 28324 NIL=
 28326 42598 60201 11052 21062 39847 40036 52009 82530=
 28413 42598 83604 11011 21056 39927 40049 52015 8755/ 333 91113=
 28428 42598 80305 11021 21052 39834 40019 52011 885// 333 91110=
 28429 42/// /0204 11036 21045 39599 40012 53007 333 91110=
 22983 41470 83002 11013 21041 30000 40106 52001 78582 8693/ 333 91004
 91105=
 27083 42584 82902 11019 21060 39876 40100 52001 885// 333 91003
 91105=
 27097 42/// /3302 11025 21059 39839 40103 52004 333 91004 91107=
 27185 42/// /3302 11014 21073 39924 40109 52009 333 91003 91110=
 27199 43/// /3602 11013 21057 39899 40097 52006 333 91005 91107=
 27281 42484 83302 11010 21069 39902 40111 52006 885// 333 91004
 91109=
 27283 42597 73403 11014 21062 39947 40104 52007 87500 333 91003
 91106=
 27295 42/// /3402 11015 21076 39844 40098 52005 333 91004 91106=
 27296 42598 83502 11015 21077 39873 40092 52005 885// 333 91004
 91107=
 27385 425// 83402 11014 21068 39976 40105 52005 8255/ 333 91004
 91104=
 27393 42598 80102 11018 21068 39923 40096 52007 8657/ 333 91006
 91105=
 27480 42598 83101 11024 21048 39982 40113 52005 8653/ 333 91002
 91105=
 28007 42599 83403 11026 21071 39829 40093 52006 885// 333 88632 91005
 91108=
 28009 42698 83102 11019 21080 39873 40085 52004 885// 333 91004
 91104=
 28105 42498 83302 11016 21080 39895 40089 52005 885// 333 91005
 91106=
 28202 42697 80203 11020 21078 39859 40082 52007 885// 333 91006
 91109=
 28302 42997 80103 11023 21075 39850 40081 52008 8807/ 333 91006
 91107=
 28307 42498 83102 11023 21059 39945 40091 52009 885// 333 91004
 91106=
 28402 42584 83402 11024 21051 39901 40082 52013 8857/ 333 91003
 91107=
 28502 42597 83504 11014 21052 39972 40077 52017 885// 333 91005
 91110=
 22550 82572 73303 11007 21013 30119 40129 52004 83531=
 22778 42998 83103 11003 21025 30041 40111 52001 8805/=
 22889 42/// /2702 11016 21025 30014 40101 55001=
 22762 42597 83102 11001 21009 30088 40127 52003 885//=
 22638 NIL=
 22671 NIL=
 22456 41597 43301 11010 21010 30033 40121 52007 72681 82501=
 22583 41598 73102 11016 21030 30007 40088 53018 70228 87500=
 22749 NIL=
 22951 42/// /2902 11016 21033 39873 40158 54001=
 22887 42697 82502 11016 21036 30038 40109 54000 8555/ 333 85634=
 22876 42597 82502 11009 21029 30037 40110 55002 885// 333 88625=
 22481 42/// /3102 11026 21029 30045 40099 52016=
 22854 42/// /3002 11015 21023 39863 40156 54001=
 22781 NIL=
 22676 41897 73104 11011 21021 30019 40098 52008 77072 87070=
 22648 NIL=
 22559 42/// /2902 11016 21027 30112 40129 52004=
 22869 42/// /2902 11011 21021 39985 40135 52002=
 22768 42697 72902 10000 21013 30073 40123 54000 82570=
 22798 41597 82902 11014 21029 39966 40080 53001 70272 885//=
 22375 NIL=
 23207 NIL=
 23215 NIL=
 23219 NIL=
 27095 86/// /3002 11024 21054 39878 40109 54001=
 22408 42784 83202 11024 21043 30056 40209 52005 8803/=
 22511 42684 72801 11024 21037 30079 40203 52006 83530=
 22529 41598 22902 11009 21013 30165 40172 52003 70281 82900=
 22602 42474 83001 11034 21047 39978 40210 52006 885// 333   88613=
 22621 83/70 /3002 11047 21052 30048 40192 52004=
 22619 42498 63104 11012 21034 30029 40191 52007 86500 333   86616=
 22721 42997 33001 11024 21039 30087 40188 52003 83030=
 22727 86670 /2801 11015 21032 30143 40192 52002=
 22717 83/70 /2801 11036 21400 30002 40205 52003=
 22802 42998 02901 11042 21049 30189 40213 52008=
 22820 42698 82702 11017 21043 30055 40194 52004 885// 333   88642
 555   51016=
 22831 42797 42801 11045 21056 30121 40178 52003 84500 333   84655=
 22805 425// 60101 11010 21024 30184 40209 52009 86500=
 22912 42684 73201 11035 21058 30183 40199 52007 87500 333   87638=
 
