06:31:00 MSK 28.03.2023
020 123456/=о000=0331
 уйту01 бтул 280300
 22686 12998 43502 11082 21129 30005 40108 52029 60002 82031 333 21082 43048 55002 555 53007 7000/=
 22695 12998 20103 11088 21145 39929 40087 52027 60002 82030 333 21088
 43047 555 53008 7000/=
 22996 11495 83504 11031 21041 39845 40032 52036 60052 78082 889// 333
 21035 44034 55000 555 53007 7017/=
 23220 11496 82401 11215 21239 39954 40108 53003 69982 78582 8693/ 333 21225 47090 55040 555 53007 7001/=
 23226 11960 20201 11207 21226 39880 40113 52001 69942 72271 82070 333 
 21212 48057 555 53008 7001/=
 23305 11345 70000 11199 21220 30098 40128 53010 60002 71022 87600 333
 21202 47035 87709 555 53004 7000/=
 23320 76/// /0301 11215 21245 30030 40109 53002 333 21226 60002 555 53004 7000/=
 23324 12982 20201 11243 21271 30030 40115 54000 60002 81071 333 21277
 49049 55068 555 53005 7000/=
 23405 12968 03502 11143 21149 30017 40122 52015 60002 333 
 21151 47056 55063 555 53007 7000/=
 23410 76/// /3201 11224 21252 30004 40110 52006 333 21235 60002 555 7000/=
 23411 12499 60102 11170 21184 30021 40116 52011 60002 8660/ 333
 21171 3/117 48047 555 53006 7000/ 91206=
 23412 12999 10202 11187 21208 30006 40110 53007 60002 81030 333 21193 47054 55111 555 53006 7000/=
 23416 NIL=
 23418 12965 33202 11151 21171 30008 40086 53002 60002
 83080 333 21151 48070 55123 555 53004 7000/=
 23501 NIL=
 23503 12998 70101 11145 21166 30055 40108 53014 60002 84031 333 21147
 48055 555 53004 7990/=
 23507 86/// /3302 11138 21148 39787 40114 53023 333 21138 555 53008=
 23509 12998 03502 11109 21140 30009 40091 53021 60002 333 21110 48066
 555 53007 7000/=
 23514 12597 83502 11121 21147 39874 40079 52007 60002 81571 333 21121 47081 55083 555 53008 7000/=
 23518 12998 80104 11092 21124 39962 40057 52003 60002 8807/ 333
 21092 3/110 48083 55086 555 51059 7000/ 91207=
 23606 12962 80104 11067 21123 39887 40063 53018 
 60002 87041 333 21067 47063 55018 555 53009 
 7000/=
 23612 11498 80103 11075 21121 39909 40047 52009 69902 70272 8457/ 
 333 21075 47063 84617 555 53008 7990/=
 23701 12999 70204 11067 21118 39943 40076 52029 60002 86045 333 21067
 43045 555 53011 7000/=
 23704 76/// /0203 11054 21103 39926 40039 55004 333 21054 60002 555 51042 7000/=
 23707 61998 80105 11053 21106 39919 40054 52028 60012 70272 86031 333 21053 47029 55000 555 53012 7002/=
 23708 11459 83604 11056 21076 39888 40040 52025 60062 77172 8472/ 333
 21056 48033 555 53010 7009/=
 23709 11495 83504 11053 21071 39828 40023 53021 60112 77372 8672/ 333 21053 47036 86711 555 53008 7015/ 91208=
 23711 11496 83603 11053 21067 39844 40015 53014 60062 77387 8872/ 333 21053 47051 55000 86712 555 53009 7006/=
 23803 11496 80103 11045 21065 39840 40022 53026 60122 77372 8802/ 333 21045 47048 55000 88515 555 53008 7021/=
 23804 11596 83402 11049 21061 39896 40043 52029 60102 77172 8552/ 333 21050 47040 55000 85622 555 53008 7019/=
 23807 11395 83604 11044 21053 39878 40041 52033 60072 77372 8672/ 333
 21046 47025 55000 86707 555 53009 7016/=
 23808 66/// /3202 11043 21049 39853 40023 52028 60002 333 21043 555 7000/=
 23812 11496 81101 11048 21057 39817 49980 53012 60072 77172 8872/ 333
 21048 47061 555 53005 7011/=
 23904 11356 83403 11032 21032 39867 40025 53033 60062 77172 8672/ 333
 21032 47016 86709 555 53006 7015/=
 23905 11599 83303 11024 21029 39778 40005 52028 60032 77376 8802/ 333
 21024 47023 555 53006 7009/=
 23909 11395 83102 10002 20000 39744 49986 52026 60052 76062 8872/ 333
 20002 43015 55000=
 23912 11393 82103 10044 20043 39775 49961 53009 60072 75165 886// 333
 20044 43038 96046 555 53007 7014/=
 23913 11597 81201 10050 20035 39745 49967 55001 60042 78582 889// 333
 20013 43051 55000 555 53005 7014/ 91206=
 23914 11494 82305 10051 20051 39715 49964 52007 60042 76364 8802/ 333
 20046 43028 55000 96042=
 28013 11597 82303 10053 20041 39750 49974 52012 60042 72582 889// 333
 20051 43016 555 53008 7006/=
 28016 11496 82202 10053 20053 39764 49983 52010 60022 78082 889// 333
 20053 43028 555 53006 7005/=
 28029 12599 82104 10049 20035 39776 49989 52008 69902 8652/ 333 20048
 42019 55000 555 53008 7005/=
 28116 12499 82303 10049 20041 39770 49994 52011 69952 8872/ 333 20048
 43030 55000=
 28128 12598 82102 10023 20015 39856 40006 52009 69912 885// 333 20013
 43027 55000 555 53005 7003/=
 28134 11598 81802 10052 20034 39663 40004 52004 69902 72162 8652/ 333
 20052 43039 555 53006 7004/=
 28138 12599 72102 10041 20015 39465 40017 52006 60002 87300 333 20041
 44052 55000=
 28216 12599 82203 10049 20033 39728 40018 52012 60002 887// 333 20049
 42998 555 53008 7001/=
 28222 12598 81902 10051 20035 39824 40014 52009 69942 886// 333 20049
 42006 555 53008 7002/=
 28224 12570 82203 10066 20039 39812 40019 52008 60002 8752/ 333 20057
 42998 55000=
 28234 11597 81803 10052 20022 39753 40024 51006 69902 76062 885// 333
 20052 42005 555 7991/=
 28238 12899 82102 10051 20018 39736 40032 52005 60002 85074 333 20047
 42027 55018 555 53006 7990/=
 28313 NIL=
 28319 11496 82402 10045 20041 39878 40038 52011 69942 76162 8802/ 333
 20042 42014=
 28321 12899 81701 10047 20027 39826 40025 52009 60002 8807/ 333 20047
 43007=
 28324 11697 82503 10064 20044 39914 40031 52010 69902 77172 8657/ 333
 20061 41997 555 53007 7991/=
 28326 12598 72103 10062 20034 3//// 4//// 5//// 60002 85530 333 20054
 41998 55010 555 53008 7000/=
 28413 11497 82403 10064 20041 39922 40041 52012 69972 72162 8277/ 333
 20064 41998 555 53008 7997/=
 28428 11597 81703 10043 20024 39862 40043 52002 69912 76162 8802/ 333
 20042 42007 555 53009 7991/=
 28429 12598 82202 10058 20027 39647 40048 54001 60002 885// 333 20051
 43021 555 53014 7000/=
 22983 11414 83501 11039 21048 39956 40062 52034 60092 78682 889// 333
 21039 47035 55000 91004 91104 555 53006 7016/=
 27083 11459 83403 11029 21046 39818 40042 52036 60042 77172 8872/ 333
 21029 43018 91005 91107 93402 555 53007 7014/=
 27097 11498 83004 11009 21018 39771 40032 52033 60032 72272 8657/ 333
 21009 43026 91007 91109 555 53009 7006/=
 27185 12598 82602 10006 21005 39860 40043 52027 60012 885// 333 20005
 43020 91004 91108 555 53010 7003/=
 27199 11498 62903 10015 20002 39839 40034 52030 60032 70282 86300 333
 20015 44014 55000 91006 91108 555 53008 7007/=
 27281 11474 72903 10000 21006 39848 40054 52026 69962 72685 85970 333
 21001 41998 91006 91107 555 53008 7002/=
 27283 12498 73004 10012 21008 39888 40045 52027 60022 87500 333 20012
 42005 91006 91109 555 53009 7006/=
 27295 12598 82504 10014 21005 39795 40043 52022 69902 885// 333 20014
 43034 91009 91109 555 53010 7006/=
 27296 12461 82803 10021 20003 39819 40034 52023 69972 8802/ 333 20021
 43030 55000 91007 91109 555 53009 7004/=
 27385 124// 82201 10030 20023 39926 40052 52015 69942 8675/ 333 20029
 43028 91003 91104 555 53008 7003/=
 27393 11598 82605 10018 20005 39882 40051 52020 69932 71022 8555/ 333
 20018 47045 55000 91006 91111 555 53011 7005/=
 27480 11498 82401 10034 20029 39935 40061 52015 69902 70252 886// 333
 20034 42011 91003 91104 555 53007 7003/=
 28007 11499 83103 10009 21001 39757 40016 53033 60032 72162 885// 333
 20009 43027 55000 88613 91006 91110 555 53010 7008/=
 28009 11441 82404 10045 20033 39793 49997 52019 60022 78082 889// 333
 20045 44014 91008 91107 555 53008 7004/=
 28105 11498 82704 10029 20020 39821 40017 52025 60032 70262 885// 333
 20029 43024 91007 91110 555 53010 7008/=
 28202 11550 82702 10027 20017 39802 40020 52018 69942 76162 885// 333
 20027 43044 91004 91107 555 53007 7006/=
 28302 12598 82403 10029 20016 39810 40035 52017 60002 885// 333 20029
 43034 91005 91107 555 53007 7003/=
 28307 12498 82401 10034 20007 39910 40052 52015 69912 885// 333 20033
 42016 91003 91109 555 53009 7001/=
 28402 12598 82603 10036 20011 39876 40052 52018 69992 8557/ 333 20036
 41003 91006 91107 555 53007 7002/=
 28502 12598 72102 10030 20006 39960 40062 51019 60002 82430 333 20030
 41998 55002 91003 91105 555 53008 7990/=
 22550 12997 00000 11189 21210 30145 40156 52022 60002 333 21189 47051
 55066 555 53004 7000/=
 22778 12998 80203 11034 21104 30027 40098 52029 69902 8805/ 333 21034
 47037 55000 555 53010 7994/=
 22889 11496 83203 11043 21050 39977 40065 52033 60062 77172 887// 333
 21043 47018 88511 555 53008 7013/=
 22762 12997 33301 11072 21085 30080 40120 52030 60022 80070 333 21072
 47044 555 53005 7005/ 91207=
 22638 46/// /0401 11123 21136 39915 40153 52016=
 22671 12998 10102 11134 21142 30047 40130 52029 60002 333 21134 47072
 55017 555 53008 7000/=
 22456 11/93 90000 11185 21201 30066 40161 52016 60002 74544 333 21247
 47065 555 53005 7990/=
 22583 12998 03301 11190 21211 30045 40132 53023 
 60002 333 21190 48080 55078 555 53003 7000/=
 22749 NIL=
 22951 12498 80802 11043 21057 39817 40104 52022 60022 886// 333 21044
 47049 555 53008 7003/=
 22887 11596 83403 11040 21049 30004 40076 52035 60062 78582 8595/ 
 333 21040 47012 55000 85920 555 53008 7009/=
 22876 12597 82901 11051 21056 30011 40081 52028 60032 8295/ 333 21051
 47009 555 53009 7005/=
 22481 12998 00000 11258 21282 30083 40142 52015 60002 333 21263 48057
 555 53002 7000/=
 22854 12598 80202 11052 21069 39818 40114 52024 60012 885// 333 21052
 48051 55000 88626 53009 7003/=
 22781 NIL=
 22676 12898 23102 11104 21126 30036 40117 52029 60002 82030 333 21104
 47024 555 53006 7000/=
 22648 NIL=
 22559 12998 00000 11172 21191 30131 40149 52024 60002 333 21177 48058
 55039 555 53005 7000/=
 22869 11996 70102 11044 21055 39948 40099 52028 60022 77177 80010 333
 21044 47028 555 53007 7002/ 91208=
 22768 12597 80103 11037 21064 30056 40107 52027 60012 8657/ 333 21038
 47019 55000 86628 555 53008 7004/=
 22798 12998 83402 11055 21102 39951 40066 52028 60032 8805/ 333 21055
 47023 555 53011 7007/=
 22375 46/// /2301 11153 30119 40135 52008=
 23207 11/92 90000 11211 21234 30096 40121 52002 60002 74942 333 21247
 47032 55110 555 53001 7000/=
 23215 NIL=
 23219 NIL=
 27095 76/// /3004 11010 21010 39808 40037 52036 333 21010 60002 555 53008 7000/=
 22408 22984 30102 11129 21140 30025 40184 52011 83030 333   21148
 55119 60002 93501 555   7000/=
 22511 22498 80000 11193 21215 30046 40178 52010 82616 333   21207
 60002 93502 555   7000/=
 22529 22999 20601 11208 21233 30155 40162 52018 80002 333   21210
 60002 555   7000/=
 22602 22975 60201 11118 21131 39915 40153 52005 8603/ 333   21140
 55103 60002 555   7000/=
 22621 73/64 /0301 11103 21115 30009 40156 52010 333   21112 55106
 60002 555   7000/=
 22619 22598 70803 11100 21113 39975 40142 52009 81506 333   21101
 55111 60002 555   7000/=
 22721 22998 60000 11095 21110 30036 40139 52012 86030 333   21100
 60002 555   7000/=
 22727 76770 /0403 11053 21097 30071 40120 52013 333   21053 60002
 555   7000/=
 22717 73/70 /0603 11056 21095 39912 40110 52011 333   21056 60002
 555   7992/=
 22802 21596 80604 11042 21073 30071 40095 52009 78583 889// 333  
 21042 55005 69942 86928 91110 555   7994/=
 22820 21698 80704 11053 21094 39975 40115 52015 72272 8657/ 333  
 21053 55002 69902 86635 555   7990/=
 22831 22997 70602 11051 21086 30058 40115 52017 87030 333   21051
 55000 60002 555   7001/=
 22805 215// 80904 11030 21058 30070 40090 52014 77072 8652/ 333  
 21030 55030 69922 555   7992/=
 22912 21984 80805 11027 21054 30071 40086 52009 70272 8805/ 333  
 21030 69902 555   7991/=
 
