09:31:00 MSK 08.05.2023
020 123456/=о000=0631
 унту01 бтул 080600
 22686 82998 33303 10023 21067 30148 40249 51006 80005=
 22695 42699 33204 10008 21095 30076 40231 52011 82101=
 22996 42599 83204 11002 21029 30069 40258 53021 889//=
 23220 41495 83211 11094 21109 39907 40053 52033 77373 8872/ 333 21094 91017 91116=
 23226 41956 80111 11099 21125 39846 40068 53035 73832 8802/ 333 
 21105 91015 91119 92985=
 23305 42699 63003 10015 21039 30168 40196 51003 83530=
 23320 66/// /3305 11065 21096 30050 40125 53043 60002 333 21077 91112=
 23324 41980 73305 11061 21114 30038 40117 52044 72273 87070 333 91112=
 23405 42680 62904 10012 21062 30104 40205 52005 81101=
 23410 66/// /3207 11042 21138 30058 40157 52030 60002 333 21084 91010 91113=
 23411 42999 33504 11010 21118 30090 40180 52018 80005 333 91110=
 23412 41999 33306 11028 21131 30065 40164 52027 70232 83030 333 91010 91112=
 23416 NIL=
 23418 41965 63206 11031 21118 30083 40159 52030 
 73673 83031 91010 91111=
 23501 NIL=
 23503 42698 33304 11000 21097 30148 40198 52018 82131=
 23507 86/// /3304 11003 21067 39904 40218 52016 333 91111=
 23509 41598 23204 10000 21100 30122 40201 52019 73631 82200 333 91111=
 23514 41697 23204 11015 21091 39985 40184 52027 73673 82130 333 91112=
 23518 41598 83404 11041 21069 30060 40154 53038 73683 8697/ 333 84621
 91111 555 53011=
 23606 42662 53003 10002 21085 30033 40201 52021 85500 333 85635 91110=
 23701 42999 43003 10009 21077 30106 40237 52017 84030=
 23704 66/// /3304 11008 21064 39926 40039 55004 60002 333 21069=
 23707 82998 83104 11017 21070 30110 40245 52020 8805/=
 23708 42598 83104 11014 21080 30080 40233 52019 8795/ 333 86625=
 23709 41598 72905 11023 21078 30025 40222 52026 70272 87300 333 86927
 91110=
 23711 41498 63105 11010 21087 30011 40183 52032 70282 84905 333 91010 91111=
 23803 42599 83104 11022 21085 30051 40235 52024 8645/ 333 86632 91110=
 23804 81496 82901 11021 21050 30099 40248 52021 78581 8592/ 333 85915=
 23807 42498 83303 11019 21040 30093 40258 52023 8353/=
 23808 86/// /2705 11022 21072 30074 40246 52023=
 23812 81497 73007 11024 21071 30027 40192 52027 72682 87900 333 91011 91111=
 23904 42570 73103 10005 21057 30092 40252 52017 87500 333 87626=
 23905 42599 73203 10006 21067 30009 40239 52017 87900=
 23909 41598 73003 11004 21060 39984 40233 52021 70282 87500=
 23912 41598 72804 11021 21061 30016 40212 52022 78582 85930 333
 91111=
 23913 41597 83104 11016 21074 39963 40196 51022 78582 889// 333 21030
 91111=
 23914 81499 73005 11014 21079 39955 40216 52023 70182 87900 333
 91111=
 28013 42598 72805 11003 21063 39995 40229 52016 87900 333 91111=
 28016 42599 73005 10016 21048 30007 40234 52013 87900 333 91010
 91111=
 28029 42599 72903 10013 21058 30000 40221 52013 87500 333 91110=
 28116 41599 63005 10030 21052 30002 40234 52007 72781 86900 333
 91110=
 28128 42599 82904 10034 21070 30079 40233 52004 885// 333 91111=
 28134 41598 82703 10009 21068 39875 40230 52012 70282 889//=
 28138 42599 82607 11012 21082 39651 40226 52018 885// 333 91011
 91112=
 28216 42599 72604 10036 21068 39950 40249 52006 87900 333 91110=
 28222 42598 73003 10037 21066 30043 40238 52007 87800=
 28224 42670 62804 10033 21079 30030 40244 52006 86500 333 91110=
 28234 42899 62804 10019 21095 39960 40241 51011 86080 333 21006=
 28238 42599 82805 10012 21072 39934 40241 52015 885// 333 91010
 91110=
 28313 42598 62902 10047 21072 30064 40256 51005 86500=
 28319 42599 53302 10046 21062 30102 40265 52005 85100=
 28321 42599 63203 10045 21068 30048 40252 51007 86200=
 28324 42599 62903 10047 21071 30139 40260 51008 86900=
 28326 42598 72704 10026 21058 30064 40252 52015 87500=
 28413 42599 53303 10056 21076 30147 40269 51007 85100=
 28428 42599 33004 10052 21071 30075 40259 52010 83500=
 28429 42698 52604 10052 21038 39838 40248 52005 85100=
 22983 42498 63302 10026 21060 30162 40268 52016 85930 333 91005
 91106=
 27083 41599 63203 10012 21030 30039 40265 52017 72671 86900 333 91005
 91106=
 27097 41598 73004 10024 21035 39999 40263 52013 70282 87200 333 91007
 91107=
 27185 42698 73402 10038 21023 30089 40273 52012 85540 333 91005
 91105=
 27199 41598 83101 10038 21023 30070 40268 52011 70232 8555/ 333 91004
 91105=
 27281 42582 73103 10056 21035 30068 40275 52007 81130 333 91006
 91106=
 27283 42598 82902 10052 21035 30115 40271 52007 8157/ 333 91004
 91104=
 27295 42598 72703 10054 21056 30020 40272 52006 85579 333 91005
 91105=
 27296 42598 83004 10048 21054 30047 40265 52006 8293/ 333 91008
 91108=
 27385 425// 62902 10063 21055 30152 40280 52003 85530 333 91004
 91106=
 27393 42598 22905 10068 21047 30107 40277 52003 82100 333 91008
 91109=
 27480 42598 22601 10077 21040 30161 40289 52003 81130 333 91004
 91104=
 28007 41699 63104 10024 21051 39992 40256 52012 72582 83530 333 91007
 91108=
 28009 42498 73103 10026 21052 30038 40250 52010 87900 333 91006
 91106=
 28105 42598 62602 10034 21023 30058 40259 52009 84230 333 91005
 91107=
 28202 42699 53003 10050 21031 30033 40255 52005 82231 333 91006
 91107=
 28302 42598 62704 10053 21057 30037 40265 52005 86900 333 91007
 91107=
 28307 42498 62703 10059 21051 30135 40279 52003 86200 333 91005
 91107=
 28402 42698 72903 10060 21054 30098 40277 52004 87800 333 91007
 91107=
 28502 41598 73103 10044 21043 30183 40287 52010 72682 86903 333 91005
 91107=
 22550 82997 62503 10083 21029 30236 40246 58006 80002=
 22778 42598 52803 10045 21023 30200 40270 52009 85500=
 22889 42498 73004 10004 21051 30181 40269 52019 87500 333 87616 91110=
 22762 42998 02701 10069 21016 30232 40271 52005=
 22638 NIL=
 22671 41699 32602 10063 21004 30169 40248 54001 70181 82101=
 22456 42997 72504 10071 21035 30137 40224 57007 84035=
 22583 42598 72702 10018 21041 30156 40237 52007 87500=
 22749 42998 22003 10082 21037 30153 40276 57002 82030=
 22951 42998 02801 10068 21050 30012 40293 52002=
 22887 42699 53203 10032 21051 30196 40266 52018 84530 =
 22876 42597 63002 10046 21023 30197 40272 52012 86800 86821=
 22481 42998 32004 10015 21011 30166 40220 57008 80001=
 22854 42899 12302 10065 21032 39996 40284 51001 81040=
 22781 NIL=
 22676 42598 72903 10032 21026 30178 40256 52007 87500=
 22648 42998 02301 10086 21030 30223 40269 58005=
 22559 42998 22704 10078 21035 30237 40253 57004 80004=
 22869 41597 63003 10056 21022 30138 40287 52009 70271 85230 333 85830=
 22768 42697 23104 10071 21036 30225 40275 52005 81140=
 22798 42598 83101 10003 21052 30140 40255 52017 885//=
 22375 NIL=
 23207 41599 82803 10022 21011 30163 40186 57003 70282 8755/=
 23215 42998 23307 11058 21095 30061 40153 52018 80002 333 91110=
 23219 NIL=
 27095 66/// /3004 10024 21027 30037 40268 52013 60002 333 21032=
 22408 12999 72203 10058 21023 30083 40232 57006 60002 82039 333  
 21043 3/103 43021=
 22511 12998 82103 10077 21035 30114 40234 57007 60002 82005 333  
 21029 3/106 43013=
 22529 12599 72304 10098 21046 30232 40239 57010 60002 82502 333  
 21032 32101=
 22602 12999 62403 10073 21007 30032 40256 57004 60002 80001 333  
 21021 42014=
 22621 12998 72603 10091 21034 30116 40254 54000 60002 82031 333  
 21035 31///=
 22619 12983 43103 10073 21024 30101 40259 52001 60002 80001 333  
 21030 3/001 41998=
 22721 12998 41201 10062 21029 30169 40267 52001 60002 80001 333  
 21028 31102=
 22727 12870 81901 10110 21027 30231 40278 54000 60002 8803/ 333  
 20009 31///=
 22717 12998 72301 10081 21017 30091 40283 52003 60002 86031 333  
 20017 31///=
 22802 12699 63302 10103 21016 30271 40294 52004 60002 82531 333  
 20007 32002=
 22820 12970 22503 10105 21041 30146 40281 52003 60002 82030 333  
 20031 31000=
 22831 12998 22902 10093 21025 30222 40277 52002 60002 82030 333  
 21013 32000=
 22805 12998 02901 10044 20003 30283 40303 53007 60002 333   20016
 31001=
 22912 12599 22303 10072 21006 30288 40303 52006 60002 81101 333  
 21010 32101=
 
