00:31:00 MSK 30.06.2023
020 123456/=о000=2131
 уйту01 бтул 292100
 22686 81598 10000 10072 20063 39995 40092 58003 71100 81200=
 22695 42998 20604 10136 20034 39933 40078 58005 80001=
 22996 42/// /1801 10143 20142 39891 40066 56007=
 23220 43/// /2001 10033 20021 39974 40114 52002=
 23226 42960 30302 10052 20035 39906 40117 53004 83030=
 23305 42/// /1102 10120 20085 30076 40103 57005=
 23320 86/// /1001 10036 20015 30051 40123 57002=
 23324 42983 70501 10040 20033 30050 40126 54000 87070=
 23405 42665 81002 10124 20077 30006 40100 57004 8355/=
 23410 86/// /1002 10101 20046 30020 40114 57003=
 23411 42/// /1902 10112 20065 30021 40107 57003=
 23412 42999 81202 10102 20057 30021 40115 58001 8805/=
 23416 NIL=
 23418 42965 70801 10111 20062 30042 40113 54000 87030=
 23503 42/// /1701 10102 20094 30056 40104 57002=
 23507 86/// /3601 10086 20067 39802 40103 57002=
 23509 42/// /0000 10097 20076 30026 40102 54001=
 23514 42697 81401 10100 20078 39918 40107 57001 8655/ 333 86643=
 23518 NIL=
 23606 42960 31302 10096 20065 39940 40101 57001 83030=
 23704 86/// /0000 10084 20084 39926 40039 55004=
 23701 42/// /0301 10076 20062 39967 40093 57003=
 23707 82698 40602 10132 20075 39952 40078 57003 82501=
 23708 42/// /0301 10086 20068 39950 40094 57002=
 23709 82998 00000 10099 20051 39919 40105 52002=
 23711 42998 60000 10092 20074 39946 40110 54000 86030=
 23803 42999 01302 10103 20059 39926 10099 53001=
 23804 82597 61501 10162 20072 39939 40076 58005 81931=
 23807 42/// /0502 10150 20102 39922 40074 57006=
 23808 86/// /1402 10112 20073 39927 40088 58003=
 23812 42997 12101 10058 20046 39953 40112 52001 81030=
 23904 42978 83001 10115 20114 39927 40077 57005 81035=
 23905 82599 70000 10139 20085 39868 40084 57004 87500=
 23909 82998 81502 10143 20079 39859 40092 57004 80001=
 23912 82998 20000 10085 20059 39919 40106 54000 80001=
 23913 82999 20000 10049 20040 39893 40118 52005 80001=
 23914 82499 50401 10127 20090 39857 40102 52001 82504=
 28013 82898 21702 10136 20068 39874 40094 57004 82070=
 28016 82/// /1201 10137 20091 39880 40094 57003=
 28029 82999 00000 10104 20078 39889 40100 57001=
 28116 82999 31001 10145 20105 39874 40092 54000 80005=
 28128 82599 80601 10130 20105 39952 40098 57001 81534=
 28134 82998 40000 10085 20080 39767 40107 57003 80001=
 28138 43/// /0201 10079 20063 39563 40113 54000=
 28216 82599 61802 10153 20122 39812 40093 54001 86900=
 28222 42/// /0301 10116 20097 39913 40099 54000=
 28224 82870 51401 10139 20127 39895 40097 54000 82049=
 28234 82898 21701 10126 20099 39837 40103 52003 82040=
 28238 82999 02401 10111 20096 39815 40106 52003=
 28313 42/// /0000 10144 20120 39913 40095 52002=
 28319 82998 00000 10134 20123 39942 40097 54000=
 28321 82899 51601 10145 20140 39902 40094 50001 82031=
 28324 42/// /0000 10124 20105 39981 40096 50001=
 28326 82598 60000 10127 20120 39922 40100 52001 82530=
 28413 82599 31001 10156 20112 39977 40092 50001 81505=
 28428 82599 83101 10128 20103 39925 40102 50003 86531=
 28429 42/// /0000 10123 20114 39716 40110 54000=
 22983 42984 80000 10142 20135 39961 40060 57009 86075 333 91000
 91101=
 27083 42584 50000 10157 20136 39852 40061 57005 85900 333 91000
 91102=
 27097 42/// /1601 10146 20133 39824 40071 57006 333 91001 91102=
 27185 42/// /0000 10159 20152 39890 40063 57009 333 91000 91102=
 27199 41596 71101 10165 20151 39884 40069 57010 78022 85330 333 91001
 91103=
 27281 41456 80901 10158 20147 39862 40056 57011 76162 8872/ 333 91002
 91104=
 27283 41497 81101 10162 20158 39915 40061 57013 72582 889// 333 91001
 91104=
 27295 42/// /0701 10166 20143 39833 40070 53002 333 91001 91102=
 27296 42597 81301 10168 20141 39871 40078 57007 889// 333 91001
 91103=
 27385 425// 70501 10164 20146 39931 40052 57016 86530 333 91003
 91103=
 27393 42598 81202 10181 20132 39916 40075 57007 88900 333 91003
 91102=
 27480 42598 81402 10173 20138 39929 40049 57014 885// 333 91003
 91106=
 28007 42999 81401 10152 20128 39830 40077 58004 83035 333 91001
 91101=
 28009 42998 80000 10130 20117 39885 40085 57003 82031 333 91001
 91102=
 28105 42998 62001 10159 20138 39895 40083 57006 86070 333 91002
 91102=
 28202 42697 80501 10158 20130 39871 40080 58005 83931 333 91001
 91103=
 28302 42597 80000 10176 20128 39866 40080 57005 8397/ 333 91000
 91104=
 28307 42498 80000 10177 20125 39936 40071 57007 885// 333 91000
 91101=
 28402 42984 81403 10191 20124 39908 40075 57009 8807/ 333 91004
 91105=
 28502 42597 81701 10200 20106 39979 40075 57006 8543/ 333 91002
 91102=
 22550 82997 10000 10111 20098 30070 40080 57005 80001=
 22778 42598 20803 10179 20066 39995 40060 57004 81430=
 22889 42/// /0701 10119 20117 39983 40066 57007=
 22762 42998 00000 10129 20095 30024 40061 57004=
 22638 NIL=
 22671 42/// /0702 10135 20083 30004 40079 57004=
 22456 42597 70000 10117 20086 30015 40099 52002 81140=
 22583 42698 72701 10123 20098 30017 40094 57001 86570=
 22749 NIL=
 22951 42/// /0000 10131 20126 39781 40048 57011=
 22887 42697 60801 10152 20136 39992 40058 57008 82530=
 22876 42997 80000 10127 20127 39989 40058 57007 80005=
 22481 42/// /3101 10092 20092 30052 40103 50001=
 22854 42/// /0301 10155 20120 39776 40048 57010=
 22781 NIL=
 22676 41898 30000 10104 20090 30003 40078 58003 71100 83080=
 22648 NIL=
 22559 42/// /0601 10145 20092 30065 40081 57003=
 22869 42497 80601 10168 20134 39910 40049 57008 8397/=
 22768 42697 60602 10152 20112 30001 40048 57010 82501=
 22798 42598 30000 10095 20067 39969 40078 57004 82531=
 22375 46/// /3502 10052 30097 40112 57002=
 23207 NIL=
 23215 NIL=
 23219 NIL=
 27095 NIL=
 22408 42699 63601 10141 20134 39942 40084 52005 82931=
 22511 42698 60301 10154 20134 39963 40077 52002 82575=
 22529 42599 20000 10097 20087 30067 40074 52001 82500=
 22602 42477 70801 10166 20129 39854 40066 54000 86930 333   85916=
 22621 83970 /0401 10161 20120 39935 40067 57002=
 22619 42481 63001 10162 20137 39906 40056 57005 86500=
 22721 41698 22901 10158 20134 39964 40057 57003 70181 82500=
 22727 86/70 /3301 10159 20107 30005 40050 57005=
 22717 83/65 /0000 10141 20137 39869 40052 57012=
 22802 42999 30101 10176 20131 30029 40051 57001 83030=
 22820 42998 02802 10170 20115 39920 40048 57005 555   50194=
 22831 42998 10000 10125 20113 39997 40050 57007 81030=
 22805 42498 30302 10174 20144 30026 40045 57004 82510=
 22912 41982 13001 10131 20125 30032 40046 57009 71211 81040=
 
