15:31:00 MSK 13.04.2023
020 123456/=о000=1231
 унту01 бтул 131200
 22686 42998 00103 11042 21187 30267 40371 53010 555 1/103=
 22695 42999 00504 11050 21221 30195 40355 52011 333 91110 555 1/103=
 22996 42999 10305 11007 21161 30097 40287 52019 80001 333 91112 555
 1/100=
 23220 42599 12701 11181 21233 30183 40338 52015 81500 555 1/119=
 23226 42960 02802 11199 21232 30103 40340 52021 555 1/117=
 23305 42999 23402 11066 21153 30361 40390 51004 82030 555 1/103=
 23320 86/// /3301 11100 21228 30279 40356 52013=
 23324 42986 03103 11128 21205 30273 40357 52014 555 1/112=
 23405 42974 03403 11076 21197 30283 40390 52006
 555 1/107=
 23410 86/// /3104 11105 21191 30263 40366 52013 555 51176 53008=
 23411 42999 00303 11078 21169 30279 40374 52009 555 1/104=
 23412 42999 03504 11090 21175 30264 40367 52012 555 1/107=
 23416 NIL=
 23418 42965 03404 11103 21213 30289 40368 52014 555 1/110=
 23501 NIL=
 23503 42998 03603 11074 21214 30325 40378 52009 555 1/103=
 23507 86/// /0304 11075 21204 30047 40375 52014=
 23509 42998 03503 11074 21213 30287 40369 52015 555 1/104=
 23514 42997 00103 11078 21212 30149 40357 52016 555 1/108=
 23518 42/// /0106 11078 21188 30244 40341 52016 555 1/108=
 23606 42962 00104 11070 21189 30177 40352 52016 333 91110 555 1/107=
 23612 NIL=
 23701 42999 30305 11054 21175 30222 40358 52013 80008 333 91110 555
 1/000=
 23704 86/// /0404 11055 21177 39926 40039 55004 555 53012=
 23707 82999 60206 11048 21181 30200 40338 52018 80005 333 91111 555 1/101=
 23708 42984 10105 11056 21177 30178 40334 52018 80001 333 91111 555
 1/104=
 23709 42998 00104 11062 21186 30126 40328 52019 333 91110 555 1/103=
 23711 42999 03603 11071 21187 30150 40328 52019 333 91110 555 1/105=
 23803 42999 00104 11045 21184 30133 40320 51022 555 1/104=
 23804 82997 00104 11037 21196 30170 40321 52017 555 1/102=
 23807 42/// /0406 11034 21157 30144 40311 52016 333 91112 555 1/100=
 23808 86/// /3406 11033 21185 30130 40304 51023 333 91112=
 23812 42697 20203 11055 21176 30134 40303 52022 82100 333 91110 555
 1/101=
 23904 42970 00404 11010 21164 30130 40291 52020 333 91110 555 1/006=
 23905 42999 00105 11019 21145 30049 40283 52023 333 91111 555 1/100=
 23909 41998 00405 11015 21146 30019 40270 52029 70281 333 91112=
 23912 42598 10306 11032 21139 30073 40271 52031 81500 333 91010 91112
 555 1/100=
 23913 42599 50504 11035 21161 30027 40263 51028 82102 333 91110 555
 1/102=
 23914 82499 23605 11027 21138 39995 40259 52028 82500 333 91111=
 28013 42998 00108 11017 21153 30022 40259 52030 333 91012 91114 555
 11003=
 28016 41999 00106 10000 21126 30022 40250 53024 70281 333 91010 91112
 555 1/007=
 28029 42599 50105 10022 21095 39996 40216 52028 84170 555 1/009=
 28116 41699 30106 10008 21088 39999 40233 52028 70187 81171 333
 91111=
 28128 41599 83605 10033 21059 30058 40212 52025 70376 83531 333 91111
 555 11006=
 28134 41598 70702 11014 21039 39861 40218 52039 72682 86963 555
 1/004=
 28138 41596 80505 11062 21088 39641 40227 52032 78582 883// 333
 91110=
 28216 41597 83605 10019 21003 39909 40208 52026 72682 889// 333 91111
 555 11006=
 28222 41598 80402 10026 21009 30011 40206 52028 70286 888// 555
 11006=
 28224 41570 83604 10027 20001 39982 40195 52024 70282 889// 333
 91110=
 28234 41497 80603 11009 21040 39923 40205 53039 78586 889// 555
 11003=
 28238 41597 80405 11026 21047 39900 40209 51043 78686 889// 333 91111
 555 1/000=
 28313 42598 63604 10070 21002 30001 40190 52025 86200 333 91110 555
 10014=
 28319 42599 40304 10094 21007 30011 40170 52023 84100=
 28321 41599 60405 10048 21004 39988 40190 51023 70162 86900=
 28324 42599 60206 10070 21012 30060 40179 52028 85489 333 91010 91111
 555 10013=
 28326 42598 60104 10065 20006 39988 40171 52029 86500 555 11010=
 28413 42599 50203 10108 21038 30042 40161 57004 82101 333 91110 555
 10020=
 28428 42599 63607 10145 21038 39962 40138 53008 84501 333 91010 91112
 555 10021=
 28429 42598 60205 10119 21037 39743 40139 53008 86900 333 91010 91110
 555 10019=
 22983 42998 00102 11005 21103 30201 40309 52013 333 91005 91108 555
 1/101=
 27083 42599 20305 10010 21114 30047 40273 52009 82100 333 91009 91110
 555 12007=
 27097 41598 23504 10023 21093 39997 40261 52011 70181 82100 333 91009
 91110 555 12010=
 27185 42698 73605 10023 21064 30071 40257 51015 86801 333 91010 91111
 555 11002=
 27199 42598 60204 10034 21059 30045 40243 52023 86500 333 91008 91112
 555 11009=
 27281 42582 50307 10029 21051 30036 40245 52023 84460 333 91010 91112
 555 11014=
 27283 42598 70406 10034 21048 30086 40243 52025 87200 333 91012 91113
 555 1/008=
 27295 42998 63505 10042 21051 39975 40225 52022 86080 333 91012 91114
 555 1/008=
 27296 42598 80206 10033 21046 30009 40227 52025 889// 333 91012 91112
 555 11008=
 27385 426// 50205 10090 21052 30074 40200 52010 82101 333 91011 91110
 555 11019=
 27393 42598 60405 10071 21050 30041 40209 52022 85101 333 91010 91111
 555 11011=
 27480 42698 80205 10121 21022 30062 40186 52006 81101 333 91009 91110
 555 11016=
 28007 41999 50206 10015 21096 39992 40256 51019 70282 80003 333 91012
 91112 555 11004=
 28009 41698 70103 10007 21093 30047 40260 52027 70282 87500 333 91007
 91109 555 11008=
 28105 41598 60304 10023 21070 30047 40248 51028 70172 86800 333 91009
 91111 555 11009=
 28202 42583 70405 10021 21052 30007 40230 53034 85930 333 91009 91113
 555 11007=
 28302 42598 60105 10056 21031 39978 40205 52024 86200 333 91010 91111
 555 11009=
 28307 42498 63405 10096 21052 30047 40188 52015 82131 333 91010 91113
 555 11016=
 28402 42698 63606 10116 21035 39998 40171 52010 84105 333 91011 91111
 555 10024=
 28502 42598 83606 10160 21048 30048 40147 50001 81101 333 91009 91111
 555 10026=
 22550 82997 01003 11008 21207 30372 40382 52005 555 1/102=
 22778 42998 00705 11011 21165 30274 40346 52010 555 1/103=
 22889 42998 03504 11016 21129 30230 40320 51013 333 91111 555 1/007=
 22762 42998 00402 10009 21198 30315 40355 52007 555 1/000=
 22638 46/// /0702 11001 21152 30119 40351 52006=
 22671 42/// /0303 11029 21169 30295 40377 52007 555 1/103=
 22456 NIL=
 22583 42998 00201 11035 21198 30301 40385 52007 
 555 1/103=
 22749 42998 00804 10016 21134 30204 40331 52006 555 1/000=
 22951 42998 01004 10023 21110 30020 40305 52005 555 1/002=
 22887 42999 00404 11007 21155 30249 40321 52013 
 333 91110 555 11008=
 22876 42997 00305 11004 21150 30256 40331 52011 555 1/006=
 22481 42998 20602 11065 21160 30349 40405 52004 80001 555 1/000=
 22854 42/// /0504 10010 21146 30028 40323 52008 333 91110 555 1////=
 22781 NIL=
 22676 42998 00403 11024 21198 30288 40369 52006 555 1/100=
 22648 42998 00504 10004 21156 30311 40359 52006 555 1/000=
 22559 42998 00703 11022 21208 30368 40385 51006 555 1/100=
 22869 42999 00506 10012 21152 30166 40318 52010 333 91010 91110 555
 1/001=
 22768 42997 00605 11004 21150 30292 40343 52009 333 91110 555 1/006=
 22798 42998 03605 11033 21195 30222 40339 52012 333 91111 555 1/103=
 22375 46/// /2601 11065 30396 40412 52003=
 23207 42599 52803 11067 21108 30363 40387 52003 85500 555 1/107=
 23215 42398 62303 11129 21167 30261 40357 52004 82330 333 82607 555
 1/109=
 23219 NIL=
 27095 86/// /0305 10017 21103 30043 40275 52012 333 91111=
 22408 42999 11504 11003 21078 30212 40366 57001 80001 555   1/000=
 22511 42998 00803 10000 21105 30238 40363 54000 555   1/002=
 22529 42999 00402 11014 21109 30367 40374 52004 555   1/009=
 22602 42999 01103 10007 21084 30108 40339 52001 555   1/001=
 22621 83/69 /0803 10006 21138 30213 40357 52004 555   1////=
 22619 42983 00704 11008 21095 30179 40343 52003 555   1/101=
 22721 42999 00901 10032 21131 30233 40333 52002 555   1/000=
 22727 86/70 /0703 10033 21105 30271 40320 52002 555   1////=
 22717 83/70 /0505 10020 21098 30110 40307 52002 333   91111 555  
 1////=
 22802 42999 00606 10043 21097 30263 40287 57003 333   91110 555  
 1/000=
 22820 42971 00806 10019 21089 30174 40313 52002 555   1/010=
 22831 42998 00704 10039 21112 30256 40312 52004 555   1/100=
 22805 42998 10705 10044 21084 30261 40281 54000 80001 333   91110
 555   1/011=
 22912 42999 00607 10036 21080 30262 40277 52001 333   91011 91112
 555   1/000=
 
