15:31:00 MSK 11.11.2023
020 123456/=о000=1231
 унту01 бтул 111200
 22686 41497 81504 11024 21034 30038 40139 57005 77072 8652/ 333 86611 555 1/102=
 22695 41597 81403 11026 21040 39978 40133 57006 77072 8652/ 555 1/101=
 22996 41598 71802 11033 21033 39997 40187 50001 70272 83570 555 1/102=
 23220 42599 71102 11002 21040 30008 40151 57002 84530 555 1/102=
 23226 42960 51705 11026 21056 39933 40151 57004 85030 555 1/104=
 23305 41570 81804 11026 21032 30096 40124 57002 77173 885// 555 1/102=
 23320 86/// /1802 11060 21060 30083 40158 52002=
 23324 41581 11701 11069 21078 30077 40157 52001 70141 81500 555 1/115=
 23405 41932 81404 11024 21027 30032 40132 57003
 77272 8802/ 555 1/102=
 23410 86/// /1502 11050 21059 30049 40148 50001 555 51062 53004=
 23411 41599 82105 11032 21034 30049 40140 53001 70273 885// 555
 1/103=
 23412 41196 81702 11049 21055 30048 40147 58005 71041 886// 333 88702
 555 1/105=
 23416 NIL=
 23418 41260 82202 11027 21034 30088 40162 53006 70242
 886// 333 88704 555 1/102=
 23501 NIL=
 23503 41498 82002 11033 21047 30102 40153 54001 70272 887// 333 86711 555 1/102=
 23507 86/// /1902 11035 21035 39833 40149 57002=
 23509 41998 81802 11042 21058 30081 40162 58002 70272 8802/ 555 1/105=
 23514 41297 82002 11058 21062 39964 40166 52006 70242 8661/ 333 86705
 555 1/106=
 23518 42/// /2202 11005 21007 30074 40167 52011 555 1/100=
 23606 41262 82301 11033 21033 30000 40170 52006
 70272 887// 333 86706 555 1/101=
 23612 NIL=
 23701 41481 81802 11027 21034 30039 40171 56001 70282 8692/ 333 86912
 555 1/102=
 23704 86/// /1802 11029 21029 39510 49624 50007 555 53004=
 23707 81498 81803 11033 21044 30036 40171 52001 70272 885// 333 88617 555 1/100=
 23708 41984 81903 11048 21057 30034 40188 52004 70272 8807/ 555 1/103=
 23709 41496 82101 11032 21047 39991 40188 52008 78582 889// 333 88913 555 1/102=
 23711 41498 82101 11006 21012 30004 40175 52011 72272 887// 333 86710 555 1/101=
 23803 41497 82501 11037 21053 30013 40198 52008 77172 8802/ 333 88513 555 1/103=
 23804 82397 81902 11039 21046 30029 40178 58001 8772/ 333 85708 555 1/102=
 23807 42/// /1803 11041 21041 30021 40186 50000 555 1/103=
 23808 86/// /1803 11024 21025 30023 40194 52002=
 23812 41597 82901 10002 21002 30017 40180 52016 70282 889// 555 1/100=
 23904 41358 81702 11025 21030 30036 40196 52005 78582 883// 333 86707
 555 1/101=
 23905 41599 82201 11012 21016 39967 40198 52010 70272 885// 555
 1/102=
 23909 41296 82801 11002 21005 39948 40195 52016 71042 886//=
 23912 41/93 93002 10011 20007 39989 40181 52016 75154 333 96047 555
 11002=
 23913 41496 80000 10008 20007 39947 40177 52016 71061 886// 555
 1/100=
 23914 81/92 93003 10007 20006 39924 40182 52016 74742=
 28013 41597 82902 10001 21008 39958 40191 52017 71022 885// 555
 11001=
 28016 42597 83001 10002 20002 39969 40196 52015 885// 555 1/001=
 28029 41595 83102 10018 20015 39958 40178 52018 71022 885// 555
 11002=
 28116 41496 83102 10007 20001 39960 40192 52017 75152 886//=
 28128 41599 83202 10021 20017 30033 40187 52022 72162 885// 555
 11003=
 28134 41695 83201 10038 20034 39825 40173 52018 71022 885// 555
 11004=
 28138 41599 80000 10013 20008 39603 40170 52016 70244 885//=
 28216 41499 83303 10010 20007 39893 40192 52020 72075 886// 555
 11002=
 28222 41495 83401 10024 20023 39989 40184 52014 71042 886// 555
 11003=
 28224 41566 80101 10033 20020 39968 40180 52022 70242 885//=
 28234 41597 83302 10044 20032 39894 40170 52018 72162 885// 555
 11006=
 28238 41599 83202 10036 20024 39865 40167 52017 70252 885// 555
 1/100=
 28313 42598 83402 10020 20009 39998 40191 52019 885// 555 11003=
 28319 41597 83201 10024 20018 30026 40190 52025 72552 885//=
 28321 41899 83404 10019 20015 39981 40185 52022 70252 8802/=
 28324 41697 83503 10034 20026 30062 40182 52025 70265 8652/ 555
 11004=
 28326 41896 70000 10031 20028 39987 40173 52021 72841 80030 555
 11003=
 28413 41497 83103 10027 20010 30071 40193 52023 76162 885// 555
 11003=
 28428 42599 80202 10056 20028 39987 40169 52022 885// 555 12005=
 28429 42598 33101 10030 20022 39757 40166 52020 82530 555 11001=
 22983 42598 81302 11015 21032 30064 40171 57006 8655/ 333 91003 91104
 555 1/101=
 27083 42599 71702 11023 21037 39958 40185 57001 87800 333 91004 91104
 555 14101=
 27097 41598 81602 11027 21028 39933 40200 52003 70272 8357/ 333 91003
 91104 555 1/101=
 27185 42698 81602 11026 21037 30016 40204 51001 885// 333 91003 91103
 555 1/100=
 27199 41398 81801 11028 21033 30009 40211 52001 70272 8677/ 333 91002
 91105 555 1/100=
 27281 41482 81502 11017 21027 39990 40201 57001 70272 82535 333 91003
 91105 555 1/100=
 27283 41467 71801 11024 21036 30050 40210 52003 70272 86501 333 91003
 91104 555 14101=
 27295 41598 81802 11024 21034 39957 40214 52003 70272 885// 333 91004
 91104 555 1/000=
 27296 41574 81401 11026 21038 39991 40213 52006 70272 8802/ 333 91002
 91104 555 12100=
 27385 425// 51701 10006 21019 30080 40210 54000 82531 333 91002 91104
 555 11100=
 27393 41598 70000 11014 21029 30046 40220 52007 70282 86570 333 91001
 91104 555 11001=
 27480 42598 61501 10005 21015 30083 40213 57001 81501 333 91002 91104
 555 12002=
 28007 41450 82101 11018 21026 39940 40207 52006 71082 886// 333 88710
 91003 91104 555 1/100=
 28009 41445 80000 11001 21013 39994 40207 52012 78582 889// 333 91000
 91103 555 1/001=
 28105 41598 82201 11009 21017 30012 40208 52008 70272 885// 333 91001
 91102 555 1/100=
 28202 42580 83002 11004 21016 39982 40206 52011 885// 333 91004 91105
 555 11001=
 28302 41598 82801 10000 21012 39978 40210 53010 70272 885// 333 91002
 91104 555 11002=
 28307 41498 82901 11015 21029 30070 40217 51008 70272 8752/ 333 91002
 91104 555 11001=
 28402 41498 83002 11003 21016 30033 40215 52012 72375 8561/ 333 91004
 91105 555 11002=
 28502 42998 83103 11000 21021 30112 40217 53013 80002 333 91004 91108
 555 11002=
 22550 81396 83401 10000 20000 30100 40110 52016 71072 886// 333 88707
 555 1/101=
 22778 41496 81403 11012 21020 30065 40135 57004 78082 889// 333 85614
 555 1/100=
 22889 42498 81103 11020 21027 30085 40173 58002 886// 333 88711 555
 1/102=
 22762 41396 81501 10001 20001 30078 40117 52003 71072 886// 555
 1/100=
 22638 46/// /0402 11002 21006 39887 40113 52018=
 22671 NIL=
 22456 41497 83601 11014 21014 30027 40115 52016 70272 886// 555
 1/101=
 22583 41597 81401 11010 21015 30033 40114 57001 78588 889//
 555 1/101=
 22749 41498 82003 10044 20043 39976 40099 52009 70282 889// 333 88917
 555 12002=
 22951 41497 82102 10032 20031 39844 40123 52007 75154 886// 555
 1/003=
 22887 42499 81402 11007 21022 30088 40159 57002 8655/
 333 86614 555 1/101=
 22876 41497 81502 11002 21008 30074 40147 58004 70272 885// 333 88615
 555 1/100=
 22481 41496 82001 11012 21015 30054 40107 52005 78582 889// 555
 1/101=
 22854 41/93 92102 10030 20030 39827 40113 52007 76164 333 96045 555
 12000=
 22781 NIL=
 22676 41495 81502 11008 21014 30039 40117 53002 77372 8872/ 555
 1/101=
 22648 41396 80301 10031 20030 30057 40103 52012 76162 8872/ 333 88709
 555 13003=
 22559 41495 80000 10002 21001 30095 40112 52013 77372 8872/ 333 88710
 555 1/100=
 22869 41297 81901 10006 20001 39994 40143 54001 78082 889// 333 86705
 555 1/100=
 22768 41396 82003 10010 20007 30067 40117 52001 75165 886// 333 88708
 555 11000=
 22798 41598 81502 11029 21037 30052 40167 58002 70282 8795/ 555
 1/102=
 22375 46/// /2702 11022 21042 30092 40107 52012=
 23207 41495 82102 11019 21025 30081 40104 52002 77387 8872/ 555
 1/102=
 23215 42498 71903 11060 21062 30037 40129 56007 87600 333 87710 555
 1/106=
 23219 NIL=
 27095 86/// /1602 11030 21030 39975 40210 54000=
 22408 42270 80101 11070 21077 30006 40161 52014 886// 333   88704
 93505 555   1/106=
 22511 41220 80101 11056 21063 30027 40152 52016 71072 886// 333  
 88704 93512 555   1/104=
 22529 41599 83602 11003 21012 30124 40131 52019 70272 885// 333  
 88627 555   1/100=
 22602 41474 80303 11048 21059 39905 40136 52018 70272 885// 333  
 88611 555   1/104=
 22621 83361 /3602 11019 21025 39989 40131 52018 555   1////=
 22619 41458 80303 11008 21016 39956 40116 52015 77172 8872/ 333  
 87710 555   1/100=
 22721 41397 83101 10005 20001 30011 40110 52017 77176 8872/ 333  
 85709 555   1/000=
 22727 86256 /3501 10047 20046 30048 40095 52011 555   1////=
 22717 83/58 /0402 10014 20014 39897 40094 52012 555   1////=
 22802 41222 80000 10065 20065 30058 40081 52008 71084 886// 333  
 88703 555   12005=
 22820 41458 80000 10047 20043 39958 40093 52009 76162 8652/ 333  
 86611 555   1/004=
 22831 41216 82001 10050 20044 30043 40097 52009 75165 886// 333  
 88704 555   12004=
 22805 41497 82002 10066 20066 30060 40084 52008 70252 886// 555  
 11007=
 22912 41256 82002 10055 20048 30079 40094 52008 75065 886// 333  
 88706 555   12005=
 
