03:31:00 MSK 06.03.2023
020 123456/=о000=0031
 унту01 бтул 060000
 22686 42998 20000 11277 21306 39890 40000 53003 80005 555 1/132=
 22695 42998 02601 11246 21282 39821 49988 53005 555 1/130=
 22996 42/// /0102 11103 21106 39749 49940 52011 555 1/110=
 23220 41999 30606 11216 21247 39861 40014 57006 73631 83030 555 1/124=
 23226 42960 00501 11246 21272 39795 40029 57004 555 1/130=
 23305 42/// /0901 11131 21146 39982 40011 52005 555 1/113=
 23320 86/// /0000 11354 21400 39934 40017 57003=
 23324 42978 23401 11306 21337 39930 40016 56002 80001 555 1/136=
 23405 41996 80000 11146 21159 39901 40005 53009 77172 8802/ 
 555 1/114=
 23410 86/// /3301 11285 21321 39908 40015 54001 555 53002=
 23411 42999 00401 11221 21242 39917 40013 52002 555 1/127=
 23412 42999 00501 11225 21251 39908 40013 53001 555 1/130=
 23416 NIL=
 23418 42965 03301 11292 21316 39926 40008 57001 
 555 1/135=
 23503 42/// /0000 11346 21388 39952 40009 52002 555 1/138=
 23507 NIL=
 23509 42/// /0000 11317 21352 39914 40002 54001 555 1/137=
 23514 42997 23601 11249 21271 39788 40002 57003 80001 555 1/135=
 23518 42/// /0202 11277 21304 39896 49997 54001 555 1/131=
 23606 42960 00000 11227 21252 39805 49992 54000
 555 1/132=
 23612 NIL=
 23701 42/// /3501 11255 21277 39852 49994 52003 555 1/132=
 23704 86/// /3401 11214 21224 39926 40039 55004 555 53004=
 23707 81998 20203 11191 21210 39832 49972 52007 70271 82030 555 1/122=
 23708 42/// /3602 11182 21203 39810 49968 54001 555 1/122=
 23709 42/// /3402 11186 21214 39759 49963 54001 555 1/126=
 23711 42998 03401 11189 21211 39787 49967 57004 555 1/124=
 23803 42699 83501 11137 21166 39767 49954 56002 87501 333 87638 555 1/117=
 23804 82997 80101 11150 21164 39808 49960 53005 82039 555 1/120=
 23807 42/// /0104 11132 21133 39788 49955 52007 555 1/114=
 23808 86/// /2802 11132 21145 39775 49949 52002=
 23812 41997 00000 11145 21162 39776 49945 57003 70171 555 1/119=
 23904 41574 83402 11103 21112 39779 49940 52010 70272 86501 333 86623
 555 1/112=
 23905 41596 83502 11102 21117 39699 49932 52006 77172 8802/ 555
 1/110=
 23909 41497 83602 11084 21096 39672 49920 52004 77187 8751/=
 23912 41496 80201 11066 21079 39723 49916 54000 77172 8802/ 555
 1/107=
 23913 41997 81501 11083 21116 39694 49927 57004 77172 8802/ 555
 1/111=
 23914 81496 80302 11064 21072 39653 49912 57001 78582 86905=
 27095 86/// /3202 11090 21095 39713 49946 52015=
 28013 41897 83503 11063 21076 39675 49907 52003 77172 8802/ 555
 1/106=
 28016 42/// /3602 11055 21055 39680 49906 52006 555 1/106=
 28029 41895 80602 11048 21060 39674 49892 57001 77172 8452/ 555
 1/106=
 28116 41895 70705 11039 21044 39650 49879 57005 77372 87070=
 28128 41596 82001 11025 21030 39734 49886 52002 77172 8802/ 555
 1/103=
 28134 41496 81201 11038 21054 39541 49889 57001 77072 8472/ 555
 1/105=
 28138 43/// /0000 11056 21065 39327 49892 52001=
 28216 41698 72103 11041 21050 39599 49895 52009 72272 87500 555
 1/105=
 28222 42/// /2102 11026 21047 39699 49892 52006 555 1/103=
 28224 41962 62202 11045 21057 39685 49897 52006 70272 80001=
 28234 41597 82302 11032 21052 39622 49898 52006 70272 8457/ 555
 1/104=
 28238 41599 82403 11028 21046 39599 49899 53005 70272 885// 555
 1/104=
 28313 42/// /2001 11035 21050 39711 49903 52009 555 1/105=
 28319 42598 52401 11086 21096 39754 49920 52013 82550=
 28321 41896 71902 11047 21055 39699 49902 52008 77072 87070=
 28324 42/// /2403 11047 21067 39788 49909 52009 555 1/108=
 28326 42598 52103 11030 21047 39720 49905 52006 85500 555 1/105=
 28413 42599 82303 11030 21054 39798 49920 52014 885// 555 1/105=
 28428 42598 82302 11032 21048 39738 49922 52012 889// 555 1/105=
 28429 42/// /2402 11036 21044 39513 49923 53013 555 1/104=
 22983 42984 62601 11168 21184 39855 49966 52010 333 91001 91102 555
 1/117=
 27083 41584 83301 11103 21121 39717 49945 52012 70272 885// 333 91001
 91105 555 1/110=
 27097 42/// /3203 11094 21106 39673 49940 52015 333 91004 91105 555
 1/109=
 27185 42/// /3002 11078 21093 39759 49946 52019 333 91003 91107 555
 1/108=
 27199 41498 83201 11063 21080 39729 49928 52021 77172 8672/ 333 91004
 91106 555 1/107=
 27281 42484 83304 11073 21089 39740 49950 52025 885// 333 91006 91108
 555 1/107=
 27283 41496 83305 11069 21089 39781 49941 52021 77172 8872/ 333 91007
 91107 555 1/108=
 27295 42/// /3103 11064 21078 39676 49930 52024 333 91005 91106 555
 1/104=
 27296 41597 83302 11055 21070 39701 49920 52025 70282 889// 333 91004
 91107 555 1/104=
 27385 415// 83302 11047 21065 39808 49937 52034 70272 8455/ 333 91005
 91107 555 1/105=
 27393 41495 83402 11036 21044 39751 49921 52026 77372 8772/ 333 91003
 91105 93600 555 1/104=
 27480 41496 83001 11035 21058 39816 49944 52040 78582 885// 333 91003
 91106 555 1/103=
 28007 41497 83404 11073 21089 39657 49922 52015 77173 887// 333 88710
 91005 91106 555 1/108=
 28009 41496 80201 11062 21079 39704 49915 52014 78582 8691/ 333 91002
 91104 555 1/107=
 28105 42598 83201 11061 21076 39716 49917 52019 885// 333 91002 91104
 555 1/103=
 28202 41996 83203 11035 21049 39679 49899 52020 77172 8807/ 333 91005
 91105 555 1/104=
 28302 41596 82402 11031 21042 39676 49903 52018 77172 885// 333 91003
 91105 555 1/103=
 28307 41498 80501 11052 21071 39773 49917 52020 70271 885// 333 91002
 91104 555 1/105=
 28402 42682 82202 11048 21067 39739 49918 52019 8257/ 333 91004 91106
 555 1/106=
 28502 42997 82106 11027 21057 39826 49929 52018 8802/ 333 91008 91110
 555 1/104=
 22550 82971 60000 11230 21254 39996 40007 57003 86030 555 1/127=
 22778 42998 80303 11134 21154 39913 49985 52003 8807/ 555 1/115=
 22889 42/// /2801 11143 21155 39878 49968 52010 555 1/114=
 22762 42/// /0000 11227 21245 39953 49995 57002 555 1/129=
 22638 46/// /0700 11286 21314 39758 40008 57002=
 22671 42/// /0000 11234 21251 39916 40002 54000 555 1/131=
 22456 42/// /0000 11200 21221 39915 40009 57005 555 1/118=
 22583 42598 70000 11144 21161 39910 49994 53001 875// 555 1/115=
 22749 42/// /0401 11160 21182 39857 49989 54001 555 1/118=
 22951 42/// /1101 11124 21136 39691 49983 52005 555 1/112=
 22887 42997 30000 11204 21216 39898 49973 58001 80001 555 1/127=
 22876 42997 02502 11205 21219 39903 49981 52006 555 1/128=
 22481 42/// /0000 11116 21117 39945 40000 52004 555 1/112=
 22854 42/// /0501 11135 21164 39686 49987 52002 555 1////=
 22781 NIL=
 22676 41598 73302 11140 21157 39912 49993 57001 70272 87500 555
 1/114=
 22648 42/// /0000 11244 21266 39952 40003 54001 555 1/131=
 22559 42/// /0000 11219 21243 39991 40009 54000 555 1/129=
 22869 42/// /0801 11164 21179 39830 49987 52005 555 1/121=
 22768 42997 02301 11256 21282 39937 49992 52004 555 1/130=
 22798 42/// /3501 11175 21193 39858 49977 52007 555 1/120=
 22375 46/// /1105 11086 39987 40002 52007=
 23207 NIL=
 23215 42/// /0902 11281 21313 39924 40023 54000 555 1/130=
 23219 NIL=
 22408 42984 03201 11234 21258 39841 40004 57006 333   93502 555  
 1/127=
 22511 42984 00000 11247 21276 39868 40000 57001 333   93502 555  
 1/133=
 22529 42998 00000 11290 21321 39991 49999 57001 555   1/131=
 22602 42475 80401 11125 21138 39742 49976 57005 885// 333   88615
 555   1/112=
 22621 83/64 /0601 11210 21232 39844 49994 57002 555   1////=
 22619 42998 01101 11186 21202 39812 49982 57002 555   1/126=
 22721 42997 03001 11200 21220 39878 49983 57002 555   1/125=
 22727 86/70 /0000 11154 21164 39920 49970 57003 555   1////=
 22717 83/67 /0501 11097 21112 39761 49960 57005 555   1////=
 22802 41498 70601 11072 21096 39929 49953 57003 70282 86931 333  
 85919 555   1/108=
 22820 42498 80902 11103 21123 39823 49964 57004 885// 333   88610
 555   1/111=
 22831 42997 60702 11114 21137 39913 49970 57002 86030 555   1/116=
 22805 414// 80803 11065 21074 39927 49947 54000 70272 885// 555  
 1/102=
 22912 41956 80701 11086 21099 39926 49942 57009 77172 8807/ 555  
 1/109=
 
