12:31:00 MSK 20.09.2023
010 111/=о000=0931
 уйту01 бтул 200900
 22686 82998 71906 10185 20100 39918 40010 57025 84089 333 91011 91112=
 22695 42698 52105 10179 20076 39865 40007 57021 82101 333 91012 91112=
 22996 82999 32003 10195 20117 39949 40123 57015 82031=
 23220 41597 82904 10050 20040 30000 49860 53013 76162 885// 333 88621 91114=
 23226 41560 82608 10059 20038 39975 49984 53017 70262 8595/ 333 85920 
 91013 91117=
 23305 41999 81805 10078 20065 39935 49962 58046 70262 8807/ 333 91010
 91110=
 23320 86/// /2306 10101 20051 39948 40018 57010 333 91012 91115=
 23324 42585 72404 10100 20048 39937 40011 57004 81972 333 91111=
 23405 41462 81804 10098 20077 39886 49981 57034
 76162 885// 333 88619=
 23410 86/// /1604 10083 20050 39913 40006 58020 333 91111=
 23411 42499 81906 10084 20054 39902 49988 58034 887//=
 23412 42999 81703 10087 20056 39907 40000 57026 8805/=
 23416 NIL=
 23418 42565 81806 10102 20049 39948 40018 57026 8655/
 333 86625 91011 91111=
 23503 42498 82004 10104 20058 39956 40004 56029 885// 333 88615 91010
 91111=
 23507 86/// /2203 10090 20081 39718 40015 57021=
 23509 41498 82004 10103 20067 39956 40032 57023 70262 8652/ 333 86619=
 23514 41497 82104 10099 20062 39839 40027 57024 72162 8695/ 333 85712 91111=
 23518 41698 82006 10086 20055 39961 40049 58024 72122 885// 333 88635
 91012 91114=
 23606 42962 72204 10128 20075 39887 40049 57016 85031 =
 23701 42999 42004 10148 20087 39933 40055 57019 82032 333 91110=
 23704 86/// /2004 10134 20095 39803 49913 53136=
 23707 82998 62105 10173 20100 39946 40070 57016 80006=
 23708 41598 62006 10146 20084 39947 40088 57013 70282 81931 333 91112=
 23709 82998 71906 10139 20061 39918 40101 57018 87030 333 91010 91110=
 23711 42698 62006 10125 20052 39925 40086 57022 82535 333 91012 91111=
 23803 42699 72503 10157 20067 39945 40115 56015 87400=
 23804 82997 52104 10171 20104 39955 40091 57010 80001 333 91110=
 23807 42997 22106 10177 20115 39958 40110 57014 81039 333 91010 91112=
 23808 86/// /1805 10163 20089 39967 40126 56014 333 91111=
 23812 82997 02204 10126 20036 39974 40130 56019 333 91110=
 23904 42970 81804 10173 20084 39993 40141 57011 81031 333 91110=
 23905 82999 82004 10152 20069 39933 40150 57014 80002=
 23909 82898 82205 10154 20050 39931 40165 57012 81041 333 91110=
 23912 82598 82205 10138 20050 39983 40167 58017 83501 333 91011
 91111=
 23913 82599 72602 10127 20035 39955 40176 58016 84902=
 23914 82499 72205 10139 20044 39927 40173 57013 82535 333 91010
 91111=
 28013 82998 82105 10146 20032 39956 40177 58013 80009 333 91110=
 28016 82999 82204 10152 20049 39970 40185 57012 80005=
 28029 82999 52106 10138 20046 39988 40199 57010 80001=
 28116 82999 62103 10155 20041 39978 40199 57011 80005=
 28128 82999 82306 10136 20060 30066 40214 57013 80005 333 91110=
 28134 82898 82002 10131 20038 39876 40215 57009 86015=
 28138 42999 82405 10118 20009 39667 40216 57008 80005 333 91110=
 28216 82999 42105 10149 20032 39932 40218 57010 80001 333 91111=
 28222 82898 82202 10141 20048 30034 40221 58011 85055=
 28224 82970 82303 10142 20036 30021 40226 57010 80005=
 28234 82998 62203 10146 20010 39959 40227 57010 80001=
 28238 82999 82404 10142 20018 39936 40228 58010 80001=
 28313 82998 62105 10158 20033 30043 40227 58010 80001=
 28319 82898 62404 10155 20043 30083 40241 58010 81081=
 28321 82999 32103 10155 20054 30032 40227 52003 80001=
 28324 82999 82403 10157 20025 30121 40237 57010 80005=
 28326 82998 72503 10153 20035 30052 40231 57013 80001=
 28413 82999 72102 10170 20021 30124 40241 58008 80001=
 28428 82999 82402 10151 20020 30070 40248 57011 80001=
 28429 82998 82303 10145 20040 39850 40246 57006 80001=
 22983 42998 12304 10196 20103 30003 40101 57015 80001 333 91007
 91107=
 27083 42999 22004 10182 20102 39920 40130 57013 80005 333 91008
 91109=
 27097 42998 51705 10184 20113 39905 40151 57013 80001 333 91008
 91110=
 27185 42998 11703 10187 20104 39987 40160 57014 80001 333 91006
 91106=
 27199 42998 62103 10185 20083 39993 40180 57011 84031 333 91008
 91108=
 27281 42982 21805 10197 20107 39971 40165 57010 80001 333 91007
 91108=
 27283 42998 61903 10187 20098 30028 40176 57012 80001 333 91007
 91107=
 27295 42998 41803 10182 20071 39951 40190 58009 80005 333 91008
 91108=
 27296 42998 71903 10162 20056 39988 40196 57007 87030 333 91006
 91108=
 27385 429// 31903 10205 20101 30069 40192 57010 83030 333 91007
 91108=
 27393 42598 82106 10180 20058 30048 40210 57011 87401 333 91009
 91110=
 27480 42998 21803 10194 20105 30078 40199 57006 80001 333 91008
 91108=
 28007 42999 52003 10162 20061 39925 40174 57010 80001 333 91009
 91109=
 28009 42998 82104 10160 20047 39985 40186 57010 80001 333 91008
 91109=
 28105 42998 42005 10171 20054 30002 40186 58010 82061 333 91009
 91109=
 28202 42999 62204 10164 20046 39990 40201 57009 85031 333 91009
 91110=
 28302 42598 82003 10166 20037 39995 40214 57010 83201 333 91007
 91109=
 28307 42598 81803 10186 20047 30079 40216 57009 86531 333 91008
 91110=
 28402 42998 82105 10178 20047 30054 40225 57007 81035 333 91008
 91110=
 28502 42998 82206 10187 20027 30138 40237 58006 80001 333 91009
 91109=
 22550 82597 72004 10175 20116 39928 49937 57010 85409 333 85631
 91110=
 22778 42998 82104 10191 20103 39963 40027 57021 8807/ 333 91110=
 22889 42/// /2003 10192 20107 30014 40094 58015=
 22762 82598 81902 10172 20123 39968 40004 57009 8557/=
 22638 46/// /2004 10155 20094 39725 49936 57019=
 22671 42598 72204 10152 20118 39901 49975 58008 86930 333 86921=
 22456 42597 72303 10158 20128 39834 49915 57009 86501=
 22583 41598 81802 10112 20103 39902 49978 56015 72582 8697/=
 22749 NIL=
 22951 41598 82004 10143 20123 39781 40047 57004 72582 889//=
 22887 42999 21806 10190 20126 30012 40078 57013 80001
 333 91014 91113=
 22876 42997 22005 10210 20106 39986 40054 57021 80009 333 91010
 91112=
 22481 42/// /1907 10125 20109 39887 49936 58008 333 91011 91112=
 22854 42499 82106 10161 20121 39749 40021 57007 889// 333 84918 91011
 91113=
 22781 NIL=
 22676 42598 72106 10161 20105 39919 49991 57014 85940 333 91011
 91111=
 22648 NIL=
 22559 82698 72203 10171 20122 39940 49955 57008 85901 333 85840
 91111=
 22869 42997 72105 10188 20106 39917 40055 57016 80070 333 91010
 91111=
 22768 42697 82205 10174 20113 39972 40019 57007 8257/ 333 91010
 91113=
 22798 42998 01904 10180 20097 39960 40065 58018 333 91111=
 22375 46/// /2207 10138 20124 39886 49900 54020 333 91113=
 23207 41495 81202 10063 20061 39932 49953 57023 76362 8872/=
 23215 NIL=
 23219 NIL=
 27095 NIL=
 22408 41459 82102 10100 20088 39702 49843 57026 78082 883// 333  
 88915 91110=
 22511 41438 81102 10100 20091 39720 49834 57047 78182 8492/ 333  
 91110=
 22529 42599 81906 10159 20098 39889 49895 57023 889// 333   88921
 91011 91113=
 22602 41476 72008 10100 20085 39653 49866 57025 72582 86930 333  
 86913 91012 91123=
 22621 83567 /1808 10141 20098 39758 49888 57038 333   91012 91115=
 22619 41496 81803 10143 20107 39741 49889 57037 76162 8252/ 333  
 91111=
 22721 41498 81406 10149 20105 39831 49926 57030 72522 889//=
 22727 86570 /2107 10162 20110 39912 49957 57019 333   91013 91114=
 22717 83/50 /2105 10131 20120 39749 49934 57018 333   91012 91113=
 22802 41565 82404 10137 20122 39932 49954 52004 78082 889// 333  
 84927 91113=
 22820 42570 72207 10162 20104 39836 49964 57019 87500 333   87627
 91014 91116=
 22831 42698 62103 10170 20112 39941 49993 57007 81531=
 22805 41497 82211 10160 20134 39942 49961 54000 78082 8592/ 333  
 91017 91119=
 22912 42599 72207 10169 20116 39988 40002 57004 85530 333   91015
 91116=
 
