09:31:00 MSK 03.01.2023
020 123456/=о000=0631
 унту01 бтул 030600
 22686 42998 81501 11241 21264 39924 40033 58003 82035 333 21244=
 22695 42/// /2802 11185 21216 39850 40013 52002 333 21188=
 22996 41598 73103 11122 21157 39860 40055 52029 70282 82906 333 21127
 91111=
 23220 41598 80807 11183 21210 39884 40034 52002 73732 885// 333 91011
 91118=
 23226 41339 81504 11172 21191 39815 40043 52002 77373 887// 333
 21179 86708 91117=
 23305 41599 80102 11186 21208 39977 40007 51006 72272 885// 333 88623=
 23320 66/// /1601 11195 21227 39935 40013 52012 60002 333 21224=
 23324 41980 80904 11196 21232 39936 40019 53007 70232 8807/=
 23405 41948 83401 11191 21210 39893 49999
 52006 77172 8802/ 333 21192=
 23410 66/// /0000 11201 21227 39907 40011 52006 60002 333 21230=
 23411 41498 81202 11182 21201 39911 40005 52008 77172 8772/=
 23412 41998 80501 11196 21219 39907 40011 52005 77172 8807/=
 23416 NIL=
 23418 41565 81202 11177 21211 39932 40011 52008 70272
 885// 333 88623=
 23501 NIL=
 23503 41997 80000 11182 21208 39945 49998 52006 77172 8802/=
 23507 86/// /0000 11175 21189 39673 40002 52004=
 23509 41996 83002 11173 21195 39915 49998 52008 77172 8802/=
 23514 41396 81401 11192 21212 39791 40000 52010 77172 8772/ 333 87707  93609=
 23518 41996 81602 11191 21223 39914 40011 52008 77172 8802/ 555
 53009=
 23606 41950 80000 11190 21216 39819 40002 52011
 77187 8802/ 333 21202=
 23701 41564 72704 11167 21186 39885 40022 52013 78583 84970 333 21167=
 23704 66/// /2902 11163 21174 39926 40039 55004 60002 333 21163=
 23707 81997 82804 11167 21191 39890 40030 52019 77072 8807/ 333 21167=
 23708 41478 83002 11143 21166 39859 40016 52018 77187 8357/ 333 21143=
 23709 41496 83501 11146 21159 39800 40001 52018 78587 8592/ 333 21147
 936//=
 23711 41498 80601 11195 21218 39822 40003 52010 72682 8392/=
 23803 41997 83404 11119 21139 39819 40005 51026 77087 8802/ 333 21120=
 23804 81497 82902 11151 21175 39880 40032 52021 70283 8357/ 333 21151=
 23807 41996 83005 11142 21169 39878 40048 52026 77173 86075 333 21144
 91111=
 23808 NIL=
 23812 42/// /0201 11165 21189 39824 49995 53012=
 23904 41470 33203 11119 21136 39877 40041 52027 70273 83500 333 21119=
 23905 41599 83203 11108 21130 39785 40020 52031 70273 885// 333
 21108=
 23909 41497 83003 11077 21094 39746 49995 52024 78587 8632/ 333 21077
 93609=
 23912 41898 80000 11085 21094 39782 49978 52012 70272 8807/ 333 21087
 93600=
 23913 41597 81402 11159 21191 39762 40003 52014 77172 8872/=
 23914 81497 70000 11073 21082 39717 49977 52012 77072 87500 333
 93606=
 28013 41597 82602 11055 21068 39750 49983 53011 78582 889// 333
 93400=
 28016 41599 73103 11049 21064 39764 49991 53015 72272 87500 333
 21055=
 28029 41599 52602 11072 21095 39760 49982 52012 70272 83520 333 21073
 93400=
 28116 41496 82802 11050 21060 39757 49989 52009 77172 8377/=
 28128 41599 80000 11060 21072 39836 49992 52011 72687 8653/=
 28134 41598 60000 11077 21088 39631 49988 52015 72272 86500 333
 21077=
 28138 82599 80000 11134 21153 39404 49993 52014 885// 333 93505=
 28216 41896 82602 11050 21061 39703 40003 53012 77172 8802/ 333
 21054=
 28222 41597 82701 11053 21065 39797 49993 52012 78587 8795/=
 28224 41570 82601 11047 21066 39781 49996 52013 72272 8651/=
 28234 41598 63101 11062 21082 39708 49990 52018 77072 85570 333
 21065=
 28238 41498 80000 11085 21100 39678 49988 52016 77172 8802/ 333
 21089=
 28313 41597 82301 11043 21059 39814 40008 53010 77172 885// 333
 21056=
 28319 42598 82603 11037 21051 39850 40015 52009 885//=
 28321 41898 72702 11047 21060 39798 40003 52011 77172 87070=
 28324 41897 82703 11035 21065 39887 40008 52012 77172 8802/ 333
 21044=
 28326 42598 63101 11044 21069 39808 49995 52012 86500 333 21046=
 28413 41599 82603 11025 21044 39900 40022 53008 77172 885// 333
 21031=
 28428 41599 82703 11038 21077 39829 40015 52018 70272 885// 333
 21045=
 28429 41896 82703 11060 21070 39591 40008 52017 77372 8807/ 333
 21063=
 22983 41598 82502 11139 21158 39961 40071 52011 70273 8657/ 333 21145
 91002 91108=
 27083 41999 03203 11129 21154 39841 40074 52025 73631 333 21129 91008
 91111=
 27097 41498 33007 11116 21136 39797 40070 52025 73683 83900 333 21116
 91011 91114=
 27185 41598 82904 11074 21103 39893 40082 51031 73632 883// 333 21074
 91007 91115=
 27199 41496 83201 11068 21087 39858 40060 52029 77187 8672/ 333 21068
 91004 91108=
 27281 41482 63307 11062 21109 39878 40091 52026 73683 85930 333 21062
 91010 91113=
 27283 41459 73205 11057 21086 39907 40066 52032 78583 87900 333 21057
 91009 91113=
 27295 41562 83005 11053 21082 39811 40066 52028 77172 8802/ 333 21053
 91008 91111=
 27296 41598 83105 11047 21083 39829 40051 52028 70272 885// 333 21047
 91009 91113=
 27385 415// 63005 11019 21065 39949 40079 52016 73683 82530 333 91011
 91112=
 27393 41598 73008 11029 21060 39887 40060 52019 73673 86570 333 91011
 91114=
 27480 41598 82802 11019 21049 39966 40095 52012 70283 885// 333 91004
 91107=
 28007 41450 83303 11085 21106 39775 40044 52029 78587 883// 333 21085
 88912 91006 91112=
 28009 41442 83104 11078 21109 39814 40028 52035 78583 889// 333 21078
 91007 91111=
 28105 41459 82902 11071 21098 39839 40044 52029 77173 8872/ 333 21071
 91006 91109=
 28202 41958 83205 11056 21087 39806 40031 53025 77172 8807/ 333 21056
 91009 91110=
 28302 41596 83105 11040 21068 39805 40036 53020 78587 889// 333 91011
 91111=
 28307 41498 82805 11017 21053 39913 40058 53014 73673 889// 333 91009
 91111=
 28402 41598 72704 11020 21041 39866 40045 52012 70272 84570 333 91008
 91110=
 28502 41598 82807 11014 21043 39956 40060 52011 73632 889// 333 91010
 91111=
 22550 81971 03202 11092 21120 30052 40063 52003 70281=
 22778 41597 72902 11101 21116 39985 40057 57007 78582 83970=
 22889 41496 82701 11141 21153 39974 40065 52031 77173 8872/ 333 21146
 88511 91112 92980=
 22762 42997 02502 11113 21117 30021 40061 57009=
 22638 46/// /2701 11081 21089 39873 40106 57001=
 22671 41997 60000 11132 21137 39942 40025 57010 70272 81030=
 22456 41596 83001 11132 21137 39962 40054 52012 78582 889//=
 22583 42998 70000 11207 21229 39926 40013 58005 82071 333 21207=
 22749 42598 82701 11076 21088 39967 40096 57007 82505 333 21077=
 22951 41497 80000 11066 21078 39816 40105 58007 77172 8802/ 333
 21066=
 22887 41496 82002 11128 21141 39993 40067 52002 78583 8595/ 
 333 21138 85916=
 22876 41496 82402 11102 21113 39989 40064 55002 78582 889// 333
 88917=
 22481 41596 83203 11180 21194 39956 40012 57003 78581 8797/=
 22854 42598 62802 11089 21096 39801 40100 57008 86500 333 21092 86625=
 22781 NIL=
 22676 41896 71801 11181 21200 39944 40027 57012 77072 87070 333
 21182=
 22648 41598 72903 11059 21061 30043 40090 57004 70282 86930 333
 86624=
 22559 42998 03103 11107 21124 30041 40059 55000=
 22869 42997 02701 11110 21119 39938 40093 57007 333 21110=
 22768 41897 22202 11118 21132 30022 40074 57008 70281 82031 333
 21121=
 22798 41998 82401 11181 21192 39923 40043 52011 70283 83031 333 21183
 91111=
 22375 46/// /0103 11149 30014 40030 52003=
 23207 41496 80603 11204 21231 39987 40011 52007 78582 889// 333
 21205=
 23215 42498 80804 11189 21218 39927 40023 54001 885// 333 88611=
 23219 NIL=
 27095 66/// /3005 11116 21136 39835 40073 52033 60002 333 21116 91111=
 22408 12483 82801 11112 21127 39965 40122 54000 60002 885// 333  
 21162 43025 88616 93502=
 22511 12584 83301 11093 21111 39991 40117 52002 60002 885// 333  
 21096 48021 88621=
 22529 12998 03002 11080 21090 30093 40100 57002 60002 333   21098
 47022=
 22602 12474 80601 11082 21082 39877 40111 57001 60002 885// 333  
 21083 47033 88611 93501=
 22621 12598 83301 11060 21073 39964 40108 57002 60002 885// 333  
 21070 47024 88622=
 22619 12498 80000 11053 21061 39936 40099 57007 60002 885// 333  
 21068 47022 88612=
 22721 12597 83001 11047 21056 30000 40101 57007 60002 885// 333  
 21065 47037 88620=
 22727 12470 81202 11035 21058 30052 40101 57011 69922 884// 333  
 21048 48017 88616=
 22717 11295 80801 11077 21086 39898 40098 57010 69902 77100 8872/
 333   21084 47025 86704=
 22802 12598 70000 11092 21104 30059 40083 57015 60002 82530 333  
 21132 43024=
 22820 11196 81601 11052 21061 39959 40099 57014 60002 72842 886//
 333   21063 47020 88702=
 22831 12597 70000 11055 21066 30046 40103 57006 60002 87900 333  
 21063 47036 87923=
 22805 125// 80703 11033 21038 30054 40074 57019 60002 885// 333  
 21033 42002=
 22912 11450 80602 11057 21066 30066 40082 57019 69902 77074 8802/
 333   21119 43010 88514=
 
