18:31:00 MSK 10.08.2023
020 123456/=о000=1531
 уйту01 бтул 101500
 22686 62598 13101 10276 20159 30139 40231 54000 60002 81100 333 10288 555 50207 53004=
 22695 12599 23502 10275 20115 30077 40218 53002 60002 82100 333 10288
 555 50214 53005=
 22996 62599 20201 10265 20168 30049 40220 54000 60002 82100 333 10286 555 50217 53006=
 23220 12599 50702 10194 20133 30032 40164 52003 60002 82131 333 20110
 31011 55157 555 53006 7000/=
 23226 12660 20305 10152 20081 30043 40249 54000 60002 82500 333 10176 
 555 50128 53010=
 23305 12999 20601 10207 20102 30243 40270 54000 60002 82030 333 10210
 555 50176 53006=
 23320 76/// /0301 10190 20095 30188 40257 52003 333 60002 555 50148 53007=
 23324 12684 23503 10193 20101 30182 40255 52002 60002 81501 333 10213
 555 50149 53007=
 23405 12971 10502 10189 20115 30171 40266 52010
 60002 81030 333 10213 555 50167 53007=
 23410 76/// /0203 10195 20088 30168 40260 52004 333 60002=
 23411 12599 10202 10198 20099 30178 40263 52003 60002 81500 333 10212
 555 50172 53006=
 23412 12699 20402 10195 20107 30169 40261 52004 60002 82100 333 10219 555 50163 53006=
 23416 NIL=
 23418 12965 00302 10216 20086 30180 40249 52004 60002
 333 10230 555 50180 53007=
 23503 12998 00202 10204 20096 30210 40257 52003 60002 333 10217 555 50163 53007=
 23507 66/// /0702 10220 20144 39953 40243 52007 60002 333 10249 555 50191 53006=
 23509 12998 20501 10222 20114 30175 40248 52006 60002 80001 333 10240
 555 50194 53005=
 23514 12697 20402 10200 20100 30064 40250 52005 60002 82401 333 10217 555 50168 53006=
 23518 12698 23602 10211 20096 30156 40242 52005 60002 81109 333
 10226=
 23606 12662 10202 10205 20113 30085 40242 52007 60002 81500 333 10237 555 50170 53007=
 23701 12699 10801 10277 20117 30109 40228 51001 60002 81200 333 10294
 555 50201 53005=
 23704 76/// /0502 10278 20139 30345 40456 58061 333 60002=
 23707 62998 30202 10238 20180 30099 40222 52001 60002 82031 333 10285 555 50209 53006 =
 23708 12984 80302 10233 20135 30090 40229 52005 60002 80031 333 10276
 555 50194 53006=
 23709 62698 33603 10240 20118 30049 40228 52006 60002 82101 333 10259 555 50184 53008=
 23711 12598 60801 10205 20124 30076 40235 52009 60002 82235 333 10233 555 50173 53007=
 23803 12699 31001 10252 20095 30054 40220 53006 60002 83500 333 10267
 555 50195 53005=
 23804 12997 30000 10261 20153 30087 40221 52002 60002 83030 333 10283 555 50223 53005=
 23807 12597 23401 10259 20172 30077 40226 53001 60002 81430 333 10275
 555 50209 53005=
 23808 66/// /3602 10256 20123 30067 40222 53002 60002 333 10278=
 23812 12597 50901 10212 20081 30079 40232 52014 60002 81131 333 10243
 555 50174 53008=
 23904 12670 13501 10256 20164 30078 40223 52001 60002 81500 333 10284
 555 50200 53005=
 23905 62599 60102 10260 20127 30008 40217 52004 60002 86500 333 10277
 555 53007=
 23909 62598 21302 10216 20146 39995 40225 52008 60002 82401 333
 10260=
 23912 62598 60702 10203 20117 30044 40224 52012 60002 82439 333 10240
 555 53008=
 23913 62599 30801 10175 20085 30011 40228 52013 60002 83500 333 10221
 555 53007=
 23914 62499 63501 10205 20118 39982 40223 52010 60002 86400 333
 10233=
 28013 62598 50502 10212 20125 30006 40223 52007 60002 82530 333 10249
 555 53008=
 28016 62599 70801 10221 20147 30012 40222 52010 60002 87500 333 10261
 555 53008=
 28029 62699 60502 10209 20134 30007 40213 52011 60002 84530 333 10236
 555 53009=
 28116 62599 60402 10232 20126 30002 40217 52012 60002 82539 333
 10269=
 28128 62599 13502 10218 20138 30071 40214 52012 60002 81500 333 10253
 555 53009=
 28134 62698 70000 10181 20125 39886 40218 52015 60002 86571 333 10226
 555 53005=
 28138 12899 60401 10155 20094 39678 40219 52008 60002 86030 333
 10180=
 28216 62599 60104 10248 20110 39930 40205 52008 60002 86940 333 10273
 555 53009=
 28222 62898 63501 10218 20125 30029 40211 52012 60002 84031 333 10269
 555 53007=
 28224 62670 80202 10228 20120 30008 40206 52012 60002 885// 333
 10259=
 28234 61498 73601 10177 20122 39953 40217 52018 60002 72582 83930 333
 10257 555 53008=
 28238 62599 63301 10170 20124 39925 40213 51011 60002 83530 333 10209
 555 53007=
 28313 62698 63502 10262 20105 30024 40201 52008 60002 84531 333 10292
 555 53009=
 28319 62598 50103 10278 20095 30047 40196 53008 60002 82550 333
 10293=
 28321 62899 60503 10248 20124 30012 40200 53010 60002 8605/ 333
 10284=
 28324 62899 80202 10258 20109 30084 40195 53008 60002 8805/ 333 10284
 555 53009=
 28326 62598 60301 10224 20110 30024 40198 52016 60002 86500 333 10283
 555 53008=
 28413 62999 00102 10271 20118 30084 40197 53006 60002 333 10293 555
 53008=
 28428 62599 60202 10259 20088 30017 40188 52011 60002 85531 333 10289
 555 53012=
 28429 62598 70204 10229 20114 39806 40189 53012 60002 87900 333 10259
 555 53009=
 22983 12998 20601 10278 20168 30130 40226 52001 60002 82030 333 10292
 91001 91103 555 50214 53004=
 27083 12999 03201 10271 20164 30016 40221 54000 60002 333 10287 91002
 91104 555 50213 53005=
 27097 12998 03202 10267 20169 39983 40224 52002 60002 333 10285 91003
 91105 555 50213 53006=
 27185 12698 20101 10278 20148 30054 40223 54000 60002 81101 333 10297
 91003 91104 555 50213 53004=
 27199 12998 13301 10274 20153 30039 40220 54000 60002 81030 333 10290
 91003 91104 555 50223 53005=
 27281 12982 20601 10273 20160 30032 40222 52002 60002 80005 333 10292
 91002 91104 555 50227 53005=
 27283 12998 03201 10278 20146 30074 40218 57002 60002 333 10303 91002
 91104 555 50216 53005=
 27295 12998 03401 10277 20121 39990 40219 52002 60002 333 10291 91002
 91106 555 50231 53006=
 27296 12998 03302 10274 20130 30017 40217 54000 60002 333 10296 91004
 91107 555 50216 53007=
 27385 129// 00601 10286 20144 30099 40217 52002 60002 333 10311 91003
 91107 555 50220 53007=
 27393 12998 03502 10276 20137 30062 40219 53001 333 10301 91003 91105
 555 50226 53005=
 27480 12998 10402 10287 20142 30098 40215 52002 60002 80001 333 10321
 91003 91105 555 50227 53006=
 28007 12699 43502 10265 20131 39978 40219 52002 60002 84100 333 10281
 91003 91106 555 50227 53006=
 28009 12998 23501 10260 20107 30026 40221 52003 60002 80001 333 10279
 91003 91105 555 50209 53007=
 28105 12598 23301 10267 20124 30039 40217 52002 60002 82200 333 10294
 91003 91106 555 50214 53007=
 28202 12999 00201 10258 20139 30009 40213 53003 60002 333 10280 91003
 91107 555 50223 53007=
 28302 12998 03602 10267 20137 30001 40211 52004 60002 333 10289 91003
 91107 555 50224 53007=
 28307 12498 13002 10270 20127 30081 40213 52001 60002 81100 333 10298
 91004 91105 555 50221 53005=
 28402 12698 23202 10277 20143 30045 40210 52003 60002 82400 333 10297
 91004 91107 555 50228 53007=
 28502 12998 03503 10286 20112 30113 40208 52004 60002 333 10307 91005
 91109 555 50231 53009=
 22550 62597 21101 10280 20172 30216 40225 52003 60002 82200 333 10284 555 50207 53005=
 22778 12698 11301 10278 20148 30162 40226 54000 60002 81100 333 10287 555 50218 53006=
 22889 12598 13201 10281 20162 30148 40228 55000 60002 81400 333 10297
 555 50207 53003=
 22762 62998 01501 10276 20175 30193 40229 53002 60002 333 10288 
 555 50204 53006=
 22638 46/// /1501 10222 20180 30016 40228 52007=
 22671 12999 10000 10283 20149 30154 40226 58001 60002 333 10285 555
 50210 53004=
 22456 12598 51701 10270 20147 30146 40227 53002 60002 84280 333 10281
 555 50199 53007=
 22583 12698 10000 10290 20149 30157 40230 52001 60002 81100
 333 10299 555 50209 53002=
 22749 NIL=
 22951 12498 62801 10239 20183 39965 40226 52005 60002 83930 333 10266
 555 50196 53007=
 22887 12699 20000 10278 20193 30164 40228 54000 60002 82100
 333 10294 555 50214 53004=
 22876 12597 21101 10278 20176 30161 40229 52002 60002 82100 333 10290
 555 50207 53005=
 22481 12698 10701 10271 20142 30189 40237 52001 60002 81400 333 10281
 555 50203 53005=
 22854 11499 60301 10216 20199 39957 40227 52007 60042 70381 82960 333
 10268 555 50204 53009=
 22781 NIL=
 22676 12598 12801 10278 20175 30155 40226 57001 60002 81100 333 10287
 555 50204 53004=
 22648 NIL=
 22559 62598 21801 10287 20162 30214 40229 53003 60002 82200 333 10294 555 50213 53006=
 22869 12697 20000 10274 20173 30089 40225 52002 60002 82101 333 10302
 555 50221 53005=
 22768 12997 12801 10289 20145 30180 40226 52001 60002 80001 333 10292 555 50215 53005=
 22798 12598 20101 10276 20140 30120 40223 54001 60002 82100 333 10311 555 50204 53005=
 22375 46/// /3202 10257 20160 30225 40239 52004=
 23207 12999 21302 10196 20123 30250 40271 52002 60002 80001 333 10203
 555 50160 53006=
 23215 NIL=
 23219 NIL=
 27095 NIL=
 22408 22699 22103 10222 20144 30069 40209 52013 82200 333   60032=
 22511 22698 42002 10214 20138 30099 40213 52014 84400 333   60012=
 22529 22599 32202 10250 20160 30212 40218 52009 81532 333   60002=
 22602 22599 32103 10214 20091 30004 40216 52012 83100 333   69902=
 22621 73/70 /2301 10222 20134 30091 40222 52012 333   60002=
 22619 22483 12202 10232 20108 30071 40220 52011 81200 333   60002=
 22721 22698 22201 10233 20122 30133 40225 52010 82100 333   60002=
 22727 76/70 /2401 10243 20118 30187 40232 52007 333   60002=
 22717 NIL=
 22802 22999 31603 10206 20137 30207 40229 52008 80001 333   60002=
 22820 22570 22701 10232 20112 30103 40231 52006 81131 333   60002=
 22831 22998 02701 10245 20153 30180 40231 52004 333   60012=
 22805 22/98 21204 10201 20157 30207 40230 52004 81101 333   60002=
 22912 22599 30000 10232 20095 30220 40234 52003 81101 333   60002=
 
