06:31:00 MSK 21.10.2023
020 123456/=о000=0331
 уйту01 бтул 210300
 22686 12998 82405 11021 21041 30018 40118 58031 69902 8805/ 333 21037 55013 91010 91110 555 53010 7990/=
 22695 12998 62405 11022 21050 39945 40100 57030 69942 86030 333 21027
 43001 91110 555 53010 7998/=
 22996 11498 83102 11031 21035 39979 40168 55009 69922 72682 889// 333 21032 47997 55014 86918 555 53006 7001/ 91206=
 23220 11396 82509 11007 21012 39711 49849 57030 60022 77173 8872/ 333 21019 47009 55000 84707 91015 91116 555 53016 7003/=
 23226 11311 82512 11006 21010 39624 49833 57028 60102 77573 8672/ 333 
 21020 43009 86707 91016 91121 92981 555 53021 7011/=
 23305 11462 82608 10007 21004 39935 49962 57026 69972 77173 8802/ 333
 20001 47001 91014 91118 555 53018 7997/=
 23320 76/// /2307 11011 21011 39847 49919 56035 333 21013 60002 91012 91118 555 53018 7000/=
 23324 11256 82406 11006 21009 39820 49896 56029 60072 77173 8872/ 333
 21010 48006 55006 86705 91012 91114 555 53014 7007/=
 23405 11395 82604 11006 21010 39901 40000 57033 60022 
 77372 8672/ 333 21007 43002 55020 86707 91012 91113 
 555 53015 7002/=
 23410 76/// /2308 11009 21018 39837 49932 56036 333 21010 60002 91013 91116 555 7000/=
 23411 11496 82507 11005 21006 39864 49952 56031 60012 77172 8772/ 333
 21008 44003 91012 91114 555 53014 7002/=
 23412 11396 82608 11007 21012 39840 49936 57033 60042 77173 8872/ 333 21008 47004 55036 85708 91013 91114 555 53014 7004/=
 23416 NIL=
 23418 11412 82707 11006 21015 39915 49988 57035 69942
 77572 8872/ 333 21007 46001 55019 85712 91012 91112
 555 53012 7994/=
 23501 NIL=
 23503 11997 82605 11005 21018 39954 40004 57041 69952 77072 8802/ 333
 21005 47997 91010 91112 555 53012 7995/=
 23507 66/// /2805 11018 21033 39744 40054 58040 60002 333 21024 91114 555 53014 7000/=
 23509 12598 82703 11002 21043 39962 40040 58092 60002 8352/ 333 21021
 555 53008 7990/=
 23514 11395 82306 11021 21029 39820 40016 57042 69972 77372 8772/ 333 21021 47001 55035 87707 91010 91111 555 53011 7001/=
 23518 11596 82307 11012 21034 39924 40015 58040 69902 77172 8457/ 333
 21021 47997 55025 91011 91111 555 53011 7992/ 91211=
 23606 12460 82505 11017 21038 39900 40073 57031 60002 885// 333 21002 55037 88613 91010 91111 555 53011 7991/=
 23612 12584 72305 11018 21044 39906 40041 57033 69902 8455/ 333 21029 46997 84621 555 53009 7990/=
 23701 12978 82504 11023 21035 39989 40120 57027 60002 8807/ 333 21034
 41998 555 53008 7993/=
 23704 76/// /2503 11024 21028 39401 49513 52018 333 21033 60002 555 51016 7000/=
 23707 62498 82504 11029 21042 30003 40137 57019 69902 889// 333 21032
 47997 55020 86619 555 53008 7990/=
 23708 11484 82403 11038 21052 39981 40133 57018 69902 70272 8677/ 333
 21041 47997 86711 555 53008 7991/=
 23709 11498 82203 11038 21057 39926 40122 57019 69902 70272 885// 333
 21044 47000 88611 555 53009 7993/ 91209=
 23711 12498 82603 11026 21047 39912 40083 57021 60002 8697/ 333 21036 55030 86918 555 53008 7000/=
 23803 11599 83103 11036 21058 39966 40149 56004 69902 70272 8696/ 333
 21041 47000 55023 555 53008 7990/=
 23804 62597 82702 11030 21045 30000 40148 57016 69942 8452/ 333 21031 47997 55011 555 53006 7994/=
 23807 11497 82902 11034 21038 39998 40162 57011 69992 70282 8795/ 333
 21034 47001 55020 86615 555 53007 7002/=
 23808 66/// /2602 11031 21045 39984 40155 57011 60002 333 21031 555 7000/=
 23812 12497 82603 11033 21047 39947 40112 57016 69942 889// 333 21033
 555 53008 7997/=
 23904 11473 83002 11026 21040 30006 40166 56009 69922 70272 885// 333
 21026 47997 88612 555 53006 7997/=
 23905 12599 83001 11021 21047 39922 40153 57014 60002 885// 333 21021
 34100 555 53007 7000/=
 23909 11497 82802 11026 21035 39901 40149 57012 69902 77172 8652/ 333
 21027 3/102 47997 55024=
 23912 11498 82802 11023 21039 39939 40134 56014 69912 72272 885// 333
 21024 3/100 47001 555 53005 7992/=
 23913 12599 82502 11022 21054 39898 40130 56012 69932 889// 333 21022
 34102 55024 555 53008 7997/=
 23914 61497 82604 11029 21042 39877 40138 57014 60002 77172 8872/ 333
 21029 3/101 47000 55014=
 28013 12598 82801 11022 21036 39912 40146 57010 60002 889// 333 21023
 31101 555 53004 7000/=
 28016 12599 82701 11010 21011 39923 40150 57010 69922 885// 333 21010
 3/000 43997 555 53003 7992/=
 28029 11599 83002 11005 21034 39918 40139 57009 69902 72682 885// 333
 21009 31100 55001 555 53005 7990/=
 28116 12499 83001 11012 21022 39914 40147 57011 69902 885// 333 21015
 31000 55002=
 28128 12599 83201 11002 21025 39990 40145 57011 60012 83531 333 21014
 31101 55002 555 53005 7001/=
 28134 11598 82701 11021 21030 39788 40143 57010 60012 70272 885// 333
 21026 3/102 42003 93716 555 53003 7001/=
 28138 12599 62702 11027 21034 39561 40134 57009 60012 86300 333 21028
 3/101 43004 55000=
 28216 11699 83602 11003 21009 39848 40147 57007 69992 70272 885// 333
 21003 31001 555 53005 7004/=
 28222 12598 50000 11020 21024 39950 40148 57006 60012 85500 333 21020
 31101 555 53005 7001/=
 28224 11570 80301 10004 21013 39928 40142 57005 60032 77022 885// 333
 20004 31001 55000=
 28234 11597 83402 11003 21013 39861 40141 57005 60022 72272 885// 333
 21003 31002 555 53005 7007/=
 28238 11598 80000 10002 21009 39831 40135 57004 60022 74076 885// 333
 20001 31100 55000 555 53004 7005/=
 28313 11596 80301 10005 21005 39951 40144 57007 60012 77172 885// 333
 20004 31001 555 53004 7004/=
 28319 11596 80401 10020 20018 39978 40141 57012 69902 71011 885// 333
 21006 31002=
 28321 11598 80302 10006 20001 39937 40141 57007 60012 76162 8802/ 333
 20006 31002=
 28324 11595 71301 10023 20011 30016 40136 57010 60002 71022 86480 333
 20009 31001 555 53002 7997/=
 28326 11597 73501 10021 20016 39949 40136 57008 69902 78082 87300 333
 20014 31001 55008 555 53004 7003/=
 28413 11595 82701 10026 20012 30018 40139 57010 60002 71022 885// 333
 20025 31003 555 53003 7990/=
 28428 11495 82002 10010 21005 39958 40143 57009 69902 71022 885// 333
 20010 31001 555 53004 7995/=
 28429 12498 82302 10009 20002 39733 40145 57007 69942 886// 333 20008
 31002 555 53005 7002/=
 22983 11468 83001 11030 21044 30074 40181 57008 69922 78582 889// 333
 21030 55026 91002 91105 555 53005 7996/=
 27083 11584 73002 11028 21045 39949 40176 57004 69942 72272 87500 333
 21028 43002 91006 91106 93702 555 53006 7997/=
 27097 12998 03102 11046 21046 39909 40178 57004 60002 333 21051 91003
 91103 555 53004 7000/=
 27185 12998 83503 11023 21032 39990 40177 57006 60002 8802/ 333 21034
 34101 91004 91105 555 53005 7000/=
 27199 12398 80201 11018 21026 39971 40171 57007 60002 8872/ 333 21025
 34103 55006 91003 91104 555 53004 7990/=
 27281 11458 80103 11023 21030 39966 40177 57004 333 21029 91004 91106
 555 53006=
 27283 11497 80203 11021 21023 30014 40173 57008 69922 70282 885// 333
 21034 34000 91004 91105 555 53006 7996/=
 27295 12597 83302 11027 21038 39911 40168 57007 69902 885// 333 21027
 31101 91003 91105 555 53005 7990/=
 27296 12998 83503 11030 21041 39944 40166 57006 60002 80005 333 21030
 34100 55000 91005 91104 555 53005 7002/=
 27385 129// 50302 11021 21028 30029 40160 57004 60002 85030 333 21021
 34101 91005 91106 555 53006 7990/=
 27393 12598 70402 10000 21017 39986 40158 57008 60002 86540 333 20000
 55000 91004 91105 555 53006 7994/=
 27480 12498 80202 10005 21008 30022 40152 57004 69912 885// 333 20005
 32002 91003 91108 555 53008 7991/=
 28007 11496 83302 11034 21041 39904 40171 57007 60002 71011 886// 333
 21040 55000 88715 91003 91103 555 53006 7990/=
 28009 11496 83001 11017 21029 39952 40165 57007 60002 71022 885// 333
 21028 91002 91103 555 53003 7000/=
 28105 12498 80301 11029 21035 39971 40168 57008 60002 885// 333 21034
 34100 91002 91104 555 53004 7990/=
 28202 12997 23502 11022 21033 39932 40157 57009 60002 82030 333 21022
 31101 91003 91103 555 53004 7003/=
 28302 12598 80201 10005 21012 39920 40150 57009 60002 8297/ 333 20002
 31000 91002 91104 555 53005 7002/=
 28307 12498 83601 10018 20001 30001 40145 57010 60002 885// 333 20018
 91002 91103 555 53005 7997/=
 28402 11498 80303 10013 20009 39962 40141 57012 60012 72162 886// 333
 20013 91006 91106 555 53006 7001/=
 28502 11993 80601 11004 21013 30029 40134 57013 60002 74442 8805/ 333
 21017 55002 91002 91103 555 53003 7000/=
 22550 12573 82703 11002 21035 30121 40131 57022 60002 8253/ 333 21008
 55051 555 53008 7990/=
 22778 11496 82703 11033 21045 30104 40175 57017 69982 77772 886// 333
 21036 47001 55011 555 53006 7998/=
 22889 12498 82703 11027 21038 30088 40176 57011 69932 885// 333 21027
 47001 88617 555 53007 7996/=
 22762 12997 42302 11032 21039 30133 40173 57018 69902 80040 333 21035
 555 53006 7990/=
 22638 46/// /2702 11043 21054 39964 40196 57019=
 22671 12498 82703 11012 21028 30036 40116 57033 60002 889// 333 21035
 42005 55011 86911 555 53008 7993/=
 22456 11596 82803 10006 20004 30007 40094 56023 60002 78582 889// 333
 21014 47005 555 53009 7000/=
 22583 11597 82605 11005 21021 39982 40063 57037 69902 78581 889//
 333 21010 42001 55029 91111 555 53011 7990/=
 22749 NIL=
 22951 12498 82602 11040 21055 39932 40222 57003 60002 886// 333 21042
 555 53004 7990/=
 22887 12597 82803 11021 21027 30107 40178 57014 69922 8255/ 
 333 21021 47997 55005 555 53007 7995/=
 22876 11597 82502 11033 21040 30107 40181 57011 69902 70282 889// 333
 21035 46003 88920 555 51009 53006 7993/ 91206=
 22481 11596 82605 10002 21002 39988 40041 57024 69962 78582 889// 333
 21003 43997 91010 91111 555 53014 7996/=
 22854 12399 82502 11040 21042 39918 40215 57010 60002 886// 333 21048
 55015 88707 555 53004 7991/=
 22781 NIL=
 22676 12898 72504 11013 21037 30043 40121 57032 60002 87070 333 21034
 42998 555 53008 7992/=
 22648 NIL=
 22559 12598 82603 11008 21031 30121 40137 57026 60002 8253/ 333 21020
 55043 555 53007 7000/ 91207=
 22869 11397 82802 11044 21051 30055 40208 57006 69902 77177 887// 333
 21045 46997 85707 555 53005 7990/ 91206=
 22768 12597 82403 11034 21043 30135 40186 57014 69932 885// 333 21038
 47997 55017 88627 555 53006 7996/=
 22798 11497 82501 11026 21037 30035 40150 57018 69902 78582 889// 333
 21029 47997 555 53007 7993/=
 22375 NIL=
 23207 11496 72805 10006 20005 39921 49943 57007 60042 78582 87900 333
 20001 43007 55007 91010 91115 555 53018 7007/=
 23215 NIL=
 23219 NIL=
 27095 76/// /3001 11028 21028 39951 40184 57006 333 21030 60002 555 53004 7000/=
 22408 22984 03003 11050 21064 30055 40210 57011 333   21050 55036
 60002 555   7000/=
 22511 22984 22702 11038 21059 30081 40206 57011 81031 333   21040
 60002 555   7000/=
 22529 22598 70000 11028 21051 30171 40178 57015 87500 333   21034
 60002 87625 555   7005/=
 22602 22974 02602 11053 21065 30001 40235 57008 333   21062 55111
 60002 555   7000/=
 22621 73/70 /2704 11038 21054 30061 40205 57013 333   21055 55057
 69912 555   7991/=
 22619 22998 02404 11043 21057 30053 40217 57011 333   21046 55040
 60002 555   7000/=
 22721 22997 03002 11047 21056 30117 40219 57011 333   21055 60002
 555   7000/=
 22727 76/70 /2902 11033 21039 30184 40233 57005 333   21042 60002
 555   7000/=
 22717 73/70 /2701 11065 21073 30041 40247 57004 333   21071 60002
 555   7000/=
 22802 22998 02701 11056 21061 30224 40248 57005 333   21060 55085
 60002 555   7000/=
 22820 22998 02402 11045 21056 30096 40237 57004 333   21045 55031
 60002 555   7000/=
 22831 22997 00000 11074 21083 30166 40224 57008 333   21074 55038
 60002 555   7000/=
 22805 225// 20301 11008 21030 30221 40246 57003 82500 333   21009
 55071 60002 555   7000/=
 22912 22984 03401 11072 21080 30223 40239 57001 333   21077 60002
 555   7990/=
 
