12:31:00 MSK 19.12.2023
010 111/=о000=0931
 уйту01 бтул 190900
 22686 41497 81502 11034 21040 39839 49938 52001 77072 8652/ 333 86514=
 22695 42998 82302 11042 21057 39775 49928 51002 8805/=
 22996 41497 82002 11031 21031 39810 49996 54001 78582 889// 333 85911 93400=
 23220 41599 71308 11130 21180 39826 49973 57011 73632 82570 333 91012 91113=
 23226 42960 81508 11140 21183 39756 49980 57004 8805/ 333 91012 91114=
 23305 41965 81803 11103 21110 39880 49909 52003 77172 8807/=
 23320 86/// /1401 11137 21181 39878 49954 57003=
 23324 42983 61202 11136 21190 39877 49957 57005 82048=
 23405 41232 81302 11100 21108 39815 49916 52002 75675 886// 
 333 88706 934//=
 23410 NIL=
 23411 41497 81804 11112 21132 39827 49918 58003 77172 8772/=
 23412 41999 71704 11121 21140 39833 49933 57002 70272 87030=
 23416 NIL=
 23418 41450 81703 11116 21136 39868 49944 57003 77172
 8652/ 333 86614=
 23503 41998 81802 11105 21124 39877 49928 52004 77172 8802/=
 23507 86/// /3101 11078 21081 39617 49931 52005=
 23509 41497 82003 11088 21107 39856 49937 52006 77172 8652/ 333 86612=
 23514 41596 81902 11113 21126 39734 49937 53001 78587 8697/ 333 84920=
 23518 41996 81504 11121 21143 39862 49957 54000 77172 8807/=
 23606 41260 82202 11083 21084 39775 49944 52008 77072 887// 333 86704=
 23701 41599 72102 11052 21058 39825 49955 52007 70282 84970=
 23704 86/// /2302 11041 21041 39556 49671 51035=
 23707 81497 82404 11037 21047 39828 49961 52004 78068 889// 333 85618  934//=
 23708 41466 82204 11040 21054 39819 49968 52011 77172 8872/ 333 86712=
 23709 41397 82302 11053 21071 39776 49971 52014 77172 8662/ 333 86708=
 23711 41498 82102 11100 21113 39789 49963 52006 70282 889// 333 86710=
 23803 41597 82303 11043 21061 39803 49984 52015 77172 8652/ 333 86622=
 23804 41497 82401 11033 21051 39827 49972 52005 70282 8595/ 333 85917=
 23807 41496 82203 11034 21034 39824 49985 52002 71082 8795/ 333 86614 93402=
 23808 86/// /2104 11034 21041 39825 49993 51012=
 23812 41496 82101 11078 21094 39813 49978 52009 78587 8597/ 333 934//=
 23904 42470 82002 11033 21041 39845 40003 50005 883// 333 85915=
 23905 41599 82203 11037 21048 39776 40004 52013 72272 888//=
 23909 41498 72403 11036 21049 39759 40005 52018 72687 83371=
 23912 41497 82002 11054 21062 39799 49993 52011 77772 886//=
 23913 41997 81401 11047 21071 39767 49998 52008 77172 8802/=
 23914 81495 72504 11042 21050 39738 49996 52014 78687 87900=
 28013 41897 82304 11032 21055 39778 40010 52019 77172 8802/=
 28016 42599 82604 11030 21056 39796 40021 52017 885//=
 28029 41599 82204 11030 21047 39798 40018 52017 70272 8452/=
 28116 42499 82302 11031 21050 39798 40030 52017 8552/=
 28128 41599 82602 11021 21042 39880 40033 52017 72682 883//=
 28134 41496 82001 11037 21049 39676 40029 52011 77082 885//=
 28138 41596 82103 11057 21063 39462 40036 52008 78582 883// 333
 93646=
 28216 41598 82503 11025 21041 39745 40044 52015 77172 8872/=
 28222 42898 82302 11023 21040 39843 40038 52016 8807/=
 28224 41458 82403 11023 21041 39829 40043 52012 78587 889//=
 28234 41597 82104 11036 21056 39765 40046 52010 77172 885//=
 28238 41496 82203 11039 21055 39743 40049 52008 77372 8802/=
 28313 41598 82202 11017 21040 39861 40054 52015 77172 885//=
 28319 41996 82403 11019 21034 39901 40066 52015 77177 8802/=
 28321 41899 82403 11022 21039 39844 40049 52013 70272 8807/=
 28324 41995 82403 11016 21034 39938 40059 52015 77172 8801/=
 28326 41597 82204 11024 21041 39866 40053 52013 77172 8802/=
 28413 41599 82402 11013 21040 39947 40070 53015 72682 8635/=
 28428 41597 82404 11023 21043 39885 40071 52012 78582 889//=
 28429 41596 82303 11038 21050 39656 40073 52009 78687 889//=
 22983 41598 82503 11021 21033 39882 49987 57001 70275 8653/ 333 91005
 91105 93401=
 27083 41559 82203 11024 21043 39781 40004 52003 77172 887// 333 91005
 91106 93401=
 27097 41498 82103 11025 21031 39757 40020 50002 72652 889// 333 91006
 91106 93401=
 27185 42698 82202 11017 21038 39849 40033 50003 885// 333 91006
 91108=
 27199 42998 82402 11019 21037 39842 40040 52006 8803/ 333 91005
 91106=
 27281 41559 82404 11019 21041 39836 40044 52001 77072 885// 333 91007
 91108=
 27283 42498 82403 11015 21039 39887 40043 52003 885// 333 91006
 91108=
 27295 42598 82103 11026 21042 39799 40053 51005 885// 333 91006 91106
 93402=
 27296 42698 82303 11021 21047 39831 40050 52008 885// 333 91005 91106
 93401=
 27385 425// 72303 11009 21044 39934 40063 52001 83530 333 91006
 91106=
 27393 42598 82305 11020 21041 39893 40065 52006 8657/ 333 91007
 91107=
 27480 42498 82302 11008 21040 39944 40074 57001 885// 333 91005
 91105=
 28007 42499 82102 11033 21049 39764 40028 52003 886// 333 88710 91005
 91105=
 28009 42598 82302 11032 21067 39816 40027 52008 885// 333 91004
 91106=
 28105 42598 82303 11023 21041 39840 40034 52004 885// 333 91005
 91105=
 28202 41577 82502 11023 21047 39821 40044 52011 70285 889// 333 91005
 91105 93401=
 28302 42598 82302 11025 21043 39827 40057 52011 8397/ 333 91004 91105
 93400=
 28307 42498 82102 11014 21047 39925 40070 52009 885// 333 91004
 91105=
 28402 42598 82303 11019 21044 39891 40071 52012 8357/ 333 91006
 91106=
 28502 42698 82505 11015 21050 39979 40083 51015 885// 333 91006
 91106=
 22550 82397 81902 11024 21024 39880 49890 57016 886// 333 88707=
 22778 41596 82103 11021 21031 39879 49948 57007 78582 889// 333
 85920=
 22889 42/// /2202 11021 21032 39895 49981 54000=
 22762 42497 81901 11019 21024 39893 49932 58010 885//=
 22638 46/// /1802 11021 21031 39658 49881 57037=
 22671 41496 82201 11028 21034 39837 49916 57012 78582 889// 333
 85918=
 22456 41496 82201 11030 21050 39799 49886 58012 78582 889//=
 22583 42598 82201 11039 21054 39837 49917 52003 8657/=
 22749 NIL=
 22951 41497 81903 11014 21019 39672 49952 58027 77772 886//=
 22887 41497 81502 11020 21041 39905 49975 58002 78582 85931 
 333 85918=
 22876 41597 62103 11018 21028 39891 49963 58007 72272 84530=
 22481 42/// /2203 11038 21051 39844 49897 50003=
 22854 42298 82103 11021 21023 39653 49940 58024 886// 333 88703=
 22781 NIL=
 22676 41496 81902 11028 21038 39845 49922 57005 77172 8872/ 333
 93400=
 22648 NIL=
 22559 41498 82102 11023 21030 39888 49905 58014 70272 889// 333
 88618=
 22869 41396 82303 11014 21022 39822 49970 57009 76676 887// 333
 85708=
 22768 41497 82003 11017 21027 39890 49939 57011 72272 8655/ 333
 86614=
 22798 41496 82002 11034 21037 39850 49963 52002 78582 8695/ 333
 93401=
 22375 46/// /2405 11039 21049 39864 49879 52005=
 23207 41496 81902 11076 21084 39862 49885 54000 75685 886//=
 23215 NIL=
 23219 NIL=
 27095 86/// /2102 11028 21028 39796 40026 54001=
 22408 42399 81403 11015 21016 39668 49815 57044 886// 333   88709
 93502=
 22511 42398 81603 11008 21018 39702 49820 57046 886// 333   88607=
 22529 41599 81603 11007 21019 39856 49863 57033 70282 889// 333  
 88921=
 22602 41459 81503 11009 21016 39588 49808 57062 77172 885// 333  
 88611=
 22621 NIL=
 22619 42280 81503 11006 21012 39684 49840 57053 886// 333   88705=
 22721 41296 81302 11004 21007 39767 49864 57049 71022 887// 333  
 86705=
 22727 86212 /1504 10003 21003 39828 49875 57049=
 22717 83/22 /1503 11003 21005 39652 49845 57061=
 22802 41350 81704 10008 20005 39805 49828 57077 78582 889// 333  
 88908=
 22820 41240 81703 10000 21009 39743 49877 57049 77372 8872/ 333  
 87606=
 22831 41298 81502 11003 21010 39848 49902 57046 72272 886// 333  
 88703 93702=
 22805 41497 81808 10015 20015 39815 49839 57070 76162 8872/ 333  
 91013 91114=
 22912 41335 81704 10002 21004 39859 49874 57063 77376 8872/ 333  
 86707=
 
