03:31:00 MSK 16.09.2023
020 123456/=о000=0031
 унту01 бтул 160000
 22686 81398 83601 10091 20084 30108 40205 52006 70262 886// 333 85707 555 11010=
 22695 42598 83502 10099 20075 30041 40190 52009 885// 555 1/010=
 22996 81998 21801 10061 20061 30041 40225 52003 71200 80005 555 11006=
 23220 43/// /3101 10084 20078 30040 40178 52023 555 1/009=
 23226 41260 80204 10076 20067 39973 40183 52027 70282 889// 333 86706 
 555 11008=
 23305 42/// /0104 10050 20047 30208 40236 52013 555 1/004=
 23320 86/// /3603 10083 20074 30129 40200 53023=
 23324 41373 83603 10074 20064 30126 40202 52024 70252 886// 333 88707
 555 11008=
 23405 41396 80203 10070 20068 30122 40219 52011 76162 8677/ 
 333 86707 555 11009=
 23410 86/// /0104 10077 20061 30112 40207 52020 555 53008=
 23411 42/// /0204 10069 20064 30129 40217 52015 555 1/007=
 23412 41499 80203 10076 20070 30116 40211 52019 70282 883// 333 85710
 555 11009=
 23416 NIL=
 23418 42365 83602 10099 20083 30122 40194 52012
 886// 333 88709 555 11010=
 23503 42/// /0303 10089 20068 30157 40206 52010 555 1/010=
 23507 86/// /0303 10083 20082 39900 40204 52010=
 23509 NIL=
 23514 42997 02401 10062 20058 30006 40200 52009 555 10004=
 23518 NIL=
 23606 42960 00000 10084 20078 30032 40200 52002 555 11005=
 23612 NIL=
 23701 42/// /0000 10049 20045 30080 40209 52005 555 1/005=
 23704 86/// /1301 10050 20050 39542 49653 56072 555 53008=
 23707 82998 21702 10086 20079 30078 40207 52005 80001 555 10006=
 23708 42/// /1801 10064 20053 30071 40219 52004 555 1/005=
 23709 42997 00000 10047 20035 30034 40226 53004 555 11004=
 23711 42997 40000 10054 20051 30048 40216 53003 80005 555 11006=
 23803 42999 00000 10057 20038 30048 40226 52003 555 10005=
 23804 82997 62001 10089 20082 30071 40213 52003 86030 555 10008=
 23807 42/// /1701 10067 20067 30063 40222 52004 555 1/006=
 23808 NIL=
 23812 42997 00000 10028 20025 30069 40232 53005 555 11004=
 23904 41957 00000 10028 20028 30076 40233 52003 71000 555 10004=
 23905 82999 00000 10067 20065 30007 40232 52002 555 11007=
 23909 82998 12101 10086 20076 39992 40233 52001 80001=
 23912 82998 00000 10046 20043 30046 40237 52004 555 10005=
 23913 81/93 90000 10045 20045 30018 40247 52004 74541 555 10006=
 23914 82998 00801 10093 20084 39982 40233 52003=
 27095 86/// /0000 10047 20091 30018 40238 52003=
 28013 82998 00000 10102 20076 30007 40232 52002 555 10007=
 28016 82/// /0000 10056 20053 30015 40238 52002 555 1/006=
 28029 82999 00000 10074 20070 30013 40229 52001 555 11007=
 28116 82999 00000 10070 20067 30008 40236 52002=
 28128 82999 00101 10069 20068 30081 40232 52002 555 11007=
 28134 82998 00000 10042 20040 39888 40238 54000 555 11002=
 28138 43/// /0201 10049 20042 39676 40239 52001=
 28216 82998 22801 10096 20090 39941 40232 54001 80005 555 10009=
 28222 42/// /0000 10069 20066 30040 40233 54001 555 1/007=
 28224 82969 20000 10089 20082 30020 40229 52002 80002=
 28234 82897 20000 10069 20059 39956 40231 54001 82040 555 10008=
 28238 82999 22401 10032 20021 39934 40238 54001 80001 555 10003=
 28313 42/// /0000 10073 20065 30044 40234 54000 555 1/009=
 28319 82998 00000 10084 20081 30070 40230 53001=
 28321 82999 00000 10091 20085 30030 40229 54001=
 28324 42/// /1401 10070 20057 30110 40229 52002 555 1/007=
 28326 82898 20000 10043 20039 30042 40228 54000 82030 555 10006=
 28413 82998 01201 10089 20068 30108 40228 54001 555 10009=
 28428 82999 03301 10069 20054 30045 40228 54001 555 10007=
 28429 42/// /0501 10054 20047 39826 40235 54001 555 1/006=
 22983 42984 00000 10042 20041 30114 40219 52004 333 91000 91101 555
 11004=
 27083 42584 50000 10084 20075 30005 40223 52003 85800 333 91000 91101
 555 10009=
 27097 42/// /0000 10053 20053 39976 40236 54000 333 91000 91101 555
 1/007=
 27185 42/// /0000 10060 20059 30054 40236 52004 333 91000 91101 555
 1/007=
 27199 42998 30000 10083 20079 30041 40235 52002 83070 333 91001 91101
 555 10007=
 27281 42984 01001 10068 20058 30031 40236 52005 333 91001 91102 555
 10007=
 27283 41997 00000 10054 20053 30079 40234 53002 71200 333 91001 91102
 555 10004=
 27295 42/// /0000 10074 20059 39989 40238 52002 333 91000 91101 555
 1/005=
 27296 42997 00000 10059 20048 30021 40238 52002 333 91000 91102 555
 10007=
 27385 419// 00000 10030 20028 30106 40238 52003 71100 333 91000 91101
 555 10004=
 27393 42998 00000 10069 20058 30070 40239 53002 333 91001 91102 555
 10005=
 27480 41998 00000 10033 20033 30109 40238 52005 71100 333 91000 91102
 555 10005=
 28007 42999 00000 10121 20082 39979 40233 52002 333 91000 91102 555
 10010=
 28009 41996 80000 10085 20075 30031 40238 52001 71011 80001 333 91000
 91102 555 10009=
 28105 42998 50000 10095 20086 30044 40233 52002 85070 333 91000 91102
 555 10011=
 28202 42997 00000 10097 20083 30015 40232 52001 333 91000 91101 555
 10010=
 28302 42997 00000 10063 20054 30008 40235 54000 333 91000 91100 555
 10005=
 28307 42997 00000 10051 20037 30091 40235 52003 333 91000 91101 555
 10005=
 28402 41982 00000 10085 20080 30056 40232 52003 71111 333 91001 91102
 555 10007=
 28502 42997 00000 10059 20033 30126 40229 52001 333 91000 91104 555
 10006=
 22550 82973 30101 10043 20040 30238 40248 52007 80001 555 11006=
 22778 41498 60000 10118 20115 30131 40198 52007 70282 86500 555
 11012=
 22889 42/// /0000 10026 20026 30132 40219 52006 555 1/005=
 22762 81396 83301 10081 20079 30176 40214 52010 76162 8872/ 555
 12009=
 22638 46/// /2800 10015 20014 30029 40257 52006=
 22671 42/// /0402 10073 20063 30140 40218 52004 555 1/008=
 22456 41996 00000 10015 20015 30162 40251 52007 71000 555 11004=
 22583 42497 80201 10076 20073 30141 40220 52007 886// 555 11009=
 22749 42/// /3602 10080 20078 30108 40231 52009 555 1/009=
 22951 42/// /3402 10082 20080 39944 40220 53011 555 1/009=
 22887 42997 21501 10072 20070 30136 40205 52005 80001 555 
 10005=
 22876 42997 23301 10088 20088 30133 40204 52003 82030 555 10008=
 22481 42/// /3101 10031 20027 30190 40244 52006 555 1/003=
 22854 42/// /3302 10074 20073 39938 40223 52008 555 1/008=
 22781 NIL=
 22676 41498 83401 10074 20071 30131 40208 52004 70282 885// 555
 11009=
 22648 42698 33301 10082 20081 30198 40244 52009 83500 555 11008=
 22559 42/// /3401 10063 20051 30226 40243 52006 555 1/007=
 22869 41397 80801 10102 20099 30064 40209 52003 78081 889// 333 86707
 555 11010=
 22768 42597 83102 10093 20090 30154 40203 52008 885// 333 88626 555
 11011=
 22798 41996 00401 10047 20046 30097 40209 52005 71000 555 10007=
 22375 46/// /0601 10024 20023 30236 40251 52005=
 23207 NIL=
 23215 42998 13603 10029 20029 30135 40224 52018 81030 555 12003=
 23219 NIL=
 22408 42984 30000 10000 21003 30083 40235 57006 82031 555   11002=
 22511 42984 01901 10025 20021 30116 40238 57003 555   11001=
 22529 42998 02401 11005 21008 30243 40250 52005 555   12001=
 22602 41974 02001 10013 20010 30015 40243 57003 71200 555   10000=
 22621 83/05 /2301 10049 20044 30112 40252 52003 555   1////=
 22619 42498 22901 10053 20050 30090 40249 52006 82500 555   11004=
 22721 41996 23001 10055 20051 30157 40255 52006 71082 80001 555  
 11006=
 22727 86/69 /0000 10070 20067 30210 40258 52009 555   1////=
 22717 83/63 /2401 10025 20024 30063 40262 52004 555   1////=
 22802 42997 03301 10048 20048 30234 40258 54000 555   11007=
 22820 42998 02302 10071 20065 30123 40259 52008 555   11006=
 22831 42697 63201 10086 20077 30194 40248 52010 85530 333   85648
 555   11009=
 22805 429// 02402 10127 20086 30235 40260 52001 555   11009=
 22912 41908 00901 11002 21006 30249 40265 52009 74240 555   11004=
 
