12:31:00 MSK 24.08.2023
010 111/=о000=0931
 уйту01 бтул 240900
 22686 81598 83204 10096 20065 39997 40093 53003 72162 8657/ 333 86620 91110=
 22695 41497 82906 10085 20057 39918 40066 53004 76162 8772/ 333 91112=
 22996 82598 73204 10137 20053 39905 40082 52002 86909=
 23220 41497 80105 10108 20087 39832 49966 53001 78082 889//=
 23226 41560 80405 10112 20092 39773 49976 53001 72586 889// 333 85923 
 91110=
 23305 41557 83306 10108 20104 39994 40020 53007 76162 885// 333 91010
 91113=
 23320 86/// /0302 10120 20072 39905 49974 52005=
 23324 41581 73602 10119 20104 39902 49975 53005 72522 82940=
 23405 41460 83305 10093 20087 39925 40020 53002 72586 
 8695/ 333 86914 91111=
 23410 86/// /0305 10128 20076 39892 49983 52020=
 23411 41499 80304 10123 20105 39905 49989 53015 70262 8772/=
 23412 41599 70603 10123 20080 39895 49987 52021 70282 86330 333 83920=
 23416 NIL=
 23418 41665 73502 10107 20099 39901 49971 53009 72582 
 86930 333 84936=
 23503 41398 83204 10108 20090 39951 49998 53004 76162 8872/ 333 86709 91110=
 23507 86/// /3504 10093 20083 39739 40036 55001 333 91110=
 23509 41398 83404 10098 20085 39934 40009 53003 70262 8772/ 333 86707=
 23514 41496 83103 10094 20092 39797 49985 52003 78086 889// 333 85711=
 23518 41598 80403 10113 20095 39878 49964 52009 70282 889// 333 85627=
 23606 41358 83003 10091 20091 39850 40009 52003 78082 889// 333 85707=
 23701 81462 83004 10095 20076 39935 40059 52003 78082 8692/ 333
 86919=
 23704 86/// /3003 10094 20092 39602 49712 52039=
 23707 81598 83004 10088 20075 39940 40068 52005 76166 8452/=
 23708 41461 82903 10094 20074 39905 40049 52003 76162 8872/ 333 85710=
 23709 81497 82804 10092 20067 39844 40029 52002 76162 8672/ 333 86711=
 23711 41498 83002 10094 20082 39832 49993 53007 70282 889// 333 88919=
 23803 41497 83203 10086 20067 39871 40043 53004 78082 889//=
 23804 81496 82902 10089 20080 39930 40071 53005 78082 8792/ 333 87913=
 23807 82498 83205 10104 20110 39926 40081 52005 8795/ 333 86616=
 23808 NIL=
 23812 41496 82904 10089 20074 39850 43004 53004 78082 8792/=
 23904 41570 83202 10111 20068 39928 40078 52005 72522 8737/ 333 85932=
 23905 82599 82903 10097 20062 39848 40067 52007 885//=
 23909 81598 82904 10105 20059 39818 40053 52008 72582 883//=
 23912 81497 83004 10092 20081 39842 40027 52005 76186 8872/=
 23913 81597 83003 10091 20072 39797 40017 52008 78082 889// 333
 91111=
 23914 81497 82905 10096 20081 39785 40031 52005 78082 889// 333
 91110=
 28013 81598 82805 10129 20041 39822 40041 54000 78082 86905=
 28016 81599 72905 10142 20074 39837 40049 54000 70282 87980 333 91010
 91110=
 28029 81599 82505 10133 20067 39826 40034 57003 72522 8695/=
 28116 82599 73004 10144 20071 39835 40053 57002 84939=
 28128 81598 82602 10152 20093 39902 40047 57005 76062 885//=
 28134 82598 72402 10132 20078 39709 40042 57003 87900=
 28138 42599 82506 10118 20056 39498 40037 57001 885//=
 28216 82599 83004 10143 20062 39784 40066 54001 889//=
 28222 82598 82603 10146 20078 39869 40053 57003 87801=
 28224 82670 72803 10146 20069 39857 40058 57002 83539=
 28234 82598 82704 10135 20065 39789 40053 54000 885//=
 28238 81599 72405 10137 20071 39763 40050 57002 78082 87900=
 28313 82598 72702 10148 20066 39890 40072 57003 86901=
 28319 82598 72403 10150 20078 39924 40078 57003 87400=
 28321 82599 72702 10155 20067 39873 40065 58003 86230=
 28324 82599 83202 10156 20058 39957 40071 57005 85469=
 28326 82598 62704 10163 20062 39884 40059 57004 84530=
 28413 82599 62703 10166 20045 39967 40082 57006 85980=
 28428 82599 72803 10164 20039 39901 40076 57002 87900=
 28429 82598 62503 10145 20063 39682 40072 54001 86900=
 22983 42498 83203 10147 20052 30000 40100 57002 84935 333 91006
 91107=
 27083 42599 63204 10140 20055 39883 40095 54000 86200 333 91007
 91107=
 27097 42598 72704 10141 20079 39847 40096 52002 86201 333 91007
 91108=
 27185 42598 82903 10156 20086 39929 40103 58001 8437/ 333 91006
 91106=
 27199 42598 62802 10138 20076 39908 40096 57001 86901 333 91005
 91107=
 27281 42582 63303 10152 20049 39913 40110 57001 85201 333 91006
 91107=
 27283 43/// /3204 10160 20053 39955 40103 57001 333 91006 91107=
 27295 42598 72403 10161 20054 39861 40099 57003 86470 333 91006
 91106=
 27296 41580 72802 10134 20075 39889 40097 57002 72522 87900 333 91004
 91108=
 27385 426// 60102 10161 20041 39985 40107 57002 86100 333 91005
 91108=
 27393 42598 62904 10158 20063 39939 40101 57002 83930 333 91007
 91107=
 27480 42698 63402 10170 20050 39990 40112 57001 86201 333 91005
 91105=
 28007 42599 63205 10136 20051 39835 40085 52002 86201 333 91010
 91110=
 28009 42498 82903 10136 20059 39873 40073 57002 86930 333 91007
 91107=
 28105 42598 73202 10153 20069 39899 40082 57001 86230 333 91005
 91107=
 28202 42599 73304 10137 20065 39870 40081 57003 86901 333 91009
 91109=
 28302 42598 72803 10152 20058 39871 40088 57002 86930 333 91005
 91107=
 28307 42498 72602 10161 20038 39962 40098 57003 86430 333 91005
 91107=
 28402 42698 62602 10164 20037 39925 40095 57004 86100 333 91005
 91106=
 28502 42598 63303 10177 20017 39999 40097 57002 85401 333 91005
 91107=
 22550 82697 73303 10146 20065 30135 40145 52003 83885=
 22778 42598 83304 10134 20053 30053 40119 57002 8657/=
 22889 42/// /2904 10133 20060 30015 40098 57002 333 91110=
 22762 82598 63302 10139 20064 30100 40138 54001 82531=
 22638 46/// /3100 10159 20061 39941 40156 52001=
 22671 42498 73102 10102 20060 30044 40121 54000 86530 333 86615=
 22456 42597 83402 10106 20059 30053 40137 52004 885//=
 22583 41498 72904 10099 20080 30006 40083 54000 70288 875//=
 22749 NIL=
 22951 41598 73201 10135 20075 39879 40149 52004 70282 86930=
 22887 42599 83106 10145 20074 30038 40105 54000 83531 
 333 91111=
 22876 42597 83102 10145 20054 30044 40113 54001 87105 333 87828=
 22481 41598 83105 10113 20074 30043 40094 54000 72582 889// 333
 91110=
 22854 42599 73502 10137 20079 39869 40145 52004 86830 333 84628=
 22781 NIL=
 22676 42498 73206 10113 20058 30033 40108 57003 87800 333 91010=
 22648 NIL=
 22559 82598 63203 10127 20066 30129 40145 52002 82831=
 22869 42597 73203 10139 20077 39993 40135 54001 82930=
 22768 42597 63603 10157 20044 30086 40134 57001 85830 333 84629=
 22798 41597 82903 10100 20072 39977 40086 53005 78082 889//=
 22375 46/// /0105 10120 20087 30092 40106 54000=
 23207 41499 83406 10124 20091 30019 40040 52002 70252 886// 333 91012
 91111=
 23215 NIL=
 23219 NIL=
 27095 86/// /3104 10136 20067 39883 40101 54000=
 22408 42699 21702 10150 20073 30020 40163 52004 82100=
 22511 42698 31302 10156 20057 30045 40161 52001 82201=
 22529 42599 30301 10141 20076 30158 40165 52006 83800=
 22602 42999 61102 10153 20069 39935 40150 52004 84930=
 22621 83/70 /0601 10149 20049 30030 40164 52004=
 22619 42498 50802 10143 20080 30004 40156 52006 85500=
 22721 42698 70000 10154 20062 30064 40158 52003 87500 333   87640=
 22727 86870 /0701 10160 20084 30111 40157 52005=
 22717 83/70 /1701 10136 20087 39965 40154 52006=
 22802 41550 80903 10138 20130 30126 40148 52006 78082 8697/=
 22820 42770 71002 10150 20077 30024 40154 52004 87501 333   87656=
 22831 42698 60000 10148 20088 30102 40155 52002 83930=
 22805 41498 81103 10141 20123 30126 40149 52006 78082 889//=
 22912 42599 71101 10174 20072 30136 40150 52002 85830=
 
