06:31:00 MSK 10.10.2023
020 123456/=о000=0331
 уйту01 бтул 100300
 22686 61598 83202 11008 21018 39911 40011 52022 69972 70287 8653/ 333
 21008 55000 86621 555 53006 7003/=
 22695 12698 83102 11008 21030 39839 49991 52022 60012 8555/ 333 21009
 555 53009 7002/=
 22996 11498 80103 10024 20024 39783 49964 52022 60022 70252 886// 333 20024 55000 86617 555 53006 7003/ 91206=
 23220 11396 82603 10001 21001 39697 49834 52017 60062 77172 8872/ 333 20000 43003 55000 86707 555 53008 7012/=
 23226 11250 83205 10019 20016 39618 49825 52014 60092 76162 8772/ 333
 20011 87704 555 53008 7016/=
 23305 12599 83005 10022 21013 39941 49968 53014 69902 885// 333 20014
 555 53012 7990/=
 23320 76/// /2903 10003 20003 39824 49896 52016 333 20001 60002 555 53008 7000/=
 23324 11479 83004 10016 20004 39807 49882 52017 60032 72052 886// 333
 20005 55000 88710 555 53011 7009/=
 23405 12962 73102 10008 21009 39867 49966 52008 69902 87030 333 20003
 55000 555 53010 7990/=
 23410 76/// /2804 10012 21022 39824 49918 52014 333 20004 60002 555 7000/=
 23411 12599 83205 10010 21008 39854 49942 52014 60002 885// 333 20009
 555 53017 7002/=
 23412 12499 83104 10014 21007 39830 49925 52013 69902 8375/ 333 20008 55000 555 53013 7997/=
 23416 NIL=
 23418 12565 83203 10013 21016 39854 49927 52016 69902
 885// 333 20010 55000 88631 555 53011 7001/=
 23501 NIL=
 23503 12698 83303 10013 21018 39911 49960 52016 69912 885// 333 20004
 88637 555 53011 7001/=
 23507 66/// /3402 11009 21016 39676 49984 52017 60002 333 21014 555 53011 7000/=
 23509 12998 80000 11010 21039 39886 49964 53060 60022 8802/ 333 21013
 555 53005 7005/=
 23514 12597 83303 11001 21027 39755 49949 52019 69912 885// 333 21006 55000 88629 555 53011 7004/=
 23518 12698 83304 10006 21018 39830 49920 52024 69922 887// 333 20005
 31001 55000 86633 91110 555 53012 7005/ 91212=
 23606 11560 83302 11005 21014 39789 49959 52020 60012 70282 885// 333 21007 46997 55000 88627 555 7007/=
 23612 12598 83204 10003 21012 39792 49925 52026 60042 885// 333 20003 88633 555 53009 7009/=
 23701 12580 83602 11004 21020 39863 49991 52027 69902 8557/ 333 21007
 43998 85630 555 53008 7002/=
 23704 76/// /0102 11002 21012 39480 49592 56038 333 21002 60002 555 50025 7000/=
 23707 61598 80104 11001 21014 39850 49981 52029 60012 72276 8653/ 333 21001 43997 55000 86625 555 53008 7002/=
 23708 12498 53503 11006 21021 39823 49971 52030 60032 82930 333 21006
 555 53008 7005/=
 23709 61498 83303 11004 21024 39768 49959 52032 60032 77072 8652/ 333 21004 86619 555 53008 7006/ 91209=
 23711 12598 83203 10003 21011 39767 49933 52028 60012 8657/ 333 20003 55000 86629 555 53009 7006/=
 23803 11599 80301 10004 21007 39778 49956 53032 60042 70262 885// 333
 20002 55000 555 53004 7008/=
 23804 11296 83401 10004 20000 39829 49973 52027 60022 78586 883// 333
 20004 55000 86705 555 53005 7004/=
 23807 61496 83503 10013 20013 39814 49972 52025 69982 78082 889// 333
 20013 55000 86611 555 53008 7002/=
 23808 66/// /3002 10013 20009 39798 49963 52026 60002 333 20013 555 7000/=
 23812 12497 83502 10008 21005 39769 49929 53031 60032 8772/ 333 20008
 555 53007 7016/=
 23904 11370 83401 10020 20020 39812 49966 52024 60022 70262 8772/ 333
 20020 87708 555 53006 7005/=
 23905 11899 83302 10011 20007 39735 49959 52028 60042 70262 8801/ 333
 20011 31002 555 53007 7014/=
 23909 11297 83102 10012 20009 39707 49947 52029 60052 70262 8872/ 333
 20003 31000 55000=
 23912 11495 80000 10002 21001 39743 49932 52029 60082 77172 8872/ 333
 20002 31000 555 53009 7009/=
 23913 11597 83102 10010 20002 39699 49923 53021 60072 77187 8872/ 333
 20010 31001 55000 555 53008 7009/=
 23914 61497 82803 10010 20008 39680 49932 52027 60072 76162 8802/ 333
 20003 31001 55000=
 28013 11397 82803 10017 20005 39717 49943 52018 60082 76162 8872/ 333
 20008 31001 555 53010 7009/=
 28016 11599 82701 10023 20023 39730 49950 52026 60062 72582 889// 333
 20019 32003 555 53008 7008/=
 28029 11497 82304 10016 20010 39727 49942 52023 60062 76172 8872/ 333
 20008 31001 55002 555 53011 7006/=
 28116 11498 82502 10024 20019 39727 49952 52023 60042 76162 8872/ 333
 20016 31003 55000=
 28128 11598 82405 10028 20018 39806 49956 52019 60012 76162 8802/ 333
 20026 31001 55005 91112 555 53013 7002/=
 28134 11597 82003 10010 20002 39612 49956 52017 60022 76076 885// 333
 20007 31101 555 53007 7003/=
 28138 11596 82105 11006 21011 39406 49965 52013 69962 78582 883// 333
 21006 31100 55009=
 28216 12699 82303 10023 20003 39680 49971 52018 60002 885// 333 20004
 31100 555 53009 7002/=
 28222 12498 82303 10027 20007 39774 49964 53016 69932 886// 333 20023
 31100 555 53010 7993/=
 28224 12570 82304 10026 20002 39766 49974 52018 60002 885// 333 20008
 31100 55025=
 28234 12598 82004 10012 21012 39703 49977 52017 60002 8253/ 333 20009
 31001 555 53010 7002/=
 28238 28238 12599 82204 10017 21014 39686 49984 52017 69902 885// 333
 20011 31000 55052 91110 555 53010 7002/=
 28313 12598 82002 10023 20007 39793 49981 52018 60002 885// 333 20016
 31001 555 53008 7001/=
 28319 12598 82203 10023 20006 39831 49991 52017 69902 885// 333 20017
 31001=
 28321 12599 82303 10020 20004 39781 49981 52019 60002 885// 333 20011
 31100=
 28324 12699 82103 10026 21004 39871 49989 52019 60002 885// 333 20012
 31100 555 53006 7990/=
 28326 12598 62302 10018 20002 39803 49987 52015 60002 82530 333 20010
 31000 55025 555 53007 7999/=
 28413 12598 82102 10024 20001 39875 49995 52015 60002 86575 333 20013
 31000 555 53007 7002/=
 28428 12598 82203 10029 20000 39823 40005 52019 69932 889// 333 20021
 32003 555 53010 7994/=
 28429 12598 82304 10014 20002 39604 40009 52018 60022 889// 333 20006
 31001 555 53011 7004/=
 22983 11462 80000 10019 20014 39878 49982 52022 60022 78582 889// 333
 20019 32003 55000 91001 91103 555 52002 53004 7005/=
 27083 11459 83202 10018 20013 39750 49969 52020 69992 76162 8862/ 333
 20018 32003 91003 91104 555 53005 7003/=
 27097 11497 83202 10026 20026 39712 49968 52019 69972 76162 8872/ 333
 20026 32004 91004 91104 555 53006 7008/=
 27185 12998 82701 10025 20023 39794 49975 52018 60002 8807/ 333 20025
 31004 91002 91103 555 52002 53004 7009/=
 27199 11393 83001 10035 20033 39777 49970 52018 60022 74242 886// 333
 20021 32003 55000 91003 91103 555 53005 7008/=
 27281 11456 83002 10023 20018 39777 49980 52018 60012 76162 8872/ 333
 20019 31003 91003 91105 555 53005 7002/=
 27283 12498 83001 10032 20030 39821 49973 52017 69932 889// 333 20028
 31004 91003 91103 555 53005 7011/=
 27295 11/05 92202 10023 20014 39729 49976 52017 60022 74542 333 20014
 31003 91003 91104 555 52002 53004 7007/=
 27296 11456 82402 10029 20018 39759 49972 52018 60022 75165 886// 333
 20021 31004 55000 91004 91103 555 53006 7004/=
 27385 114// 82601 10023 20019 39856 49982 52016 69942 72582 85707 333
 20022 31003 91002 91103 555 52001 53005 7999/=
 27393 12598 82402 10029 20017 39813 49981 52016 60022 8647/ 333 20028
 55016 91003 91104 555 52003 53007 7003/=
 27480 11498 82601 10020 20018 39863 49990 52015 60032 72582 889// 333
 20020 32004 91002 91103 555 53004 7003/=
 28007 11458 83503 10027 20021 39709 49965 52023 60022 71052 886// 333
 20017 31004 55000 88712 91004 91105 555 53005 7005/=
 28009 11498 83201 10029 20019 39757 49963 52023 60022 72582 889// 333
 20023 32003 91002 91103 555 52002 53006 7005/=
 28105 11497 82601 10034 20030 39776 49964 52020 69972 75152 886// 333
 20021 32003 91002 91104 555 53005 7009/=
 28202 11410 82601 10035 20024 39750 49966 52019 69932 71022 886// 333
 20023 31003 91001 91102 555 53006 7003/=
 28302 11596 82201 10032 20025 39751 49974 52018 60012 75152 886// 333
 20023 31003 91003 91104 555 53006 7002/=
 28307 11497 80000 10033 20020 39837 49978 52015 69972 70252 886// 333
 20033 31003 91000 91103 555 53005 7997/=
 28402 11457 82003 10029 20024 39807 49982 52016 69962 76162 8662/ 333
 20026 31003 91004 91104 555 53006 7002/=
 28502 12598 81902 10030 20012 39888 49990 52014 60002 885// 333 20021
 31002 55035 91004 91106 555 53007 7990/=
 22550 62569 73501 11006 21008 30029 40039 52014 60002 87500 333 21030
 55053 87627 555 53003 7000/=
 22778 12498 83301 11005 21015 39943 40012 52021 69902 82575 333 21014
 55000 555 53007 7990/=
 22889 11496 83502 10013 20011 39900 49985 52024 60012 76162 8702/ 333
 20013 87514 555 53006 7004/=
 22762 12497 73001 11005 21007 39992 40031 52017 60002 8750/ 333 21006
 555 53006 7990/ 91208=
 22638 46/// /3102 10001 21002 39838 40063 52011=
 22671 12698 70000 11011 21013 39945 40024 52018 60002 87500 333 21023
 34102 55029 87640 555 53006 7000/=
 22456 12597 70000 11040 21040 39942 40031 52012 60002 82502 333 21044
 555 53002 7000/=
 22583 12998 62902 11012 21025 39931 40011 52015 69932 83071 333 21012
 55002 555 53005 7993/=
 22749 NIL=
 22951 11496 83302 10004 20001 39762 40042 52016 69942 77172 8772/ 333
 20003 555 53005 7002/=
 22887 11496 83203 10012 20009 39921 49991 52022 
 60012 78082 889// 333 20012 55000 85712 555 
 53007 7006/=
 22876 12597 83201 10005 20001 39930 40003 52021 60012 884// 333 20003
 88620 555 50020 53007 7007/ 91207=
 22481 12598 62401 11013 21017 39959 40012 52012 60002 82501 333 21014
 555 53004 7000/=
 22854 12299 83302 10008 20003 39758 40045 52016 60002 886// 333 20003
 55010 86705 555 53006 7994/=
 22781 NIL=
 22676 12498 83503 11006 21020 39941 40018 52022 60002 886// 333 21007
 555 53006 7004/=
 22648 NIL=
 22559 12598 63001 11013 21016 30021 40038 52014 60002 84930 333 21023
 32100 55031 555 53004 7000/ 91209=
 22869 12598 83302 10004 21009 39872 40020 52019 69902 889// 333 20004
 86629 555 53007 7004/ 91208=
 22768 12597 73302 10009 21005 39971 40020 52017 60002 87500 333 20009
 55000 87628 555 53006 7990/=
 22798 11497 73403 10002 20002 39878 49989 52026 69972 70276 86570 333
 20002 555 53008 7002/=
 22375 46/// /1901 11036 21041 39997 40012 52008=
 23207 12599 63002 11002 21014 39949 49972 52010 60002 85570 333 21006
 55051 555 53006 7000/=
 23215 NIL=
 23219 NIL=
 27095 76/// /3201 10025 20030 39752 49955 52021 333 20025 60002 555 53006 7000/=
 22408 22984 73002 11008 21022 39941 40091 52009 87070 333   21013
 55039 69942 555   7994/=
 22511 21567 82902 10000 21006 39966 40087 52013 77172 8251/ 333  
 21001 60012 93702 555   7002/=
 22529 21497 83001 10010 20005 30057 40064 52012 76176 8872/ 333  
 20003 60032 88518 555   7006/=
 22602 22473 82803 11007 21035 39872 40099 52008 885// 333   21008
 55019 60002 88612 555   7990/=
 22621 73570 /2903 11004 21015 39941 40081 52013 333   21015 55013
 60002 555   7000/=
 22619 22498 82803 10007 21010 39923 40082 52013 885// 333   20001
 55004 60002 88618 555   7990/=
 22721 21497 73101 11013 21018 39983 40082 52014 78581 87900 333  
 21021 69902 87918 555   7990/=
 22727 76670 /3002 10006 21021 30038 40086 52014 333   20004 69922
 555   7992/=
 22717 73/70 /3102 11002 21036 39904 40102 52012 333   21006 60002
 555   7007/=
 22802 22598 63102 10005 21015 30092 40116 52014 85530 333   21008
 55015 60002 85630 555   7990/=
 22820 22698 62802 11003 21026 39952 40089 52014 86500 333   21008
 55004 69922 86633 555   7999/=
 22831 22997 53102 11001 21017 30012 40067 52013 85030 333   21004
 55017 69902 555   7990/=
 22805 225// 73502 10026 20005 30090 40115 52014 86531 333   20017
 55012 60002 555   7994/=
 22912 22684 73002 11016 21027 30088 40103 52016 87500 333   21022
 60002 87636 555   7000/=
 
