03:31:00 MSK 13.07.2023
020 123456/=о000=0031
 унту01 бтул 130000
 22686 82998 80403 10152 20102 39932 40026 58007 8807/ 555 11013=
 22695 42998 80704 10153 20089 39870 40014 58007 8805/ 333 91111 555
 11014=
 22996 42/// /2001 10134 20134 39822 49997 52004 555 1/015=
 23220 43/// /0203 10065 20049 30048 40188 52010 555 1/010=
 23226 42960 00301 10050 20015 39985 40198 52009 555 10006=
 23305 42/// /0603 10096 20064 30114 40141 50001 555 1/009=
 23320 86/// /0602 10086 20058 30076 40147 57004=
 23324 42982 00704 10094 20063 30089 40164 54000 555 10008=
 23405 42973 30805 10109 20064 30009 40105 57004
 80009 333 91011 91113 555 10009=
 23410 86/// /0405 10097 20046 30035 40128 55006 333 91111 555 53011=
 23411 NIL=
 23412 42999 10604 10096 20054 30033 40127 57004 80001 333 91110 555 10008=
 23416 NIL=
 23418 42965 50102 10107 20076 30033 40104 57007 85030
 555 11009=
 23503 42/// /0603 10117 20067 30046 40094 58006 555 1/012=
 23507 86/// /0602 10127 20083 39768 40063 56010=
 23509 42/// /0402 10140 20087 39994 40068 55008 555 1/013=
 23514 42997 70502 10116 20085 39894 40082 57008 86072 555 10011=
 23518 42/// /0603 10162 20059 39994 40081 55012 555 1/012=
 23606 42962 80705 10143 20103 39892 40050 57002 86031 555 10014=
 23612 NIL=
 23701 NIL=
 23704 86/// /0604 10175 20149 39926 40039 55004 555 53014=
 23707 81598 80405 10166 20157 39860 49983 57004 72998 889// 333 86620 555 12016=
 23708 42/// /0504 10175 20146 39855 49993 57005 555 1/017=
 23709 41497 80604 10168 20149 39824 40003 57003 78082 889// 333 88914
 555 11016=
 23711 42998 81003 10159 20116 39887 40046 53009 8805/ 555 10015=
 23803 41496 81503 10187 20169 39821 49987 58006 76398 8802/ 555 11017=
 23804 41395 82501 10172 20170 39840 49974 58005 78198 889// 333 85909 555 12017=
 23807 42/// /2105 10142 20142 39838 49989 55003 555 1/015=
 23808 86/// /1704 10162 20155 39841 49997 53010=
 23812 41597 81301 10181 20164 39875 40026 53008 70298 889// 555 11016=
 23904 41332 82002 10137 20137 39859 40007 53006 71082 883// 333 86709
 555 11015=
 23905 81599 82002 10142 20137 39797 40011 52013 70282 889// 555
 11015=
 23909 81496 82003 10153 20150 39789 40019 52018 75098 886//=
 23912 81496 81603 10177 20170 39847 40025 53011 71098 8695/ 555
 11018=
 23913 82599 81501 10172 20163 39829 40042 53009 889// 555 12016=
 23914 81495 82203 10168 20165 39788 40027 52009 72898 889//=
 27095 86/// /1902 10128 20128 39802 40018 51008=
 28013 82598 81803 10148 20136 39809 40026 51014 889// 555 11016=
 28016 82/// /1902 10141 20137 39821 40032 52013 555 1/016=
 28029 81599 82103 10166 20156 39832 40037 52010 70282 889// 555
 12018=
 28116 82499 71901 10130 20118 39824 40043 52012 87900=
 28128 82598 82405 10153 20137 39906 40050 52012 8802/ 333 91011 91112
 555 11015=
 28134 81598 82001 10150 20139 39725 40054 52010 70282 885// 555
 11016=
 28138 43/// /2003 10145 20138 39529 40063 52009=
 28216 82699 81804 10130 20115 39774 40057 52012 885// 555 11014=
 28222 42/// /2202 10145 20118 39875 40058 51011 555 1/014=
 28224 81470 82103 10147 20110 39863 40064 52014 70282 889//=
 28234 82497 71801 10153 20136 39803 40065 51013 83940 555 11016=
 28238 81593 62101 10140 20128 39786 40073 53012 74242 86530 555
 11014=
 28313 42/// /1902 10137 20118 39880 40062 51011 555 1/014=
 28319 82598 82103 10139 20115 39918 40072 52013 8693/=
 28321 82599 82203 10137 20116 39872 40065 52011 8322/=
 28324 42/// /2102 10149 20100 39956 40070 51013 555 1/016=
 28326 81598 72203 10144 20120 39897 40074 52013 72511 87300 555
 10016=
 28413 82599 82102 10143 20105 39959 40075 51014 8753/ 555 11015=
 28428 81598 82003 10135 20105 39910 40086 51011 70282 885// 555
 11014=
 28429 42/// /2404 10122 20110 39701 40094 53009 555 1/014=
 22983 41471 82001 10143 20140 39890 49988 52012 70282 889// 333 91003
 91105 555 12015=
 27083 41599 82002 10128 20120 39788 49998 52010 70262 885// 333 91004
 91105 555 11013=
 27097 42/// /1902 10124 20124 39762 40010 51008 333 91004 91105 555
 1/014=
 27185 42/// /1701 10124 20124 39842 40016 51009 333 91002 91103 555
 1/014=
 27199 41498 82102 10127 20120 39841 40027 52010 70262 8671/ 333 91004
 91105 555 11013=
 27281 41482 82002 10120 20115 39825 40022 52009 72162 885// 333 91004
 91106 555 12013=
 27283 41498 82202 10125 20119 39878 40026 52010 72582 889// 333 91003
 91104 555 12013=
 27295 42/// /1901 10120 20111 39796 40036 52005 333 91003 91106 555
 1/014=
 27296 41565 82102 10123 20107 39830 40037 52010 70282 889// 333 91004
 91105 555 12013=
 27385 424// 71901 10126 20114 39916 40038 52008 87700 333 91002 91105
 555 11013=
 27393 42598 82104 10127 20114 39888 40050 52011 885// 333 91006 91107
 555 11013=
 27480 42498 82102 10125 20116 39923 40045 52006 889// 333 91003 91105
 555 12013=
 28007 41459 81801 10128 20115 39773 40021 52006 71022 886// 333 88711
 91004 91104 555 11014=
 28009 41442 81903 10132 20120 39830 40029 52008 78082 889// 333 91005
 91106 555 12014=
 28105 42498 82002 10126 20116 39845 40028 52008 888// 333 91004 91104
 555 11014=
 28202 41561 82202 10127 20114 39827 40037 52011 75052 886// 333 91005
 91105 555 11014=
 28302 41598 81902 10125 20115 39833 40050 52015 70282 889// 333 91004
 91105 555 11014=
 28307 42498 81501 10126 20107 39916 40053 52011 8655/ 333 91002 91104
 555 11013=
 28402 41498 82003 10130 20117 39890 40060 52012 70262 8691/ 333 91005
 91105 555 11014=
 28502 41598 80000 10119 20101 39971 40071 52011 70282 86901 333 91000
 91105 555 11013=
 22550 82997 70604 10141 20072 30048 40058 57004 85031 555 11011=
 22778 41598 80604 10162 20135 39911 49975 52005 70282 8657/ 333 91110
 555 11015=
 22889 42/// /1601 10150 20147 39907 49988 51009 555 1/016=
 22762 82/// /0101 10148 20122 39965 40001 50001 555 1/014=
 22638 46/// /0202 10116 20095 39829 40044 57008=
 22671 42/// /0504 10137 20076 39957 40031 58007 555 1/011=
 22456 42997 70701 10129 20081 30003 40087 57002 86072 555 10011=
 22583 42998 70602 10138 20081 39990 40067 57006 84071
 555 11012=
 22749 42/// /0202 10129 20117 39880 49998 56011 555 1/012=
 22951 42/// /3001 10112 20110 39713 49980 56014 555 1/012=
 22887 41496 81502 10153 20144 39907 49973 52015 78098 889// 
 333 84710 555 11015=
 22876 41496 81701 10157 20157 39906 49974 51019 78098 889// 333 88918
 555 12016=
 22481 42/// /0402 10116 20082 30057 40108 52003 555 1/010=
 22854 42/// /3603 10119 20118 39711 49984 56010 555 1/012=
 22781 NIL=
 22676 42698 80703 10151 20087 39949 40022 57001 885// 555 11013=
 22648 42698 80303 10144 20098 39986 40030 57006 885// 333 88642 555
 11013=
 22559 42/// /0604 10140 20066 30033 40048 56007 555 1/011=
 22869 41396 81503 10140 20138 39822 49961 53010 76198 8872/ 333 86707
 555 11014=
 22768 41497 80404 10156 20135 39932 49979 52003 78082 889// 333 85914
 555 11015=
 22798 41497 80302 10166 20158 39880 49984 53002 79598 889// 333 91111
 555 11016=
 22375 46/// /0807 10106 20085 30117 40131 57004=
 23207 NIL=
 23215 42998 10604 10072 20049 30094 40182 50003 80001 555 11007=
 23219 NIL=
 22408 42699 83101 10120 20069 39970 40114 57004 8457/ 555   10014=
 22511 41598 80402 10128 20034 39983 40099 57012 70282 8493/ 555  
 11012=
 22529 41599 80303 10114 20090 30060 40067 57009 70282 889// 333  
 88925 555   12011=
 22602 41458 80303 10128 20050 39874 40090 57005 78082 889// 333  
 88914 555   11011=
 22621 83569 /3602 10106 20086 39935 40069 57008 555   1////=
 22619 41580 83604 10111 20092 39909 40062 57011 70282 885// 333  
 88632 555   11011=
 22721 41698 83002 10115 20096 39956 40050 57009 70282 885// 333  
 88633 555   11012=
 22727 86570 /3301 10120 20106 39999 40045 57009 555   1////=
 22717 83/62 /3502 10107 20080 39874 40060 57013 555   1////=
 22802 41599 83201 10125 20088 30048 40070 57004 70282 8295/ 555  
 11014=
 22820 41470 83202 10110 20101 39913 40044 57009 70252 8555/ 333  
 85619 555   11011=
 22831 41598 83401 10119 20110 39966 40019 57012 70282 88/// 333  
 88431 555   12012=
 22805 41498 83601 10136 20068 30045 40063 57004 70262 887// 555  
 11014=
 22912 41599 83101 10108 20092 30035 40050 57008 72582 8533/ 333  
 84626 555   11013=
 
