03:31:00 MSK 30.03.2023
020 123456/=о000=0031
 унту01 бтул 300000
 22686 42998 31303 11029 21122 30131 40233 57014 83030 555 1/108=
 22695 42998 31105 11045 21144 30076 40234 57016 80001 555 1/108=
 22996 42/// /1402 11037 21120 30046 40237 58006 555 1/109=
 23220 41496 82502 11124 21139 30138 40289 52008 78582 8397/ 555 1/113=
 23226 41560 81502 11124 21137 30057 40286 52013 77174 8655/ 333 86628 
 555 1/113=
 23305 42/// /1103 11119 21157 30269 40299 58005 555 1/113=
 23320 86/// /2302 11126 21155 30247 40325 52015=
 23324 42680 82602 11082 21105 30234 40316 52012 885// 333 88636 555
 1/110=
 23405 42997 31104 11076 21121 30187 40291 58006
 80001 555 1/110=
 23410 86/// /1002 11215 21243 30221 40329 52009 555 53005=
 23411 42999 02201 11113 21152 30223 40318 52005 555 1/114=
 23412 42999 01502 11128 21148 30220 40324 52006 555 1/124=
 23416 NIL=
 23418 42965 01301 11165 21178 30247 40326 52009 555 1/125=
 23503 42/// /0000 11121 21150 30256 40310 50001 555 1/116=
 23507 86/// /1401 11098 21150 39959 40287 57005=
 23509 42/// /1202 11064 21119 30222 40304 50001 555 1/113=
 23514 42997 21502 11108 21133 30112 40321 52004 82010 555 1/114=
 23518 42/// /0000 11236 21260 30234 40337 52008 555 1/127=
 23606 42960 81304 11080 21131 30123 40304 52002 
 86031 555 1/113=
 23612 NIL=
 23701 41981 21202 11060 21118 30141 40276 57013 70270 80009 555
 1/112=
 23704 86/// /1403 11051 21099 39926 40039 55004 555 53005=
 23707 82998 31204 11048 21110 30124 40261 57010 80005 555 1/107=
 23708 42/// /1202 11084 21119 30135 40292 58007 555 1/114=
 23709 42/// /0000 11158 21178 30108 40317 57002 555 1/121=
 23711 42998 20000 11117 21145 30144 40325 52002 80030 555 1/113=
 23803 42999 61103 11079 21121 30120 40309 58003 80005 555 1/110=
 23804 82997 61302 11051 21107 30113 40264 58011 80001 555 1/110=
 23807 42/// /0803 11065 21098 30088 40256 57012 555 1/114=
 23808 86/// /1103 11081 21098 30109 40285 58008=
 23812 42997 00000 11174 21194 30156 40334 52006 555 1/122=
 23904 42980 01504 11036 21123 30099 40261 57009 555 1/106=
 23905 42999 01301 11072 21130 30045 40283 57009 555 1/114=
 23909 42998 01003 11074 21113 30045 40302 54000=
 23912 42998 01102 11065 21108 30116 40317 52002 555 1/113=
 23913 42999 02901 11133 21152 30097 40344 53009 555 1/115=
 23914 82999 20902 11066 21116 30048 40317 52005 80001=
 27095 86/// /1002 11030 21130 30014 40249 57002=
 28013 42998 00902 11078 21122 30060 40303 54001 555 1/113=
 28016 42/// /0801 11075 21117 30061 40298 57002 555 1/111=
 28029 42999 01403 11041 21121 30078 40305 52008 555 1/109=
 28116 42899 11002 11055 21122 30052 40292 57002 81030=
 28128 42999 00802 11046 21119 30142 40302 52009 555 1/109=
 28134 42998 01201 11042 21135 39949 40313 52011 555 1/109=
 28138 43/// /0503 11067 21129 39737 40330 52012=
 28216 42999 00903 11041 21126 39975 40283 54001 555 1/108=
 28222 42/// /1001 11045 21113 30099 40301 52010 555 1/108=
 28224 42970 01302 11029 21110 30074 40294 52009=
 28234 42998 00502 11041 21126 30022 40310 52014 555 1/107=
 28238 42999 00000 11087 21108 30001 40321 52011 555 1/113=
 28313 42/// /0202 11036 21101 30076 40275 50001 555 1/102=
 28319 42999 00803 11011 21093 30096 40264 54000=
 28321 42999 20703 11020 21106 30073 40282 52006 80001=
 28324 42/// /0803 11012 21100 30148 40272 50004 555 1/102=
 28326 42998 21001 11047 21103 30101 40295 52012 80001 555 1/103=
 28413 42999 00902 11004 21088 30125 40250 55001 555 1/102=
 28428 42999 00703 11022 21100 30076 40266 50004 555 1/106=
 28429 42/// /1003 11024 21104 39858 40281 52008 555 1/106=
 22983 42984 31101 11039 21117 30115 40223 57001 80005 333 91003 91105
 555 1/111=
 27083 42984 00901 11030 21132 39994 40222 57001 333 91003 91105 555
 1/109=
 27097 42/// /1003 11030 21120 39962 40231 57006 333 91005 91107 555
 1/107=
 27185 42/// /1102 11016 21111 30024 40212 58003 333 91005 91107 555
 1/106=
 27199 42998 01104 11017 21109 30025 40227 57007 333 91008 91108 555
 1/103=
 27281 42984 61004 11020 21096 39986 40198 57007 80005 333 91005 91107
 555 1/102=
 27283 42997 51103 11022 21093 30052 40214 57004 85030 333 91004 91106
 555 1/104=
 27295 42/// /0803 11011 21097 39958 40214 57008 333 91007 91109 555
 1/105=
 27296 42998 51003 11013 21107 30002 40224 57006 80002 333 91006 91107
 555 1/105=
 27385 429// 60902 10007 21075 30063 40193 57004 86030 333 91003 91106
 555 1/103=
 27393 42998 60502 11017 21092 30052 40226 57006 80035 333 91003 91107
 555 1/106=
 27480 42598 61003 10017 21045 30051 40180 57006 83531 333 91005 91106
 555 1/101=
 28007 42999 01301 11039 21139 39983 40253 57005 333 91002 91103 555
 1/110=
 28009 42998 80903 11024 21150 30053 40268 57010 80001 333 91004 91106
 555 1/108=
 28105 42998 00801 11028 21138 30042 40247 57002 333 91002 91105 555
 1/108=
 28202 42997 01402 11035 21132 30023 40251 57005 333 91006 91107 555
 1/107=
 28302 42997 30602 11025 21112 30007 40241 57002 80001 333 91004 91106
 555 1/106=
 28307 42998 10502 11004 21089 30067 40214 57007 80001 333 91004 91107
 555 1/104=
 28402 42984 20703 11013 21080 30038 40221 57004 80001 333 91005 91106
 555 14101=
 28502 42997 60803 10010 21062 30103 40208 58001 81031 333 91004 91107
 555 1/101=
 22550 82974 81204 10002 21089 30112 40122 57022 8802/ 333 91110 555
 1/103=
 22778 42998 21305 11014 21104 30117 40188 57012 82070 333 91110 555
 1/106=
 22889 42/// /1001 11054 21113 30139 40229 56005 555 1/116=
 22762 42/// /1103 11005 21081 30111 40150 58021 555 1/103=
 22638 46/// /1603 10018 21022 39837 40060 57021=
 22671 42/// /1304 11017 21092 30095 40176 58020 555 1/104=
 22456 42/// /1303 11006 21113 30052 40140 57025 555 1/105=
 22583 42998 61402 11043 21135 30147 40231 58014 80001 
 555 1/109=
 22749 42/// /1604 10037 21054 39969 40093 56019 333 91010 91114 555
 1/100=
 22951 42/// /2005 10024 21028 39833 40113 57011 333 91110 555 1/000=
 22887 42997 51202 11028 21105 30139 40212 57004 80001 555 1/105=
 22876 42997 00903 11048 21096 30126 40201 58006 555 1/107=
 22481 42/// /1206 11034 21130 30154 40208 57018 555 1/108=
 22854 42/// /1304 10018 21059 39821 40109 56018 555 1////=
 22781 NIL=
 22676 42898 71103 11029 21104 30118 40197 57018 87070 555 1/107=
 22648 42/// /1404 10030 21045 30049 40095 57020 555 1/100=
 22559 42/// /1203 11004 21091 30122 40138 57023 555 1/104=
 22869 42/// /1102 11003 21100 30012 40162 58012 555 1/104=
 22768 42897 21303 10015 21094 30096 40146 57020 81038 555 1/102=
 22798 42/// /0802 11050 21103 30130 40246 57012 555 1////=
 22375 46/// /1307 11042 30174 40190 54020=
 23207 NIL=
 23215 NIL=
 23219 NIL=
 22408 41317 83104 11052 21062 39907 40059 57016 77573 8872/ 333  
 88507 555   1/105=
 22511 41214 82902 11040 21050 39926 40049 57015 77572 8872/ 333  
 93704 555   1/104=
 22529 83/// /1104 10012 21010 30045 40052 57024 555   1/101=
 22602 41358 83003 11065 21077 39841 40072 57010 77172 8872/ 333  
 88506 555   1/106=
 22621 83234 /1403 10010 20004 39901 40040 57019 555   1////=
 22619 41395 82905 11021 21025 39878 40038 57010 77187 8872/ 333  
 87707 1/100=
 22721 41/93 91302 10000 21003 39944 40042 57018 78684 333   96047
 555   1/000=
 22727 86155 /1404 10004 21002 39998 40046 57010 333   91111 555  
 1////=
 22717 83/17 /2803 11045 21056 39876 40073 52007 555   1////=
 22802 41598 82803 11060 21081 30074 40098 52006 70282 8591/ 333  
 85926 555   1/108=
 22820 41395 82603 11002 21009 39914 40050 57003 77376 8652/ 333  
 86607 555   1/100=
 22831 41496 71303 10021 20006 30011 40066 57007 78086 87900 333  
 87910 555   1/100=
 22805 415// 23204 11045 21059 30082 40102 52012 70271 82500 333  
 93702 555   1/107=
 22912 41556 82803 11033 21044 30069 40084 52021 77176 8252/ 333  
 93702 555   1/104=
 
