03:31:00 MSK 04.07.2023
020 123456/=о000=0031
 унту01 бтул 040000
 22686 81498 71803 10141 20134 39928 40021 52010 70298 87500 333 87611
 555 11014=
 22695 41598 52002 10133 20117 39870 40014 52007 70282 83930 555 11013=
 22996 42/// /2101 10134 20134 39904 40080 52020 555 1/014=
 23220 43/// /1202 10177 20155 39897 40029 52008 555 1/017=
 23226 42960 62104 10184 20137 39825 40025 52005 86030 333 91112 555 
 10017=
 23305 42/// /0000 10152 20152 39985 40011 52002 555 1/015=
 23320 86/// /2103 10177 20146 39967 40035 52012=
 23324 42986 11901 10174 20153 39962 40034 52011 80001 555 11016=
 23405 42570 71403 10162 20126 39914 40006 58001 82531 
 555 11015=
 23410 86/// /1301 10159 20151 39936 40026 52010 555 53008=
 23411 42/// /2102 10170 20145 39933 40016 52005 555 1/015=
 23412 42999 01403 10164 20157 39934 40024 52007 555 11015=
 23416 NIL=
 23418 42965 21101 10160 20148 39966 40035 52008 82060 
 555 11014=
 23503 42/// /1502 10159 20147 39969 40016 52002 555 1/016=
 23507 86/// /3201 10141 20137 39724 40015 50006=
 23509 42/// /1902 10180 20146 39947 40020 53005 555 1/017=
 23514 42597 61802 10155 20146 39844 40028 52005 82339 555 11014=
 23518 42/// /1901 10159 20156 39956 40042 52006 555 1/014=
 23606 42962 82302 10174 20146 39875 40030 52009 8805/ 555 11017=
 23612 NIL=
 23701 42/// /2001 10129 20123 39923 40046 53018 555 1/012=
 23704 86/// /2101 10135 20133 39926 40039 55004 555 53010=
 23707 81998 02103 10136 20127 39926 40051 52014 70182 555 11013=
 23708 42/// /2102 10150 20121 39916 40057 52019 555 1/015=
 23709 81598 52202 10172 20137 39875 40055 52014 70282 82330 555 11017=
 23711 42998 61802 10166 20157 39888 40046 52008 86040 555 11016=
 23803 42999 52401 10147 20121 39892 40062 53016 85030 555 11014=
 23804 81997 02201 10134 20126 39924 40061 52017 70281 555 11014=
 23807 42/// /2503 10129 20129 39919 40072 52018 555 1/014=
 23808 86/// /1002 10138 20134 39910 40069 51015=
 23812 42997 60000 10147 20140 39908 40061 52010 86030 555 11014=
 23904 41956 00000 10118 20118 39932 40082 52022 71011 555 11012=
 23905 82599 22503 10145 20137 39860 40075 52013 82500 555 11013=
 23909 82998 12202 10161 20146 39845 40075 52013 80001 555 11015=
 23912 81598 31401 10153 20147 39892 40073 52010 70180 82901 555
 11015=
 23913 81594 23101 10129 20120 39871 40089 52013 74440 81901 555
 11010=
 23914 81496 51802 10158 20151 39834 40075 52012 71022 83501 555
 11016=
 27095 86/// /1601 10125 20125 39870 40088 53021=
 28013 82998 02102 10162 20134 39861 40078 52015 555 10015=
 28016 82/// /2201 10149 20143 39873 40085 52015 555 1/015=
 28029 82999 01201 10159 20146 39877 40083 52013 555 10015=
 28116 82899 31801 10147 20143 39870 40088 52013 82031 555 10013=
 28128 82999 00301 10125 20123 39944 40091 52012 555 10013=
 28134 82998 00000 10121 20118 39763 40098 52012 555 10010=
 28138 NIL=
 28216 82699 32302 10178 20134 39814 40092 52012 82501 555 11015=
 28222 42/// /1501 10163 20159 39908 40091 52013 555 1/014=
 28224 81864 21601 10148 20144 39892 40093 52012 74011 82030 555
 11014=
 28234 82999 01401 10152 20131 39834 40097 52012 555 11014=
 28238 81999 02301 10124 20112 39814 40103 52012 74000 555 10012=
 28313 42/// /0000 10144 20138 39917 40099 52013 555 1/015=
 28319 82598 70000 10160 20155 39945 40099 52013 87500 555 10018=
 28321 82899 62101 10162 20158 39903 40094 52013 86030 555 11017=
 28324 42/// /0000 10135 20121 39982 40097 52013 555 1/015=
 28326 82898 20000 10133 20128 39920 40098 52013 82030 555 10014=
 28413 82699 60000 10178 20145 39984 40098 52014 81505 555 10017=
 28428 82598 60000 10141 20126 39926 40102 52014 83530 555 10015=
 28429 42/// /0401 10129 20121 39716 40109 52012 555 1/013=
 22983 41941 00000 10116 20115 39979 40079 52022 71011 333 91001 91102
 555 11011=
 27083 42999 02301 10119 20115 39876 40088 52021 333 91002 91102 555
 11011=
 27097 42/// /2201 10114 20113 39846 40097 52021 333 91001 91104 555
 1/012=
 27185 42/// /0000 10121 20119 39929 40105 52022 333 91000 91102 555
 1/014=
 27199 42698 20000 10136 20124 39914 40102 52024 82500 333 91001 91104
 555 10013=
 27281 41982 80000 10126 20122 39912 40110 52020 71222 80005 333 91001
 91101 555 10012=
 27283 42998 02902 10131 20116 39958 40107 52024 333 91002 91104 555
 10012=
 27295 42/// /2802 10160 20121 39869 40107 52024 333 91003 91104 555
 1/014=
 27296 42998 22701 10152 20117 39898 40105 52025 82030 333 91002 91104
 555 10015=
 27385 419// 30000 10120 20115 39989 40112 52022 71111 83030 333 91000
 91102 555 10014=
 27393 42598 32402 10169 20133 39945 40106 52021 82270 333 91003 91105
 555 10016=
 27480 41998 12101 10123 20123 39995 40119 52021 71111 80001 333 91001
 91101 555 10013=
 28007 42999 82902 10150 20112 39844 40092 52021 82035 333 91003 91106
 555 10015=
 28009 42598 52401 10145 20129 39890 40089 52016 85500 333 91001 91102
 555 10014=
 28105 42598 52101 10154 20125 39911 40098 52021 82230 333 91002 91102
 555 10015=
 28202 42967 31801 10148 20116 39883 40092 52015 83030 333 91001 91102
 555 10015=
 28302 42998 40000 10138 20117 39881 40099 52014 84030 333 91000 91101
 555 10014=
 28307 42998 20000 10138 20122 39966 40103 52018 80001 333 91000 91101
 555 10013=
 28402 42998 32302 10177 20144 39930 40099 52015 82039 333 91004 91104
 555 10016=
 28502 42598 52102 10169 20130 30005 40103 52016 81433 333 91003 91103
 555 11015=
 22550 81597 72002 10145 20137 39976 49986 52006 70282 81470 555
 11015=
 22778 41998 22302 10132 20117 39980 40046 52017 70282 82070 555
 11014=
 22889 42/// /3101 10097 20097 39991 40074 52020 555 1/012=
 22762 81997 82001 10127 20127 39991 40028 52018 70282 8001/ 555
 11012=
 22638 NIL=
 22671 42/// /2401 10143 20139 39922 49996 53007 555 1/015=
 22456 41597 80000 10136 20136 39894 49976 50001 78082 889// 555
 11015=
 22583 41698 81401 10145 20136 39925 40001 52005 72582 86970
 555 11016=
 22749 42/// /2003 10119 20113 39906 40025 52009 555 1/011=
 22951 42/// /2201 10107 20100 39790 40060 51009 555 1/009=
 22887 42999 32002 10129 20114 39995 40061 52017 80001 555 11014=
 22876 42997 02203 10128 20122 39989 40058 52019 555 12012=
 22481 42/// /1701 10142 20141 39932 49982 58002 555 1/015=
 22854 42/// /2002 10111 20107 39769 40045 52011 555 1/010=
 22781 NIL=
 22676 41597 72103 10142 20139 39934 40007 52013 72582 85940 555
 12015=
 22648 42998 22302 10129 20115 39964 40007 52010 82030 555 11011=
 22559 NIL=
 22869 42997 22301 10114 20103 39926 40068 52013 80031 555 11011=
 22768 41597 22104 10126 20116 39995 40042 52017 70181 82500 555
 11012=
 22798 41996 22101 10130 20127 39947 40054 52018 71081 82030 555
 11013=
 22375 46/// /0903 10121 39969 49983 57005=
 23207 NIL=
 23215 41296 82203 10160 20159 39931 40015 52010 71022 886// 333 88703
 555 11014=
 23219 NIL=
 22408 41250 80901 10098 20086 39795 49937 57005 71065 886// 333  
 88703 555   11010=
 22511 42498 71702 10121 20114 39824 49938 52002 87600 333   87614
 555   11011=
 22529 41599 21902 10119 20111 39959 49965 52010 70281 82500 555  
 13011=
 22602 41476 61902 10120 20106 39729 49942 52008 70282 85930 333  
 85914 555   11012=
 22621 83/70 /1904 10122 20102 39835 49967 52008 555   1////=
 22619 42482 21802 10112 20090 39816 49967 52009 82500 555   11009=
 22721 42998 81801 10131 20091 39891 49984 52009 80009 555   11012=
 22727 86970 /1904 10142 20112 39953 49998 52007 555   1////=
 22717 83/70 /1902 10109 20080 39802 49987 52007 555   1////=
 22802 42599 71903 10115 20095 39956 49978 52004 81531 555   11012=
 22820 41970 62103 10121 20107 39875 40005 52005 70282 80030 555  
 11011=
 22831 41998 62101 10135 20108 39969 40021 52010 70281 85031 555  
 11013=
 22805 41498 71505 10084 20082 39966 49985 52004 72582 86930 333  
 91110 555   11009=
 22912 42599 72004 10127 20102 30000 40014 52009 82330 333   91110
 555   11012=
 
