03:31:01 MSK 16.08.2023
020 123456/=о000=0031
 унту01 бтул 160000
 22686 81995 20000 10148 20146 30078 40173 53009 71081 82071 555 11014=
 22695 NIL=
 22996 82/// /0000 10168 20168 39970 40145 55001 555 1/017=
 23220 43/// /0404 10078 20070 30056 40194 54000 555 1/008=
 23226 42960 20402 10063 20059 39989 40200 58003 82031 555 10007=
 23305 42/// /0501 10165 20165 30141 40167 52006 555 1/016=
 23320 86/// /0601 10112 20089 30108 40179 57004=
 23324 42982 70502 10107 20096 30107 40182 57005 85072 555 11012=
 23405 42962 00000 10166 20164 30069 40163 52003 555
 10016=
 23410 86/// /0502 10113 20086 30082 40175 57003 555 53006=
 23411 42/// /1603 10169 20116 30084 40168 57002 555 1/015=
 23412 42999 30903 10127 20099 30083 40176 58002 83030 555 10013=
 23416 NIL=
 23418 42965 20000 10131 20116 30101 40171 52001 82030
 555 11013=
 23503 42/// /0000 10118 20111 30117 40165 52003 555 1/013=
 23507 86/// /3402 10149 20139 39875 40170 52005=
 23509 NIL=
 23514 41997 51201 10151 20151 39982 40169 52002 71222 85070 555 10015=
 23518 42/// /0000 10124 20121 30082 40170 52003 555 1/014=
 23606 42962 20000 10146 20146 30005 40163 52004 82030 555 10015=
 23612 NIL=
 23701 42/// /0301 10129 20125 30044 40168 52005 555 1/014=
 23704 86/// /0000 10124 20124 39686 49795 56112 555 53004=
 23707 81996 30101 10166 20158 30030 40155 52003 71010 82031 555 10017=
 23708 42/// /3601 10142 20125 30024 40166 52007 555 1/015=
 23709 82998 00000 10129 20117 39986 40171 52005 555 10013=
 23711 42998 20000 10135 20130 30002 40164 52004 82041 555 11016=
 23803 42999 00000 10147 20125 39993 40164 53005 555 10013=
 23804 82997 30000 10154 20151 30015 40153 53003 83040 555 10016=
 23807 42/// /0201 10176 20173 39999 40151 52002 555 1/017=
 23808 86/// /0000 10130 20126 39999 40160 53003=
 23812 42597 22201 10123 20112 30014 40170 52003 82100 555 10013=
 23904 41970 70000 10142 20142 30005 40154 53004 70291 86041 555 10016=
 23905 82599 70301 10170 20143 39940 40155 52001 87500 555 10017=
 23909 82898 41002 10165 20134 39928 40160 57001 81041=
 23912 82898 40301 10146 20136 39985 40168 52004 83031 555 10016=
 23913 82599 20000 10127 20118 39960 40181 52005 82900 555 10013=
 23914 82498 50602 10163 20151 39922 40165 52002 82504=
 27095 NIL=
 28013 82898 30802 10171 20126 39941 40159 52003 82031 555 10018=
 28016 82/// /2101 10154 20148 39945 40158 52004 555 1/016=
 28029 82899 30000 10167 20148 39950 40158 52003 82031 555 10014=
 28116 82899 20000 10135 20128 39937 40158 52002 81075=
 28128 82999 13501 10160 20155 30012 40158 52003 80001 555 10015=
 28134 83/// /0000 10116 20114 39831 40169 52001 555 1/010=
 28138 43/// /3602 10143 20133 39631 40171 52001=
 28216 82699 71202 10196 20113 39873 40152 52005 87500 555 10019=
 28222 42/// /0301 10134 20119 39973 40159 53002 555 1/013=
 28224 82870 61201 10160 20126 39955 40158 52004 86030=
 28234 82998 00000 10133 20101 39897 40164 52002 555 10015=
 28238 82999 02501 10114 20098 39878 40171 52002 555 10011=
 28313 42/// /0000 10174 20133 39973 40154 52006 555 1/018=
 28319 81598 60000 10190 20151 39998 40151 52002 70282 85430=
 28321 82899 51501 10178 20126 39962 40153 54001 85080=
 28324 42/// /1101 10166 20128 30039 40153 52003 555 1/017=
 28326 82898 20000 10116 20107 39980 40161 52003 82030 555 10013=
 28413 81599 81201 10189 20155 30026 40141 58002 72582 883// 555
 11020=
 28428 82599 60602 10157 20119 39974 40150 57002 84530 555 10015=
 28429 42/// /0402 10132 20112 39768 40162 54001 555 1/013=
 22983 41484 80000 10176 20174 30062 40161 52004 72598 8694/ 333 91001
 91102 555 12018=
 27083 41584 53401 10157 20153 39937 40148 52003 70298 85900 333 91002
 91103 555 11015=
 27097 42/// /3201 10150 20150 39901 40150 52002 333 91002 91103 555
 1/015=
 27185 42/// /0000 10149 20148 39978 40153 52003 333 91000 91101 555
 1/016=
 27199 41994 23001 10164 20162 39959 40145 52004 70244 82030 333 91002
 91102 555 11016=
 27281 41423 83101 10149 20148 39960 40157 52003 71011 886// 333 91002
 91103 555 10016=
 27283 41/93 93103 10162 20162 39997 40147 53003 74542 333 91004 91105
 555 10016=
 27295 42/// /2401 10167 20159 39909 40147 52002 333 91001 91103 555
 1/018=
 27296 41/93 93301 10159 20148 39938 40144 52001 74542 333 91002 91103
 555 11017=
 27385 415// 83301 10169 20166 30030 40152 52002 71111 8455/ 333 91003
 91104 555 10018=
 27393 41997 60000 10164 20154 39983 40145 58002 71011 84035 333 91001
 91103 555 11016=
 27480 41598 33001 10162 20162 30037 40159 52003 71100 83500 333 91003
 91103 555 11017=
 28007 41599 60501 10170 20154 39901 40148 52003 70298 83530 333 91002
 91102 555 11017=
 28009 41598 80000 10171 20159 39956 40154 52006 70298 86501 333 91000
 91102 555 11018=
 28105 41996 30000 10149 20144 39959 40143 52001 71011 83030 333 91000
 91102 555 11016=
 28202 42997 61501 10159 20141 39931 40141 52002 82034 333 91002 91103
 555 10016=
 28302 42997 60701 10166 20139 39923 40139 53003 86030 333 91001 91102
 555 11017=
 28307 42998 62801 10168 20152 30004 40140 55001 83031 333 91003 91105
 555 10016=
 28402 41998 62302 10176 20170 39969 40138 52002 71122 85071 333 91003
 91103 555 10018=
 28502 42997 82902 10177 20158 30038 40136 50001 83031 333 91003 91104
 555 11017=
 22550 82670 60000 10130 20128 30190 40199 52010 86500 333 86646 555
 11014=
 22778 41496 83601 10162 20160 30112 40178 52008 71082 8557/ 555
 11017=
 22889 42/// /2301 10165 20165 30079 40161 55001 555 1/017=
 22762 82997 52901 10158 20158 30160 40197 52012 8007/ 555 10015=
 22638 46/// /2000 10090 20090 30000 40221 52009=
 22671 42/// /3201 10176 20163 30109 40184 52010 555 1/018=
 22456 42997 20000 10106 20106 30100 40185 52008 80001 555 11011=
 22583 42698 83001 10177 20166 30097 40173 52006 82571 555 11018=
 22749 42/// /2101 10102 20102 30091 40213 53011 555 1/011=
 22951 42/// /3101 10140 20134 39944 40214 53008 555 1/014=
 22887 41296 83102 10174 20171 30099 40165 52007 71011 8665/ 
 333 86706 555 10017=
 22876 42997 12501 10163 20163 30106 40175 52008 81040 555 11015=
 22481 42/// /2902 10182 20177 30123 40173 52009 555 1/018=
 22854 42/// /3201 10142 20138 39935 40213 53010 555 1/014=
 22781 NIL=
 22676 41396 83303 10179 20177 30105 40178 52012 71011 886// 555
 10019=
 22648 41993 10000 10121 20119 30168 40213 52011 74640 80001 555
 10011=
 22559 42/// /0000 10118 20113 30186 40202 52011 555 1/013=
 22869 41398 83201 10172 20170 30049 40190 53010 71122 886// 333 86707
 555 11017=
 22768 41897 33301 10175 20170 30145 40192 52012 71111 82031 555
 11016=
 22798 42497 82701 10158 20154 30054 40161 52003 85931 555 10017=
 22375 46/// /2701 10152 20147 30157 40172 52007=
 23207 NIL=
 23215 42798 70902 10133 20113 30098 40183 53001 87500 333 87655 555
 11013=
 23219 NIL=
 22408 42982 23402 10105 20103 30061 40207 52010 82030 555   11011=
 22511 42984 11501 10117 20111 30088 40205 52010 80001 555   11010=
 22529 42998 02301 10095 20091 30196 40203 52008 555   11012=
 22602 42974 10000 10122 20117 39992 40210 52003 80001 555   11010=
 22621 83/// ///// 1//// 2//// 3//// 4//// 5//// 555   1////=
 22619 42998 32901 10152 20137 30059 40211 52006 82051 555   11013=
 22721 42997 03001 10134 20128 30123 40218 52009 555   11014=
 22727 86/61 /0000 10141 20139 30177 40223 52009 555   1////=
 22717 83/59 /0000 10114 20112 30035 40227 52004 555   1////=
 22802 41998 00000 10131 20129 30200 40223 52003 71200 555   11014=
 22820 42998 02402 10159 20147 30093 40224 52008 555   11014=
 22831 41996 00000 10114 20108 30168 40222 52009 71000 555   11013=
 22805 429// 00000 10180 20164 30201 40225 52001 555   10013=
 22912 41906 01101 10113 20108 30212 40227 52005 74640 555   11013=
 
