21:31:00 MSK 21.08.2023
020 123456/=о000=1831
 унту01 бтул 211800
 22686 81598 72902 10082 20074 39987 40083 56002 70262 83570=
 22695 42/// /2903 10080 20061 39917 40065 57005=
 22996 81598 72501 10096 20084 39916 40095 57014 70282 87900=
 23220 41599 60503 10101 20067 39945 40081 57002 70282 84530=
 23226 42960 71003 10106 20051 39879 40085 58005 87030=
 23305 42684 61302 10074 20066 30023 40050 53003 86500=
 23320 66/// /0901 10070 20060 30002 40073 57007 60002 333 10124=
 23324 41978 73201 10070 20065 39995 40070 58010 70282 87070=
 23405 41597 79901 10055 20053 39953 40051 57003
 70282 83930=
 23410 66/// /0702 10052 20041 39970 40064 57002 60002 333 10109=
 23411 41599 70701 10077 20053 39969 40055 54000 70282 82930=
 23412 42699 20902 10057 20052 39968 40063 57001 81501=
 23416 NIL=
 23418 42965 71201 10083 20072 39990 40061 57004 87030=
 23501 NIL=
 23503 42598 81601 10043 20035 30004 40053 57005 83931=
 23507 86/// /3101 10057 20057 39760 40062 57006=
 23509 41998 82501 10077 20073 39979 40055 57006 70262 8807/=
 23514 41597 82001 10063 20061 39865 40056 57008 78082 8695/ 333 85924=
 23518 42697 81701 10086 20069 39971 40059 57008 889// 333 86649 555
 53008=
 23606 41560 82201 10078 20078 39898 40059 57008 72582 8693/ 333 84920=
 23612 NIL=
 23701 41580 72502 10081 20068 39950 40075 58007 70282 85980 333
 85930=
 23704 66/// /2502 10082 20081 39580 49690 56054 60002 333 10116=
 23707 81498 82702 10078 20074 39952 40080 57008 70286 8495/=
 23708 41483 82302 10073 20059 39934 40080 58009 70282 8595/ 333 85919=
 23709 81497 82302 10078 20063 39890 40077 58010 78082 883// 333 86714=
 23711 41698 82201 10079 20067 39904 40068 57008 70282 889// 333 85643=
 23803 41597 82002 10081 20056 39909 40083 58012 78082 8696/=
 23804 81597 82801 10079 20076 39945 40085 57009 70282 8395/=
 23807 81496 82801 10088 20084 39938 40094 57009 78082 8695/ 333 84916=
 23808 86/// /2202 10076 20067 39932 40096 58009=
 23812 81597 82501 10069 20060 39920 40078 57010 70282 84962=
 23904 42574 82201 10073 20068 39945 40098 57014 8234/=
 23905 82599 82401 10091 20059 39875 40095 57010 885// 555 50103=
 23909 81598 62301 10083 20072 39859 40096 57009 70282 86300=
 23912 82598 61301 10082 20068 39899 40085 58008 82531 555 50099=
 23913 81596 20000 10054 20054 39866 40090 57006 71081 82900 555
 50090=
 23914 82499 72603 10093 20067 39838 40085 57009 87500=
 28013 81598 62402 10094 20067 39872 40095 57008 70282 86900 555
 50108=
 28016 82/// /2501 10092 20076 39885 40102 57006 555 50104=
 28029 82899 22902 10102 20068 39878 40089 57005 82060 555 50115=
 28116 82499 72901 10098 20061 39883 40105 57001 87500=
 28128 82599 83001 10110 20058 39951 40099 57003 885// 555 50131=
 28134 81998 20000 10057 20055 39756 40099 57005 70281 80001 555
 50103=
 28138 43/// /3001 10077 20063 39544 40094 57005=
 28216 82699 22801 10103 20036 39820 40107 58003 82500 555 50127=
 28222 42/// /0000 10091 20066 39913 40101 54001 555 50132=
 28224 81970 00000 10083 20073 39896 40103 57001 70281=
 28234 81998 01801 10095 20079 39832 40101 54000 70181 555 50133=
 28238 81999 22401 10088 20068 39805 40098 54001 70181 80001 555
 50135=
 28313 42/// /0000 10075 20034 39923 40110 50001 555 50134=
 28319 82599 23601 10099 20054 39953 40110 53004 82500=
 28321 82999 03201 10106 20041 39909 40105 50001=
 28324 42/// /0000 10094 20058 39987 40104 50001 555 50138=
 28326 82998 21601 10066 20051 39924 40106 52004 80001 555 50137=
 28413 82599 23302 10144 20054 39992 40108 50005 82500 555 50158=
 28428 82599 22801 10109 20065 39926 40104 51007 82500 555 50156=
 28429 42/// /0000 10094 20066 39708 40106 50005 555 50151=
 22983 41484 82602 10102 20093 39999 40100 57010 70282 82935 333 91003
 91106=
 27083 42584 72301 10102 20075 39888 40103 57014 87500 333 91002
 91107=
 27097 42598 22201 10078 20064 39862 40117 58010 82500 333 91002
 91103=
 27185 42/// /0000 10085 20072 39947 40126 58008 333 91000 91103=
 27199 42998 30000 10077 20055 39933 40126 57005 80031 333 91001
 91106=
 27281 42984 30000 10092 20071 39931 40132 57007 82031 333 91001
 91104=
 27283 42997 32901 10065 20062 39977 40130 57005 81031 333 91001
 91105=
 27295 42997 63301 10095 20055 39885 40129 58004 80004 333 91001
 91104=
 27296 42997 30000 10082 20054 39915 40127 57004 80001 333 91000
 91107=
 27385 425// 63201 10104 20072 30005 40129 57004 82531 333 91002
 91104=
 27393 42598 10000 10108 20045 39965 40130 58003 81500 333 91000
 91108=
 27480 42998 01801 10081 20071 30010 40135 57004 333 91001 91102=
 28007 42999 12602 10082 20041 39862 40117 57010 81030 333 91003
 91103=
 28009 42998 52601 10077 20042 39910 40115 57007 85030 333 91001
 91104=
 28105 42998 00000 10062 20032 39932 40121 58006 333 91000 91104=
 28202 42997 63102 10098 20051 39902 40116 58005 80004 333 91002
 91105=
 28302 42997 20000 10097 20049 39899 40121 58002 80001 333 91000
 91105=
 28307 42998 52901 10090 20054 39986 40126 50001 80001 333 91002
 91106=
 28402 42984 23101 10122 20062 39949 40121 52004 81031 333 91002
 91106=
 28502 42997 83501 10121 20075 30016 40116 52005 80001 333 91004
 91106=
 22550 81597 73501 10102 20092 30114 40124 57003 70282 84970=
 22778 41598 83101 10100 20071 30038 40105 57001 70282 8257/=
 22889 41496 80000 10100 20092 30019 40103 57002 76186 8752/ 333
 87616=
 22762 82/// /3101 10112 20081 30080 40118 54001=
 22638 46/// /3601 10076 20054 39924 40145 57001=
 22671 41998 63201 10079 20070 30024 40101 54000 70282 86030=
 22456 41997 03501 10064 20050 30035 40121 52002 70281=
 22583 41598 72703 10080 20065 39992 40070 57003 70288 86570=
 22749 42598 53501 10118 20077 30005 40126 51004 83530=
 22951 41598 22801 10096 20089 39856 40129 57007 82500=
 22887 41697 72802 10108 20102 30034 40102 57006 70282 8253/ =
 22876 42997 82501 10109 20087 30036 40106 50001 8805/=
 22481 41598 62903 10080 20066 30024 40075 57004 72582 86900=
 22854 42599 20101 10113 20078 39849 40128 56001 82500=
 22781 NIL=
 22676 41598 73003 10084 20071 30017 40093 57001 70282 83840=
 22648 42698 63202 10114 20081 30089 40134 54000 85501=
 22559 81598 83203 10103 20087 30106 40122 54001 70282 889// 333
 88631=
 22869 41997 63201 10116 20087 39976 40119 58002 70281 80060=
 22768 41597 73301 10120 20076 30067 40115 57003 70382 87900 333
 86629=
 22798 41598 71801 10083 20078 39979 40088 57008 70282 82532=
 22375 46/// /3606 10087 20068 30077 40091 57001=
 23207 NIL=
 23215 41597 70902 10077 20077 39991 40078 52003 76186 83572 333
 87632=
 23219 NIL=
 27095 66/// /1801 10056 20056 39901 40125 58012 60002 333 10145=
 22408 12999 70401 10138 20107 30003 40146 57002 60002 87030 333  
 10194=
 22511 12598 40601 10127 20099 30027 40143 57003 60002 83530 333  
 10192=
 22529 12599 23001 10068 20059 30138 40145 57005 60002 82500 333  
 10164=
 22602 12478 61101 10167 20106 39921 40134 57005 60002 83930 333  
 10215=
 22621 12998 00701 10128 20090 30009 40143 52002 60002 333   10206=
 22619 12483 62501 10141 20111 39982 40134 57007 60002 86500 333  
 10221=
 22721 12998 53001 10152 20104 30042 40136 57002 60002 85030 333  
 10216=
 22727 12970 60000 10133 20119 30091 40137 57007 60002 8007/ 333  
 10218=
 22717 12998 02302 10130 20116 39950 40139 57006 60002 333   10214=
 22802 12699 70000 10157 20128 30116 40138 57009 60002 86501 333  
 10224 86634=
 22820 12970 12102 10119 20104 30008 40140 57006 60002 80001 333  
 10201=
 22831 12998 00000 10104 20093 30080 40133 57003 60002 333   10217=
 22805 12998 22002 10176 20129 30116 40140 57012 60002 82030 333  
 10212=
 22912 12999 41001 10110 20099 30126 40141 57010 60002 84030 333  
 10216=
 
