21:31:00 MSK 04.03.2023
020 123456/=о000=1831
 унту01 бтул 041800
 22686 42998 00000 11223 21247 39921 40029 52006=
 22695 42998 00703 11139 21175 39851 40012 52003=
 22996 41598 80402 11072 21093 39785 49974 57003 70282 8597/=
 23220 42999 00602 11284 21317 39905 40063 52006=
 23226 42960 00000 11281 21305 39826 40065 52005=
 23305 41567 81702 11122 21137 39996 40025 52003 77172 885// 333 88626=
 23320 66/// /0501 11312 21352 39973 40055 52003 60002 333 11159=
 23324 42982 00402 11292 21319 39973 40059 52005=
 23405 41496 81102 11146 21159 39924 40028
 58003 78581 8295/=
 23410 66/// /0901 11257 21289 39943 40049 52002 60002 333 11171=
 23411 42999 01801 11191 21209 39946 40042 52003=
 23412 42999 01402 11234 21260 39943 40049 52003=
 23416 NIL=
 23418 42965 00000 11262 21281 39967 40048 52004=
 23501 NIL=
 23503 42998 00000 11302 21340 39985 40041 52002=
 23507 NIL=
 23509 42998 00000 11260 21287 39953 40039 52004=
 23514 42997 00000 11241 21263 39831 40046 52002=
 23518 42997 00000 11291 21321 39943 40046 52003 555 53003=
 23606 42962 00000 11201 21220 39842 40027 58003=
 23612 NIL=
 23701 42981 00201 11238 21260 39889 40030 52003=
 23704 66/// /0000 11233 21244 39926 40039 55004 60002 333 11091=
 23707 82998 20503 11145 21166 39868 40007 52003 80001=
 23708 42984 00103 11156 21175 39854 40011 52003=
 23709 42998 03401 11179 21206 39810 40015 54000=
 23711 42998 00102 11169 21188 39840 40019 57001=
 23803 41999 00402 11123 21154 39815 40002 58001 70171=
 23804 81596 80101 11123 21144 39845 49996 52001 77187 8457/=
 23807 41997 30203 11121 21127 39824 49991 52002 70171 80001=
 23808 86/// /3001 11151 21165 39819 49995 52003=
 23812 41996 50000 11173 21191 39830 40002 57005 77172 83022=
 23904 41558 83601 11083 21091 39823 49983 52001 77187 8652/ 333 86624=
 23905 41999 83402 11106 21116 39750 49984 52006 70282 80007 555
 51082=
 23909 41597 52402 11068 21077 39728 49976 52001 78582 83330=
 23912 41495 81001 11055 21063 39784 49978 57004 77372 8802/ 555
 51112=
 23913 41597 81402 11082 21100 39766 40000 55002 77172 8872/ 555
 51148=
 23914 81494 81402 11052 21059 39717 49975 57005 77587 8802/=
 28013 41895 82402 11046 21059 39743 49975 55001 77372 8802/ 555
 51076=
 28016 42/// /3002 11042 21042 39754 49981 53004 555 51068=
 28029 41899 61703 11041 21055 39767 49987 57006 70272 84035 555
 51079=
 28116 41896 72002 11032 21043 39748 49979 57003 77187 87070=
 28128 41596 82301 11046 21054 39840 49995 57007 77172 8602/ 555
 51071=
 28134 41598 81802 11040 21055 39650 40002 57004 72272 85531 555
 51083=
 28138 43/// /2002 11051 21060 39443 40014 57003=
 28216 41598 71904 11025 21043 39692 49989 57006 72272 87700 555
 51060=
 28222 42/// /1702 11028 21045 39805 40000 57006 555 51069=
 28224 41566 81603 11024 21045 39788 40001 57007 70282 889//=
 28234 41597 81802 11031 21054 39734 40013 57006 70287 885// 555
 51076=
 28238 41596 81903 11030 21053 39714 40018 57008 77172 885// 555
 51102=
 28313 42/// /1501 11029 21046 39803 49995 57007 555 51053=
 28319 42898 31502 11025 21044 39836 40000 57011 83050=
 28321 41599 61703 11030 21042 39794 49998 57007 70182 83530=
 28324 42/// /1502 11027 21053 39881 40002 57009 555 51054=
 28326 42598 71903 11018 21041 39824 40011 57007 87500 555 51059=
 28413 41596 81401 11023 21043 39871 49993 57015 77087 8257/ 555
 51036=
 28428 41596 71602 11027 21046 39823 40009 57015 78582 87900 555
 51057=
 28429 42/// /1502 11028 21039 39607 40019 57013 555 51059=
 22983 41550 80601 11074 21089 39872 49979 57002 77172 8657/ 333 91002
 91103=
 27083 42984 80401 11081 21096 39742 49968 57002 8807/ 333 91001
 91102=
 27097 41597 80202 11070 21078 39704 49970 57004 77172 885// 333 91003
 91103=
 27185 42/// /0000 11044 21046 39773 49958 57007 333 91000 91102=
 27199 41498 80000 11033 21041 39766 49963 57006 77172 8672/ 333 91001
 91103=
 27281 42984 71202 11034 21046 39746 49953 57007 87030 333 91002
 91103=
 27283 41497 81501 11026 21038 39805 49963 57005 70282 885// 333 91002
 91102=
 27295 41597 81301 11034 21047 39711 49962 57009 70282 885// 333 91002
 91103=
 27296 42597 81501 11026 21048 39745 49962 57008 885// 333 91003
 91103=
 27385 415// 61501 11052 21063 39829 49958 57004 77072 84530 333 91001
 91103=
 27393 42598 31604 11058 21065 39802 49974 57006 82549 333 91005
 91106=
 27480 42598 71701 11039 21060 39832 49961 57003 87500 333 91002
 91104=
 28007 42999 80000 11071 21100 39711 49977 57003 8801/ 333 91000
 91101=
 28009 42998 80000 11077 21094 39771 49985 52002 8805/ 333 91000
 91101=
 28105 41497 80902 11033 21041 39769 49969 57006 77172 8872/ 333 91003
 91103=
 28202 42997 82003 11058 21079 39749 49973 57006 8805/ 333 91004
 91104=
 28302 42997 71502 11034 21055 39746 49975 57008 87030 333 91003
 91103=
 28307 42498 80000 11049 21061 39824 49969 57009 82531 333 91000
 91103=
 28402 41458 70902 11033 21038 39794 49973 57012 77187 85670 333 91002
 91105=
 28502 41996 81401 11012 21026 39869 49972 57014 77172 8802/ 333 91001
 91104=
 22550 82972 00902 11118 21136 39997 40008 52007=
 22778 42998 20000 11110 21141 39926 49998 52004 82030=
 22889 41496 80504 11085 21109 39899 49988 54001 77172 887// 333
 88513=
 22762 42/// /0701 11111 21135 39958 49998 52006=
 22638 46/// /1001 11078 21097 39743 49973 52005=
 22671 42998 00701 11170 21179 39933 40017 52005=
 22456 42997 00000 11225 21244 39932 40027 52007=
 22583 42998 20000 11220 21244 39946 40033 52004 82070=
 22749 42698 81003 11056 21099 39840 49966 52005 885// 333 88640=
 22951 41497 81303 11074 21085 39674 49960 52002 78582 889//=
 22887 41597 80603 11080 21116 39915 49988 54000 78582 8595/ 
 333 85930=
 22876 41997 70603 11109 21127 39915 49990 52004 70282 87030=
 22481 42998 71902 11142 21148 39973 40029 52005 87070=
 22854 42598 70703 11082 21103 39676 49970 52004 83530=
 22781 NIL=
 22676 42998 00000 11209 21232 39936 40020 52005=
 22648 42/// /1202 11074 21102 39937 49984 52005=
 22559 42998 00801 11133 21150 39995 40012 52008=
 22869 42498 80803 11069 21089 39826 49977 54001 885// 333 88616=
 22768 42897 80702 11078 21110 39934 49985 52002 8007/=
 22798 42998 00201 11159 21173 39890 40009 52003=
 22375 46/// /2102 11132 30008 40024 52004=
 23207 NIL=
 23215 42998 01001 11314 21348 39954 40054 52003=
 23219 NIL=
 27095 66/// /0402 11077 21083 39749 49982 57003 60002 333 11023=
 22408 12984 71001 11075 21097 39836 49989 52007 69922 87030 333  
 11028=
 22511 12984 20201 11124 21138 39861 49987 52008 60002 82030 333  
 11038=
 22529 12598 20801 11138 21151 39977 49984 52007 69902 81502 333  
 11068=
 22602 11475 70602 11054 21075 39740 49968 52007 69902 72272 87500
 333   11016 87613=
 22621 11596 70601 11073 21087 39830 49972 52006 69962 786// 87900
 333   11029 87923=
 22619 12498 70602 11054 21074 39798 49959 52004 69942 87500 333  
 11037=
 22721 11597 70601 11061 21082 39860 49960 52003 69902 70282 87500
 333   11022 87626=
 22727 11450 80402 11044 21061 39903 49951 52007 69972 77300 8872/
 333   11018 88712=
 22717 11395 80402 11041 21051 39753 49948 52008 60012 77100 8872/
 333   11018 86708=
 22802 11598 80303 11015 21037 39916 49939 52009 60012 70282 8595/
 333   10007 85926=
 22820 11395 80603 11047 21059 39809 49946 52007 60022 77372 8652/
 333   11028 86609=
 22831 11497 80803 11044 21062 39890 49946 52003 60042 70282 889//
 333   11024 88913=
 22805 115// 80302 11016 21020 39913 49933 53008 69952 72682 885//
 333   10002=
 22912 11984 60401 11014 21034 39909 49924 52007 69962 70272 86030
 333   10006=
 
