18:31:00 MSK 11.07.2023
020 123456/=о000=1531
 уйту01 бтул 111500
 22686 62598 80601 10169 20082 30038 40132 51003 60002 8257/ 333 10193
 555 50136 53010=
 22695 12998 70602 10163 20056 39973 40118 56002 60002 80035 333 10180
 555 50132 53010=
 22996 61498 80502 10137 20137 39852 40028 55010 60052 70282 889// 333 10137 555 50107 53015=
 23220 12599 62803 10141 20059 30014 40149 52006 60002 86800 333 10157
 555 50107 53008=
 23226 12660 23205 10112 20051 39949 40156 52006 60002 82500 333 10130 
 555 50102 53010=
 23305 12999 10103 10173 20032 30147 40173 57003 60002 80001 333 10178
 555 50135 53007=
 23320 76/// /3602 10178 20030 30092 40161 52004 333 60002 555 50133 53006=
 23324 12985 13303 10164 20043 30090 40163 52005 60002 80001 333 10179
 555 50129 53007=
 23405 12980 20104 10192 20062 30063 40157 57005 60002 
 80001 333 10199 555 50133 53008=
 23410 76/// /3601 10189 20037 30069 40160 54000 333 60002=
 23411 12999 50403 10185 20027 30078 40162 58001 60002 80006 333 10194
 555 50136 53007=
 23412 12999 23402 10184 20047 30070 40161 54000 60002 80001 333 10192 555 50139 53006=
 23416 NIL=
 23418 12965 53403 10193 20043 30083 40152 54000 60002 80009 
 333 10203 555 50138 53009=
 23503 12998 60403 10204 20032 30102 40149 57003 60002 80005 333 10214 555 50131 53008=
 23507 66/// /1102 10177 20049 39843 40135 57009 60002 333 10190 555 50128 53009=
 23509 12598 80602 10186 20058 30066 40139 57005 60002 8652/ 333 10205
 86621 555 50140 53007=
 23514 12997 80502 10178 20069 39958 40143 57004 60002 8807/ 333 10195 555 50134 53007=
 23518 12998 80203 10191 20056 30056 40142 54000 60002 8807/ 333
 10201=
 23606 12962 80504 10168 20084 39976 40133 57001 60002 8807/ 333 10184 555 50137 53009=
 23701 11599 80505 10164 20089 39993 40115 58009 69902 70282 8297/ 333
 10166 91112 555 50130 53012=
 23704 76/// /0604 10167 20116 39926 40039 55004 333 60002 91110=
 23707 61698 80606 10163 20108 39959 40084 57008 69902 70262 8355/ 333 10164 91011 91114 555 50130 53014 =
 23708 12598 80406 10143 20108 39955 40097 58007 60052 8797/ 333 10152 85622 91011 91111 555 50121 53011=
 23709 12498 80404 10132 20108 39921 40105 58004 60072 887// 333 10142
 85711 555 50118 53009=
 23711 11498 80503 10132 20112 39963 40125 58024 60052 70282 8397/ 333 10163 555 50122 53008=
 23803 11599 80604 10149 20122 39907 40077 58014 69942 70282 889// 333
 10149 555 50116 53010=
 23804 62497 80504 10145 20119 39932 40070 57013 60052 8692/ 333 10153 86914 91113 555 50121 53013=
 23807 12497 80506 10140 20133 39900 40052 58009 60082 889// 333 10140
 86613 91011 91112 555 50114 53014=
 23808 66/// /0405 10145 20127 39901 40059 58009 60002 333 10145 91112=
 23812 11497 71201 10150 20117 39949 40102 58002 69952 70282 86902 333
 10162 555 50124 53008=
 23904 12368 80503 10146 20141 39891 40038 56014 69952 887// 333 10146
 87708 555 50112 53012=
 23905 62599 80503 10156 20146 39827 40040 57012 60002 885// 333 10156
 555 53011=
 23909 12498 80705 10198 20176 39810 40036 57016 69902 87501 333
 10199=
 23912 12598 80802 10195 20142 39885 40063 55010 60002 81539 333 10211
 91111 555 53011=
 23913 61999 61003 10174 20122 39880 40095 51008 69932 70282 85031 333
 10188 91111 555 53012=
 23914 62499 60703 10199 20151 39817 40055 57007 60002 82481 333
 10213=
 28013 82698 60605 10221 20174 39820 40032 57010 60002 83201 333 10225
 555 53008=
 28016 62599 70702 10213 20195 39817 40023 56016 60002 87500 333 10214
 555 53008=
 28029 62899 30802 10288 20193 39829 40025 52003 60002 83030 333 10307
 555 53006=
 28116 62898 70602 10240 20208 39804 40013 57011 60002 86570 333
 10251=
 28128 62898 80601 10303 20239 39880 40016 52002 60002 83031 333 10320
 555 53006=
 28134 62998 81104 10255 20157 39731 40049 52013 60002 80001 333 10316
 91111 555 53011=
 28138 11598 80803 10182 20146 39562 40090 52007 60022 79598 889// 333
 10216 91113=
 28216 62599 81503 10329 20092 39738 40001 55001 60002 889// 333 10367
 91110 555 53013=
 28222 62898 81602 10331 20124 39844 40016 52003 60002 85071 333 10375
 91110 555 53010=
 28224 62870 71202 10335 20135 39825 40013 57001 60002 86049 333 10375
 91110=
 28234 61498 81002 10266 20160 39786 40038 57002 69932 71798 8497/ 333
 10369 91110 555 53017=
 28238 61599 81004 10251 20150 39778 40054 50001 69932 71798 85305 333
 10364 91114 555 53014=
 28313 62698 71502 10332 20106 39831 40000 55001 60002 87500 333 10368
 555 53010=
 28319 62598 71602 10344 20081 39861 40005 57001 60002 87530 333
 10377=
 28321 62899 61502 10328 20117 39826 40006 54001 60002 83031 333 10368
 91110=
 28324 62598 61703 10345 20044 39901 40008 55001 60002 85481 333 10381
 91112 555 53012=
 28326 62898 61301 10307 20124 39853 40019 57002 60002 83031 333 10379
 555 53011=
 28413 62699 71901 10332 20057 39893 40002 53006 60002 85570 333 10381
 555 53011=
 28428 62599 81803 10358 20036 39850 40012 57002 60002 83931 333 10386
 91111 555 53013=
 28429 62898 72001 10327 20058 39660 40026 54001 60002 85071 333 10381
 91112 555 53014=
 22983 11458 80702 10135 20129 39938 40037 57018 60052 78082 889// 333
 10136 91005 91108 555 50112 53011=
 27083 11499 80504 10123 20116 39805 40016 57013 60102 70262 885// 333
 10123 91007 91109 555 50104 53011=
 27097 12598 80402 10127 20124 39765 40013 57010 69972 889// 333 10127
 91005 91107 555 50104 53014=
 27185 12598 80302 10135 20123 39831 40005 57003 60102 8632/ 333 10135
 91004 91107 555 50113 53013=
 27199 12498 80302 10159 20143 39803 49987 57010 60002 887// 333 10165
 91004 91108 555 50126 53011=
 27281 11456 83302 10120 20117 39809 40006 52001 60062 75152 886// 333
 10122 91003 91106 555 50114 53012=
 27283 12466 80204 10148 20132 39846 49992 57003 69902 889// 333 10153
 91005 91108 555 50122 53012=
 27295 12598 83402 10169 20142 39745 49978 57007 69902 885// 333 10187
 91006 91106 555 50131 53010=
 27296 11468 70302 10195 20171 39773 49973 57010 60022 70282 87900 333
 10203 91003 91107 555 50142 53008=
 27385 124// 83203 10158 20138 39869 49989 52006 69902 8675/ 333 10184
 91005 91106 555 50136 53009=
 27393 11598 71203 10262 20138 39806 49959 57008 69932 70282 86970 333
 10271 91004 91106 555 50177 53011=
 27480 12498 83002 10146 20135 39878 49999 52002 60002 889// 333 10152
 91003 91104 555 50126 53004=
 28007 12499 80602 10136 20123 39775 40022 55003 69902 886// 333 10137
 88711 91004 91108 555 50109 53011=
 28009 11458 80201 10161 20143 39823 40019 57009 69902 71022 885// 333
 10163 91003 91106 555 50123 53007=
 28105 11498 80202 10164 20148 39821 40001 58006 60002 71722 883// 333
 10171 91004 91107 555 50126 53010=
 28202 11566 83601 10225 20210 39794 49995 53010 60022 71798 889// 333
 10253 91003 91108 555 10168 53008=
 28302 11598 81102 10265 20134 39771 49977 52010 60012 70298 8297/ 333
 10335 91005 91121 91804 555 50209 53021=
 28307 12498 61301 10268 20184 39824 49953 55007 60002 82531 333 10314
 91002 91108 555 50214 53008=
 28402 11598 81104 10295 20126 39798 49958 57009 69902 70282 8297/ 333
 10360 91005 91119 555 50248 53019=
 28502 11598 82104 10309 20103 39870 49962 57010 69902 70282 8743/ 333
 10376 91006 91118 555 50278 53018=
 22550 62997 63203 10188 20103 30146 40155 57013 60002 80004 333 10191
 555 50127 53008=
 22778 11596 80503 10133 20109 30045 40111 57002 69982 78082 8697/ 333 10190 555 50130 53011=
 22889 12498 80504 10148 20121 39964 40046 58028 60022 885// 333 10148 88615 91112 555 50120 53012=
 22762 62698 60402 10194 20079 30088 40125 57009 60002 83269 333 
 10198 555 50135 53008=
 22638 46/// /0203 10164 20079 39944 40159 57006=
 22671 12699 70404 10196 20049 30060 40134 57011 60002 81108 333 10198
 555 50138 53010=
 22456 12598 20501 10209 20070 30075 40157 57010 60002 82100 333 10216
 555 50107 53006=
 22583 12998 70503 10206 20050 30066 40142 57009 60002 80001
 333 10215 555 50141 53007=
 22749 NIL=
 22951 12898 80303 10139 20068 39851 40120 57004 60002 82031 333 10143
 555 50108 53009=
 22887 11597 83504 10125 20106 39991 40057 57022 60042 78082 889// 
 333 10125 88929 91010 91111 555 50119 53011=
 22876 11496 83605 10122 20016 30010 40082 58023 60072 78088 889// 333
 10143 88916 91011 91111 555 10119 53011=
 22481 12998 20403 10184 20070 30114 40164 57007 60002 80001 333 
 10199 555 50125 53007=
 22854 12699 73603 10149 20072 39850 40125 57009 60002 82531 333 10152
 555 50106 53009=
 22781 NIL=
 22676 12598 70804 10204 20058 30047 40120 57010 60002 86910 333 10212
 91110 555 50140 53010=
 22648 NIL=
 22559 62998 70504 10197 20021 30135 40149 57011 60002 80001 333 10201
 555 50129 53008=
 22869 11397 80204 10121 20104 39962 40104 57002 60022 76162 884// 333 10174 86707 555 50127 53012=
 22768 12697 70405 10189 20083 30061 40108 57010 60002 85508 333 10198
 91111 555 50141 53011=
 22798 11498 80207 10155 20102 39982 40088 57011 69982 72582 889// 333
 10159 91012 91113 555 50127 53013=
 22375 46/// /3603 10166 20093 30162 40176 57006=
 23207 12999 10202 10155 20070 30157 40179 57001 60002 80001 333 10169
 555 50099 53006=
 23215 NIL=
 23219 NIL=
 27095 76/// /0803 10132 20132 39814 40030 55007 333 60002 555 50105 53011=
 22408 22699 21803 10215 20082 30029 40169 57010 82100 333   60002=
 22511 22998 10602 10215 20043 30056 40169 57008 80001 333   60002=
 22529 22999 13602 10175 20081 30167 40173 57012 80002 333   60002=
 22602 22999 20302 10204 20043 39950 40162 57009 80002 333   60002=
 22621 73/70 /0202 10189 20064 30035 40167 57007 333   60002=
 22619 22983 10901 10182 20087 30007 40157 57013 80001 333   60002=
 22721 22998 63501 10190 20065 30062 40155 57009 80009 333   60002=
 22727 76/70 /0102 10191 20082 30105 40150 57011 333   60002=
 22717 73/70 /0203 10189 20057 39969 40152 57007 333   60002=
 22802 22699 20203 10213 20055 30129 40151 57009 81131 333   60002=
 22820 22770 70202 10172 20072 30021 40150 57009 87500 333   60002
 87650=
 22831 22698 70501 10169 20079 30087 40139 57008 82531 333   60002=
 22805 22998 22901 10162 20105 30131 40149 57010 82035 333   60002=
 22912 22699 31003 10181 20076 30135 40149 57002 81530 333   60002=
 
