00:31:00 MSK 01.04.2023
020 123456/=о000=2131
 уйту01 бтул 312100
 22686 41596 83601 10004 20001 39972 40071 57015 71022 885// 333 88620=
 22695 41496 81302 10015 20003 39908 40078 57018 71022 886// 333 88712=
 22996 41496 81501 10018 20013 39880 40064 57022 78082 889//=
 23220 41599 81806 10013 21039 39971 40112 58001 73632 8257/=
 23226 41560 81909 11003 21050 39885 40100 58004 70232 885// 333 88631 
 91013 91114=
 23305 42/// /1002 11011 21013 30059 40086 54000=
 23320 86/// /2105 10035 21037 30039 40111 54000 333 91112=
 23324 42681 81903 10029 21020 30032 40109 51001 885// 333 88646=
 23405 42597 81601 10012 20001 39985 40085 58004 8355/=
 23410 86/// /1604 10028 21041 39998 40094 57004=
 23411 42499 82203 10021 21006 30000 40089 57003 8772/=
 23412 42599 82102 10034 21038 39998 40094 57003 885// 333 88632=
 23416 NIL=
 23418 42665 81502 10036 21034 30036 40108 58009 885//
 333 88637=
 23503 42/// /1902 10026 21025 30042 40092 57010=
 23507 86/// /1801 10008 20008 39772 40081 58013=
 23509 42/// /2002 10036 21023 30015 40092 57013=
 23514 42697 81702 10031 21044 39908 40102 58011 885// 333 88640=
 23518 42/// /1804 10041 21055 30031 40121 57012=
 23606 42660 81604 10032 21041 39931 40096 57016
 885// 333 88640=
 23704 86/// /1001 10030 21001 39926 40039 55004=
 23701 41497 81001 10016 21013 39954 40083 57022 76162 8472/=
 23707 82598 81002 10036 21030 39936 40066 57030 8557/ 333 85632=
 23708 42/// /1403 10034 21066 39942 40090 57009=
 23709 42/// /0000 10022 21071 39916 40107 57024=
 23711 42598 81602 10033 21078 39950 40118 58019 8553/ 333 85620=
 23803 42999 81203 10034 21089 39928 40106 58026 8805/=
 23804 82697 81301 10043 21044 39926 40069 57027 8252/=
 23807 42/// /1805 10026 20000 39915 40075 56023=
 23808 86/// /1203 10038 21038 39926 40092 57024=
 23812 42597 60000 11017 21053 39972 40136 57018 86500=
 23904 41458 81603 10020 20019 39926 40081 57022 76162 8652/ 333 86612=
 23905 41597 81401 10020 20001 39875 40101 57017 76162 8802/=
 23909 41598 81503 10020 20006 39879 40123 57013 70282 8637/=
 23912 42898 81705 10052 21032 39954 40143 56011 8802/ 333 91011
 91111=
 23913 41597 81701 10015 21005 39941 40170 58009 78082 889//=
 23914 82499 81404 10038 21024 39890 40144 57012 885//=
 28013 41598 81504 10037 21019 39899 40128 57015 70282 889// 333
 91110=
 28016 42/// /1503 10032 20004 39904 40128 56017=
 28029 41599 61605 10048 21024 39939 40156 57014 70262 84520 333
 91110=
 28116 42499 81604 10051 21018 39904 40132 57012 884//=
 28128 42598 81603 10047 21018 30005 40157 57012 885//=
 28134 41598 81602 10049 21034 39828 40175 57011 70262 8651/=
 28138 43/// /1404 10022 21059 39635 40203 57012=
 28216 42699 81705 10064 20004 39850 40142 55001 885// 333 91112=
 28222 42/// /1603 10056 21021 39972 40164 58006 333 91110=
 28224 42870 81706 10062 21017 39954 40164 57002 8801/ 333 91010
 91110=
 28234 41898 81705 10053 21028 39910 40186 56009 70282 8808/ 333
 91112=
 28238 42599 81703 10042 21030 39905 40207 56007 885//=
 28313 42/// /1604 10071 21003 39957 40146 54001 333 91110=
 28319 42598 81703 10075 21007 39997 40157 52001 885//=
 28321 42899 81805 10063 21013 39955 40155 55001 8802/ 333 91012
 91112=
 28324 42/// /1703 10074 21026 30043 40161 58003 333 91112=
 28326 42598 71502 10056 21008 39998 40183 52001 87500 333 91111=
 28413 42599 81603 10083 20004 30031 40151 52005 8355/=
 28428 42599 81705 10065 21015 39992 40175 54001 889//=
 28429 42/// /1505 10052 21012 39785 40193 54000 333 91110=
 22983 41465 81401 10019 20013 39951 40055 57024 78082 889// 333 91002
 91103=
 27083 41457 81302 10005 20001 39837 40058 57021 76176 8802/ 333 91004
 91106=
 27097 42/// /1604 10019 20019 39811 40071 56016 333 91006 91108=
 27185 42/// /1702 10023 20019 39888 40070 56008 333 91004 91106=
 27199 41598 81903 10030 20023 39893 40088 57004 72162 885// 333 91006
 91106=
 27281 41484 81704 10022 20018 39863 40068 57002 72162 885// 333 91006
 91109=
 27283 41496 81803 10028 20024 39923 40079 57004 78082 889// 333 91006
 91108=
 27295 42/// /1602 10023 20014 39843 40093 52004 333 91005 91110=
 27296 41597 81903 10027 20012 39882 40098 52006 70282 889// 333 91007
 91109=
 27385 414// 81704 10031 20019 39958 40085 52002 70262 8475/ 333 91006
 91108=
 27393 41597 61905 10026 20017 39942 40112 53005 70252 84571 333 91009
 91109=
 27480 42498 81802 10028 20013 39961 40089 52005 885// 333 91003
 91107=
 28007 41497 81803 10023 20014 39831 40091 56016 78082 883// 333 88914
 91007 91108=
 28009 41498 81605 10038 20005 39900 40107 57011 70282 885// 333 91004
 91108=
 28105 41498 81903 10032 20019 39900 40097 56005 70262 885// 333 91006
 91108=
 28202 41597 81906 10029 20012 39891 40111 57001 70282 889// 333 91009
 91109=
 28302 41597 81804 10038 20025 39896 40122 53008 76162 885// 333 91007
 91109=
 28307 41498 81403 10030 20012 39971 40114 52008 70252 885// 333 91005
 91109=
 28402 41584 81904 10045 20019 39950 40127 52014 70265 8457/ 333 91006
 91112=
 28502 41597 71603 10041 21002 30035 40138 52016 70252 87400 333 91004
 91111=
 22550 82973 21402 11075 21118 30049 40059 57003 82030=
 22778 42998 80502 11005 21010 39994 40063 57019 85071=
 22889 42/// /0901 10015 20012 39972 40058 56028=
 22762 42997 60000 11051 21051 30030 40070 57010 80031=
 22638 46/// /1801 11108 21121 39838 40072 54000=
 22671 42/// /0000 11070 21070 39988 40069 57009=
 22456 42/// /1801 11079 21119 39956 40046 57006=
 22583 42598 73601 11054 21060 39993 40076 58009 87500=
 22749 NIL=
 22951 42/// /0000 11052 21058 39780 40067 57014=
 22887 41497 81101 10020 20017 39983 40052 57025 78082 889// 
 333 88918=
 22876 41496 83001 10010 20010 39980 40053 58025 78088 889// 333
 88710=
 22481 42/// /1503 11075 21075 30014 40068 56005=
 22854 42/// /0000 11063 21076 39773 40068 57011=
 22781 NIL=
 22676 42897 63201 11044 21051 39995 40074 57009 86030=
 22648 NIL=
 22559 42/// /1401 11065 21104 30048 40065 57005=
 22869 42/// /3402 10003 21000 39906 40054 57026=
 22768 42697 60401 11047 21053 30014 40065 57015 83530=
 22798 42497 80201 10018 20002 39955 40066 57028 885//=
 22375 46/// /1906 11071 30026 40042 57009=
 23207 NIL=
 23215 NIL=
 23219 NIL=
 27095 86/// /1303 10023 20023 39855 40082 56021=
 22408 41684 22903 11023 21049 39878 40028 52017 70173 82500=
 22511 42684 52603 11011 21043 39904 40025 52007 83530=
 22529 42998 02103 11041 21087 30034 40041 57006=
 22602 42977 02503 11047 21109 39823 40052 52005=
 22621 83/68 /2203 11062 21093 39909 40052 57006=
 22619 42998 02503 11054 21088 39892 40054 57005=
 22721 42997 00000 11088 21096 39966 40068 57001=
 22727 86/70 /0201 11059 21066 30023 40072 54000=
 22717 83/70 /0000 11099 21109 39876 40077 52001=
 22802 41995 10000 11118 21132 30048 40073 52002 71040 81030=
 22820 42598 60000 11042 21053 39930 40069 57002 83530 555   51038=
 22831 42697 73501 11015 21062 30007 40063 57003 86530 333   86644=
 22805 425// 30102 11041 21041 30048 40068 54000 81501=
 22912 42584 80102 11005 21024 30041 40056 57004 885// 333   88628=
 
