21:31:00 MSK 08.03.2023
020 123456/=о000=1831
 унту01 бтул 081800
 22686 41598 71703 11065 21094 39936 40038 57004 70281 86570 333 86621=
 22695 42998 31703 11089 21114 39877 40035 57003 83030=
 22996 41598 61803 11057 21087 39882 40071 57005 70282 83930=
 23220 42999 20704 11232 21268 39941 40096 57014 82030=
 23226 42960 02002 11236 21262 39864 40099 57011=
 23305 41969 81804 11130 21170 30005 40034 57013 77071 8807/=
 23320 66/// /1602 11238 21269 30012 40092 57007 60002 333 11117=
 23324 42981 31802 11221 21262 30007 40091 56006 80008=
 23405 42997 71303 11123 21150 39942 40044
 57008 87030=
 23410 66/// /1404 11180 21217 39970 40073 57010 60002 333 11143=
 23411 42999 12104 11139 21163 39962 40056 57012 80001=
 23412 42999 01704 11158 21192 39967 40070 57010=
 23416 NIL=
 23418 42965 01204 11148 21191 30008 40086 57005=
 23501 NIL=
 23503 42998 81903 11131 21158 30011 40064 57006 8807/=
 23507 NIL=
 23509 41997 81702 11104 21128 39987 40068 57009 77171 8802/=
 23514 41697 81703 11140 21154 39873 40080 57008 77171 8557/ 333 85634=
 23518 41996 81603 11120 21143 30002 40098 57005 77172 8807/ 555
 53009=
 23606 41460 61602 11118 21131 39897 40077 57006
 72682 83930=
 23612 NIL=
 23701 41580 71702 11075 21089 39934 40067 57005 70282 87900 333 87927=
 23704 66/// /1802 11064 21074 39926 40039 55004 60002 333 11049=
 23707 81498 71603 11073 21092 39927 40063 57006 70272 85540 333 85619=
 23708 41466 81703 11067 21097 39931 40084 57002 78582 889// 333 88918=
 23709 41597 81401 11077 21095 39899 40098 52001 77172 885// 333 88629=
 23711 41597 81902 11102 21114 39925 40101 58001 78582 8697/ 333 85922=
 23803 41697 81803 11062 21098 39916 40100 57003 77187 8542/ 333 85634=
 23804 81596 81501 11063 21084 39922 40070 58006 78587 8495/=
 23807 41496 71702 11062 21066 39908 40073 57007 78582 86930 333 85914=
 23808 86/// /1202 11066 21079 39918 40090 57003=
 23812 41596 80000 11076 21093 39945 40113 54000 78582 889//=
 23904 42580 81701 11051 21064 39927 40087 57002 885// 333 88625=
 23905 42599 81501 11063 21071 39864 40097 57003 885// 555 51115=
 23909 41498 51703 11068 21078 39857 40109 57001 70287 82505=
 23912 41597 81803 11060 21070 39921 40118 54001 78582 85931 555
 51080=
 23913 41597 81702 11078 21099 39899 40136 52004 78587 889// 555
 51095=
 23914 81997 81702 11070 21079 39856 40121 52001 72287 80005=
 28013 41898 31602 11082 21096 39875 40114 50001 70281 83010 555
 51084=
 28016 42/// /1201 11084 21084 39882 40116 54001 555 51081=
 28029 41596 81603 11049 21060 39899 40123 54000 77187 8452/ 555
 51057=
 28116 41898 61301 11074 21082 39877 40115 57004 77672 81035=
 28128 41896 81402 11046 21061 39967 40123 57001 77172 8802/ 555
 51075=
 28134 41596 81601 11050 21066 39774 40132 54000 77172 8652/ 555
 51064=
 28138 43/// /1502 11071 21086 39563 40146 52001=
 28216 41596 71503 11055 21065 39814 40119 53003 77172 87720 555
 51062=
 28222 42/// /1502 11047 21060 39927 40126 54001 555 51059=
 28224 41631 81502 11044 21057 39906 40123 57001 78682 889//=
 28234 41596 81502 11051 21077 39852 40137 57002 77172 885// 555
 51053=
 28238 41896 81201 11056 21081 39832 40143 57002 77172 8802/ 555
 51049=
 28313 42/// /1802 11057 21067 39927 40124 53006 555 51064=
 28319 41496 80000 11043 21058 39960 40127 52008 77172 8802/=
 28321 41599 61903 11056 21065 39914 40122 52002 72687 83930=
 28324 42/// /1802 11041 21066 30004 40127 52007 555 51053=
 28326 41496 81802 11040 21058 39938 40129 54000 77172 8802/ 555
 51043=
 28413 41599 81702 11032 21052 39999 40123 51008 70287 8655/ 555
 51048=
 28428 41596 82103 11040 21062 39949 40138 52009 77172 8802/ 555
 51050=
 28429 42/// /2203 11048 21059 39721 40142 52011 555 51051=
 22983 41484 81602 11044 21080 39947 40054 57014 70282 8693/ 333 91004
 91104=
 27083 42584 81702 11046 21075 39837 40062 57010 885// 333 91002
 91104=
 27097 42598 71303 11053 21073 39812 40079 57008 86530 333 91004
 91105=
 27185 42/// /1302 11056 21079 39885 40073 57012 333 91004 91104=
 27199 42998 01701 11081 21089 39892 40096 57001 333 91002 91103=
 27281 42984 81504 11054 21077 39859 40070 57012 85075 333 91006
 91106=
 27283 42997 71603 11066 21079 39923 40085 58008 84031 333 91005
 91105=
 27295 42997 51301 11085 21098 39836 40096 57006 85070 333 91002
 91102=
 27296 41997 21601 11104 21121 39872 40099 57002 70271 82030 333 91001
 91102=
 27385 429// 81301 11078 21092 39952 40084 57011 80007 333 91002
 91102=
 27393 41998 51704 11113 21129 39933 40111 54000 70272 80006 333 91005
 91105=
 27480 42998 81303 11062 21096 39949 40081 57016 83031 333 91004
 91105=
 28007 42599 71501 11052 21085 39827 40094 57004 87500 333 87628 91002
 91104=
 28009 42598 61201 11065 21083 39892 40107 57002 86500 333 91002
 91102=
 28105 42598 61501 11058 21071 39893 40097 57004 86500 333 91002
 91103=
 28202 41697 81802 11061 21074 39874 40101 58002 70272 885// 333 91002
 91103=
 28302 41597 81601 11055 21069 39874 40108 53005 70272 8397/ 333 91002
 91103=
 28307 41498 81502 11063 21094 39959 40107 50001 70272 8753/ 333 91003
 91103=
 28402 41984 82102 11046 21081 39928 40111 52004 70272 8807/ 333 91003
 91105=
 28502 42997 80000 11091 21109 30009 40117 51006 80001 333 91000
 91104=
 22550 82970 80901 11107 21131 39952 49963 57025 83032=
 22778 42998 21304 11070 21090 39945 40015 57017 82030=
 22889 42498 81202 11048 21073 39967 40055 58010 885// 333 88619=
 22762 42498 41303 11058 21083 39942 49981 57022 82510=
 22638 46/// /1002 11087 21102 39691 49921 57038=
 22671 42698 81502 11076 21091 39913 49994 58017 885// 333 88640=
 22456 41997 70000 11161 21175 39883 49975 57013 70281 85042=
 22583 42598 71601 11095 21107 39933 40016 57011 87500=
 22749 41494 81503 11059 21081 39808 49934 57034 78682 889// 333
 88914=
 22951 42598 82005 11059 21082 39663 49947 57035 882// 333 91112=
 22887 42597 71503 11085 21092 39969 40042 57016 82531=
 22876 42997 01102 11114 21118 39955 40031 57016=
 22481 41598 71705 11069 21090 39934 49988 57014 73683 83570=
 22854 41497 81404 11065 21090 39656 49948 57032 77172 8372/ 333 91111=
 22781 NIL=
 22676 41598 31502 11076 21097 39932 40011 57011 70281 81570=
 22648 42/// /1203 11060 21084 39897 49943 57033=
 22559 41698 61201 11070 21086 39952 49969 57025 70282 83930=
 22869 42998 71404 11064 21083 39852 40003 57026 80035=
 22768 42897 71503 11060 21087 39932 49983 57025 85078=
 22798 41497 60901 11081 21094 39942 40058 58007 70282 83930=
 22375 46/// /1905 11075 39953 49968 57015=
 23207 NIL=
 23215 41998 61706 11180 21221 39955 40050 57010 73632 80001 333
 91112=
 23219 NIL=
 27095 66/// /1202 11045 21064 39856 40089 57008 60002 333 11023=
 22408 12984 23402 11233 21257 39793 49955 57013 60002 82030 333  
 11138=
 22511 12984 30000 11206 21231 39819 49949 57014 60002 82011 333  
 11092 93501=
 22529 12598 80000 11107 21120 39932 49939 57025 60002 885// 333  
 11072 88627=
 22602 12975 30301 11137 21164 39700 49934 57010 60002 8303/ 333  
 11086=
 22621 11496 80301 11103 21118 39784 49927 57027 69962 785// 889//
 333   11095 85916=
 22619 11397 80502 11099 21114 39745 49908 57026 60012 72272 886//
 333   11098 88706=
 22721 11396 81101 11080 21093 39802 49902 57030 60022 77172 8872/
 333   11078 86707=
 22727 12450 81003 11053 21065 39834 49882 57027 60022 77300 8872/
 333   11053 88613 91110=
 22717 11295 80502 11076 21090 39675 49871 57020 60042 77100 8872/
 333   11076 86704=
 22802 11496 80606 11055 21069 39818 49841 57017 60052 78583 889//
 333   11054 88914 91010 91110=
 22820 11497 81103 11054 21068 39738 49875 57024 60022 70273 885//
 333   11054 88614 91112 92980=
 22831 11595 81102 11055 21069 39841 49897 57030 60022 78587 889//
 333   11046 88920=
 22805 119// 81509 11011 21013 39813 49833 57012 60062 77173 8102/
 333   11011 91011 91115=
 22912 11556 81303 11037 21051 39841 49856 57015 60022 77173 8802/
 333   11034 88525=
 
