06:31:00 MSK 24.10.2023
020 123456/=о000=0331
 уйту01 бтул 240300
 22686 11497 83203 11019 21033 39948 40048 52007 69902 77072 8652/ 333 21023 47002 55034 85614 555 53007 7990/=
 22695 11597 83003 11026 21042 39875 40028 52010 69902 77172 8652/ 333
 21032 46001 555 53009 7990/=
 22996 12598 73502 11017 21027 39850 40036 52005 60002 82570 333 21017 55010 555 53003 7000/ 91208=
 23220 11296 82503 11067 21074 39774 49916 52002 60012 77172 8872/ 333 21067 47015 55005 86705 555 53007 7002/=
 23226 11557 82404 11066 21074 39696 49912 58001 60012 77172 8655/ 333 
 21070 47014 86621 555 53007 7002/=
 23305 12984 42905 11035 21038 39968 49996 58001 69902 84030 333 21054
 47006 555 53008 7004/=
 23320 76/// /2602 11058 21058 39876 49950 52004 333 21086 60002 555 53004 7000/=
 23324 12272 82602 11049 21056 39860 49937 54000 60002 886// 333 21069
 48017 55013 88704 555 53004 7001/=
 23405 11296 82802 11046 21045 39910 40011 52004
 69942 71022 85600 333 21046 47001 55000 85705
 555 53009 7998/=
 23410 76/// /2402 11050 21061 39861 49958 57002 333 21089 60002 555 7000/=
 23411 12499 82904 11045 21048 39886 49975 58001 60002 8672/ 333 21052
 47006 555 53008 7997/=
 23412 11198 82702 11045 21051 39864 49961 58003 69922 77172 8672/ 333 21061 47009 55000 86703 555 53007 7003/=
 23416 NIL=
 23418 12365 83004 11040 21048 39900 49974 52005 60022 886//
 333 21047 47007 55002 88708 555 53007 7002/=
 23501 NIL=
 23503 12398 83104 11032 21046 39949 40000 52005 60012 887// 333 21032 47003 85707 555 53010 7001/ 91210=
 23507 66/// /3503 11037 21040 39710 40022 52011 60002 333 21039 555 53008 7000/=
 23509 12998 33202 11028 21058 39928 40006 53025 60002 83030 333 21033
 47002 555 53005 7990/=
 23514 12397 63102 11043 21049 39795 49992 52009 69992 85930 333 21044 47009 55002 84708 555 53008 7003/=
 23518 12697 83202 11041 21052 39884 49976 53015 60012 8677/ 333 21041
 47010 55000 84642 555 53007 7002/ 91208=
 23606 11460 82801 11030 21037 39828 40000 52003 69992 70282 885// 333 21035 47003 55024 88611 555 53007 7999/=
 23612 11484 83204 11028 21046 39846 49981 52013 69942 72272 885// 333 21029 47001 88612 555 53009 7001/=
 23701 11480 73201 11020 21033 39901 40031 52007 69902 72682 87900 333
 21023 47003 87919 555 53006 7001/=
 23704 76/// /3001 11021 21021 39436 49548 57003 333 21022 60002 555 51011 7000/=
 23707 61497 82902 11021 21029 39899 40031 52006 69902 78082 889// 333
 21023 47997 55000 85913 934// 555 53006 7991/=
 23708 12584 82902 11029 21045 39873 40023 52003 60002 885// 333 21031
 47003 88620 555 53005 7002/ 91209=
 23709 62498 82703 11026 21052 39819 40012 54001 60002 883// 333 21028
 47003 86710 555 53006 7994/=
 23711 11597 72802 11026 21041 39821 49990 53001 69902 78582 87900 333 21027 47002 55022 87931 555 53007 7993/=
 23803 12699 83301 11030 21072 39839 40019 54000 69952 885// 333 21035
 47003 55000 555 53006 7002/=
 23804 12497 83002 11018 21035 39884 40030 52003 69922 8655/ 333 21019 47997 55000 86614 555 53006 7996/=
 23807 12597 73202 11016 21038 39876 40038 52004 60002 86530 333 21018
 46997 55000 86626 555 53006 7000/=
 23808 66/// /3003 11021 21041 39864 40032 52002 60002 333 21021 555 7000/=
 23812 12597 72602 11030 21040 39838 40001 57003 69942 87900 333 21038
 47009 555 53006 7999/=
 23904 12681 83301 11017 21034 39877 40034 52003 60002 885// 333 21017
 88634 555 53003 7000/=
 23905 12599 83201 11022 21039 39799 40027 52003 60002 885// 333 21022
 34102 555 53003 7990/=
 23909 11498 82901 11024 21041 39775 40020 57001 69902 70272 8651/ 333
 21024 34102 55005=
 23912 11598 80000 11025 21033 39817 40010 57003 69952 72687 8695/ 333
 21025 3/103 47004 555 53005 7001/=
 23913 11599 80000 11021 21046 39776 40005 57007 60022 72687 889// 333
 21022 3/103 47006 55000 555 53005 7004/=
 23914 61498 82802 11029 21038 39753 40010 57004 69912 72682 889// 333
 21029 3/103 47002 55000=
 28013 12598 82901 11023 21051 39784 40016 57002 60002 889// 333 21025
 31102 555 53006 7990/=
 28016 12599 82901 11035 21040 39794 40020 57002 69902 885// 333 21058
 34103 555 53002 7990/=
 28029 12599 83101 11024 21043 39789 40009 57007 60002 885// 333 21026
 31102 55015 555 53005 7993/=
 28116 12499 80201 11060 21067 39784 40018 57003 60002 885// 333 21068
 34102 55000=
 28128 12599 80302 11021 21041 39854 40008 57009 69902 81501 333 21035
 34103 55005 555 53006 7990/=
 28134 12998 50000 11051 21057 39656 40010 57011 60002 80001 333 21051
 3/106 42004 555 53003 7001/=
 28138 12599 83601 11047 21053 39438 40008 57016 60002 885// 333 21052
 3/109 47004 55000=
 28216 11899 80102 11021 21031 39702 49999 57010 60022 72272 8802/ 333
 21021 3/102 42001 555 53006 7002/=
 28222 12898 80501 11023 21038 39808 40003 57011 60002 8807/ 333 21031
 34102 555 53006 7990/=
 28224 11418 80401 11012 21018 39783 49995 57014 60042 77572 8802/ 333
 21013 3/101 47004 55000=
 28234 11596 80501 11018 21031 39721 49998 57018 60042 77372 885// 333
 21028 3/102 47003 555 53005 7004/=
 28238 11597 80501 11023 21033 39697 40000 57021 60032 77172 8802/ 333
 21050 3/104 41004 55010 555 53004 7004/=
 28313 11594 80201 11009 21018 39802 49993 57011 60062 77572 8802/ 333
 21009 3/100 47006 555 53006 7006/=
 28319 11496 80000 11001 21004 39824 49985 57014 60072 77177 8802/ 333
 21004 3/100 43005=
 28321 11596 80402 11009 21013 39790 49992 57011 60052 77172 8802/ 333
 21009 3/101 43003=
 28324 11696 80000 11000 21011 39867 49986 56014 60062 78582 884// 333
 21004 3/100 43008 93707 555 53006 7006/=
 28326 11596 80000 11007 21011 39802 49987 57019 60072 77372 8802/ 333
 21007 3/101 47007 55000 555 53007 7007/=
 28413 11497 80000 10003 21006 39857 49978 57014 60072 77172 8872/ 333
 21002 3/000 43004 555 53004 7008/=
 28428 11596 81301 10002 21011 39796 49979 57022 60072 77372 8802/ 333
 21008 3/101 43007 555 53007 7008/=
 28429 11597 82001 10001 21004 39579 49986 57022 60082 77172 8802/ 333
 21013 3/100 43004 555 53008 7008/=
 22983 12584 80000 11013 21053 39949 40054 52008 60002 8653/ 333 21013
 55002 91002 91105 555 53005 7000/=
 27083 12584 83302 11023 21041 39819 40043 52006 60002 885// 333 21040
 91003 91104 555 53004 7000/=
 27097 12598 83402 11029 21033 39777 40040 52007 60002 885// 333 21062
 91004 91104 555 53004 7990/=
 27185 12998 80102 11032 21042 39854 40039 52008 60002 83044 333 21040
 34103 91004 91104 555 53004 7000/=
 27199 12998 60102 11034 21049 39830 40029 52005 60002 83031 333 21034
 34105 55000 91003 91105 555 53005 7000/=
 27281 13/// /0103 11026 21045 39827 40035 52010 333 21030 91005 91107
 555 53007=
 27283 12997 60103 11036 21047 39872 40030 52008 60002 86030 333 21037
 91005 91106 555 53006 7000/=
 27295 12997 83603 11023 21045 39764 40017 52006 69942 8805/ 333 21023
 34102 91006 91107 555 53007 7994/=
 27296 12697 80203 11023 21046 39796 40015 52003 69922 885// 333 21023
 34102 55000 91006 91106 555 53006 7992/=
 27385 114// 80102 11012 21016 39880 40008 52008 60192 77172 8577/ 333
 21012 47019 91005 91107 555 53007 7023/=
 27393 11496 80402 11011 21018 39835 40005 53002 60072 78582 889// 333
 21011 46008 55000 91004 91106 555 53006 7007/=
 27480 11495 80101 11006 21006 39875 40003 52008 60112 77372 8802/ 333
 21006 43007 91005 91105 555 53005 7019/=
 28007 12999 23402 11038 21054 39769 40033 52003 60002 80001 333 21054
 55000 91003 91104 555 53004 7000/=
 28009 12598 80000 11045 21059 39819 40032 54000 60002 885// 333 21072
 91000 91101 555 53002 7990/=
 28105 12998 50000 11058 21065 39831 40027 52002 60002 85020 333 21059
 91000 91103 555 53003 7000/=
 28202 12997 80403 11028 21053 39789 40012 57001 60002 83034 333 21030
 91005 91105 555 53005 7000/=
 28302 11598 80102 11013 21022 39770 49998 57002 60062 72272 8802/ 333
 21013 44006 91004 91105 555 53005 7006/=
 28307 11494 83302 11007 21015 39848 49992 55001 60192 77572 8802/ 333
 21007 43019 91004 91105 555 53005 7022/=
 28402 11436 80102 11008 21010 39806 49984 57004 60142 77372 886// 333
 21008 43011 91003 91104 555 53004 7017/=
 28502 11496 80202 10010 20001 39867 49969 56009 60092 75875 8662/ 333
 20003 43001 55000 91004 91104 555 53005 7015/=
 22550 12971 23301 11016 21017 30089 40099 52005 60002 80001 333 21030
 43001 55018 555 53004 7990/=
 22778 12998 13102 11029 21044 30005 40075 52011 60002 81070 333 21029
 55001 555 53005 7990/=
 22889 12498 82803 11015 21030 39966 40053 52006 60002 885// 333 21015
 88617 555 53005 7000/=
 22762 12597 72902 11019 21024 30054 40094 52008 60002 87500 333 21037
 555 53006 7000/ 91206=
 22638 46/// /3301 11037 21045 39913 40143 54010=
 22671 12398 80101 11019 21025 39995 40074 52011 60002 886// 333 21042
 47011 55053 88709 555 53005 7994/=
 22456 12997 22901 11015 21015 30001 40089 52009 69942 82040 333 21026
 47003 555 53006 7997/=
 22583 11598 43002 11033 21045 39969 40051 52016 69932 70288 84500 333
 21033 43006 55008 555 53008 7993/=
 22749 NIL=
 22951 12498 83101 11029 21040 39825 40111 52011 60002 886// 333 21032
 47997 555 53005 7992/=
 22887 11597 83103 11008 21017 39985 40055 52005 69902 78582 
 8695/ 333 21010 55000 86929 555 53006 7990/=
 22876 12597 73202 11006 21032 39996 40069 52011 60002 87500 333 21022
 46001 87627 555 51005 53006 7000/ 91206=
 22481 12998 02903 11045 21050 30001 40055 51005 69952 333 21045 47028
 555 53009 7003/=
 22854 12399 80102 11028 21035 39823 40116 52012 60002 886// 333 21039
 47997 55000 88708 555 53006 7992/=
 22781 NIL=
 22676 NIL=
 22648 NIL=
 22559 12998 03203 11020 21029 30082 40099 52006 60002 333 21031 55036
 555 53006 7000/ 91206=
 22869 12498 83502 11016 21035 39942 40092 52013 60002 885// 333 21031
 88619 555 53005 7992/ 91205=
 22768 12897 13101 11027 21038 30039 40089 52013 60002 81030 333 21027
 55012 555 53006 7000/=
 22798 11597 80000 11017 21023 39927 40040 52005 69902 72622 889// 333
 21020 555 53003 7990/=
 22375 46/// /3203 11013 21023 30043 40058 54000=
 23207 11496 73002 11045 21054 39971 49994 57006 69932 78581 87900 333
 21072 47019 55000 555 53006 7999/=
 23215 NIL=
 23219 NIL=
 27095 76/// /3401 11030 21030 39819 40049 52006 333 21075 60002 555 53003 7000/=
 22408 22984 03402 11086 21094 30029 40185 52006 333   21107 55048
 60002 93501 555   7000/=
 22511 22984 00000 11078 21086 30053 40179 52008 333   21079 60002
 93500 555   7990/=
 22529 22598 22803 11027 21034 30136 40143 52008 82500 333   21028
 69902 555   7990/=
 22602 22973 02801 11108 21118 39951 40189 52011 333   21111 55014
 60002 93501 555   7990/=
 22621 73670 /3003 11067 21074 30018 40163 52008 333   21071 55007
 60002 555   7991/=
 22619 22598 63004 11043 21051 39998 40161 52010 86500 333   21059
 55000 60002 86632 555   7994/=
 22721 22697 82902 11043 21055 30055 40156 52011 885// 333   21059
 60002 88638 555   7990/=
 22727 76670 /3401 11014 21027 30104 40153 52010 333   21041 60002
 555   7000/=
 22717 73/70 /2901 11071 21130 39963 40168 52010 333   21071 69912
 555   7991/=
 22802 22698 73301 11017 21034 30142 40166 52013 86530 333   21029
 55021 60002 86640 555   7000/=
 22820 21596 82902 11029 21038 30014 40153 52011 77172 8752/ 333  
 21038 55000 69902 555   7992/=
 22831 22697 63101 11025 21041 30080 40136 52011 85530 333   21032
 55000 60002 85636 555   7990/=
 22805 225// 60301 10002 21024 30135 40161 52012 85531 333   21022
 55000 69902 555   7000/=
 22912 22584 50302 11019 21035 30134 40149 52016 82530 333   21021
 60002 555   7000/=
 
