09:31:00 MSK 11.09.2023
020 123456/=о000=0631
 унту01 бтул 110600
 22686 81397 82102 10099 20089 30103 40200 53001 75052 886// 333 86709=
 22695 41496 82602 10092 20076 30039 40188 54000 71052 887//=
 22996 81497 80202 10097 20097 30014 40195 54001 75055 886//=
 23220 42599 52104 10143 20097 30022 40157 57005 82131=
 23226 42660 62106 10134 20086 39947 40153 58004 83530=
 23305 41499 82104 10102 20100 30143 40170 52002 70252 886//=
 23320 66/// /2303 10088 20080 30107 40178 50003 60002 333 20044=
 23324 41238 82103 10087 20084 30096 40171 53001 72841 886// 333 88704=
 23405 41/02 91801 10088 20086 30085 40182 57001
 74542=
 23410 66/// /1803 10096 20090 30079 40173 54001 60002 333 20071=
 23411 41/93 92204 10079 20079 30087 40175 57002 74542=
 23412 42299 82203 10103 20096 30081 40175 54000 886// 333 86705=
 23416 NIL=
 23418 41365 81602 10091 20081 30114 40186 58003 70242 886//
 333 88707=
 23501 NIL=
 23503 41298 82002 10091 20083 30139 40188 54000 71022 886// 333 88704=
 23507 86/// /2201 10097 20087 39887 40189 57003 333 20071=
 23509 41398 82301 10093 20078 30115 40191 57003 70252 886// 333 88707=
 23514 41296 82301 10086 20086 39998 40190 54000 75154 886// 333 20079 88705=
 23518 41/93 92101 10071 20068 30106 40196 52001 74542 555 53003=
 23606 41150 82701 10081 20081 30032 40195 54000 71042 886// 333 88702=
 23701 41699 72201 10103 20084 30078 40204 56001 70286 83860 333 20080=
 23704 66/// /2701 10089 20089 39720 49831 53008 60002 333 20083=
 23707 81498 82402 10095 20081 30071 40200 57001 72052 886// 333 88710=
 23708 41358 83301 10086 20073 30058 40204 54001 72052 886// 333 88706=
 23709 81/93 90401 10085 20077 30013 40202 54000 74354 333 20077=
 23711 41/93 91901 10091 20088 30029 40195 54000 74542=
 23803 41492 83201 10094 20090 30023 40198 54000 74454 886//=
 23804 41296 80000 10097 20090 30057 40199 58002 75152 886// 333 88705=
 23807 81396 80202 10095 20095 30044 40202 54000 71022 886// 333 88707=
 23808 86/// /3202 10099 20093 30037 40201 54001=
 23812 41396 83601 10079 20074 30035 40194 52002 71041 8661/=
 23904 42369 80301 10105 20099 30044 40196 52001 886// 333 88707=
 23905 81496 83602 10098 20097 39971 40192 52001 71022 886//=
 23909 81298 83502 10110 20098 39951 40188 52003 70242 886//=
 23912 82899 11102 10170 20104 39997 40179 50000 81030=
 23913 81999 21302 10139 20082 39965 40185 58003 70141 82040=
 23914 82499 20502 10148 20098 39933 40179 52002 81530=
 28013 81598 50202 10114 20104 39957 40180 50002 70241 85900=
 28016 81599 53603 10129 20106 39962 40178 50001 70242 84501=
 28029 82899 60802 10155 20078 39958 40167 52004 82071=
 28116 82999 60302 10127 20086 39945 40166 52001 80009=
 28128 82599 80402 10132 20083 30016 40163 52002 82531=
 28134 82598 61102 10140 20080 39824 40159 52002 82571=
 28138 41596 80603 10089 20081 39618 40169 52009 75152 886//=
 28216 82699 70602 10117 20076 39866 40153 52004 86505=
 28222 82598 80902 10138 20083 39971 40157 52004 8785/=
 28224 82670 71104 10143 20077 39942 40146 52003 87500=
 28234 81599 30802 10132 20084 39889 40156 50006 70161 83100=
 28238 81599 60705 10124 20069 39864 40155 52007 70262 86200=
 28313 81598 70402 10122 20084 39962 40146 52005 72022 87500=
 28319 82598 60503 10131 20079 39977 40134 53007 85930=
 28321 82599 70303 10126 20085 39947 40142 50003 85970=
 28324 82599 80904 10142 20054 30019 40134 52005 86969=
 28326 82598 60904 10134 20079 39962 40141 52009 86500=
 28413 82599 70402 10141 20069 30009 40126 52008 86370=
 28428 82599 70803 10123 20062 39947 40124 52012 87900 333 91110=
 28429 82598 80903 10107 20071 39732 40129 52011 889//=
 22983 41498 80301 10099 20085 30101 40204 54000 70282 889// 333 91003
 91103=
 27083 42599 83602 10100 20084 39977 40194 52001 886// 333 91004
 91104=
 27097 42498 83302 10097 20090 39937 40192 54000 886// 333 20091 91004
 91105=
 27185 42698 83503 10108 20088 30010 40189 54000 885// 333 91004
 91106=
 27199 42398 83502 10107 20096 39989 40181 52001 886// 333 20102 91004
 91106=
 27281 41340 83504 10091 20090 39987 40189 52002 71042 886// 333 91006
 91107=
 27283 41558 80103 10104 20094 30031 40182 53002 71022 885// 333 91006
 91106=
 27295 42598 83402 10106 20093 39931 40175 52002 885// 333 91004
 91107=
 27296 42570 83603 10111 20088 39961 40171 52002 885// 333 91006
 91107=
 27385 414// 80103 10113 20102 30045 40169 52003 71082 886// 333 91006
 91106=
 27393 42598 70203 10133 20089 39998 40162 58001 86941 333 91006
 91107=
 27480 42498 83502 10114 20105 30044 40169 52003 88600 333 91005
 91106=
 28007 41320 80203 10100 20087 39932 40186 54000 71022 886// 333 91006
 91106=
 28009 42498 80401 10113 20086 39983 40187 52003 886// 333 91004
 91104=
 28105 42598 80202 10105 20092 39993 40180 52003 885// 333 91006
 91106=
 28202 42581 80302 10133 20085 39949 40161 58002 81909 333 91006
 91106=
 28302 42998 80203 10124 20081 39936 40156 52004 80001 333 91006
 91107=
 28307 42998 83304 10137 20085 30010 40148 54000 82031 333 91008
 91108=
 28402 42698 70404 10143 20084 39967 40138 52001 81179 333 91007
 91108=
 28502 42598 60204 10132 20073 30026 40126 52002 86500 333 91006
 91108=
 22550 82697 81201 10127 20115 30160 40170 52007 885// 333 88637=
 22778 42598 81702 10100 20080 30134 40202 52002 8657/=
 22889 42497 80301 10095 20087 30122 40207 54000 885// 333 88614=
 22762 81292 81401 10092 20091 30157 40196 57002 74541 886//=
 22638 46/// /1901 10137 20123 39955 40172 52007=
 22671 41/93 91802 10098 20098 30111 40191 52007 74354=
 22456 42/// /2001 10121 20119 30074 40158 50004=
 22583 42498 82401 10106 20092 30107 40186 53002 886//=
 22749 42598 21701 10129 20109 30065 40185 52005 82500=
 22951 41/93 92001 10077 20075 39930 40207 53005 74542=
 22887 42399 80000 10102 20094 30133 40202 53001 885// 333 86707=
 22876 41496 82202 10097 20096 30134 40205 54001 75152 886// 333
 88712=
 22481 42/// /2005 10110 20098 30182 40236 54000=
 22854 41/92 91901 10082 20082 39916 40199 53007 74741=
 22781 NIL=
 22676 42498 82002 10118 20098 30113 40188 53002 885//=
 22648 42698 81402 10131 20130 30135 40180 52006 885// 333 88642=
 22559 82598 81902 10119 20105 30161 40177 52007 8253/=
 22869 42497 82201 10108 20085 30063 40208 54001 886// 333 86712=
 22768 41/93 91902 10087 20085 30147 40196 52007 74542 333 20076=
 22798 41396 70000 10102 20094 30093 40202 50001 71052 87900=
 22375 46/// /2402 10131 20118 30133 40147 54010=
 23207 42499 82303 10123 20110 30128 40150 52009 886//=
 23215 41396 82206 10102 20102 30064 40151 52003 71011 886//=
 23219 NIL=
 27095 66/// /3602 10095 20095 39981 40204 54000 60002 333 20089=
 22408 11581 82901 10156 20144 30006 40148 52007 60002 70242 885//
 333   20121 31011 88622=
 22511 12680 71801 10161 20140 30034 40149 52006 60002 84530 333  
 20130 30011=
 22529 12599 82001 10142 20131 30150 40156 52004 60002 885// 333  
 20100 31007 88629=
 22602 11/06 92201 10148 20143 39937 40152 52005 60002 74742 333  
 20122 30011=
 22621 12598 71802 10139 20129 30026 40160 52003 60002 83550 333  
 20115 30///=
 22619 11296 81302 10138 20129 30004 40156 52001 60002 71011 886//
 333   20118 31010 88705=
 22721 12498 80000 10144 20127 30072 40166 52003 60002 887// 333  
 20117 31011 85710=
 22727 12670 82201 10152 20126 30126 40172 52005 60002 884// 333  
 20123 31/// 88635=
 22717 12498 71301 10133 20128 39977 40167 52003 60002 86530 333  
 20104 31/// 86618=
 22802 11903 00000 10150 20150 30139 40161 52001 60002 74640 333  
 20110 31012=
 22820 12670 70000 10155 20121 30040 40170 52005 60002 86530 333  
 20126 31010 86648=
 22831 12698 61301 10137 20103 30129 40182 52003 60002 84530 333  
 20045 30005 84647=
 22805 11495 81303 10158 20157 30141 40165 52002 60002 71022 886//
 333   20157 31013=
 22912 12599 21502 10149 20118 30156 40171 52003 60002 81530 333  
 20095 31009=
 
