06:31:00 MSK 04.09.2023
020 123456/=о000=0331
 уйту01 бтул 040300
 22686 61597 81201 10132 20130 30099 40194 57006 69902 78022 82971 333
 20114 31011 55113 555 53002 7990/=
 22695 12598 60501 10138 20123 30036 40183 57006 60002 83930 333 20130
 30012 555 53004 7990/=
 22996 61598 60000 10099 20099 30022 40203 57003 60002 71222 82589 333
 20090 31009 55112 555 53001 7000/=
 23220 12999 30802 10082 20060 30109 40248 58002 60002 80001 333 20041
 31005 55100 555 53005 7000/=
 23226 12960 01902 10064 20046 30036 40248 54000 60002 333 20048 30003 
 555 53005 7000/=
 23305 12699 31102 10140 20133 30176 40203 58006 60002 82530 333 20129
 30012 555 53005 7000/=
 23320 76/// /2301 10057 20049 30165 40237 52004 333 20001 60002 555 53004 7000/=
 23324 12982 10902 10092 20071 30161 40236 57002 60002 80001 333 20015
 55103 555 53004 7000/=
 23405 12965 71104 10140 20131 30104 40199 58007 60002 
 85039 333 20139 30014 55103 555 53006 7000/=
 23410 76/// /1202 10103 20087 30133 40227 54000 333 20080 60002 555 7000/=
 23411 12999 31602 10128 20106 30129 40214 57003 60002 8307/ 333
 20118 30011 555 53004 7000/ 91204=
 23412 12699 31603 10101 20091 30131 40226 58001 60002 82530 333 20089 31007 55102 555 53006 7000/=
 23416 NIL=
 23418 12965 21502 10120 20088 30156 40190 52001 60002
 82030 333 20102 31006 55016 555 53005 7000/=
 23501 NIL=
 23503 12698 61401 10128 20104 30158 40206 54001 60002 82502 333 20105 31011 555 53004 7000/ 91204=
 23507 66/// /0000 10120 20120 39898 40197 57006 60002 333 20111 555 53003 7000/=
 23509 12598 81401 10135 20114 30130 40205 58003 60002 8652/ 333 20128
 31017 86620 555 53003 7000/=
 23514 12597 71502 10116 20097 30026 40216 52001 60002 83580 333 20108 30009 55028 555 53004 7000/=
 23518 12698 81503 10122 20089 30144 40233 54000 60002 8457/ 333 20122
 31011 55000 555 53005 7000/ 91205=
 23606 12462 81303 10124 20119 30046 40206 54000 69912 889// 333 20119 31013 55043 86911 555 53006 7002/=
 23612 12998 61402 10124 20097 30101 40231 52002 60002 86030 333 20118 31012 555 53005 7000/=
 23701 12475 70000 10124 20120 30076 40200 57006 60002 85970 333 20110
 30012 85914 555 53003 7990/=
 23704 76/// /0000 10124 20124 39790 49900 52005 333 20119 60002 555 50158 7000/=
 23707 62998 80000 10137 20135 30067 40194 57006 60002 8805/ 333 20134 30014 55089 555 53002 7000/=
 23708 11565 81401 10129 20107 30061 40205 57003 69952 78082 8495/ 333
 20129 555 53003 7995/=
 23709 62598 80901 10117 20100 30030 40217 55002 60022 885// 333 20113 31012 88623 555 53004 7002/ 91204=
 23711 12598 81301 10116 20092 30060 40225 56000 60002 8494/ 333 20112 31011 555 53004 7000/=
 23803 11599 81002 10117 20111 30038 40212 58006 60052 72582 889// 333
 20114 31010 55033 555 53006 7005/=
 23804 62997 82501 10139 20135 30057 40196 57004 60002 87071 333 20134 30013 55088 555 53002 7000/=
 23807 11596 72202 10093 20093 30045 40203 57005 60002 71011 82531 333
 20093 31010 55129 555 53002 7000/=
 23808 66/// /0901 10124 20116 30046 40208 54001 60002 333 20104 555 7000/=
 23812 12597 70000 10082 20076 30069 40229 54000 60002 84570 333 20053
 30005 555 53001 7000/=
 23904 11959 62401 10085 20085 30055 40208 57003 60002 71022 86040 333
 20069 30008 555 53002 7000/=
 23905 61598 80901 10114 20110 39990 40210 57001 60022 78182 889// 333
 20114 31012 555 53003 7002/=
 23909 11597 81002 10111 20099 39973 40211 54000 69902 78082 8735/ 333
 20107 31012 55082=
 23912 62898 61102 10100 20092 30035 40223 52002 60002 84031 333 20059
 30006 555 53003 7000/=
 23913 62999 60000 10110 20083 30006 40229 52002 60002 86030 333 20062
 31007 55038 555 53006 7000/=
 23914 62498 60501 10082 20070 39972 40224 52005 60002 85540 333 20082
 30008 55062=
 28013 61598 70802 10096 20083 39985 40210 54000 60002 71222 85530 333
 20091 30009 555 53003 7000/=
 28016 62599 70000 10117 20112 39988 40205 57002 60002 87500 333 20106
 30012 555 53003 7000/=
 28029 62599 71001 10127 20093 30000 40212 52002 60002 85531 333 20110
 31011 55070 555 53004 7000/=
 28116 61599 40401 10114 20104 39979 40202 54000 60002 70181 82465 333
 20095 31010 55108=
 28128 62599 81301 10124 20094 30060 40208 52001 60002 81509 333 20119
 30011 55072 555 53005 7000/=
 28134 62698 80000 10113 20089 39875 40215 52002 60002 885// 333 20097
 31010 555 53005 7000/=
 28138 12899 70103 10091 20077 39668 40221 52005 60002 87030 333 20080
 31007 55051=
 28216 62899 72601 10117 20103 39912 40200 57002 60002 80030 333 20113
 30011 555 53002 7000/=
 28222 62598 81401 10124 20087 30020 40208 54001 60002 84551 333 20121
 31011 555 53004 7000/=
 28224 62570 81402 10120 20092 30000 40206 57001 60002 8251/ 333 20116
 31011 55078=
 28234 61497 81001 10109 20083 39944 40214 52002 60002 78082 8293/ 333
 20106 31013 555 53005 7000/=
 28238 62599 80704 10106 20080 39924 40219 52007 60002 885// 333 20099
 31010 55044 555 53005 7000/=
 28313 12698 60000 10094 20086 30019 40206 54000 60002 86500 333 20082
 31008 555 53002 7000/=
 28319 62598 60000 10118 20115 30050 40208 54000 60002 84530 333 20076
 31009=
 28321 62599 71902 10124 20112 30004 40200 57002 60002 83520 333 20116
 31012=
 28324 62698 61301 10104 20090 30087 40205 54001 60002 83489 333 20081
 31009 555 53002 7000/=
 28326 62598 60000 10110 20102 30027 40209 52001 60002 86500 333 20095
 31011 55060 555 53004 7000/=
 28413 62598 70000 10113 20099 30090 40208 54001 60002 86530 333 20089
 31009 555 53003 7000/=
 28428 62598 80000 10079 20064 30028 40210 54001 60002 885// 333 20050
 30005 555 53002 7000/=
 28429 62598 83501 10095 20088 39810 40211 52003 60002 889// 333 20080
 30008 555 53002 7000/=
 22983 12598 60000 10073 20073 30104 40208 57003 60002 83535 333 20054
 30007 55116 91001 91101 555 52003 53001 7000/=
 27083 12599 51601 10104 20098 39988 40204 57002 60002 85500 333 20093
 30010 91002 91102 555 52006 53002 7000/=
 27097 12598 80000 10115 20114 39955 40209 57003 60002 8453/ 333 20095
 30011 91000 91101 555 52006 53001 7000/=
 27185 12698 60000 10101 20100 30032 40211 57002 60002 85540 333 20098
 30011 91000 91102 555 52009 53002 7000/=
 27199 12998 60000 10135 20118 30019 40209 57002 60002 86070 333 20100
 30011 55093 91001 91101 555 52008 53001 7000/=
 27281 12582 70101 10103 20089 30008 40209 57003 60002 86535 333 20079
 30008 91001 91102 555 52007 53002 7000/=
 27283 12566 60000 10120 20115 30058 40209 58003 60002 86500 333 20075
 30010 91001 91101 555 52006 53001 7000/=
 27295 12998 60501 10123 20098 39968 40212 57003 60002 86080 333 20095
 30008 91001 91102 555 52006 53002 7000/=
 27296 12978 60901 10096 20084 30000 40212 57002 60002 86030 333 20081
 30009 55111 91001 91102 555 52004 53002 7000/=
 27385 129// 60000 10109 20097 30083 40209 57004 60002 86030 333 20080
 30008 91000 91101 555 52005 53004 7000/=
 27393 12598 30000 10111 20095 30049 40215 58002 60002 82540 333 20087
 30008 55065 91001 91103 555 52007 53003 7000/=
 27480 11598 60000 10118 20116 30083 40208 57004 60002 71122 81509 333
 20100 30011 91000 91101 555 52009 53002 7000/=
 28007 11999 80000 10131 20110 39954 40206 57004 69952 72582 885// 333
 20108 30011 55106 88626 91000 91103 555 52009 53004 7995/=
 28009 12598 73501 10124 20103 30005 40208 57002 60002 87500 333 20112
 30012 91002 91102 555 52009 53003 7000/=
 28105 12998 62501 10077 20072 30021 40211 57002 60002 84039 333 20061
 30008 91001 91101 555 52005 53002 7000/=
 28202 11930 52101 10075 20066 39991 40209 58004 60002 71011 85030 333
 20070 30008 91001 91102 555 52006 53002 7000/=
 28302 12998 50000 10066 20057 39987 40213 57002 60002 82031 333 20062
 30007 91000 91101 555 52004 53002 7000/=
 28307 12498 60000 10114 20087 30070 40210 57004 60002 86500 333 20110
 30012 91000 91101 555 52009 53002 7000/=
 28402 12998 62202 10106 20096 30036 40211 57003 60002 83035 333 20067
 30008 91002 91103 555 52005 53003 7000/=
 28502 12998 60000 10097 20067 30112 40213 54000 60002 86030 333 20066
 30008 55123 91000 91101 555 52004 53003 7000/=
 22550 62997 31701 10126 20121 30173 40183 57004 60002 81045 333 20121
 30011 55127 555 53003 7000/=
 22778 12998 20000 10072 20070 30129 40198 57006 60002 82070 333 20063
 30008 55131 555 53002 7000/=
 22889 12896 60000 10096 20096 30122 40207 57003 60002 86080 333 20076
 31010 555 53001 7000/=
 22762 62597 80000 10077 20077 30155 40194 57005 60002 885// 333 20072
 31007 555 53001 7000/ 91205=
 22638 46/// /1501 10097 20096 39970 40191 57006=
 22671 12997 60000 10091 20089 30113 40193 57009 60002 86030 333 20088
 31010 55122 555 53000 7000/=
 22456 12997 10000 10057 20057 30096 40183 57007 60002 80001 333 20054
 31007 555 53004 7000/=
 22583 11696 71201 10128 20126 30116 40193 57005 60002 71022 84870 
 333 20112 31012 55109 555 53002 7000/=
 22749 NIL=
 22951 12598 80000 10129 20127 39924 40195 57003 60002 881// 333 20107
 31011 555 53002 7000/=
 22887 11696 51101 10078 20074 30131 40200 57003 60002 71011 
 82501 333 20073 30007 55128 555 53003 7000/=
 22876 11997 11901 10077 20077 30129 40201 57005 60002 71100 81040 333
 20055 30007 555 50141 53002 7000/ 91206=
 22481 11598 62501 10130 20124 30139 40190 56007 69912 70282 85360 333
 20111 31012 555 53002 7991/=
 22854 12899 60000 10109 20104 39913 40193 57003 60002 86030 333 20105
 30011 55114 555 53004 7000/=
 22781 NIL=
 22676 12898 61601 10100 20096 30116 40191 57006 60002 86040 333 20093
 30010 555 53002 7000/=
 22648 NIL=
 22559 62997 20901 10106 20099 30172 40188 57005 60002 81031 333 20103
 31010 55126 555 53003 7000/ 91206=
 22869 11997 20301 10086 20082 30058 40204 57004 60002 71200 80030 333
 20084 31009 555 53002 7000/ 91205=
 22768 11694 20000 10083 20081 30141 40190 57003 60002 71000 81531 333
 20066 30008 55124 555 53003 7000/=
 22798 11497 80901 10143 20142 30090 40198 57006 60022 70282 8697/ 333
 20140 31015 555 53005 7002/=
 22375 46/// /2201 10135 20132 30169 40183 57007=
 23207 11995 50000 10132 20130 30171 40193 57004 60002 72842 83081 333
 20113 55066 555 53003 7000/=
 23215 NIL=
 23219 NIL=
 27095 76/// /2501 10104 20104 39997 40219 57004 333 20075 60002 555 53002 7000/=
 22408 21656 72102 10113 20111 30006 40150 57006 71011 84535 333  
 20105 55052 69902 555   7990/=
 22511 22482 81802 10139 20128 30039 40155 57009 886// 333   20124
 60002 88710 555   7990/=
 22529 22599 81801 10118 20114 30165 40172 57009 885// 333   20108
 60002 88623 555   7000/=
 22602 22475 72302 10125 20116 39947 40164 57002 87900 333   20113
 55034 60002 87914 555   7001/=
 22621 73370 /2003 10134 20127 30040 40174 57008 333   20108 55041
 60002 555   7000/=
 22619 22298 82301 10123 20118 30020 40173 57005 886// 333   20117
 55000 60002 88703 555   7004/=
 22721 21298 80000 10134 20129 30089 40184 57006 70242 887// 333  
 20097 60002 86705 555   7002/=
 22727 76161 /2001 10128 20128 30143 40189 57004 333   20125 60002
 555   7013/=
 22717 73/02 /0000 10111 20111 39997 40188 57002 333   20105 60002
 555   7001/=
 22802 21901 00000 10096 20096 30167 40190 57004 74640 333   20095
 55061 60002 555   7000/=
 22820 22160 62702 10120 20118 30059 40191 57002 86030 333   20106
 55025 60002 555   7009/=
 22831 21/05 90000 10108 20103 30140 40194 57001 74542 333   20106
 55052 60002 555   7994/=
 22805 22998 22402 10148 20145 30169 40193 57003 82030 333   20147
 55068 60002 555   7999/=
 22912 21904 11601 10078 20073 30180 40195 57002 74640 80001 333  
 20069 60002 555   7993/=
 
