18:31:00 MSK 16.06.2023
020 123456/=о000=1531
 уйту01 бтул 161500
 22686 62598 73305 10097 20002 30074 40171 53005 60002 85539 333 10110 91111 555 50101 53012=
 22695 12598 73205 10096 21030 30000 40149 53003 60002 86535 333 10104
 86622 91111 555 50094 53011=
 22996 62599 33504 10174 21004 39937 40112 52003 60002 81508 333 10202 555 50164 53009=
 23220 11497 73104 10037 20021 39852 49990 52026 60062 78082 87900 333 10070 91110 555 50035 53012=
 23226 11560 80204 10050 20028 39776 49985 52019 60032 70282 8398/ 333 
 10070 91111 555 50029 53011=
 23305 12599 73207 10066 20013 30103 40130 52011 69932 87500 333 10076
 91012 91114 555 50058 53016=
 23320 76/// /3105 10043 20018 39977 40049 52014 333 60002 91011 91111 555 50047 53013=
 23324 11579 63303 10047 20032 39961 40036 52019 60032 72582 83962 333
 10071 91111 555 50046 53014=
 23405 12578 73305 10070 21002 30038 40134 52013 69972
 86930 333 10081 84923 91012 91114 555 50061 53014=
 23410 76/// /3006 10055 20017 39981 40076 52015 333 60002 91115=
 23411 11499 73306 10070 20003 30011 40098 52014 60012 70282
 86920 333 10076 91011 91114 555 50056 53017=
 23412 11499 73206 10059 20020 39987 40082 52015 60022 70282 87300 333
 10074 86917 91114 555 50056 53015=
 23416 NIL=
 23418 11659 73108 10063 20035 30020 40092 52013 60022
 78082 86930 333 10084 86940 91013 91114 555 50064 53014=
 23503 12598 73404 10080 21008 30073 40121 53010 69952 83930 333 10101 91111 555 50074 53013=
 23507 66/// /3603 10060 20025 39843 40148 53008 60002 333 10094 91112 555 50075 53013=
 23509 12598 63105 10083 20012 30050 40127 52007 69902 84931 333 10097
 91115 555 50081 53015=
 23514 11697 73003 10053 20016 39919 40112 52009 69932 72581 86970 333 10087 84642 91113 555 50065 53014=
 23518 11697 83206 10052 20023 30004 40094 53012 69982 78082 8797/ 333
 10089 85640 91011 91113 555 50069 53015=
 23606 12662 63103 10093 20000 39962 40124 52002 60002 85530 333 10103 85645 555 50094 53010=
 23701 12599 73203 10097 20000 30026 40152 52003 60002 84960 333 10114
 91111 555 50105 53011=
 23704 76/// /3402 10103 20008 39926 40039 55004 333 60002=
 23707 62699 63605 10111 21007 30019 40147 52012 60002 82560 333 10150 91110 555 50126 53011 7000/=
 23708 12999 73303 10100 21021 39999 40144 52013 60002 80050 333 10140
 91110 555 50127 53011=
 23709 62798 73105 10095 21034 39947 40134 52013 60002 87500 333 10136
 87650 91110 555 50118 53013=
 23711 12698 33203 10095 21018 39949 40113 52003 60002 83500 333 10103 555 50107 53010=
 23803 12699 60204 10139 21002 39952 40124 53016 60002 85160 333 10146
 555 50130 53010=
 23804 62597 53602 10122 20006 39997 40137 52011 60002 83501 333 10165 555 50138 53009=
 23807 12598 20105 10147 20012 39974 40128 52006 60002 81131 333 10173
 91010 91110 555 50143 53010=
 23808 NIL=
 23812 12597 63504 10101 21036 39957 40114 52015 60002 86800 333 10138
 91112 555 50118 53012=
 23904 12970 23404 10172 21015 39964 40112 52004 60002 81032 333 10215
 555 50141 53009=
 23905 62999 03403 10168 21021 39889 40103 52004 60002 333 10198 555
 53009=
 23909 62898 13504 10168 21011 39860 40091 52005 60002 81030 333
 10205=
 23912 62598 13503 10155 21004 39906 40088 52007 60002 81100 333 10186
 91110 555 53011=
 23913 62999 03405 10149 21022 39862 40079 52011 60002 333 10191 91112
 555 53013=
 23914 62499 23502 10165 21015 39840 40082 52005 60002 82500 333 10196
 91110=
 28013 62898 33606 10179 21022 39865 40082 52005 60002 81031 333 10215
 91110 555 53010=
 28016 62999 23404 10200 21011 39870 40079 52004 60002 80009 333 10233
 91111 555 53012=
 28029 62999 03502 10190 20010 39860 40065 52006 60002 333 10238 555
 53010=
 28116 12899 20105 10212 20052 39854 40068 52001 60002 81089 333 10251
 91110=
 28128 62599 80203 10208 20089 39918 40060 57004 60002 86431 333 10244
 555 53008=
 28134 61698 53201 10207 20090 39729 40053 57004 60002 70282 82469 333
 10231 555 53007=
 28138 12599 72603 10189 20051 39521 40047 57007 60002 87500 333 10215
 91110=
 28216 62599 52903 10224 20058 39789 40063 57009 60002 85900 333 10250
 555 53009=
 28222 62598 82901 10217 20085 39877 40057 57008 60002 86801 333 10255
 555 53007=
 28224 62670 63004 10237 20055 39860 40055 57011 60002 85502 333
 10250=
 28234 62598 63101 10221 20031 39798 40054 56010 60002 86530 333 10245
 555 53009=
 28238 62599 22604 10213 20033 39773 40054 57010 60002 82400 333 10232
 91110 555 53012=
 28313 62598 22903 10242 20058 39890 40066 57011 60002 82100 333 10259
 555 53011=
 28319 62598 23301 10250 20065 39921 40070 57008 60002 82100 333
 10264=
 28321 62599 23102 10245 20057 39875 40061 57011 60002 82901 333
 10259=
 28324 62599 32802 10245 20049 39955 40065 57010 60002 82240 333 10260
 555 53007=
 28326 62998 22903 10238 20049 39886 40058 57011 60002 81031 333 10261
 555 53009=
 28413 62599 23502 10257 20045 39959 40071 57009 60002 333 10274 555
 53006=
 28428 62999 03203 10244 20048 39897 40066 57006 60002 333 10263 555
 53008=
 28429 62598 23002 10231 20047 39685 40063 57007 60002 82001 333 10248
 555 53010=
 22983 12998 03202 10179 21005 30032 40131 54000 60002 333 10204 91005
 91106 555 50149 53008=
 27083 12999 23403 10185 21001 39902 40112 52001 60002 82030 333 10214
 91006 91109 555 50160 53009=
 27097 12598 23204 10197 20066 39860 40104 52003 60002 82400 333 10234
 91007 91108 555 50169 53009=
 27185 12698 53203 10229 20069 39929 40099 54000 60002 81105 333 10263
 91007 91109 555 50180 53009=
 27199 12698 33503 10229 20050 39909 40091 54000 60002 83100 333 10260
 91007 91107 555 50185 53007=
 27281 12582 23505 10232 20076 39907 40098 57003 60002 82100 333 10258
 91007 91110 555 50188 53010=
 27283 12598 20104 10230 20082 39949 40093 57003 60002 81101 333 10263
 91007 91108 555 50175 53008=
 27295 12998 53102 10245 20058 39856 40087 57008 60002 85080 333 10261
 91005 91107 555 50189 53009=
 27296 12598 63303 10230 20070 39881 40081 57007 60002 86500 333 10259
 91006 91107 555 50181 53008=
 27385 126// 33202 10254 20085 39969 40087 57011 60002 82101 333 10265
 91003 91106 555 50183 53008=
 27393 12598 23303 10247 20044 39929 40086 57010 60002 81130 333 10259
 91005 91107 555 50198 53007=
 27480 12698 33101 10256 20118 39974 40092 57010 60002 81101 333 10273
 91002 91105 555 50191 53005=
 28007 12699 23405 10203 20045 39848 40092 52001 60002 81503 333 10235
 91007 91109 555 50183 53010=
 28009 12998 83603 10205 21011 39894 40090 52003 60002 80009 333 10245
 91007 91108 555 50168 53009=
 28105 12598 13202 10224 20032 39900 40085 57001 60002 81200 333 10261
 91006 91108 555 50173 53008=
 28202 12683 33602 10228 20071 39871 40075 57006 60002 83900 333 10256
 91005 91107 555 50184 53007=
 28302 12598 33003 10243 20049 39866 40076 57010 60002 83100 333 10257
 91005 91107 555 50187 530//=
 28307 12598 23002 10251 20064 39950 40082 57010 60002 81101 333 10266
 91003 91106 555 50198 53007=
 28402 12698 23502 10249 20068 39914 40078 57008 60002 82101 333 10263
 91005 91107 555 50201 53007=
 28502 12998 23202 10259 20039 39984 40079 57008 60002 80005 333 10272
 91004 91106 555 50190 53007=
 22550 62597 30304 10113 21001 30197 40207 53004 60002 83200 333 10141
 555 50099 53010=
 22778 12998 20204 10143 21003 30101 40168 52003 60002 81081 333 10159
 555 50135 53009=
 22889 12998 13304 10166 21015 30054 40136 53003 60002 81040 333 10185
 91110 555 50141 53010=
 22762 62598 52902 10154 20007 30144 40182 57003 60002 84101 333 10162
 555 50138 53007=
 22638 NIL=
 22671 12698 60103 10100 20002 30117 40194 52006 60002 85830 333 10128
 91110 555 50091 53010=
 22456 12597 70401 10086 20018 30126 40212 52002 60002 87500 333 10103
 555 50064 53010=
 22583 11598 73103 10064 20033 30097 40177 52010 69962 
 70228 87500 333 10099 91112 555 50072 53012=
 22749 NIL=
 22951 12998 00202 10191 20015 39894 40159 57002 60002 333 10199 555
 50148 53007=
 22887 12999 13403 10169 20045 30075 40141 53001 60002 80001 
 333 10185 91110 555 50159 53010=
 22876 12997 13503 10161 21002 30084 40155 52002 60002 80001 333 10175
 555 50149 53010=
 22481 11598 43106 10075 20020 30131 40183 52004 69972 72581 83360 333
 10089 91011 91113 555 50065 53016=
 22854 12499 20103 10176 20016 39894 40168 54000 60002 82100 333 10186
 555 50160 53009=
 22781 NIL=
 22676 12598 73405 10098 21008 30110 40186 52005 60002 87500 333 10120 91112 555 50090 53012=
 22648 NIL=
 22559 62598 40503 10117 21009 30188 40204 52006 60002 84900 333 10146
 91110 555 50111 53010=
 22869 12697 23605 10163 20019 30022 40164 54000 60002 81101 333 10178
 555 50157 53010=
 22768 12697 63605 10155 20013 30129 40177 52002 60002 82501 333 10173
 91110 555 50149 53010=
 22798 12598 63404 10115 21011 30047 40156 52009 60002 86800 333 10171
 91010 91111 555 50138 53011=
 22375 NIL=
 23207 11599 83206 10059 20006 30114 40136 52012 69912 72682 8795/ 333
 10073 91011 91112 555 50051 53014=
 23215 NIL=
 23219 NIL=
 27095 NIL=
 22408 42999 30302 10170 20001 30072 40215 57002 80001 333   60002=
 22511 22698 20903 10162 20049 30095 40211 52002 82101 333   60002=
 22529 22599 20103 10124 20020 30216 40223 52009 81502 333   60002=
 22602 22599 40603 10208 20045 39968 40180 54000 82131 333   60002=
 22621 73/70 /0302 10134 20034 30078 40213 52014 333   60002=
 22619 22483 20603 10178 20075 30035 40186 52002 81801 333   60002=
 22721 22998 20601 10206 20042 30090 40183 52003 82030 333   60002=
 22727 76870 /0503 10224 20063 30128 40173 57002 333   60002=
 22717 73/69 /0503 10233 20077 39980 40160 57005 333   60002=
 22802 22699 51802 10255 20076 30132 40154 57003 85200 333   60002=
 22820 22970 11102 10210 20071 30044 40172 57002 80001 333   60002=
 22831 22698 20102 10220 20041 30116 40168 54000 82100 333   60002=
 22805 22998 03301 10186 20054 30148 40167 58002 333   60002=
 22912 22599 20803 10238 20081 30139 40153 52001 82100 333   60002=
 
