00:31:00 MSK 07.06.2023
020 123456/=о000=2131
 уйту01 бтул 062100
 22686 82498 72601 10041 20034 30037 40136 53013 82970=
 22695 42598 33103 10051 20021 39965 40115 52007 82930=
 22996 42/// /0301 10075 20071 39952 40133 52003=
 23220 41496 82302 10066 20056 39915 40053 53006 78082 889//=
 23226 41660 81702 10060 20051 39838 40048 53005 72462 8455/ 333 
 84640=
 23305 42/// /2704 10052 20018 30059 40087 52012=
 23320 86/// /2502 10080 20067 39994 40065 52003=
 23324 41981 72402 10076 20068 39985 40060 52007 70282 87040=
 23405 42481 22802 10057 20036 30000 40098 52014 81130=
 23410 86/// /2302 10065 20058 39975 40069 53007=
 23411 42/// /2802 10061 20053 39992 40079 51013=
 23412 41699 82803 10072 20064 39978 40072 52008 70282 8355/=
 23416 NIL=
 23418 41965 62402 10064 20055 30015 40087 52017 70282
 86030=
 23503 42/// /2101 10041 20033 30047 40096 52012=
 23507 86/// /3201 10039 20034 39808 40114 52009=
 23509 42/// /2101 10051 20037 30027 40104 52008=
 23514 42597 22502 10052 20044 39908 40101 52011 82500=
 23518 NIL=
 23606 42660 32401 10063 20041 39945 40108 52006 83500=
 23704 86/// /2701 10049 20043 39926 40039 55004=
 23701 NIL=
 23707 82998 32803 10063 20048 39999 40129 52003 83040=
 23708 42/// /1701 10069 20044 39979 40125 50006=
 23709 82998 21901 10045 20032 39933 40123 54000 82030=
 23711 42998 12801 10062 20048 39944 40110 52002 81030=
 23803 42999 00000 10060 20006 39945 40121 53002=
 23804 82997 22201 10062 20052 39988 40130 52009 82030=
 23807 42/// /2802 10074 20074 39977 40135 52006=
 23808 86/// /2702 10060 20052 39969 40134 52006=
 23812 42597 20000 10046 20040 39961 40121 52004 82530=
 23904 42980 30000 10054 20054 39981 40135 52002 83030=
 23905 82599 52801 10078 20060 39907 40129 57001 85400=
 23909 82898 20000 10059 20054 39887 40127 57001 81071=
 23912 82598 60000 10110 20064 39931 40116 54001 82530=
 23913 82599 70000 10093 20069 39893 40114 57003 87500=
 23914 82499 73102 10117 20065 39869 40115 54000 87500=
 28013 42599 33102 10107 20048 39897 40119 50001 83500=
 28016 42/// /3002 10090 20072 39906 40124 54000=
 28029 82599 80000 10120 20090 39895 40105 57009 8657/=
 28116 82899 63202 10113 20076 39897 40119 57003 86030=
 28128 82899 83401 10114 20097 39962 40109 57012 8805/=
 28134 81597 81801 10110 20088 39777 40114 57009 76062 8652/=
 28138 43/// /3502 10091 20081 39566 40113 57012=
 28216 82699 72801 10109 20070 39832 40118 57006 83530=
 28222 42/// /1602 10134 20098 39924 40110 56013=
 28224 81569 81601 10108 20099 39908 40113 57007 78082 8692/=
 28234 81997 83601 10103 20079 39842 40111 57018 78082=
 28238 81496 83604 10101 20085 39813 40106 58014 76362 8802/=
 28313 42/// /0000 10112 20085 39933 40118 57007=
 28319 82898 50000 10106 20096 39963 40120 57008 85030=
 28321 82899 81901 10122 20093 39918 40113 57008 8807/=
 28324 42/// /1701 10108 20090 30001 40117 57008=
 28326 81597 83301 10104 20097 39931 40111 57010 76162 8802/=
 28413 82599 62901 10123 20076 30004 40121 56007 81530=
 28428 81597 83202 10102 20083 39937 40115 58005 78082 889//=
 28429 42/// /3503 10094 20084 39708 40106 57008=
 22983 41484 80000 10073 20067 30039 40142 52006 70298 86965 333 91000
 91105=
 27083 42584 63603 10100 20072 39922 40138 52002 86300 333 91005
 91107=
 27097 42/// /2601 10078 20074 39888 40144 55000 333 91002 91102=
 27185 42/// /0000 10097 20096 39969 40148 55004 333 91000 91104=
 27199 42998 30000 10109 20064 39953 40143 52002 83030 333 91001
 91103=
 27281 42984 80000 10107 20077 39949 40150 54000 87071 333 91001
 91104=
 27283 42597 70000 10106 20081 39994 40145 54000 87500 333 91001
 91106=
 27295 42/// /2801 10110 20059 39903 40147 54001 333 91002 91103=
 27296 42998 20000 10089 20058 39929 40141 54000 82030 333 91001
 91101=
 27385 425// 50000 10084 20071 30028 40154 52003 82530 333 91000
 91102=
 27393 42998 62302 10103 20070 39982 40148 54000 86030 333 91003
 91104=
 27480 42598 70000 10110 20088 30033 40158 52001 83530 333 91000
 91102=
 28007 42999 52901 10100 20056 39883 40136 57001 80031 333 91002
 91104=
 28009 42998 20000 10082 20063 39931 40136 52001 82030 333 91001
 91103=
 28105 42998 62201 10076 20060 39944 40139 53001 86030 333 91002
 91102=
 28202 42997 33302 10102 20052 39918 40132 54000 82031 333 91004
 91104=
 28302 42997 60000 10087 20060 39916 40138 52001 86030 333 91000
 91101=
 28307 42598 72701 10128 20065 30005 40143 54000 87500 333 91004
 91104=
 28402 42584 82801 10131 20074 39967 40139 54000 8557/ 333 91003
 91103=
 28502 42997 82803 10131 20075 30042 40141 52001 8805/ 333 91005
 91105=
 22550 82570 82601 10056 20036 30152 40162 52007 8257/=
 22778 41598 53202 10062 20038 30081 40149 52012 70282 82570=
 22889 42/// /2901 10057 20057 30056 40141 52006=
 22762 81597 62901 10067 20045 30124 40162 53015 70282 82930=
 22638 NIL=
 22671 42/// /3101 10044 20035 30069 40147 52015=
 22456 42997 70000 10007 20007 30065 40153 52011 82031=
 22583 41998 22903 10045 20014 30051 40131 52019 70188 82070=
 22749 NIL=
 22951 NIL=
 22887 42997 30000 10041 20029 30071 40140 52006 80001=
 22876 42997 02601 10041 20037 30074 40147 52008=
 22481 42/// /2602 10027 20008 30075 40128 52011=
 22854 42/// /3101 10036 20028 39889 40177 52014=
 22781 NIL=
 22676 41598 72902 10053 20043 30068 40145 52018 70282 87900=
 22648 NIL=
 22559 42/// /2902 10029 20010 30146 40163 52011=
 22869 42997 12902 10057 20028 30019 40166 52008 80030=
 22768 42597 62801 10068 20046 30111 40160 52013 86500 333 86625=
 22798 42998 20000 10047 20045 30024 40136 53004 82030=
 22375 NIL=
 23207 NIL=
 23215 NIL=
 23219 NIL=
 27095 86/// /0000 10101 20100 39924 40145 58006=
 22408 42699 71201 10073 20000 30027 40174 52007 84570=
 22511 42998 70703 10077 21006 30052 40171 52008 87070=
 22529 42599 30000 10014 20003 30168 40175 52005 82230=
 22602 42475 80000 10065 20035 39939 40161 57001 885// 333   88617=
 22621 83970 /1401 10062 20029 30026 40164 52001=
 22619 42598 71601 10062 20039 30003 40160 57002 82575=
 22721 42698 50000 10067 20043 30069 40166 54000 82530=
 22727 86970 /1101 10059 20038 30118 40165 52002=
 22717 83/70 /1901 10073 20034 39967 40157 57006=
 22802 42998 80000 10095 20044 30135 40158 57005 8805/=
 22820 42698 71102 10080 20052 30028 40162 57001 82531 555   50111=
 22831 42997 10000 10031 20019 30118 40173 52008 80001=
 22805 41497 82902 10078 20030 30146 40165 57004 78082 8692/=
 22912 42984 81101 10053 20043 30148 40163 57005 83031=
 
