18:31:00 MSK 19.02.2023
020 123456/=о000=1531
 уйту01 бтул 191500
 22686 12998 01001 11165 21181 30034 40141 53002 60002 333 11099 555 51193 53004=
 22695 12998 30904 11132 21159 39973 40135 53003 69902 80001 333 11110
 555 51148 53006=
 22996 11998 21101 11129 21164 39936 40133 52003 69902 80001 333 11084
 555 51158 53005=
 23220 12999 00802 11191 21210 30034 40188 58001 60002 333 11124 555 51186 53005=
 23226 12960 32003 11161 21180 39956 40186 54000 60002 80001 333 11123
 555 51150 53010=
 23305 12984 01401 11163 21178 30130 40160 53001 60002 333 11095 555
 51126 53006=
 23320 76/// /1701 11178 21200 30108 40187 54001 333 60002 555 51172 53003=
 23324 12984 11801 11165 21192 30103 40186 54000 60002 80001 333 11115
 555 51150 53003=
 23405 12997 21004 11130 21143 30056 40163 54000
 60002 80001 333 11115 555 51138 53007=
 23410 76/// /1302 11175 21198 30076 40180 57002 333 60002=
 23411 12999 21902 11134 21145 30077 40172 53001 60002 80001 333 11102
 555 51134 53005=
 23412 12999 21302 11143 21161 30075 40178 58003 60002 80001 333 11129 555 51155 53005=
 23416 NIL=
 23418 12965 21201 11171 21183 30104 40183 53001 60002
 80001 333 11102 555 51174 53003=
 23503 12998 00000 11236 21263 30117 40172 54001 69902 333 11127 555 51183 53003=
 23507 86/// /1401 11168 21180 39836 40169 52006 333 11117 555 51168 53002=
 23509 12998 10000 11219 21238 30091 40177 52003 60002 80001 333
 11128 555 53002=
 23514 12997 11702 11145 21159 39969 40178 54000 60002 80001 333 11094 555 51170 53004=
 23518 12997 00000 11239 21262 30087 40189 54001 60002 333 11109=
 23606  12960 01203 11168 21187 39989 40175 58002 
 60002 00000 333 11131 555 51190 53002=
 23701 12982 21001 11158 21170 30026 40165 52007 69902 82040 333 11091
 555 51193 53004=
 23704 76/// /1102 11131 21134 39926 40039 55004 333 60002=
 23707 62998 50802 11121 21142 30008 40148 52005 69902 80001 333 11094 555 51145 53005 =
 23708 12984 01102 11139 21158 30009 40168 53004 60002 333 11097 555
 51189 53005=
 23709 12998 30000 11219 21247 39972 40183 53001 60002 80001 333 11108
 555 51222 53003=
 23711 12998 20000 11201 21224 30000 40185 54000 60002 80001 333 11092 555 51201 53002=
 23803 12999 01001 11146 21175 39986 40177 54000 60002 333 11117 555 51168 53005=
 23804 12997 21201 11121 21147 39994 40147 52003 60002 80001 333 11095 555 51177 53005=
 23807 12997 11003 11131 21151 39974 40145 52002 60002 80001 333 11106
 555 51164 53005=
 23808 66/// /1101 11150 21166 39982 40161 54000 60002 333 11105=
 23812 12997 00000 11212 21236 30006 40184 57001 60002 333 11094 555
 51222 53001=
 23904 12980 00000 11184 21196 39982 40151 52002 60002 333 11093 555
 51208 53005=
 23905 12999 00000 11155 21168 39919 40162 52002 60002 333 11098 555
 53004=
 23909 12998 11003 11157 21175 39910 40171 52001 69902 80001 333
 11124=
 23912 12998 00501 11177 21192 39972 40179 57002 60002 333 11085 555
 53002=
 23913 12999 01501 11214 21242 39936 40187 52006 60002 333 11086 555
 53002=
 23914 12998 03001 11144 21166 39902 40175 57001 60002 333 11118=
 28013 12998 30901 11150 21174 39924 40170 52002 69902 80005 333 11107
 555 53004=
 28016 12997 00000 11147 21177 39928 40169 54000 60002 333 11108 555
 53004=
 28029 12999 00401 11142 21169 39934 40167 54000 60002 333 11094 555
 53004=
 28116 12999 01001 11161 21176 39920 40167 52001 69902 333 11114=
 28128 12998 00302 11149 21179 30005 40169 52001 69902 333 11118 555
 53004=
 28134 12998 00000 11171 21188 39799 40176 52003 60002 333 11101 555
 53007=
 28138 12899 50402 11166 21190 39576 40183 52005 69922 85040 333
 11130=
 28216 12998 10502 11132 21173 39843 40157 54001 60002 80005 333 11099
 555 53005=
 28222 12997 80000 11175 21193 39960 40170 52003 60002 80001 333 11093
 555 53003=
 28224 12959 00000 11167 21189 39933 40162 52002 60002 333 11106=
 28234 12997 00901 11134 21179 39871 40166 52004 60002 333 11091 555
 53005=
 28238 12899 20703 11144 21180 39851 40173 52009 60002 82020 333 11094
 555 53006=
 28313 12998 03601 11209 21232 39952 40162 54001 60002 333 11086 555
 53002=
 28319 12598 30000 11193 21212 39978 40156 57002 60002 82530 333
 11102=
 28321 12999 20402 11135 21168 39939 40155 57010 60002 80001 333
 11076=
 28324 12997 50000 11202 21236 30023 40154 54001 60002 80005 333 11115
 555 53002=
 28326 12898 60000 11200 21221 39959 40162 54000 60002 82031 333 11123
 555 53003=
 28413 12999 71201 11159 21191 30016 40147 57005 60002 80005 333 11122
 555 53003=
 28428 12998 00501 11169 21202 39951 40150 57003 60002 333 11079 555
 53002=
 28429 12998 00502 11166 21196 39716 40157 54001 60002 333 11102 555
 53004=
 22983 12973 01001 11151 21167 30012 40124 52002 333 11098 91002 91104
 555 51182 53004=
 27083 12984 21001 11124 21154 39887 40121 52005 60002 80001 333 11091
 91001 91103 555 51168 53004=
 27097 12998 81002 11137 21155 39854 40131 52004 69902 86075 333 11102
 91002 91106 555 51157 53007=
 27185 12998 30902 11133 21157 39925 40119 52002 60002 80005 333 11103
 91004 91105 555 51170 53005=
 27199 12998 01002 11135 21166 39925 40133 52002 69902 333 11106 91005
 91104 555 51145 53005=
 27281 11984 31304 11118 21149 39889 40106 52004 69902 72271 83070 333
 11096 91006 91107 555 51144 53007=
 27283 12997 11104 11133 21167 39944 40109 53006 60002 80001 333 11097
 91005 91106 555 51170 53006=
 27295 12997 20502 11144 21172 39859 40126 52003 60002 80005 333 11101
 91003 91105 555 51144 53006=
 27296 12998 00902 11137 21170 39898 40129 52001 60002 333 11108 91003
 91104 555 51150 53005=
 27385 125// 80901 11142 21169 39973 40109 52005 69902 85537 333 11105
 91004 91105 555 51181 53006=
 27393 11598 31002 11138 21168 39951 40132 53001 69902 70272 82540 333
 11102 91003 91103 555 51165 53003=
 27480 12998 80803 11122 21163 39964 40099 54000 69902 82031 333 11107
 91005 91105 555 51162 53006=
 28007 12999 00000 11148 21182 39868 40146 53002 69902 333 11098 91000
 91102 555 51144 53003=
 28009 12998 00801 11147 21186 39934 40157 52004 69902 333 11087 91003
 91103 555 51163 53004=
 28105 12998 01302 11131 21176 39929 40140 52002 60002 333 11090 91003
 91104 555 51168 53005=
 28202 12997 01401 11151 21186 39909 40145 54000 69902 333 11121 91002
 91106 555 51156 53006=
 28302 12997 20901 11138 21182 39897 40139 52002 60002 80001 333 11097
 91002 91105 555 51139 53006=
 28307 12998 00000 11169 21190 39972 40127 54000 69902 333 11113 91000
 91103 555 51158 53005=
 28402 12982 41004 11152 21192 39941 40132 54000 69902 80005 333 11121
 91006 91107 555 51153 53007=
 28502 12997 20703 11145 21189 30016 40126 52001 69902 80009 333 11119
 91005 91105 555 51163 53005=
 22550 62970 01102 11086 21116 30071 40081 52006 60002 333 11074 555
 51094 53008=
 22778 12998 21303 11119 21133 30039 40112 52004 60002 82030 333 11080
 555 51121 53007=
 22889 12997 01002 11144 21152 30037 40129 53005 60002 333 11099 555
 51212 53005=
 22762 12998 01202 11107 21126 30053 40094 54000 60002 333 11091 555
 51106 53005=
 22638 46/// /1301 11105 21136 39808 40042 52006=
 22671 12998 01302 11107 21122 30027 40110 52002 60002 333 11081 555
 51114 53006=
 22456 12998 00000 11148 21161 30004 40097 52005 60002 333 11076 555
 51104 53006=
 22583 12998 01901 11179 21197 30053 40140 53002 60002 333 11114
 555 51166 53003=
 22749 NIL=
 22951 12998 01404 11097 21125 39763 40054 53002 69902 333 11063 555
 51095 53009=
 22887 12997 40902 11126 21146 30042 40115 53004 60002 82031 
 333 11082 555 51173 53005=
 22876 12997 01201 11149 21156 30037 40117 52002 60002 333 11109 555
 51175 53006=
 22481 12998 11303 11126 21155 30068 40124 52003 60002 80001 333 11083
 555 51127 53006=
 22854 12998 00803 11100 21125 39761 40061 53003 69902 333 11065 555
 51096 53008=
 22781 NIL=
 22676 12998 01202 11113 21132 30036 40118 53002 60002 333 11079 555 51132 53005=
 22648 NIL=
 22559 12997 01002 11099 21122 30075 40092 52004 60002 333 11069 555
 51103 53006=
 22869 12997 00903 11109 21127 39937 40092 52005 60002 333 11080 555
 51113 53007=
 22768 12997 00802 11118 21142 30037 40089 52003 60002 333 11086 555
 51118 53006=
 22798 12997 20702 11131 21145 30022 40141 52004 60002 80001 333 11092
 555 51165 53006=
 22375 46/// /1705 11134 30092 40108 52003=
 23207 12999 21502 11130 21159 30118 40142 52003 60002 80001 333 11077
 555 51101 53005=
 23215 NIL=
 23219 NIL=
 27095 76/// /0902 11140 21149 39902 40145 52004 333 60002 555 51181 53006=
 22408 21459 81403 11075 21099 39876 40029 52015 78583 889// 333  
 69902 88915=
 22511 21565 81303 11081 21116 39905 40029 52012 77172 8352/ 333  
 69902=
 22529 22999 01202 11094 21119 30033 40040 52005 333   60002=
 22602 21474 70903 11077 21108 39782 40013 52013 70273 87500 333  
 69902 87615=
 22621 73/69 /0902 11113 21130 39887 40032 52006 333   60002=
 22619 22581 81203 11085 21109 39856 40020 52011 885// 333   69902
 88621=
 22721 22998 03001 11113 21126 39921 40023 52006 333   69902=
 22727 76/70 /0701 11102 21122 39967 40017 52008 333   60002=
 22717 73/68 /0802 11080 21105 39801 49999 52016 333   60002=
 22802 21599 70804 11052 21077 39956 49980 52016 70283 83931 333  
 69942=
 22820 21998 31005 11089 21119 39867 40008 52008 70273 83030 333  
 69902 91113=
 22831 22998 01001 11095 21136 39964 40021 52002 333   60002=
 22805 21496 81003 11042 21063 39954 49974 52014 78583 8697/ 333  
 69982 91111=
 22912 21982 81006 11058 21102 39965 49980 52017 73632 8807/ 333  
 69902 91110=
 
