21:31:00 MSK 15.03.2023
020 123456/=о000=1831
 унту01 бтул 151800
 22686 41598 81903 10030 20008 39952 40050 51010 70262 885// 333 88632=
 22695 42698 82203 10024 21007 39893 40043 52012 885// 333 88634=
 22996 42998 21903 10054 21046 39946 40133 51013 81031=
 23220 41496 81807 10004 21005 39896 40036 52007 77187 887// 333 91010 91112=
 23226 41260 82108 11007 21014 39813 40026 52008 73673 887// 333 86705 
 91012 91113 92980=
 23305 41570 81905 10013 20009 39974 40001 51004 76162 885// 333 88623=
 23320 66/// /2205 10017 21015 39971 40043 52003 60002 333 10018 91111=
 23324 41476 82104 10012 21007 39962 40039 51003 70282 886// 333 88713
 91110=
 23405 41496 81803 10013 20010 39917 40016 52004
 76162 8755/ 333 87611=
 23410 66/// /1606 10004 21004 39933 40029 52003 60002 333 10015=
 23411 41498 82205 10008 20008 39929 40017 52002 77172 8872/=
 23412 41498 82004 10008 20002 39932 40028 52004 76162 8872/ 333 86711=
 23416 NIL=
 23418 41460 71803 10009 21005 39973 40047 58004 78082
 87900 333 85711=
 23501 NIL=
 23503 41498 82003 10014 20005 39985 40035 52004 76876 8552/ 333 85614=
 23507 86/// /2303 10008 20008 39734 40041 52010=
 23509 41498 82103 10021 20008 39972 40049 52006 70262 885// 333
 88614=
 23514 41397 82204 10011 20006 39857 40051 52005 72276 887// 333 85709=
 23518 41396 82005 10002 20002 39980 40071 54001 78582 889// 333
 85708 555 53011=
 23606 41460 82103 10019 20006 39894 40064 52006
 70262 885// 333 88613=
 23612 NIL=
 23701 41576 72103 10022 20006 39951 40079 52009 70282 83930=
 23704 66/// /2102 10025 20021 39926 40039 55004 60002 333 10025=
 23707 83598 82103 10031 21002 39958 40088 52010 8255/=
 23708 42984 82004 10027 21005 39955 40103 52009 70262 8805/ 333 91110=
 23709 41697 82103 10027 20006 39919 40109 52006 78082 889// 333 86941=
 23711 41597 82102 10016 20009 39931 40099 52006 70282 8695/ 333 86921=
 23803 41699 82203 10033 21017 39946 40124 53009 70276 885// 333 88634=
 23804 42997 62003 10033 21009 39958 40102 52012 86030=
 23807 42997 22205 10052 21013 39957 40116 52014 82031 333 91110=
 23808 86/// /1904 10053 21037 39958 40124 52012=
 23812 41597 82102 10012 20002 39967 40129 52002 70282 889//=
 23904 42984 21903 10049 21044 39985 40140 52014 82030=
 23905 42599 82104 10053 21050 39919 40143 52012 885// 333 91110 555
 50020=
 23909 42598 62305 10049 21045 39912 40153 52011 86500 333 91110=
 23912 41598 71803 10013 21010 39966 40158 52005 70162 83530 555
 51019=
 23913 41599 83002 10018 21026 39939 40168 52002 70282 889// 555
 51023=
 23914 81498 82105 10024 21023 39904 40160 52004 70382 8357/=
 28013 42598 82003 10032 21040 39935 40165 52010 8552/ 555 50001=
 28016 42/// /2303 10044 21056 39950 40175 52012 555 50011=
 28029 42999 32004 10017 21027 39967 40187 52009 80001 333 91110 555
 51002=
 28116 42899 52202 10028 21042 39960 40191 52014 85030=
 28128 42999 82203 10014 21020 30050 40205 52009 80001 555 51006=
 28134 42898 82002 10010 21039 39855 40208 52007 86075 555 51021=
 28138 43/// /2305 11020 21048 39637 40213 57002=
 28216 42999 02205 10009 21052 39919 40220 52012 333 91110 555 51003=
 28222 42/// /2103 10017 21043 30020 40215 52008 555 51006=
 28224 42970 22204 10021 21050 30009 40223 52010 80001=
 28234 41998 01903 11003 21052 39946 40228 53006 70161 555 51022=
 28238 42899 62405 10007 21057 39920 40226 55000 86020 555 51025=
 28313 42/// /2003 10003 21044 30043 40238 52013 555 50001=
 28319 42999 02303 10010 21048 30090 40256 52013=
 28321 42999 22104 10010 21047 30028 40234 52011 80001 333 91110=
 28324 42/// /2405 10020 21060 30125 40247 52010 555 50008=
 28326 42898 22305 10009 21046 30050 40238 52008 82030 333 91110 555
 51007=
 28413 42999 22202 10012 21049 30136 40260 53011 80001 333 91111 555
 50014=
 28428 42999 41903 11006 21057 30085 40274 52008 80001 555 51005=
 28429 42/// /2304 11014 21057 39853 40274 52007 333 91110 555 51022=
 22983 42984 52202 10060 21042 30009 40112 52010 85030 333 91005
 91105=
 27083 42584 71903 10054 21039 39916 40135 52013 87500 333 91006
 91109=
 27097 42698 21904 10039 21026 39899 40159 52014 82500 333 91007
 91110=
 27185 42/// /1703 10040 21037 39988 40171 52011 333 91005 91108=
 27199 42998 32103 10032 21043 39991 40188 52012 80001 333 91006
 91109=
 27281 42984 21805 10036 21045 39969 40176 52005 80001 333 91008
 91109=
 27283 42997 02003 10030 21045 30030 40188 52011 333 91006 91109=
 27295 42997 31803 10022 21055 39952 40205 52009 80002 333 91007
 91108=
 27296 42997 02004 10030 21057 39983 40201 52009 333 91006 91108=
 27385 429// 12002 10017 21039 30079 40209 52007 81030 333 91005
 91108=
 27393 42998 22007 10016 21043 30054 40226 52011 80001 333 91008
 91108=
 27480 42598 61902 10032 21038 30086 40215 52005 85501 333 91005
 91108=
 28007 42999 02103 10030 21042 39913 40174 52014 333 91006 91110=
 28009 42998 02104 10037 21050 39974 40183 52014 333 91007 91110=
 28105 42998 02104 10030 21054 39988 40188 52012 333 91006 91110=
 28202 42997 32206 10021 21051 39981 40204 52012 80001 333 91009
 91110=
 28302 42997 21903 10016 21052 39996 40227 52013 82030 333 91005
 91108=
 28307 42998 01701 10015 21047 30085 40231 51009 333 91003 91107=
 28402 42984 32105 10011 21043 30061 40242 52010 80005 333 91007
 91109=
 28502 42997 51401 10003 21050 30153 40259 52009 80001 333 91002
 91108=
 22550 81470 81905 10044 20032 39951 49961 52002 72582 889// 333 88919
 91010 91110=
 22778 42998 51701 10023 21007 39999 40067 52016 85070=
 22889 42498 82204 10055 21028 30019 40104 52013 8455/ 333 91111=
 22762 41997 81702 10039 20015 39995 40033 52011 70262 8007/=
 22638 46/// /2504 10015 20002 39769 49992 52038=
 22671 42598 82003 10034 20021 39930 40008 51010 8695/ 333 86921=
 22456 41496 82003 10033 20033 39854 49939 58001 77176 8872/=
 22583 41598 72002 10027 20020 39929 40008 52009 70288 875//=
 22749 42598 72005 10043 21006 39899 40021 52016 84520 333 91111=
 22951 42598 82303 10034 21012 39785 40063 52013 885//=
 22887 42997 61805 10049 21020 30021 40090 52010 85031 333 
 91010 91111=
 22876 42997 02006 10057 21012 30008 40079 52009 333 91011 91111=
 22481 41598 81907 10023 20023 39916 49968 52003 70282 885// 333 91010
 91111=
 22854 42598 72005 10027 21006 39758 40043 52013 87500 333 87626
 91111=
 22781 NIL=
 22676 41598 72004 10036 20004 39955 40031 52011 70282 87500 333
 91111=
 22648 42/// /2005 10049 20049 39952 49997 53016 333 91111=
 22559 41597 81905 10035 20019 39963 49980 51008 78082 8697/ 333 86627
 91010 91110=
 22869 42598 82005 10049 21017 39935 40081 52010 885// 333 88629=
 22768 42697 62104 10042 21006 30002 40051 52017 83530 333 91110=
 22798 42597 81903 10036 21010 39976 40087 52012 885//=
 22375 NIL=
 23207 NIL=
 23215 42498 81805 10015 20006 39914 40002 52005 885// 333 88611=
 23219 NIL=
 27095 66/// /1904 10046 21028 39939 40166 52015 60002 333 10072=
 22408 11684 32101 11077 21085 39805 49957 52024 69942 70281 83500
 333   11021=
 22511 11684 32102 11034 21050 39842 49963 52029 60022 70171 83500
 333   10004 93703=
 22529 11598 82704 10007 21016 39965 49972 52052 69962 70282 889//
 333   10051 88923 91112=
 22602 11976 12103 11024 21043 39750 49975 52025 60022 70171 8103/
 333   10005=
 22621 12498 22402 11021 21055 39849 49989 52054 60022 82500 333  
 10033 91112=
 22619 11498 32303 11011 21033 39834 49993 52045 60022 70251 83500
 333   10045 91112=
 22721 11997 00000 11007 21015 39909 40007 52050 60022 70281 333  
 10041=
 22727 12470 82304 10016 21006 39975 40022 52042 69972 884// 333  
 10050 88617 91112=
 22717 12998 02203 11010 21022 39833 40027 52041 60022 333   10038=
 22802 11998 02103 11001 21032 30004 40027 52032 69942 70281 333  
 10040=
 22820 11496 82504 10009 21013 39894 40030 52044 69952 77076 8752/
 333   10053 87619 91112=
 22831 11497 62502 10026 20002 39980 40035 52038 60032 70282 86900
 333   10052 86914=
 22805 119// 02209 10004 21029 30018 40038 52030 69952 70261 333  
 10021 91011 91111=
 22912 11584 62203 10004 21028 30041 40056 52036 60022 70286 83440
 333   10047=
 
