21:31:00 MSK 23.06.2023
020 123456/=о000=1831
 унту01 бтул 231800
 22686 82998 13201 10163 20059 30035 40129 53005 81060=
 22695 42/// /0402 10176 21001 39972 40116 52004=
 22996 82998 60000 10147 20093 39950 40127 54000 86070=
 23220 42599 60000 10057 20019 39968 40107 57005 84830=
 23226 42960 23603 10065 21012 39901 40110 57002 82030=
 23305 42999 23402 10112 20067 30134 40161 56002 82030=
 23320 66/// /2501 10074 20053 30059 40130 57006 60002 333 10125=
 23324 41982 23202 10085 20026 30052 40127 57002 70281 82040=
 23405 42979 33601 10104 20061 30060 40157 54000 82031=
 23410 66/// /3204 10108 20053 30044 40137 57004 60002 333 10130=
 23411 42599 70103 10122 20058 30060 40146 57001 87500=
 23412 42699 53503 10105 20059 30046 40140 57004 82531=
 23416 NIL=
 23418 42965 60000 10106 20073 30070 40142 54003 83031=
 23501 NIL=
 23503 42598 80000 10104 20073 30099 40148 53001 82531=
 23507 86/// /0402 10140 20059 39847 40143 52010=
 23509 42998 53401 10131 20042 30067 40142 52006 85030=
 23514 42597 73501 10080 20054 39952 40143 52003 82534=
 23518 42998 83601 10102 20043 30046 40135 58001 84079 555 53009=
 23606 42962 60302 10128 20055 39974 40133 52008 83041=
 23612 NIL=
 23701 42999 20701 10138 20051 30006 40130 52005 82041=
 23704 66/// /0000 10138 20101 39926 40039 55004 60002 333 10216=
 23707 82698 50601 10149 20070 39993 40119 52002 81532=
 23708 42998 23501 10148 20027 39983 40125 52002 80001=
 23709 42998 20101 10139 20027 39940 40124 52004 81031=
 23711 42998 63501 10123 20058 39963 40125 53006 82031=
 23803 42999 30000 10142 20053 39940 40111 57009 80001=
 23804 82697 70000 10142 20085 39982 40120 53002 82431=
 23807 42998 72802 10143 20081 39972 40126 54000 86039=
 23808 86/// /2702 10144 20045 39963 40123 52003=
 23812 42597 22201 10103 20051 39962 40119 53001 82100=
 23904 42970 70000 10121 20098 39979 40130 52002 87040=
 23905 82599 62801 10142 20042 39906 40122 52002 82401 555 50133=
 23909 82598 22301 10105 20062 39886 40123 52002 81550=
 23912 82898 21201 10112 20066 39933 40118 54000 81031 555 50097=
 23913 82999 32801 10068 20047 39899 40123 52004 80041 555 50096=
 23914 82999 21201 10152 20048 39873 40117 52001 80004=
 28013 82998 21201 10147 20036 39899 40119 52002 80001 555 50126=
 28016 82/// /0000 10130 20067 39907 40122 54001 555 50136=
 28029 82999 00000 10122 20069 39908 40119 52002 555 50119=
 28116 82899 20000 10117 20053 39902 40124 52002 81035=
 28128 82999 10301 10080 20071 39976 40125 52003 80001 555 50121=
 28134 82998 00000 10084 20056 39785 40126 52002 555 50105=
 28138 43/// /3002 10109 20031 39572 40117 52003=
 28216 82699 22801 10154 20031 39840 40123 52004 81505 555 50151=
 28222 42/// /0000 10102 20061 39936 40124 52003 555 50126=
 28224 81970 20000 10113 20060 39918 40123 52004 74000 80001=
 28234 82998 10000 10116 20036 39853 40121 52003 80001 555 50127=
 28238 82999 02101 10102 20042 39827 40120 52004 555 50118=
 28313 42/// /2202 10139 20067 39943 40126 52006 555 50144=
 28319 82598 62501 10141 20086 39975 40130 53001 84530=
 28321 82899 72801 10150 20059 39927 40120 52004 85071=
 28324 42/// /2801 10114 20056 30009 40125 52003 555 50134=
 28326 82598 50000 10091 20056 39941 40122 52006 82501 555 50125=
 28413 82599 82502 10149 20072 30018 40135 52003 86574 555 50149=
 28428 82599 80000 10118 20074 39953 40131 52002 86931 555 50142=
 28429 42/// /0000 10094 20068 39736 40135 54001 555 50124=
 22983 42598 60000 10140 20092 30032 40133 54000 82530 333 91000
 91102=
 27083 42599 60000 10133 20096 39920 40133 52001 86500 333 91000
 91101=
 27097 42998 80000 10115 20077 39887 40139 52002 86031 333 91000
 91104=
 27185 42/// /0000 10142 20089 39964 40139 52003 333 91000 91103=
 27199 42598 60000 10121 20063 39950 40140 52004 83401 333 91001
 91105=
 27281 42982 70000 10147 20081 39943 40140 52002 86079 333 91000
 91102=
 27283 42498 62901 10124 20087 39991 40141 53002 85530 333 91001
 91102=
 27295 42998 50000 10132 20059 39902 40143 52003 85070 333 91000
 91106=
 27296 41698 61701 10146 20044 39927 40135 52003 70281 83930 333 91002
 91107=
 27385 425// 60000 10124 20079 30018 40142 52004 85530 333 91001
 91103=
 27393 42598 23101 10160 20052 39980 40142 53005 82500 333 91003
 91106=
 27480 42598 20000 10118 20087 30020 40145 52004 82500 333 91000
 91102=
 28007 42999 72801 10156 20048 39885 40134 52001 87030 333 91002
 91102=
 28009 42698 40000 10113 20046 39930 40133 52004 84500 333 91000
 91104=
 28105 42998 61601 10122 20069 39944 40134 52002 86030 333 91001
 91101=
 28202 42976 63201 10131 20041 39921 40133 53002 86030 333 91001
 91102=
 28302 42998 20000 10127 20051 39918 40138 52005 82030 333 91000
 91105=
 28307 41498 30000 10121 20053 30002 40141 52006 70281 82530 333 91000
 91102=
 28402 42598 32202 10132 20081 39967 40139 52002 82532 333 91003
 91103=
 28502 42598 72602 10132 20098 30043 40143 51003 86401 333 91003
 91108=
 22550 82997 10502 10191 20070 30135 40144 52005 81030=
 22778 42598 52801 10151 20073 30065 40131 52002 82571=
 22889 42598 73001 10136 20102 30048 40131 54001 84570=
 22762 82998 10000 10137 20102 30097 40134 54001 80009=
 22638 NIL=
 22671 42998 00101 10162 20041 30063 40138 52003=
 22456 NIL=
 22583 42998 13301 10149 20074 30073 40150 53009 80001=
 22749 42998 11501 10187 20071 30011 40129 52004 81030=
 22951 42598 70101 10136 20101 39870 40139 53004 86530=
 22887 42699 61301 10140 20098 30067 40134 53003 82501=
 22876 42997 52401 10126 20082 30061 40131 54000 84031=
 22481 42998 00401 10130 20065 30115 40166 54000=
 22854 42699 20000 10179 20076 39860 40132 53004 82501=
 22781 NIL=
 22676 42998 00201 10176 20002 30057 40130 53005=
 22648 42998 10000 10197 20077 30092 40135 53004 81030=
 22559 82998 00802 10180 20044 30130 40146 57004=
 22869 42997 50000 10160 20051 39996 40137 52002 80030=
 22768 42697 20000 10183 20073 30087 40134 52002 82530=
 22798 42598 60000 10158 20067 30014 40121 54001 82531=
 22375 NIL=
 23207 NIL=
 23215 42998 33203 10080 20047 30054 40141 54001 82039=
 23219 NIL=
 27095 NIL=
 22408 12799 61004 10195 20077 39982 40122 52003 60002 82470 333  
 10219=
 22511 12698 51003 10194 20077 30008 40122 52006 60002 83431 333  
 10230=
 22529 12999 20501 10159 20087 30127 40133 54000 60002 80002 333  
 10211=
 22602 11458 81302 10150 20134 39899 40113 57001 60042 72582 889//
 333   10153 88912=
 22621 12998 22401 10180 20117 39997 40129 52004 60002 82030 333  
 10213=
 22619 12480 70000 10141 20124 39969 40121 57001 60002 86551 333  
 10164=
 22721 12698 80000 10158 20127 30033 40126 54000 69902 885// 333  
 10171 88646=
 22727 12464 80000 10156 20135 30102 40148 52/// 69932 76100 8872/
 333   10170=
 22717 11297 81101 10144 20139 39934 40119 54000 60032 76100 8872/
 333   10148 86705=
 22802 12599 81302 10159 20143 30091 40113 52004 69982 885// 333  
 10178 88623=
 22820 11757 81001 10137 20128 39994 40124 52003 60032 76162 8652/
 333   10152 86655=
 22831 12998 60000 10166 20104 30074 40126 52007 60002 82031 333  
 10227=
 22805 11495 81104 10159 20148 30086 40105 52002 69992 78084 8393/
 333   10164=
 22912 11957 81102 10161 20151 30100 40114 52003 60012 76186 8802/
 333   10174=
 
