18:31:00 MSK 13.07.2023
020 123456/=о000=1531
 уйту01 бтул 131500
 22686 61497 80603 10157 20149 39964 40058 51008 60022 76162 8657/ 333
 10166 86612 555 50160 53008=
 22695 11497 80703 10153 20137 39906 40049 53008 60042 78082 889// 333
 10162 85919 555 50154 53011=
 22996 61598 62102 10160 20134 39880 40055 52009 60022 72582 83931 333 10180 555 50154 53009=
 23220 12599 11004 10155 20039 30025 40159 57008 60002 81500 333 10178 555 50122 53008=
 23226 12960 10205 10161 20044 39960 40164 57004 60002 81080 333 10182 
 555 50121 53009=
 23305 12999 50705 10220 20085 30089 40115 54000 60002 85070 333 10236
 91110 555 50169 53012=
 23320 76/// /1105 10187 20046 30065 40133 57004 333 60002 91110 555 50151 53013=
 23324 12989 20805 10182 20049 30073 40146 58007 60002 80002 333 10200
 555 50143 53012=
 23405 12578 71303 10164 20124 30016 40109 52002 60002 
 85530 333 10178 85624 555 50149 53009=
 23410 76/// /0804 10200 20060 30029 40120 54001 333 60002 91112=
 23411 12599 80903 10195 20085 30032 40115 51001 60002 885// 333 10221
 555 50160 53013=
 23412 12699 51104 10199 20077 30029 40119 58001 60002 82530 333 10223 91110 555 50161 53013=
 23416 NIL=
 23418 12965 71502 10153 20089 30054 40124 52007 60002
 87030 333 10210 555 50156 53006=
 23503 12698 81204 10145 20103 30066 40114 51001 60002 8197/ 333 10170
 91110 555 50141 53010=
 23507 66/// /1202 10129 20129 39793 40088 52005 60002 333 10140 555 50131 53008=
 23509 11498 80802 10133 20117 30025 40099 52007 60052 70262 8652/ 333
 10159 86619 555 50144 53009=
 23514 11397 80903 10113 20110 39924 40112 52002 60072 72582 889// 333 10142 86708 91110 555 50129 53010=
 23518 11698 80903 10124 20102 30033 40121 51001 60062 70282 889// 333
 10173 86649 555 50151 53014=
 23606 11245 80904 10130 20130 39930 40088 52009 60182 76086 8872/ 333 10153 86703 555 50143 53010=
 23701 12699 60703 10180 20162 39943 40063 52008 60052 83981 333 10187
 555 50166 53009=
 23704 76/// /0000 10206 20161 39926 40039 55004 333 60002=
 23707 61498 71802 10190 20145 39928 40050 52011 69942 70282 83930 333 10201 555 50179 53008=
 23708 11598 71402 10190 20142 39924 40063 53009 69992 70282 82930 333 10206 555 50190 53007=
 23709 12598 71902 10187 20135 39888 40068 52007 60012 87300 333 10206
 86923 555 50187 53006=
 23711 12498 80703 10152 20136 39929 40089 52008 60072 883// 333 10157 86712 555 50148 53008=
 23803 11599 72002 10212 20130 39896 40062 52007 69902 70282 87900 333
 10212 555 50196 53007=
 23804 62597 62202 10180 20137 39918 40053 52010 69942 82131 333 10198 555 50177 53007=
 23807 61497 61401 10175 20148 39905 40056 52005 60012 72582 82931 333 10186 555 50166 53009=
 23808 66/// /1801 10194 20133 39906 40062 51009 60002 333 10209=
 23812 12597 61301 10210 20119 39923 40073 52003 60022 86900 333 10211
 555 50190 53007=
 23904 12570 52003 10172 20119 39915 40062 52008 60052 82331 333 10197
 555 50160 53007=
 23905 61599 60701 10180 20133 39852 40064 52005 60012 72582 82930 333
 10193 555 53007=
 23909 62598 32102 10188 20123 39842 40070 52003 60012 82801 333
 10194=
 23912 61598 71202 10182 20142 39897 40076 54001 60002 70382 83931 333
 10200 555 53008=
 23913 62999 43001 10203 20111 39864 40077 55002 60002 82033 333 10219
 555 53008=
 23914 62499 71902 10179 20136 39836 40076 52002 60002 87901 333
 10193=
 28013 62598 62901 10188 20110 39854 40069 54001 69932 85930 333 10199
 555 53007=
 28016 61599 52502 10189 20122 39861 40070 52002 69952 70282 84930 333
 10207 555 53009=
 28029 12699 71402 10189 20118 39868 40073 57003 69952 86570 333 10202
 555 53008=
 28116 62599 62201 10189 20112 39855 40070 57001 69952 82969 333
 10218=
 28128 62599 80000 10202 20121 39931 40073 57005 60002 82431 333 10208
 555 53010=
 28134 62598 80000 10170 20141 39747 40075 57005 60002 85489 333 10193
 555 53006=
 28138 12599 72501 10177 20089 39543 40073 57008 69992 86501 333
 10199=
 28216 62599 62901 10207 20083 39790 40066 57006 60022 86900 333 10212
 555 53008=
 28222 62598 80000 10201 20105 39891 40072 57005 60002 85851 333 10220
 555 53005=
 28224 62670 60802 10202 20108 39870 40067 57008 69982 83375 333
 10210=
 28234 62599 33601 10208 20081 39814 40072 57009 60002 82241 333 10215
 555 53008=
 28238 62599 73102 10189 20111 39791 40073 57006 69932 82831 333 10211
 555 53009=
 28313 62598 52302 10215 20059 39888 40066 57007 69952 82101 333 10222
 555 53008=
 28319 62599 61201 10220 20072 39917 40067 57008 60002 82250 333
 10228=
 28321 62599 52801 10218 20073 39877 40065 57009 60002 82101 333
 10228=
 28324 62599 53201 10224 20050 39955 40066 57006 60002 82901 333 10241
 555 53007=
 28326 62598 51201 10213 20098 39894 40067 57011 60002 82501 333 10230
 555 53010=
 28413 62599 60201 10201 20083 39952 40066 57007 60002 85581 333 10233
 555 53009=
 28428 62599 80000 10231 20043 39891 40061 57012 60002 82931 333 10239
 555 53008=
 28429 62998 63501 10201 20079 39683 40065 57011 60002 80001 333 10231
 555 53009=
 22983 12498 81901 10167 20127 39950 40048 52010 69942 8595/ 333 10189
 91003 91105 555 50158 53007=
 27083 12599 61202 10151 20125 39839 40048 52002 69902 86800 333 10155
 91004 91104 555 50139 53009=
 27097 11498 71102 10147 20135 39812 40059 52004 60032 70282 82331 333
 10160 91004 91107 555 50135 53007=
 27185 12598 71501 10167 20123 39880 40052 52003 60012 85441 333 10177
 91003 91103 555 50140 53008=
 27199 12598 71801 10170 20124 39876 40061 52001 69932 86330 333 10192
 91001 91103 555 50148 53006=
 27281 12482 72001 10164 20115 39856 40051 52003 69902 83972 333 10181
 91002 91107 555 50140 53009=
 27283 12498 61201 10177 20116 39908 40054 54000 69982 84931 333 10178
 91001 91103 555 50144 53007=
 27295 12598 61101 10165 20114 39823 40060 52001 69992 84579 333 10196
 91002 91106 555 50141 53006=
 27296 12598 71801 10166 20107 39858 40062 52001 69932 82930 333 10193
 91002 91104 555 50148 53006=
 27385 125// 61501 10172 20126 39934 40054 52001 69902 85530 333 10191
 91002 91106 555 50150 53007=
 27393 12598 50000 10191 20076 39905 40064 58001 60042 82940 333 10199
 91002 91108 555 50154 53008=
 27480 12498 61402 10180 20122 39935 40055 57001 60012 86900 333 10196
 91004 911// 555 50150 53006=
 28007 11457 81701 10153 20115 39821 40068 52004 60012 78022 883// 333
 10189 88911 91003 91104 555 50144 53007=
 28009 11498 62401 10178 20103 39871 40068 54000 60032 70282 86900 333
 10193 91002 91105 555 50152 53008=
 28105 11598 71601 10164 20114 39884 40065 52001 60022 70262 86830 333
 10184 91002 91106 555 50143 53006=
 28202 12583 62401 10158 20100 39861 40070 52005 69902 85930 333 10198
 91003 91105 555 50146 53006=
 28302 12598 61801 10191 20089 39847 40060 57004 69902 82930 333 10215
 91002 91106 555 50151 53007=
 28307 12498 63301 10196 20102 39923 40057 57003 69902 84931 333 10212
 91003 91106 555 50159 53007=
 28402 12598 71702 10187 20115 39893 40060 57004 69902 85931 333 10214
 91003 91107 555 50161 53008=
 28502 12598 72202 10202 20077 39964 40060 56008 69932 87900 333 10216
 91003 91106 555 50166 53009=
 22550 62697 80703 10204 20129 30046 40055 52006 60002 885// 333 10209 88639 555 50170 53010=
 22778 11596 80801 10184 20169 39968 40033 52010 60052 78082 8697/ 333
 10199 555 50171 53007=
 22889 12498 71302 10179 20132 39966 40047 51010 69902 86540 333 10195
 86618 555 50169 53008=
 22762 61496 80201 10161 20155 30005 40041 52008 60052 76162 8672/ 333
 10165 555 50155 53006=
 22638 46/// /0802 10162 20122 39836 40048 52008=
 22671 11697 80803 10158 20135 39980 40054 51011 69902 78082 8697/ 333
 10186 86933 91110 555 50155 53010=
 22456 12597 80903 10199 20120 39988 40069 53007 60002 885// 333 10228
 91012 91112 555 50164 53008=
 22583 11697 80701 10140 20127 30008 40085 52008 69942 78082 8697/
 333 10193 555 50153 53007=
 22749 NIL=
 22951 11497 81601 10141 20128 39767 40033 52012 60032 78082 889// 333
 10146 555 50126 53007=
 22887 12599 71302 10178 20143 39971 40036 52007 
 69972 83931 333 10193 555 50168 53007=
 22876 11497 72107 10177 20157 39969 40039 52007 60032 70282 84930 333
 10186 555 50170 53005=
 22481 11598 70802 10183 20112 30042 40092 52006 69902 72522 
 84930 333 10209 91112 555 50162 53013=
 22854 12599 81601 10144 20128 39761 40033 52014 69942 885// 333 10167
 88620 555 50131 53011=
 22781 NIL=
 22676 11598 80702 10150 20139 39975 40048 52009 60022 70282 889// 333
 10170 555 50157 53010=
 22648 NIL=
 22559 62798 80702 10193 20128 30040 40055 52004 60002 8657/ 333 10197
 86655 555 50163 53010=
 22869 11497 81502 10158 20140 39896 40036 53011 69932 78082 889// 333 10186 86913 555 50151 53005=
 22768 11597 73401 10180 20159 39986 40032 52008 60032 70282 87900 333 10183 85625 555 50160 53008=
 22798 11497 60000 10161 20152 39944 40050 52010 60042 78082 85930 333
 10190 555 50175 53007=
 22375 46/// /0607 10219 20110 30081 40095 52001 333 91114=
 23207 12999 20807 10210 20075 30106 40127 54000 60002 80001 333 10225
 91011 91114 555 50152 53015=
 23215 NIL=
 23219 NIL=
 27095 76/// /2103 10147 20136 39855 40071 52004 333 60002 555 50143 53007=
 22408 22999 61003 10208 20058 39930 40069 57005 86030 333   69902=
 22511 22998 50604 10195 20066 39951 40064 57001 80009 333   60002
 91110=
 22529 22599 83001 10171 20126 30049 40055 52002 885// 333   60002
 88629=
 22602 22478 73501 10163 20112 39849 40061 57002 87900 333   69902
 87910=
 22621 73570 /0101 10167 20114 39925 40056 52004 333   60002=
 22619 22482 70701 10156 20121 39902 40052 52004 87500 333   60002=
 22721 22698 80701 10176 20119 39955 40047 52005 885// 333   69912
 88636=
 22727 76546 /3302 10147 20131 30005 40050 52006 333   69912=
 22717 73/70 /3502 10171 20118 39869 40051 52001 333   60002=
 22802 22699 83102 10170 20112 30039 40061 54000 8255/ 333   60002=
 22820 22569 83302 10157 20123 39918 40047 52004 8553/ 333   60002
 85620=
 22831 22598 80401 10170 20133 39984 40036 52013 889// 333   60002
 88925=
 22805 22598 83501 10166 20115 30038 40057 57001 885// 333   60002=
 22912 22599 83502 10170 20122 30037 40051 52005 883// 333   60002
 86627=
 
