00:31:00 MSK 27.02.2023
020 123456/=о000=2131
 уйту01 бтул 262100
 22686 41997 80303 11093 21112 39959 40062 57032 77072 86025=
 22695 42498 60705 11095 21124 39892 40050 57036 85530 333 85616=
 22996 42/// /1702 11020 21020 39790 49975 56030=
 23220 42599 20602 11265 21296 30050 40209 57009 82500=
 23226 42960 01002 11252 21277 39978 40219 58005=
 23305 42/// /0901 11227 21250 30129 40159 57013=
 23320 86/// /0201 11295 21334 30110 40193 58012=
 23324 42982 00402 11280 21309 30110 40197 57012=
 23405 42997 01002 11146 21152 30034 40139 57021=
 23410 86/// /0702 11179 21203 30073 40177 57013=
 23411 42/// /0502 11177 21192 30068 40164 58017=
 23412 42999 00802 11178 21200 30068 40173 57015=
 23416 NIL=
 23418 42965 01201 11197 21216 30085 40165 57020=
 23503 42/// /3101 11280 21314 30089 40146 58024=
 23507 86/// /0801 11137 21147 39786 40113 58033=
 23509 42/// /0501 11200 21221 30039 40123 58034=
 23514 41997 50801 11197 21216 39934 40148 57025 72272 83011=
 23518 42/// /3601 11264 21292 30057 40159 58011=
 23606 42960 80904 11113 21126 39930 40111 57035
 8805/=
 23704 86/// /0705 11080 21080 39926 40039 55004=
 23701 41424 80605 11084 21098 39928 40062 58042 77372 8872/ 333
 85510=
 23707 81496 80605 11074 21086 39887 40023 57049 77177 8872/ 333 86510=
 23708 42/// /0603 11080 21096 39893 40046 58051=
 23709 42/// /0802 11077 21097 39872 40069 58048=
 23711 42998 80703 11112 21130 39930 40107 57045 8807/=
 23803 41495 81004 11062 21083 39863 40047 58060 77373 8802/ 333 88514=
 23804 81395 80602 11069 21079 39864 40012 57047 77372 8872/ 333 86707=
 23807 42/// /0703 11057 21057 39832 49995 57044=
 23808 86/// /0803 11056 21065 39848 40019 56055=
 23812 41996 81302 11074 21093 39929 40096 58048 77172 8802/=
 23904 41224 81603 11028 21029 39836 49993 56042 77372 8772/ 333 87706=
 23905 41595 81201 11040 21046 39785 40014 57047 77372 8802/=
 23909 41495 81304 11032 21041 39788 40034 57051 77372 8652/=
 23912 42/// /1404 11036 21046 39880 40074 56054=
 23913 41597 81305 11046 21075 39876 40109 57047 77172 8872/=
 23914 81492 81305 11038 21043 39810 40069 57050 77572 8802/=
 28013 41395 81505 11026 21039 39810 40042 57049 77373 8872/ 333 91011
 91112=
 28016 42/// /1504 11020 21020 39813 40039 57040=
 28029 41895 81606 11024 21029 39857 40077 57044 77372 8807/ 333
 91010=
 28116 41494 81703 11019 21026 39818 40048 57036 77573 8872/=
 28128 41595 81705 11019 21024 39925 40079 57039 77373 8802/=
 28134 41494 81702 11022 21034 39745 40099 57043 77572 8872/ 333
 91110=
 28138 43/// /1605 11036 21044 39558 40133 57038=
 28216 41895 81707 11021 21030 39770 40069 56028 77373 8802/ 333 91012
 91113=
 28222 42/// /1705 11023 21028 39894 40090 57035=
 28224 41406 81706 11026 21033 39881 40097 57030 77573 8802/ 333 91010
 91112=
 28234 41594 81805 11022 21036 39837 40119 56039 77573 885// 333 91012
 91112=
 28238 41596 81905 11020 21034 39837 40144 56034 77172 885//=
 28313 42/// /1706 11015 21024 39887 40080 56027 333 91111=
 28319 41496 81804 11022 21030 39936 40102 57029 77173 8802/ 333
 91110=
 28321 41496 81806 11024 21029 39879 40085 57034 77173 8872/ 333 91013
 91113=
 28324 42/// /1808 11017 21033 39980 40102 57031 333 91012 91115=
 28326 41598 71906 11021 21036 39934 40123 57028 73632 87500 333 91010
 91113=
 28413 41594 81705 11005 21019 39970 40093 57024 78683 883// 333 91010
 91114=
 28428 41595 81806 11027 21045 39950 40138 58026 77373 8802/ 333 91011
 91115=
 28429 42/// /1906 11028 21038 39738 40157 58025 333 91011 91113=
 22983 41456 80502 11044 21050 39868 49974 57030 77172 8872/ 333 91003
 91105=
 27083 41484 82103 11005 21010 39755 49976 57012 72272 8802/ 333 91003
 91105=
 27097 42/// /1804 11001 21001 39732 49991 57010 333 91007 91108=
 27185 42/// /1902 10005 20000 39820 40002 57002 333 91004 91106=
 27199 41498 82103 10007 20003 39819 40014 57007 70272 8671/ 333 91005
 91107=
 27281 41456 82004 10003 21007 39802 40008 52003 77172 8872/ 333 91007
 91108=
 27283 42497 82203 10006 20001 39855 40011 57009 887// 333 91005
 91107=
 27295 42/// /1803 10001 21006 39777 40027 57003 333 91005 91109=
 27296 41997 81903 10003 21007 39809 40026 57004 70272 8807/ 333 91005
 91107=
 27385 424// 81903 10007 21007 39902 40029 52003 8475/ 333 91005
 91108=
 27393 41497 82007 10007 20002 39875 40045 57003 73673 8662/ 333 91008
 91110=
 27480 41398 81902 10010 20003 39910 40037 52002 72782 889// 333 91005
 91110=
 28007 41396 81903 11004 21011 39748 40008 56016 71072 886// 333 88709
 91007 91107=
 28009 41496 81804 11007 21021 39813 40022 57025 78582 889// 333 91006
 91109=
 28105 41498 82104 10003 21003 39819 40017 57010 70272 888// 333 91008
 91108=
 28202 41996 82205 11000 21010 39811 40032 57011 77172 8807/ 333 91008
 91109=
 28302 41597 82004 11001 21007 39821 40049 56006 72682 889// 333 91007
 91109=
 28307 41498 81803 10009 20003 39908 40051 55002 70282 885// 333 91006
 91108=
 28402 41459 82006 10004 20002 39882 40061 54000 77172 8872/ 333 91009
 91112 93717=
 28502 41596 82007 10007 21007 39975 40078 52001 76876 8872/ 333 91008
 91112=
 22550 82970 03401 11218 21241 30101 40112 57009=
 22778 41495 80304 11067 21085 39950 40021 57021 77372 8872/=
 22889 42/// /0802 11050 21052 39897 49984 56033=
 22762 42/// /3601 11072 21079 30009 40049 57018=
 22638 46/// /0203 11099 21114 39881 40116 52001=
 22671 42/// /0304 11129 21138 39998 40081 57019=
 22456 42/// /0000 11192 21210 30031 40126 57008=
 22583 42998 33501 11240 21264 30022 40110 57024 83070=
 22749 NIL=
 22951 42/// /0303 11071 21081 39734 40021 52008=
 22887 41295 80302 11055 21059 39916 49987 57026 77377 8872/ 
 333 86705=
 22876 42/// /0303 11063 21066 39926 40000 56023=
 22481 42/// /0000 11284 21310 30071 40131 57014=
 22854 NIL=
 22781 NIL=
 22676 42898 70302 11103 21123 39985 40066 57021 87070=
 22648 NIL=
 22559 42/// /0000 11161 21180 30085 40103 57012=
 22869 42/// /0304 11060 21071 39850 40001 55006=
 22768 41396 80304 11067 21083 39977 40028 57011 77173 8872/ 333
 85709=
 22798 42/// /0404 11072 21081 39904 40019 57043=
 22375 46/// /1301 11234 30115 40132 57007=
 23207 NIL=
 23215 NIL=
 23219 NIL=
 27095 86/// /1803 11001 21001 39772 49999 56015=
 22408 42984 03501 11256 21283 30001 40168 57006 333   93502=
 22511 42984 00000 11243 21272 30030 40164 57003 333   93503=
 22529 41598 83002 11106 21119 30127 40134 54000 70272 885// 333  
 88625=
 22602 42977 02701 11211 21229 39929 40176 52003 333   93502=
 22621 83/66 /3202 11103 21123 39996 40142 52002=
 22619 41396 83006 11099 21115 39973 40139 52006 77172 8872/ 333  
 87709=
 22721 41497 73002 11087 21106 30024 40126 52008 78582 87900 333  
 85710=
 22727 86/70 /3303 11108 21124 30067 40117 52012=
 22717 83/69 /3302 11115 21126 39934 40137 52016=
 22802 42998 03303 11093 21119 30117 40142 52020=
 22820 42598 33002 11116 21133 39972 40116 52019 83500 555   51066=
 22831 41996 80102 11074 21102 30019 40076 52013 77172 8802/=
 22805 429// 03504 11071 21092 30115 40135 52022 333   91010 91110=
 22912 41984 23603 11085 21118 30086 40102 52028 70231 82040=
 
