06:31:00 MSK 21.04.2023
020 123456/=о000=0331
 уйту01 бтул 210300
 22686 12498 80000 10020 20005 30050 40150 57009 60002 8257/ 333 20016 42025 55001 555 53005 7000/=
 22695 12998 82701 10018 21003 39983 40135 57007 60002 8805/ 333 20013
 42019 555 53008 7000/=
 22996 12599 71401 10009 21037 39970 40160 57007 60002 83530 333 21017
 55134 555 53006 7000/=
 23220 11496 82602 11004 21013 39933 40075 57002 69992 77172 887// 333 21018 43102 55000 555 53008 7003/=
 23226 11960 52001 11025 21034 39860 40076 57004 60032 70172 85070 333 
 21025 49094 555 53010 7007/=
 23305 11970 82503 10003 21016 30084 40111 57005 69972 77072 8807/ 333
 21004 43026 555 53009 7001/=
 23320 76/// /2502 10000 21012 30022 40095 54001 333 21008 60002 555 53007 7000/=
 23324 11580 72703 11001 21025 30013 40090 53001 69932 70272 81970 333
 21005 49047 55006 555 53008 7002/=
 23405 12571 82602 10001 21026 30023 40123 57005 69902 8295/ 333
 20000 43045 55010 555 53006 7998/=
 23410 76/// /2504 11008 21022 30003 40100 54000 333 21013 60002 555 7000/=
 23411 11599 72603 11004 21018 30019 40108 57001 69902 70282
 87900 333 21014  48040 555 53009 7997/ =
 23412 12499 72803 11005 21020 30006 40103 54000 69942 87300 333 21012 47054 55016 84918 555 53007 7001/=
 23416 NIL=
 23418 11560 83001 10005 21015 30040 40114 57008 69902 78582 8695/
 333 20001 44060 55004 83920 555 53007 7990/=
 23501 NIL=
 23503 11598 82802 10006 21024 30073 40123 56002 69952 70282 8295/ 333
 21006 44045 555 53008 7998/=
 23507 66/// /3301 11000 21032 39824 40135 58002 60002 333 21012 555 53007 7000/=
 23509 12998 82802 10010 21018 30051 40129 53001 69912 885// 333 20007
 44042 88623 555 53011 7991/=
 23514 11597 83001 10006 20000 39924 40120 57002 69932 78582 889// 333
 20003 43063 55033 85924 555 53008 7993/=
 23518 12698 82301 10011 21003 30025 40117 56004 60002 8697/ 333 21001
 44064 55056 85649 555 53006 7000/ 91209=
 23606 12462 82602 10021 20003 39963 40129 57004 60002 885// 333 20000 43041 55003 88618 555 53005 7000/=
 23612 12998 82402 10016 21008 39987 40121 57005 60002 8807/ 333 21005 43045 555 53008 7000/=
 23701 12999 73201 10025 20000 40151 57006 60002 87030 333 20003 42020
 555 53006 7000/=
 23704 76/// /0000 10009 20009 39926 40039 55004 333 21017 60002 555 50034 7000/=
 23707 62598 82801 10006 21007 30017 40150 57007 60002 889// 333 21008
 41003 55090 86626 555 53004 7990/=
 23708 12984 82501 10012 21017 30002 40151 57007 60002 8005/ 333 21022
 46997 555 53006 7000/ 91210=
 23709 12598 82402 10017 21025 39957 40150 57005 60002 885// 333 21011
 42002 88626 555 53004 7000/=
 23711 12998 60000 10027 21014 39965 40134 57007 60002 86070 333 21018 43027 55072 555 53004 7000/=
 23803 12999 80000 10008 21029 39977 40158 56005 60002 8805/ 333 21027 55128 555 53006 7000/=
 23804 62697 70000 10019 21009 30005 40150 57008 60002 82530 333 21016 41001 55105 555 53005 7000/=
 23807 12998 30101 10001 21010 39995 40158 57007 60002 80039 333 21023
 45998 55141 555 53006 7000/=
 23808 66/// /1201 11012 21035 39990 40160 57006 60002 333 21042 555 7000/=
 23812 12997 50000 10007 21058 39981 40144 57005 60002 85030 333 21042
 42030 555 53003 7000/=
 23904 12970 80000 11006 21040 30003 40161 57004 60002 8805/ 333 21044
 555 53003 7000/=
 23905 12599 60000 11005 21044 39930 40159 57004 60002 86500 333 21042
 34103 555 53004 7000/=
 23909 12998 82501 10019 21066 39911 40156 57001 60002 80001 333 21027
 34104 55141=
 23912 12998 50000 10008 21051 39953 40146 57003 60002 80001 333 21036
 3/100 45001 555 53007 7000/=
 23913 12999 30000 11031 21067 39920 40153 57003 60002 80001 333 21074
 3/106 43021 55114 555 53002 7000/=
 23914 62998 30301 10030 21093 39890 40146 57001 60002 80004 333 20009
 34101 55143=
 28013 12998 62802 10029 21079 39921 40151 54001 60002 80001 333 20006
 34103 555 53007 7000/=
 28016 12599 30000 10019 21041 39931 40155 57002 69902 82501 333 21025
 34101 555 53004 7990/=
 28029 12699 71701 10065 21051 39929 40145 57003 60002 83585 333 20020
 31100 55138 555 53004 7000/=
 28116 12499 72501 10041 21060 39925 40154 57004 60002 82531 333 20012
 31101 55118=
 28128 12599 81901 10043 21034 30007 40159 57003 60002 82531 333 20006
 31000 55135 555 53004 7000/=
 28134 12698 82201 10043 21061 39813 40160 57005 60002 82575 333 21009
 3/102 41998 555 53003 7000/=
 28138 12999 81902 10032 21109 39606 40169 57002 60002 80005 333 21001
 3/105 42004 55142=
 28216 12699 62002 10060 21030 39868 40161 57005 60002 82505 333 20044
 30001 555 53006 7000/=
 28222 12598 81602 10054 21048 39971 40163 57002 60002 86805 333 20021
 31001 555 53004 7000/=
 28224 12670 81401 10059 21029 39955 40165 57004 60002 82905 333 20016
 30100 55133=
 28234 12499 51702 10051 21080 39897 40172 54001 60002 82931 333 20029
 30001 555 53004 7000/=
 28238 12599 70901 10010 21064 39877 40182 57002 60002 86501 333 21034
 3/106 41998 55135 555 53003 7000/=
 28313 12598 71801 10009 21036 39979 40172 57004 60002 85530 333 21022
 30000 555 53003 7000/=
 28319 11496 81701 10072 20025 30010 40170 57005 69902 76161 8802/ 333
 21013 31001=
 28321 12599 81902 10029 21018 39966 40169 57005 60002 83971 333 20012
 30101=
 28324 12698 80000 10027 21028 30052 40173 57004 60002 8554/ 333 21035
 30103 555 53002 7000/=
 28326 12898 60000 10025 21030 39989 40175 57004 60002 84031 333 21037
 30102 55134 555 53003 7000/=
 28413 11599 81402 10064 20039 30045 40165 58008 69972 70262 8657/ 333
 20044 31003 555 53004 7997/=
 28428 12598 83402 10002 21020 39992 40179 58007 60002 889// 333 21030
 30102 555 53004 7000/=
 28429 12898 80000 10046 20004 39776 40184 57003 60002 82031 333 21021
 30102 555 53002 7000/=
 22983 12998 80000 10008 21027 30056 40162 57011 60002 86031 333 21018
 55128 91001 91102 555 53005 7000/=
 27083 12599 60000 10006 21036 39936 40160 57007 60002 86800 333 21022
 91000 91102 555 53005 7000/=
 27097 12998 73401 10014 21041 39898 40161 57004 60002 86089 333 21024
 34101 91003 91103 555 53004 7000/=
 27185 12698 60000 10013 21046 39972 40157 57008 60002 85501 333 21020
 34100 91000 91101 555 53002 7000/=
 27199 12998 51701 10054 21041 39958 40153 57008 60002 80001 333 20010
 55107 91002 91102 555 53004 7000/=
 27281 12982 60000 10006 21034 39951 40159 57005 60002 83036 333 21012
 30000 91001 91103 555 53006 7000/=
 27283 12998 23501 10034 21030 30001 40156 57005 60002 80001 333 20003
 31100 91001 91103 555 53004 7000/=
 27295 12998 50000 10043 21040 39911 40159 57005 60002 85040 333 20017
 30002 91000 91102 555 53003 7000/=
 27296 12598 61602 10040 21054 39938 40154 57006 60002 82930 333 20030
 30101 55124 91003 91104 555 53004 7000/=
 27385 129// 30000 11003 21027 30035 40165 57004 60002 83030 333 21017
 31102 91000 91102 555 53002 7000/=
 27393 12998 52402 11002 21036 39998 40170 57005 60002 82081 333 21017
 30104 55136 91004 91104 555 53004 7000/=
 27480 12998 10000 10001 21031 30039 40169 57005 60002 81030 333 21017
 31100 91000 91102 555 53005 7000/=
 28007 12999 61201 10051 21101 39897 40156 57005 60002 85031 333 20014
 55126 91002 91104 555 53007 7000/=
 28009 12698 80000 10006 21047 39952 40164 57004 60002 82501 333 21029
 30102 91001 91103 555 53004 7000/=
 28105 12998 30000 10009 21045 39958 40158 57004 60002 82081 333 21026
 30103 91000 91102 555 53005 7000/=
 28202 11575 52501 10062 21053 39937 40155 57004 69902 70282 82931 333
 21000 30101 91001 91115 555 53015 7990/=
 28302 12998 21301 10010 21047 39936 40166 57005 60002 82030 333 21025
 30102 91001 91101 555 53002 7000/=
 28307 12998 11301 10015 21025 30022 40167 56005 60002 81030 333 21007
 30101 91001 91102 555 53004 7000/=
 28402 11998 30000 10076 20018 39988 40164 57004 69902 70261 81031 333
 20054 30002 91001 91103 555 53009 7990/=
 28502 12698 82801 10052 20002 30063 40166 55003 60002 82431 333 20017
 30000 55097 91001 91104 555 53005 7990/=
 22550 11597 70000 10027 20008 30136 40146 57011 69902 72522 86960 333
 20006 42020 55031 86923 555 53003 7991/=
 22778 11598 70000 10017 20013 30093 40163 57008 69912 72582 85970 333
 20006 42010 55054 555 53003 7991/=
 22889 12598 72901 10016 21007 30075 40162 57009 60002 83530 333 20001
 41998 555 53006 7000/=
 22762 12497 82601 10016 20016 30123 40162 57007 60002 886// 333 21009
 43014 555 53002 7000/ 91205=
 22638 46/// /2501 11013 21014 39952 40181 57011=
 22671 12698 82301 10017 20017 30063 40142 57015 69902 885// 333 20005
 3/100 43044 55000 88633 555 53003 7990/=
 22456 11597 72201 10014 20014 30041 40128 57013 69942 70282 82502 333
 20000 43031 555 53003 7001/=
 22583 11598 72501 10010 21008 30056 40137 57010 69912 70228 87500
 333 20005 44050 55011 555 53006 7991/=
 22749 NIL=
 22951 12598 82601 10024 21005 39897 40179 57008 60002 885// 333 20012
 41/// 555 53003 7000/=
 22887 12699 70000 10000 21003 30096 40167 57005 60002 83531
 333 21010 55108 555 53004 7000/=
 22876 12997 82601 10036 20005 30090 40162 57010 60002 8805/ 333 20004
 555 50054 53004 7000/ 91206=
 22481 11496 82003 10001 20001 30071 40124 57015 69932 77172 8802/ 333
 20001 44041 555 53008 7993/=
 22854 12898 62901 10006 21008 39887 40178 57008 60002 85031 333 21004
 42010 55013 555 53003 7000/=
 22781 NIL=
 22676 12598 80101 10011 20002 30071 40149 57012 60002 8355/ 333 21007
 42998 555 53004 7000/=
 22648 NIL=
 22559 12598 82702 10026 20005 30131 40148 57014 69902 8397/ 333 20019
 44029 55009 555 53003 7990/=
 22869 12997 70000 10009 21015 30023 40173 57010 60002 80050 333 20000
 41998 555 53003 7000/ 91207=
 22768 12597 82201 10024 20003 30113 40163 57008 69912 8655/ 333 20023
 41001 55015 86632 555 53003 7991/=
 22798 12598 80000 11000 21019 30043 40157 57007 60002 8455/ 333 21021
 41998 555 53002 7990/=
 22375 NIL=
 23207 12599 82503 10000 21013 30076 40099 57007 69932 885// 333 21004
 43029 55000 555 53008 7999/=
 23215 NIL=
 23219 NIL=
 27095 76/// /3001 11013 21050 39943 40175 57003 333 21040 60002 555 53004 7000/=
 22408 22999 83202 10007 21004 30029 40180 57005 82079 333   21005
 55053 60002 555   7001/=
 22511 22998 72801 10036 20006 30052 40173 57006 83049 333   21014
 69902 555   7991/=
 22529 22599 82502 10035 20012 30154 40161 57013 87532 333   20022
 60002 87629 555   7000/=
 22602 22478 62801 10019 20014 39961 40187 57010 83530 333   21026
 55037 60002 555   7000/=
 22621 73770 /2102 10004 20000 30034 40175 57014 333   21025 55004
 60002 555   7992/=
 22619 23/70 /3002 10009 21003 30018 40178 57014 333   21015 6///2=
 22721 22998 63001 10007 21002 30084 40183 57011 84039 333   20004
 60002 555   7990/=
 22727 76/70 /0000 10029 20014 30142 40190 57007 333   20028 69932
 555   7993/=
 22717 73/70 /2702 10000 21010 30004 40200 57006 333   21014 60002
 555   7000/=
 22802 22999 72001 10015 20003 30179 40203 57005 81031 333   20012
 55066 60002 555   7000/=
 22820 22670 22701 10010 21006 30054 40191 57005 82500 333   20010
 55022 60002 555   7000/=
 22831 22598 72601 10018 20003 30128 40184 57008 87500 333   20010
 55035 69902 87628 555   7990/=
 22805 22598 63502 10037 20016 30184 40204 57004 82531 333   20032
 55073 60002 555   7000/=
 22912 21970 20000 11017 21022 30177 40193 57004 71100 81031 333  
 21020 69902 555   7000/=
 
