03:31:00 MSK 07.07.2023
020 123456/=о000=0031
 унту01 бтул 070000
 22686 81998 82403 10141 20126 30033 40128 52002 70282 8805/ 555 11013=
 22695 41598 72503 10130 20112 39966 40112 53001 72582 84930 555 11013=
 22996 42/// /2001 10125 20121 39996 40175 52008 555 1/015=
 23220 43/// /0603 10115 20108 39936 40071 57006 555 1/012=
 23226 41958 21503 10114 20098 39868 40073 57005 72841 82030 555 12011=
 23305 42/// /2405 10136 20128 30029 40056 54001 555 1/013=
 23320 86/// /2204 10140 20093 30008 40077 57002=
 23324 42983 52103 10143 20115 30000 40072 57004 85040 555 11014=
 23405 41464 82704 10133 20118 39982 40076 53004
 78022 8695/ 333 86916 555 11014=
 23410 86/// /1803 10136 20111 39976 40068 57007 555 53009=
 23411 NIL=
 23412 42699 62102 10133 20117 39975 40067 57009 82530 555 11013=
 23416 NIL=
 23418 42965 62203 10130 20105 30012 40082 53002 86030
 555 11012=
 23503 42/// /2102 10125 20112 30033 40081 57003 555 1/013=
 23507 86/// /2603 10132 20122 39799 40094 57003=
 23509 42/// /1902 10128 20113 30022 40097 54000 555 1/012=
 23514 41597 62403 10126 20121 39905 40092 57003 72582 83969 555 11013=
 23518 42/// /2203 10131 20115 30012 40099 57003 555 1/014=
 23606 42262 62202 10124 20124 39950 40109 52001
 85630 333 85705 555 11014=
 23612 NIL=
 23701 42/// /2303 10118 20113 30010 40134 52003 555 1/011=
 23704 86/// /2502 10125 20125 39926 40039 55004 555 53009=
 23707 82998 22603 10126 20119 30017 40144 52004 82030 555 11012=
 23708 42/// /2302 10114 20101 30001 40144 52004 555 1/012=
 23709 81998 22403 10117 20103 39955 40140 54001 70281 80002 555 11011=
 23711 42498 72501 10126 20113 39962 40124 53002 84170 555 11013=
 23803 42999 02601 10092 20067 39977 40152 54000 555 11009=
 23804 82997 52801 10128 20121 30014 40153 52003 83031 555 11013=
 23807 42/// /2502 10120 20120 30013 40168 52006 555 1/013=
 23808 NIL=
 23812 42597 32501 10113 20096 39983 40139 52002 83200 555 10010=
 23904 42970 12101 10087 20087 30024 40177 52006 81070 555 10010=
 23905 81599 22402 10134 20115 39951 40169 52002 70181 82500 555
 11014=
 23909 82598 62502 10140 20099 39933 40167 52004 84531=
 23912 82898 11001 10116 20099 39971 40156 53004 81030 555 10012=
 23913 82599 23101 10103 20093 39930 40151 52009 82001 555 11009=
 23914 82898 22704 10137 20096 39912 40157 52004 81079=
 27095 86/// /1701 10105 20105 39973 40195 52005=
 28013 82898 32502 10141 20082 39945 40166 52004 83070 555 10014=
 28016 82/// /2201 10123 20096 39959 40175 52004 555 1/014=
 28029 82999 03002 10153 20101 39950 40159 52009 555 10014=
 28116 82999 23001 10153 20094 39950 40170 52009 80005=
 28128 82999 03101 10143 20109 30025 40171 52011 555 10012=
 28134 81898 20000 10125 20122 39829 40166 52008 70281 82040 555
 10010=
 28138 43/// /2802 10164 20109 39614 40150 52001=
 28216 82699 12602 10148 20105 39901 40185 52008 81500 555 10013=
 28222 42/// /2901 10155 20115 39988 40173 52012 555 1/015=
 28224 82870 33202 10181 20102 39971 40173 52012 82054=
 28234 82998 20000 10156 20122 39898 40163 52007 80001 555 10015=
 28238 82899 62201 10132 20112 39869 40159 54001 82071 555 10013=
 28313 42/// /0000 10128 20116 30004 40189 52010 555 1/013=
 28319 82598 40000 10140 20127 30029 40185 52011 84500=
 28321 82599 53202 10174 20121 39987 40179 52013 82240=
 28324 42/// /2601 10150 20119 30063 40178 52007 555 1/015=
 28326 82598 60000 10125 20117 39990 40170 52004 83530 555 10015=
 28413 82599 12601 10176 20122 30071 40187 52012 81500 555 10016=
 28428 82599 30000 10140 20122 39998 40175 52006 83500 555 10015=
 28429 42/// /0000 10129 20113 39783 40178 52002 555 1/013=
 22983 42698 50000 10099 20096 30077 40179 52010 85200 333 91001 91103
 555 11012=
 27083 42999 02301 10126 20104 39970 40184 52008 333 91002 91103 555
 10011=
 27097 42/// /2401 10134 20112 39940 40192 52007 333 91003 91103 555
 1/013=
 27185 42/// /0000 10109 20107 30023 40201 52008 333 91000 91101 555
 1/014=
 27199 42998 40000 10119 20108 30009 40200 52008 84030 333 91001 91101
 555 10013=
 27281 42982 20000 10136 20114 30003 40202 52005 80001 333 91001 91102
 555 10013=
 27283 41498 30000 10108 20103 30051 40203 52007 71200 81501 333 91000
 91101 555 10013=
 27295 42/// /0000 10117 20094 39964 40208 52006 333 91000 91100 555
 1/011=
 27296 42998 01601 10128 20094 39993 40203 52009 333 91002 91102 555
 10014=
 27385 419// 10000 10099 20095 30083 40209 52006 71100 80001 333 91000
 91101 555 10013=
 27393 42998 12102 10122 20097 30045 40210 52008 80001 333 91002 91103
 555 10014=
 27480 41998 30000 10103 20103 30086 40212 52006 71100 80001 333 91000
 91101 555 10014=
 28007 42999 02703 10136 20091 39938 40190 52007 333 91004 91105 555
 10015=
 28009 42998 02601 10113 20084 39984 40188 52006 333 91001 91101 555
 10011=
 28105 42998 12201 10121 20087 30007 40194 52007 81080 333 91002 91102
 555 10011=
 28202 42978 10000 10132 20087 39981 40194 52007 81030 333 91000 91102
 555 10013=
 28302 42998 00000 10118 20092 39981 40202 52008 333 91000 91101 555
 10012=
 28307 42998 20000 10119 20098 30067 40207 52009 80001 333 91000 91102
 555 10013=
 28402 42998 22401 10153 20118 30030 40201 52007 80001 333 91002 91102
 555 10014=
 28502 42998 82401 10144 20109 30102 40202 52010 80001 333 91002 91104
 555 10015=
 22550 82597 72802 10132 20109 30139 40148 52013 87500 333 87629 555
 11013=
 22778 42998 22401 10111 20095 30095 40163 52006 82030 555 11011=
 22889 42/// /2901 10087 20087 30090 40174 52008 555 1/011=
 22762 82/// /2402 10146 20113 30120 40157 53009 555 1/012=
 22638 46/// /2500 10130 20121 39947 40164 52008=
 22671 42/// /2802 10128 20122 30060 40136 52017 555 1/013=
 22456 41597 82901 10111 20105 30050 40135 52016 70252 885// 555
 11012=
 22583 41598 72802 10115 20106 30038 40115 53020 70288 86870
 555 11013=
 22749 42/// /0000 10101 20090 30051 40173 53005 555 1/010=
 22951 42/// /0000 10074 20070 39918 40195 52004 555 1/007=
 22887 42699 22202 10134 20110 30104 40172 52007 82501
 555 11012=
 22876 42997 02203 10132 20110 30099 40169 52006 555 11012=
 22481 42/// /2903 10095 20094 30061 40113 52014 555 1/011=
 22854 42/// /0000 10095 20082 39902 40183 52004 555 1/009=
 22781 NIL=
 22676 41498 72803 10142 20134 30058 40132 53014 70298 86940 555
 12014=
 22648 42798 72702 10151 20128 30119 40163 52010 83531 555 10014=
 22559 NIL=
 22869 42997 20000 10108 20099 30043 40187 52008 80031 555 11011=
 22768 42897 22102 10133 20104 30119 40167 52006 81031 555 11012=
 22798 41996 30000 10112 20109 30041 40150 52002 71081 83030 555
 11012=
 22375 46/// /3206 10090 30094 40109 52014=
 23207 NIL=
 23215 42998 71802 10129 20116 39968 40052 57005 87070 555 11013=
 23219 NIL=
 22408 42982 23401 10082 20069 30012 40158 52006 82070 555   11007=
 22511 42981 20000 10097 20089 30043 40161 52007 82031 555   11008=
 22529 42599 62601 10122 20114 30150 40157 52009 85502 333   85627
 555   12014=
 22602 41477 50301 10127 20122 39943 40160 52004 71222 83530 555  
 11013=
 22621 83/61 /0000 10118 20110 30027 40162 52006 555   1////=
 22619 42483 22402 10143 20111 30007 40159 52005 82501 555   11010=
 22721 42998 53101 10116 20100 30073 40168 52010 80001 555   11012=
 22727 86/70 /0901 10124 20118 30125 40171 52003 555   1////=
 22717 83/66 /0000 10121 20115 39984 40171 52001 555   1////=
 22802 41599 80000 10136 20123 30143 40166 54000 70282 8297/ 555  
 11015=
 22820 42970 52501 10123 20103 30041 40173 52003 85030 555   10013=
 22831 42998 50000 10081 20073 30121 40175 52006 80001 555   10010=
 22805 42598 51003 10160 20096 30138 40157 57004 84510 555   11014=
 22912 41980 50801 10095 20090 30152 40167 57004 71222 82039 555  
 10012=
 
