21:31:00 MSK 18.09.2023
020 123456/=о000=1831
 унту01 бтул 181800
 22686 81598 82907 10074 20051 39988 40085 51025 72162 8657/ 333 86626
 91010 91113=
 22695 42/// /2908 10066 20041 39905 40053 52023 333 91013 91116=
 22996 82/// /2802 10086 20083 39957 40138 52018=
 23220 41497 81308 10052 20036 39921 40062 57031 78082 8493/ 333 91011 91110=
 23226 41560 81708 10053 20036 39852 40062 57030 76162 885// 333 88629 
 91012 91112=
 23305 41984 82302 10082 20078 39945 49972 54000 70286 8807/=
 23320 66/// /1604 10078 20065 39945 40015 56033 60002 333 10104=
 23324 41976 81204 10071 20054 39945 40020 57035 72162 8807/ 333 91110=
 23405 41397 82402 10083 20083 39882 49977 57003
 78082 8695/ 333 85707=
 23410 66/// /1504 10083 20073 39897 49990 57022 60002 333 10104=
 23411 41498 81904 10087 20082 39890 49975 57017 76162 8872/=
 23412 41499 81803 10086 20081 39894 49987 57021 70282 883// 333 84919=
 23416 NIL=
 23418 41765 51503 10093 20074 39921 49991 57029 70386
 85500 333 85650=
 23501 NIL=
 23503 41498 82203 10096 20081 39936 49984 57010 70262 885// 333 88613=
 23507 86/// /2904 10076 20074 39707 40006 52009=
 23509 41998 62305 10094 20081 39928 40003 56006 70282 86020=
 23514 41397 82203 10089 20087 39809 49997 57018 72582 8697/ 333 84708=
 23518 42597 81904 10100 20083 39932 40019 56017 8297/ 333 91110 555
 53015=
 23606 41460 82302 10086 20082 39853 40017 57008 70282 889// 333 85911=
 23612 NIL=
 23701 11558 82705 10075 20061 39933 40058 52013 78082 8692/ 333 86923
 91112=
 23704 66/// /2704 10085 20075 39736 49847 57059 60002 333 10115 91112=
 23707 81497 82605 10082 20068 39952 40080 52011 78082 8693/ 333 85619 91111=
 23708 41484 82405 10083 20060 39925 40070 52009 70282 889// 333 86716
 91116=
 23709 41498 82506 10088 20053 39878 40064 55003 70282 889// 333 86918
 91011 91112=
 23711 41597 82002 10094 20085 39879 40042 57017 78082 8697/ 333 86920=
 23803 41597 82904 10087 20065 39905 40078 56001 78082 889//=
 23804 41596 82802 10085 20067 39953 40094 52012 78082 8695/ 333 86925=
 23807 41497 72703 10083 20076 39962 40119 52014 70282 83930 333 91112=
 23808 86/// /2504 10090 20057 39942 40105 53008 333 91110=
 23812 41597 72202 10113 20060 39912 40067 57012 70282 86930 333 91110=
 23904 41468 82903 10089 20081 39977 40129 53013 70282 883// 333 86915=
 23905 82599 82803 10102 20067 39891 40111 52003 889// 333 91111 555
 50101=
 23909 81598 72402 10097 20084 39866 40103 57005 70282 84331=
 23912 81598 82203 10127 20057 39907 40090 57009 70362 82531 555
 50117=
 23913 NIL=
 23914 82499 62204 10114 20059 39849 40096 57013 86500=
 28013 81598 82303 10116 20064 39884 40105 56009 72582 889// 555
 50108=
 28016 82/// /2302 10120 20079 39898 40113 56008 555 50097=
 28029 82699 22102 10125 20060 39903 40113 57007 82500 555 50120=
 28116 82999 22101 10107 20060 39900 40122 57009 80005=
 28128 NIL=
 28134 82898 60000 10087 20066 39790 40131 57006 82015 555 50107=
 28138 43/// /2202 10120 20067 39585 40128 57010=
 28216 82699 32402 10104 20042 39849 40137 57008 83500 555 50122=
 28222 42/// /2301 10117 20052 39944 40131 57006 555 50126=
 28224 82970 21801 10106 20062 39932 40138 57005 80001 333 91110=
 28234 82898 51501 10116 20079 39870 40137 57003 85040 555 50130=
 28238 82999 22302 10085 20061 39846 40141 57008 80001 555 50113=
 28313 NIL=
 28319 82598 50000 10075 20062 39994 40159 57004 82550=
 28321 82999 32602 10114 20055 39943 40140 57007 80001=
 28324 42/// /1901 10078 20061 30029 40147 57003 555 50114=
 28326 NIL=
 28413 82999 21902 10134 20042 30033 40150 57007 80001 555 50136=
 28428 82998 02701 10102 20065 39976 40155 57002 555 50131=
 28429 42/// /2101 10094 20075 39759 40158 57006 555 50127=
 22983 41484 82703 10087 20068 30051 40153 52016 70282 8695/ 333 91006
 91108=
 27083 42584 82803 10095 20046 39937 40154 52014 885// 333 91006
 91112=
 27097 41498 72903 10087 20069 39904 40159 53015 70282 87900 333 91006
 91113=
 27185 42/// /2901 10103 20072 39992 40171 52012 333 91004 91107=
 27199 42598 83002 10117 20075 39967 40158 52007 8675/ 333 91004
 91106=
 27281 42984 73103 10109 20074 39977 40178 52011 87070 333 91006
 91106=
 27283 42597 83104 10113 20074 30017 40168 52010 885// 333 91006
 91107=
 27295 42997 82702 10113 20061 39923 40167 52007 8805/ 333 91005
 91105=
 27296 42597 83101 10099 20060 39949 40160 52006 8293/ 333 91002
 91107=
 27385 429// 23202 10118 20067 30051 40178 52009 82030 333 91005
 91105=
 27393 41998 02603 10100 20070 30000 40166 53007 70281 333 91004
 91108=
 27480 41498 82901 10104 20082 30058 40183 52009 70282 87501 333 91003
 91103=
 28007 42999 02803 10109 20063 39888 40141 52004 333 91006 91107=
 28009 42498 62702 10115 20055 39932 40134 52006 86900 333 91004
 91107=
 28105 42598 82702 10116 20059 39959 40145 52005 885// 333 91004
 91106=
 28202 42597 73003 10113 20060 39931 40145 53004 86930 333 91005
 91106=
 28302 42997 02801 10108 20073 39931 40152 52003 333 91002 91106=
 28307 41998 02701 10104 20077 30023 40163 52005 70281 333 91002
 91106=
 28402 41582 82302 10127 20106 39985 40157 52004 72522 889// 333 91003
 91106=
 28502 42997 81802 10101 20048 30059 40160 57002 80001 333 91002
 91105=
 22550 82969 73002 10094 20051 30152 40162 52015 87030 333 91112=
 22778 41598 82904 10092 20045 30086 40154 52020 70282 8557/ 333
 91111=
 22889 41498 72603 10087 20066 30058 40143 52015 70182 87400 333
 87816=
 22762 82497 62703 10089 20047 30134 40173 52021 86700=
 22638 46/// /2401 10032 20031 39975 40200 52004=
 22671 42998 72902 10075 20059 30053 40130 52032 87030 333 91110=
 22456 41597 22801 10055 20052 30054 40140 52021 70281 81501=
 22583 41598 83006 10071 20052 39982 40060 52044 70266 8657/ 333 91115=
 22749 42598 31801 10022 20018 30076 40202 52008 83400=
 22951 42598 60000 10044 20038 39933 40214 52010 86500=
 22887 41697 82804 10094 20064 30083 40151 52018 70282 84531
 333 91110=
 22876 42597 72603 10095 20059 30085 40156 52018 87500 333 87620=
 22481 42/// /3006 10068 20040 30021 40072 52042 333 91011 91116=
 22854 42899 72601 10038 20031 39921 40209 52014 87070=
 22781 NIL=
 22676 41498 83007 10079 20057 30043 40119 52035 72582 889// 333 91010
 91116=
 22648 42998 12502 10054 20052 30150 40196 52008 81030=
 22559 82598 22703 10083 20050 30144 40160 51020 82500 333 91111=
 22869 NIL=
 22768 42597 82903 10091 20045 30128 40177 52019 885// 333 88627=
 22798 41497 82501 10085 20065 39990 40099 52014 70282 889//=
 22375 46/// /3406 10081 20047 30071 40086 52027 333 91117=
 23207 NIL=
 23215 41297 81304 10077 20077 39899 49984 57029 76162 8872/ 333 88706
 91112=
 23219 NIL=
 27095 66/// /3003 10094 20078 39940 40163 53014 60002 333 10150=
 22408 12984 62502 10060 20032 30027 40175 57011 60002 86070 333  
 10122=
 22511 12984 51901 10063 20030 30059 40179 57009 60002 84031 333  
 10122=
 22529 12598 22201 10042 20027 30176 40183 57001 60002 82500 333  
 10125=
 22602 12478 52302 10036 20030 39968 40194 57010 60002 82530 333  
 10121=
 22621 12998 31701 10031 20023 30054 40194 57004 60002 83030 333  
 10118=
 22619 12998 22301 10037 20023 30036 40195 57004 60002 82030 333  
 10134=
 22721 12997 43002 10038 20031 30103 40201 54000 60002 82031 333  
 10123=
 22727 12970 00801 10052 20045 30156 40204 57002 60002 333   10135=
 22717 12998 20000 10042 20040 30009 40206 57005 60002 80001 333  
 10131=
 22802 12598 70000 10074 20070 30181 40204 57004 60002 85530 333  
 10147 85632=
 22820 12998 02202 10045 20040 30069 40205 57003 60002 333   10122=
 22831 12997 20000 10024 20016 30153 40209 52002 60002 80001 333  
 10132=
 22805 125// 51803 10117 20057 30183 40207 57005 60002 82501 333  
 10143=
 22912 12684 71301 10058 20051 30195 40210 57003 60002 87500 333  
 10153 87643=
 
