15:31:00 MSK 30.04.2023
020 123456/=о000=1231
 унту01 бтул 301200
 22686 81498 83102 10025 20015 30134 40234 52024 70272 885// 333 88617
 555 1/100=
 22695 41498 81001 10019 20003 30063 40217 52021 70272 885// 333 88614
 555 1/001=
 22996 42699 23503 10116 21027 30025 40210 52011 81141 555 12018=
 23220 42999 00103 11047 21076 30184 40331 52007 555 1/103=
 23226 42960 01501 11012 21071 30114 40334 52010 555 1/102=
 23305 42799 61103 10049 21066 30235 40263 53003 82570 555 1/000=
 23320 86/// /1205 10061 21100 30224 40297 54000=
 23324 42986 00404 11007 21048 30234 40313 57003 555 1/000=
 23405 42972 81506 10049 21095 30155 40255 53014 8807/ 
 333 91012 91112 555 1/000=
 23410 86/// /0704 10062 21086 30184 40280 57003 555 51036 53008=
 23411 42999 61103 10052 21080 30185 40274 54000 80006 555 1/000=
 23412 42999 11004 10068 21086 30183 40279 57003 80001 555 1/000=
 23416 NIL=
 23418 42965 51304 10082 21104 30199 40271 53004 80001
 555 1/000=
 23501 NIL=
 23503 42598 81403 10062 21095 30208 40258 52008 8255/ 555 1/000=
 23507 86/// /1302 11001 21001 39933 40248 52022=
 23509 41497 81303 10031 21049 30177 40255 53016 77072 8652/ 333 86618
 91112 555 1/000=
 23514 42697 81204 10050 21089 30061 40258 52008 8357/ 333 91110 555 1/100=
 23518 42/// /1106 10059 21086 30175 40266 53007 555 1/001=
 23606 41441 81205 11002 21002 30083 40252 52018 78582 889// 333 85916 91110 555 1/000=
 23612 NIL=
 23701 41459 80802 10017 20008 30101 40232 51026 76176 8872/ 333
 86512 555 1/100=
 23704 86/// /0801 10026 20026 39926 40039 55004 555 53010=
 23707 81497 73203 10039 20024 30083 40215 52025 78086 84930 333 84915 555 1/005=
 23708 41465 81102 10020 20005 30073 40223 52025 76176 8872/ 333 86711
 555 1/000=
 23709 41396 80901 10008 21006 30039 40234 52022 78582 889// 333 85709
 555 1/000=
 23711 41496 81401 10001 21004 30079 40251 52011 78587 889// 333 88916 555 12001=
 23803 41497 81002 10013 21002 30046 40228 53023 71082 886// 333 88714 555 1/000=
 23804 41497 83001 10040 20022 30073 40218 52029 70285 8692/ 333 86912
 555 12006=
 23807 42/// /3504 10051 20025 30062 40222 52028 555 1/009=
 23808 86/// /2703 10042 20030 30050 40218 52031=
 23812 41496 81202 10002 21004 30075 40240 53006 78582 889// 555 1/100=
 23904 42570 73503 10073 20024 30067 40222 51023 87300 333 85924 555
 11010=
 23905 41599 83002 10050 20031 39991 40216 52030 70252 885// 555
 11008=
 23909 41296 83101 10046 20039 39968 40211 52026 78082 883//=
 23912 41596 81503 10012 20001 30034 40228 52014 78087 8795/ 555
 1/000=
 23913 41594 81307 11005 21017 30011 40244 52010 77572 8872/ 333 91013
 91113 555 1/101=
 23914 81497 81204 10008 20001 39965 40224 52019 75085 886// 333
 91113=
 28013 41598 83002 10056 20028 39979 40207 52025 70282 889// 555
 11008=
 28016 41599 83103 10063 20041 39990 40212 52031 70282 889// 555
 11008=
 28029 41499 81305 10035 20007 39995 40214 52020 70282 8777/ 333 91112
 555 11008=
 28116 41599 83304 10070 20049 39980 40207 52033 70282 889//=
 28128 41899 80802 10090 21003 30050 40201 52020 70262 8807/ 555
 11011=
 28134 41598 80901 10021 21006 39868 40220 52019 70282 885// 333 91110
 555 11005=
 28138 41598 80602 11007 21019 39666 40241 52003 72682 883// 333
 91111=
 28216 41599 83202 10111 20077 39903 40191 51024 70282 889// 555
 11013=
 28222 41598 80701 10073 20031 30009 40201 53015 72582 889// 555
 11009=
 28224 41666 80702 10109 20026 39979 40185 52017 78182 8261/=
 28234 41498 81102 10059 21023 39929 40205 53004 72582 8595/ 555
 10007=
 28238 41599 80604 10057 21027 39909 40209 55008 70262 885// 555
 10008=
 28313 41598 83302 10138 20096 30005 40190 53021 78082 889// 555
 10015=
 28319 42898 63602 10194 20075 30017 40171 53009 85052=
 28321 41599 83504 10141 20054 39987 40183 53022 70282 8652/=
 28324 41599 83402 10178 20052 30057 40171 53011 70282 889// 555
 10021=
 28326 41598 70802 10167 20005 39991 40168 57004 70282 87500 555
 10018=
 28413 42599 60103 10204 20053 30052 40167 53007 83885 555 10028=
 28428 42599 62404 10247 20013 39979 40150 57006 86900 555 10031=
 28429 42598 62503 10227 20027 39769 40151 57007 86930 555 10028=
 22983 42598 60102 10125 21039 30110 40212 52006 81145 333 91005 91108
 555 11019=
 27083 42999 30103 10117 21027 39990 40206 52005 83030 333 91005 91108
 555 12017=
 27097 42998 33603 10123 21002 39954 40208 50003 80001 333 91006 91108
 555 12019=
 27185 42998 60102 10127 21030 30028 40206 58001 80004 333 91005 91107
 555 11017=
 27199 42998 53301 10121 21008 30015 40206 52003 80005 333 91005 91106
 555 11019=
 27281 42582 70403 10129 21023 30003 40203 57002 86531 333 91006 91109
 555 11019=
 27283 42998 60404 10132 21025 30054 40205 54000 86030 333 91007 91108
 555 12019=
 27295 42998 50303 10126 21025 39960 40203 52003 80005 333 91006 91107
 555 11013=
 27296 42998 50103 10128 20010 39989 40200 52003 80001 333 91006 91107
 555 10020=
 27385 425// 80402 10139 21009 30073 40197 54000 82531 333 91006 91108
 555 11019=
 27393 42998 60403 10126 20013 30039 40205 52004 82039 333 91005 91107
 555 11021=
 27480 42498 80403 10127 20000 30067 40191 57004 889// 333 91005 91108
 555 10014=
 28007 42999 33604 10112 21015 39956 40210 52012 81031 333 91007 91109
 555 11019=
 28009 41598 83503 10071 20005 30016 40224 52027 70282 86501 333 91006
 91109 555 11013=
 28105 42598 40502 10129 21001 30013 40204 52007 82201 333 91006 91106
 555 11022=
 28202 42683 60304 10115 20033 39987 40201 51014 82204 333 91007 91108
 555 10018=
 28302 41998 83503 10139 20037 39974 40194 51009 70282 82031 333 91005
 91107 555 10030=
 28307 42498 83303 10144 20041 30053 40191 57001 84531 333 91005 91106
 555 10023=
 28402 41581 63402 10126 20081 30016 40189 52006 76062 82625 333 91004
 91105 555 11016=
 28502 42598 80104 10196 20093 30071 40169 50004 81439 333 91007 91111
 555 10029=
 22550 82597 41204 10094 20013 30186 40196 57001 82201 555 12016=
 22778 42598 32802 10100 21008 30152 40220 52002 82501 555 12017=
 22889 42598 33103 10119 21020 30130 40214 51010 83100 333 91111 555
 12020=
 22762 42698 20903 10110 20007 30172 40210 58003 82100 555 1/018=
 22638 46/// /1604 10103 21017 39930 40149 57017=
 22671 42/// /2401 10074 20022 30142 40220 52008 555 1/002=
 22456 41597 81501 10042 20022 30121 40208 52007 70242 885// 555
 1/000=
 22583 41498 71302 10021 20008 30151 40232 52016 70277 875//
 555 1/100=
 22749 42698 21705 10120 21019 30059 40180 58015 82100 555 12017=
 22951 42998 61903 10116 21038 39920 40193 58012 80001 555 1/019=
 22887 42599 23303 10113 20000 30148 40217 51004 
 81501 555 10021=
 22876 42997 23402 10114 21013 30146 40217 50003 80001 555 12018=
 22481 41598 71204 10019 20006 30175 40229 51013 72582 86970 555
 1/000=
 22854 42/// /1403 10113 21028 39910 40190 57013 555 1/024=
 22781 NIL=
 22676 41598 62101 10075 20011 30148 40224 52014 70282 86800 555
 11017=
 22648 42698 51403 10119 21013 30137 40182 58011 82201 555 11018=
 22559 42598 50902 10092 20029 30189 40205 57004 83201 555 12013=
 22869 42997 31002 10119 21016 30069 40214 57008 80001 555 1/014=
 22768 42897 32501 10117 21013 30160 40208 57005 82031 555 11018=
 22798 41598 62902 10052 20023 30112 40225 52024 70282 86930 555
 11009=
 22375 NIL=
 23207 42999 61204 10033 21059 30235 40258 52002 82035 333 91110 555
 1/100=
 23215 42998 10706 11048 21081 30218 40310 58006 80001 333 91110 555
 1/000=
 23219 NIL=
 27095 86/// /3403 10117 20003 39998 40221 51012=
 22408 41459 81104 10030 21002 39954 40103 57016 78280 889// 333  
 88920 91111 555   1/000=
 22511 41598 81303 10057 21020 39978 40097 57029 70282 8351/ 333  
 91110 555   1/000=
 22529 42599 70904 10047 20000 30136 40143 57018 87500 333   87626
 555   12010=
 22602 41458 81704 10029 20019 39862 40085 52002 78082 889// 333  
 88912 91112 555   1/001=
 22621 83970 /1205 10083 21026 39980 40116 57029 333   91010 91110
 555   1////=
 22619 42582 81504 10083 21011 39944 40099 57018 8257/ 333   91110
 555   1/011=
 22721 42698 61303 10066 21009 30025 40122 57021 83501 555   1/017=
 22727 86870 /1207 10095 21016 30074 40121 57017 333   91012 91114
 555   1////=
 22717 83/64 /1904 10078 20030 39918 40107 52007 333   91117 555  
 1////=
 22802 41599 81803 10053 20038 30077 40100 52006 72582 889// 333  
 85923 555   12007=
 22820 42670 61607 10142 21025 39985 40115 57017 82130 333   91012
 91113 555   11016=
 22831 42998 31403 10144 21032 30097 40150 57017 82031 555   12021=
 22805 41598 81705 10034 20029 30096 40116 52013 76362 885// 333  
 91112 555   11006=
 22912 42599 71805 10137 21015 30096 40111 57008 83430 333   91012
 91113 555   12013=
 
