21:31:00 MSK 25.02.2023
020 123456/=о000=1831
 унту01 бтул 251800
 22686 41997 60000 11173 21193 39975 40082 52025 77072 85025=
 22695 41498 60000 11120 21141 39907 40066 52023 70272 85530 333 85618=
 22996 42998 71402 11091 21116 39891 40083 52011 87070=
 23220 41496 60802 11246 21274 39932 40087 52027 78582 84930=
 23226 41958 71901 11212 21231 39850 40083 52025 77172 87020=
 23305 41970 72002 11132 21144 30033 40062 52028 77187 87070=
 23320 66/// /1401 11198 21226 30003 40082 52029 60002 333 11103=
 23324 41979 30000 11232 21257 39999 40083 51024 70271 80001=
 23405 41996 80000 11116 21122 39965 40068 52026 
 77172 8802/=
 23410 66/// /1302 11184 21208 39966 40070 52027 60002 333 11119=
 23411 41999 52302 11131 21141 39972 40065 52028 70272 8507/=
 23412 41498 71802 11140 21157 39967 40069 52027 77172 82710=
 23416 NIL=
 23418 41457 81601 11115 21128 30002 40078 52029 77172
 8572/ 333 85712=
 23501 NIL=
 23503 41998 61901 11159 21182 30023 40077 52030 72272 82031=
 23507 86/// /2501 11165 21175 39754 40083 52024=
 23509 42998 00000 11190 21210 39999 40083 52025=
 23514 41997 82102 11142 21156 39871 40078 52022 77172 86021=
 23518 42997 82001 11153 21165 39995 40093 52028 8807/ 555 53008=
 23606 41960 81901 11124 21144 39901 40081 52025
 77172 8802/=
 23612 NIL=
 23701 41460 72101 11118 21130 39951 40086 52022 77087 86570 333 86611=
 23704 66/// /1901 11087 21087 39926 40039 55004 60002 333 11080=
 23707 81998 82201 11081 21092 39946 40083 52022 77177 8807/=
 23708 41984 81802 11106 21122 39938 40094 52021 70272 8007/=
 23709 41997 82002 11095 21121 39899 40099 52020 77172 8807/=
 23711 41497 81901 11115 21132 39921 40098 52022 78582 8497/=
 23803 42999 81502 11102 21129 39922 40110 52022 86031=
 23804 81997 60000 11124 21135 39939 40091 52022 70272 80001=
 23807 41996 81602 11091 21102 39927 40094 52019 77172 8802/=
 23808 86/// /1001 11158 21172 39929 40108 53020=
 23812 41996 82102 11105 21129 39946 40115 52023 77172 8007/=
 23904 42977 80000 11164 21173 39937 40104 52014 80001=
 23905 41999 01501 11140 21155 39872 40112 52014 70170 555 51122=
 23909 41898 81702 11119 21136 39864 40120 52017 70272 83075=
 23912 42/// /1802 11129 21146 39933 40135 52020 555 51131=
 23913 41997 81301 11105 21138 39902 40141 52019 77172 8802/ 555
 51120=
 23914 81997 51803 11136 21152 39865 40136 52018 70282 80001=
 28013 41898 81702 11133 21153 39884 40128 52015 70271 88020 555
 51127=
 28016 42/// /1401 11128 21150 39890 40128 52013 555 51121=
 28029 41899 81803 11112 21134 39914 40143 52015 70272 8807/ 555
 51121=
 28116 42899 61802 11105 21121 39889 40129 52011 83035=
 28128 41898 81702 11116 21135 39985 40146 52010 70272 8801/ 555
 51139=
 28134 42898 81901 11123 21144 39790 40159 52013 8801/ 555 51128=
 28138 43/// /2202 11138 21159 39569 40168 52010=
 28216 41895 81804 11091 21113 39828 40137 52009 77373 8802/ 555
 51124=
 28222 42/// /1603 11105 21130 39947 40151 52011 555 51122=
 28224 43/34 /1602 11103 21124 39930 40153 52010=
 28234 41997 01702 11118 21149 39876 40169 52012 70171 555 51131=
 28238 41899 82103 11121 21150 39856 40176 52011 70272 8802/ 555
 51128=
 28313 42/// /1602 11087 21104 39943 40143 52008 555 51121=
 28319 41496 82001 11079 21098 39980 40150 52004 77177 8802/=
 28321 41896 81802 11096 21110 39935 40147 52009 77172 8802/=
 28324 42/// /1902 11087 21113 30028 40153 52008 555 51120=
 28326 41596 81701 11097 21118 39969 40164 52008 77172 8802/ 555
 51124=
 28413 41596 81604 11068 21094 30016 40142 52004 77172 8802/ 555
 51101=
 28428 41596 81803 11082 21105 39972 40164 54001 77373 8802/ 555
 51128=
 28429 42/// /2003 11093 21109 39747 40176 52004 555 51133=
 22983 41973 60901 11122 21133 39970 40080 52015 70272 83035 333 91002
 91102=
 27083 41559 71301 11083 21098 39846 40076 52011 77172 87500 333 91001
 91102=
 27097 41497 81302 11079 21086 39813 40083 52007 77172 8771/ 333 91003
 91104=
 27185 42/// /1301 11064 21077 39885 40073 52008 333 91002 91104=
 27199 41998 81402 11066 21083 39886 40088 52007 77172 8802/ 333 91004
 91106=
 27281 41441 81202 11058 21071 39854 40066 52007 77172 8872/ 333 91004
 91106=
 27283 41496 81603 11057 21076 39916 40078 52008 77172 8872/ 333 91005
 91105=
 27295 41596 81202 11065 21085 39827 40085 52006 77172 8802/ 333 91004
 91104=
 27296 41997 81503 11068 21092 39865 40088 52006 70272 8802/ 333 91006
 91107=
 27385 414// 81703 11043 21055 39942 40073 52008 77172 8872/ 333 91004
 91105=
 27393 41496 81705 11061 21080 39923 40098 52004 77173 8772/ 333 91007
 91107=
 27480 41496 81702 11033 21043 39942 40072 52011 78582 889// 333 91005
 91105=
 28007 41997 81602 11082 21105 39828 40098 52006 77187 8802/ 333 91003
 91103=
 28009 41598 81702 11078 21114 39894 40110 52007 70282 8351/ 333 91005
 91105=
 28105 41997 81502 11072 21096 39891 40097 52005 77172 8802/ 333 91005
 91106=
 28202 41996 81703 11075 21097 39877 40105 52007 77172 8807/ 333 91004
 91104=
 28302 41997 81603 11071 21096 39874 40109 52006 77172 8802/ 333 91005
 91106=
 28307 41997 81302 11056 21072 39949 40097 52006 77172 8807/ 333 91004
 91104=
 28402 41424 81804 11054 21067 39924 40107 52005 77372 8872/ 333 91006
 91106=
 28502 41996 81804 11041 21060 30011 40117 52008 77172 8802/ 333 91005
 91105=
 22550 82970 00000 11206 21228 30061 40072 52026=
 22778 41496 81101 11064 21076 39998 40069 52022 77172 8377/=
 22889 41497 80702 11080 21096 39992 40081 52018 70272 885// 333
 88617=
 22762 42/// /0000 11070 21071 30023 40063 52023=
 22638 46/// /1000 11070 21078 39822 40053 52024=
 22671 42998 00000 11216 21231 39989 40075 52025=
 22456 42997 00000 11240 21264 39984 40080 52026=
 22583 42998 00000 11234 21259 39992 40080 52027=
 22749 42598 80901 11067 21093 39923 40051 52021 885// 333 88626=
 22951 42498 81502 11067 21083 39753 40041 52014 886//=
 22887 41597 81302 11066 21078 39996 40067 52015 78582 8695/ 
 333 86931=
 22876 41696 81501 11063 21085 39996 40071 52020 77172 885// 333
 88633=
 22481 41998 72003 11136 21142 30010 40066 51026 70281 87070=
 22854 42598 80502 11069 21087 39754 40050 52016 885// 333 88620=
 22781 NIL=
 22676 41596 70000 11121 21135 39992 40073 52026 77072 82570=
 22648 42/// /0701 11075 21075 30010 40057 52026=
 22559 42997 00000 11194 21215 30056 40074 52026=
 22869 41498 81101 11062 21078 39909 40061 52017 70272 889// 333
 85911=
 22768 42597 81001 11058 21088 30011 40062 52021 885// 333 88630=
 22798 41497 81501 11076 21088 39965 40081 52022 78582 889//=
 22375 46/// /2204 11085 30032 40048 52023=
 23207 NIL=
 23215 42998 20702 11277 21308 39982 40081 52027 80001=
 23219 NIL=
 27095 66/// /1302 11078 21086 39859 40095 52008 60002 333 11055=
 22408 12982 13502 11187 21204 39934 40095 52029 60002 81070 333  
 11066 93502=
 22511 11984 33601 11134 21148 39956 40084 52031 69922 70171 82071
 333   11053 93500=
 22529 11598 80301 11080 21094 30059 40066 52028 69942 70282 885//
 333   11062 88624=
 22602 12476 70302 11086 21105 39832 40065 52027 69922 87500 333  
 11074 87615=
 22621 11498 80102 11081 21096 39918 40062 52034 69942 726// 889//
 333   11042 85912=
 22619 11496 80401 11068 21079 39882 40045 52027 69992 78582 889//
 333   11045 88918=
 22721 11497 80000 11067 21078 39945 40046 52023 69912 78587 889//
 333   11048 84918 93401=
 22727 12470 80501 11051 21080 39989 40038 52022 60002 884// 333  
 11045 88619=
 22717 12498 80401 11061 21079 39837 40034 52023 60002 886// 333  
 11047 88711=
 22802 11596 80102 11053 21074 30007 40031 52023 69922 78582 84901
 333   11032=
 22820 11598 80502 11059 21080 39893 40032 52020 69902 72272 885//
 333   11051 88623=
 22831 12597 80702 11057 21089 39976 40032 52016 69902 885// 333  
 11042 88633=
 22805 125// 80101 11045 21065 39987 40007 52012 60002 885// 333  
 11023=
 22912 12684 80503 11042 21076 39999 40014 52020 60002 885// 333  
 11026 88637=
 
