03:31:00 MSK 27.04.2023
020 123456/=о000=0031
 унту01 бтул 270000
 22686 42998 83601 10037 21044 30001 40100 53002 83075 555 1/100=
 22695 42998 60303 10035 21082 39934 40085 53001 86030 555 1/003=
 22996 41597 81301 10095 20095 39847 40025 57003 71022 889// 555 12009=
 23220 42599 60507 11064 21083 39957 40102 57021 555 1/107=
 23226 42960 81106 11062 21074 39894 40114 57015 8805/ 555 1/105=
 23305 42/// /0000 11034 21046 30112 40140 55003 555 1/104=
 23320 86/// /2701 11108 21122 30031 40107 57011=
 23324 42981 60000 11081 21092 30022 40102 57017 86070 555 1/108=
 23405 42968 00104 11018 21049 30037 40137 57001
 555 1/104=
 23410 86/// /2702 11065 21095 30014 40113 57008 555 53005=
 23411 42999 23204 11040 21057 30032 40123 57007 82010 555 1/103=
 23412 42699 13102 11036 21072 30017 40115 57007 81500 555 1/107=
 23416 NIL=
 23418 42965 20000 11053 21090 30037 40112 56005 80001
 555 1/110=
 23503 42/// /0000 11072 21089 30076 40128 55000 555 1/109=
 23507 86/// /0404 10004 21080 39808 40119 54001=
 23509 42/// /3601 11003 21071 30034 40112 55000 555 1/104=
 23514 42997 63602 11020 21076 39913 40112 57002 80005 555 1/103=
 23518 42/// /0202 11001 21084 30004 40096 57006 555 1/104=
 23606 42660 80203 10021 21071 39929 40094 57005 8353/ 555 1/000=
 23612 NIL=
 23701 42/// /0404 10034 21023 39958 40086 57002 555 1/100=
 23704 86/// /0503 10035 20035 39926 40039 55004 555 53007=
 23707 81397 80306 10049 20046 39923 40053 57002 76166 8872/ 333 86709 555 12005=
 23708 42/// /0203 10049 20039 39916 40062 55004 555 1/005=
 23709 41294 83503 10059 20051 39875 40063 56010 71064 886// 333 88703 555 12006=
 23711 42998 /3402 10019 21010 39906 40073 57009 889// 333 86917 555 1/000=
 23803 41599 80601 10072 20056 39881 40056 56013 70262 885// 333 88631 555 12006=
 23804 41296 80401 10090 20088 39897 40036 57004 72162 887// 333 86705
 555 13008=
 23807 42/// /0701 10088 20088 39879 40034 57004 555 1/009=
 23808 86/// /0802 10078 20078 39882 40045 57006=
 23812 41496 80000 10021 20017 39901 40061 57015 78082 8697/ 555 1/000=
 23904 41215 80000 10071 20071 39886 40038 57004 71022 887// 333 87706
 555 11007=
 23905 41597 81401 10073 20071 39822 40042 57007 76162 885// 555
 11007=
 23909 42598 81902 10079 20068 39811 40048 57011 885//=
 23912 41597 81201 10041 20036 39871 40060 57011 78082 84931 555
 11003=
 23913 41993 03601 10012 20005 39849 40076 56013 71062 87030 555
 12001=
 23914 82497 72202 10081 20053 39805 40053 57014 85534=
 27095 86/// /1502 10092 20092 39820 40040 54001=
 28013 41598 81702 10080 20054 39827 40050 56014 70282 889// 555
 11007=
 28016 42/// /2401 10059 20057 39835 40054 57007 555 1/006=
 28029 42899 82004 10121 20044 39849 40058 57010 8807/ 555 11008=
 28116 42499 61801 10084 20058 39836 40059 57005 82530=
 28128 42599 62302 10080 20052 39921 40069 57005 83530 555 11006=
 28134 42598 61801 10099 20049 39738 40075 57008 86500 555 10004=
 28138 43/// /1902 10085 20028 39541 40089 57009=
 28216 41699 71804 10114 20057 39784 40069 57005 70182 87500 555
 10009=
 28222 42/// /1903 10119 20056 39887 40074 57004 555 1/008=
 28224 42761 61903 10122 20063 39876 40080 57003 85072=
 28234 42898 61803 10140 20002 39821 40088 57006 86040 555 50009=
 28238 42899 62302 10078 20034 39806 40101 57006 82024 555 10003=
 28313 42/// /1903 10123 20060 39891 40074 57005 555 1/009=
 28319 42897 51902 10125 20062 39932 40088 58002 85030=
 28321 42899 51903 10113 20059 39883 40078 57003 85030=
 28324 42/// /1902 10111 20047 39971 40087 57004 555 1/006=
 28326 42598 72103 10126 20069 39915 40093 57005 86530 555 10010=
 28413 42599 71903 10134 20056 39971 40087 57002 87500 555 10011=
 28428 42599 72003 10110 20061 39929 40107 57002 87500 555 10008=
 28429 42/// /2203 10107 20069 39719 40115 57002 555 1/008=
 22983 41450 80801 10095 20094 39920 40021 54000 71082 889// 333 91001
 91102 555 12009=
 27083 42584 71501 10091 20089 39806 40020 57001 87500 333 91002 91103
 555 12009=
 27097 42/// /1601 10091 20091 39779 40031 54001 333 91002 91104 555
 1/009=
 27185 42/// /1601 10099 20098 39853 40029 54000 333 91002 91103 555
 1/009=
 27199 42998 82001 10101 20096 39850 40040 57001 8801/ 333 91002 91104
 555 11009=
 27281 41457 81703 10098 20094 39829 40027 54000 76162 8872/ 333 91004
 91105 555 11010=
 27283 42497 82102 10103 20096 39886 40036 54000 885// 333 91004 91105
 555 11010=
 27295 42/// /1802 10102 20093 39802 40044 54000 333 91004 91106 555
 1/010=
 27296 41597 81802 10102 20087 39835 40044 57001 70282 889// 333 91003
 91107 555 11009=
 27385 415// 72002 10108 20102 39921 40044 52003 72582 84530 333 91004
 91104 555 11010=
 27393 41497 82105 10108 20097 39895 40058 53002 72162 8677/ 333 91006
 91108 555 11010=
 27480 42598 82002 10108 20103 39928 40051 52006 885// 333 91004 91105
 555 11010=
 28007 41396 81902 10088 20079 39788 40041 57003 71082 883// 333 88909
 91003 91105 555 11008=
 28009 41498 71401 10091 20076 39847 40050 57003 70282 85930 333 91002
 91105 555 11008=
 28105 41497 81902 10097 20088 39851 40043 57003 76162 8872/ 333 91003
 91105 555 12009=
 28202 41597 82104 10101 20084 39836 40049 57003 72582 889// 333 91007
 91107 555 11009=
 28302 41597 81802 10108 20090 39839 40058 54000 72582 889// 333 91004
 91107 555 11010=
 28307 42498 61802 10115 20087 39921 40059 52001 86501 333 91005 91106
 555 11010=
 28402 41584 72004 10117 20090 39895 40066 54000 70262 82570 333 91007
 91110 555 11010=
 28502 41597 82005 10125 20076 39980 40080 55001 70282 8643/ 333 91007
 91109 555 10012=
 22550 82670 80603 10034 21067 30125 40135 52006 885// 333 88640 555
 1/100=
 22778 42998 70204 10042 20014 30003 40071 52002 85071 555 12003=
 22889 42/// /0301 10091 20091 39944 40027 54001 555 1/008=
 22762 42597 83601 10050 20017 30059 40097 52008 8457/ 555 1/000=
 22638 46/// /0400 10010 21008 39890 40116 52012=
 22671 42/// /0304 10021 21049 30042 40120 52007 555 1/101=
 22456 42/// /0000 11028 21059 30070 40159 52008 555 1/104=
 22583 42998 70000 11017 21061 30056 40137 53009 87070 555 1/100=
 22749 42/// /0402 10067 20030 39971 40093 52011 555 1/005=
 22951 42/// /0502 10070 20065 39801 40075 52011 555 1/007=
 22887 41397 80202 10079 20074 39963 40030 53002 72582 889// 
 333 86708 555 11007=
 22876 41497 83201 10062 20062 39978 40049 54000 70282 889// 333 88919
 555 12006=
 22481 42/// /0000 11053 21053 30108 40162 53006 555 1/106=
 22854 42/// /0102 10062 20050 39804 40086 52010 555 1/005=
 22781 NIL=
 22676 41898 83602 10045 21040 30031 40108 53006 70262 8807/ 555
 1/001=
 22648 42998 23601 10027 21004 30067 40113 52009 82030 555 11003=
 22559 42/// /0602 10025 21058 30118 40134 52007 555 1////=
 22869 41697 80204 10067 20056 39912 40057 52006 76162 887// 333 86635
 555 1/007=
 22768 41497 80303 10059 20030 30031 40080 52007 70282 8657/ 333 86617
 555 11005=
 22798 41497 80105 10047 20042 39945 40056 54000 78082 8695/ 333 91110
 555 11006=
 22375 46/// /1501 11071 30156 40172 52003=
 23207 NIL=
 23215 41498 82305 11062 21073 30004 40096 58010 70271 885// 333 88616
 555 1/104=
 23219 NIL=
 22408 42984 80502 10010 21035 39980 40130 52007 8807/ 555   1/100=
 22511 42984 80201 10007 21024 30002 40124 52006 8807/ 555   1/100=
 22529 42998 20702 10008 21021 30116 40123 52009 80002 555   14101=
 22602 42477 80401 10010 20016 39875 40100 52004 885// 333   88612
 555   1/000=
 22621 83970 /0301 10000 21016 39973 40113 52006 555   1////=
 22619 42998 50802 10035 21001 39942 40100 52006 80005 555   1/100=
 22721 42997 20000 10021 20004 30001 40099 52009 82030 555   1/000=
 22727 86970 /0000 10037 20017 30042 40089 52013 555   1////=
 22717 83/70 /0502 10061 20025 39892 40082 52006 555   1////=
 22802 42998 20801 10064 20021 30041 40064 52003 82030 555   1/005=
 22820 42998 21402 10084 20026 39951 40084 52011 80001 555   11004=
 22831 42997 50000 10040 20026 30033 40088 52009 85030 555   12003=
 22805 429// 00705 10098 20022 30042 40061 53004 555   11006=
 22912 42984 60802 10042 20022 30051 40066 52008 80001 555   12005=
 
