21:31:00 MSK 11.11.2023
020 123456/=о000=1831
 унту01 бтул 111800
 22686 41496 81602 11017 21022 30043 40144 52004 77172 8552/ 333 85610=
 22695 42/// /1801 11025 21038 39980 40135 52003=
 22996 NIL=
 23220 42599 82102 11018 21038 39999 40142 57005 885// 333 88631=
 23226 42260 52102 11076 21086 39925 40148 57002 85600 333 85706=
 23305 41445 82002 11018 21018 30092 40120 54000 77172 8802/=
 23320 66/// /2204 11012 21012 30074 40147 57004 60002 333 11012=
 23324 41271 82102 11028 21033 30066 40145 57007 70241 886// 333 88704=
 23405 41395 81602 11022 21025 30029 40129 53004 77372 
 8572/ 333 85707=
 23410 66/// /1603 11036 21044 30037 40135 57009 60002 333 11035=
 23411 41497 82004 11028 21028 30038 40128 57005 77172 8772/=
 23412 42299 81802 11036 21041 30037 40136 57006 886// 333 86705=
 23416 NIL=
 23418 41265 81803 11028 21032 30075 40149 57009 70272
 886// 333 88706=
 23501 NIL=
 23503 41997 81903 11038 21046 30089 40140 57005 77172 8802/=
 23507 86/// /2002 11031 21031 39826 40141 52002=
 23509 41997 80000 11042 21055 30072 40153 58009 77172 8802/=
 23514 42297 81902 11040 21042 39952 40153 57007 886// 333 88705=
 23518 42497 81903 11009 21014 30071 40163 57005 886// 333 86710
 555 53006=
 23606 42260 82002 11040 21040 39991 40161 57005
 886// 333 88705=
 23612 NIL=
 23701 41464 81802 11031 21036 30033 40165 57002 78582 8692/ 333 86914=
 23704 66/// /1702 11031 21031 39484 49597 57008 60002 333 11025=
 23707 82498 81803 11032 21040 30032 40167 57003 885// 333 88617=
 23708 41982 81702 11041 21049 30030 40183 52001 70272 8807/=
 23709 42498 81601 11041 21055 39995 40192 52003 885// 333 88607=
 23711 41597 82102 11022 21029 30010 40182 51001 77072 8657/ 333 86621=
 23803 41499 81802 11027 21043 30016 40200 52001 70287 889// 333 88914=
 23804 81396 82002 11032 21043 30029 40177 53001 77172 8772/ 333 86708=
 23807 41496 81803 11028 21028 30019 40184 54000 71022 886// 333 85612=
 23808 86/// /1302 11024 21024 30024 40196 54001=
 23812 41496 82401 11008 21013 30029 40194 52004 78582 889//=
 23904 41377 81702 11028 21030 30034 40194 57003 70282 8671/ 333 86707=
 23905 41599 81902 11020 21025 39970 40201 54000 70272 885// 555
 51019=
 23909 41496 82202 11014 21020 39959 40208 52003 77172 8752/=
 23912 41494 82301 10002 21001 30007 40201 52006 71054 886// 555
 50012=
 23913 41493 83601 10007 20007 39967 40198 52008 74442 886// 555
 50009=
 23914 81/93 92602 11004 21005 39943 40203 52006 74344=
 28013 41598 82401 11004 21014 39974 40208 52005 70284 889//=
 28016 42/// /2401 11006 21008 39985 40213 52006 555 50001=
 28029 41498 83001 10009 20007 39981 40202 52007 70242 886// 555
 50023=
 28116 41499 80000 10002 21001 39979 40213 52007 70252 885//=
 28128 41597 82901 10013 20008 30055 40210 52007 76162 8802/ 555
 50028=
 28134 41492 80000 10015 20013 39851 40203 52010 75154 886// 333 96042
 555 50028=
 28138 43/// /0000 11006 21011 39627 40199 52008=
 28216 41596 83101 10000 21004 39917 40218 52008 77075 887// 555
 50015=
 28222 42/// /3101 10014 20014 30013 40209 52008 555 50032=
 28224 41470 83301 10019 20001 39996 40210 52012 70265 885//=
 28234 41596 83402 10024 20014 39924 40203 52014 71062 885// 555
 50042=
 28238 42599 83101 10024 20014 39893 40196 52011 885// 555 50027=
 28313 42/// /2901 10013 20002 30026 40220 52010 555 50028=
 28319 42597 80000 10021 20015 30055 40219 52011 885//=
 28321 41497 83403 10011 20008 30009 40214 52017 75152 886//=
 28324 42/// /0000 10025 20019 30092 40213 52012 555 50040=
 28326 42598 63401 10021 20015 30018 40206 52015 82530 555 50022=
 28413 41598 82902 10021 20004 30099 40222 52009 70262 8655/ 555
 50036=
 28428 41599 83203 10030 20019 30022 40207 52015 70282 889// 555
 50043=
 28429 42/// /3101 10024 20009 39790 40202 52014 555 50026=
 22983 42584 81801 11003 21014 30069 40175 52002 8655/ 333 91003
 91103=
 27083 42584 81902 11021 21030 39961 40187 52005 885// 333 91004
 91105=
 27097 41598 81802 11035 21035 39935 40203 52002 70272 885// 333 91003
 91105=
 27185 42/// /1701 11022 21029 30015 40203 54001 333 91003 91104=
 27199 41396 81601 11032 21035 30012 40214 57002 71022 886// 333 91003
 91104=
 27281 41215 81501 11011 21013 39988 40199 52002 71022 886// 333 91003
 91105=
 27283 42497 81702 11024 21027 30047 40206 58003 8657/ 333 91004
 91106=
 27295 41496 81402 11036 21044 39958 40217 57003 71022 886// 333 91004
 91104=
 27296 42997 81602 11029 21038 39994 40217 57002 8802/ 333 91004
 91104=
 27385 429// 00000 11021 21026 30078 40209 57004 333 91000 91102=
 27393 42598 81803 11032 21036 30056 40231 52003 8655/ 333 91004
 91105=
 27480 41/93 91801 11002 21013 30082 40213 54000 74742 333 91002
 91105=
 28007 41395 81801 11025 21032 39944 40212 52001 71022 886// 333 88708
 91002 91104=
 28009 41698 80000 11011 21024 30002 40216 52002 70282 885// 333 91000
 91100=
 28105 42498 82102 11018 21025 30017 40214 52001 885// 333 91004
 91105=
 28202 42697 82203 11012 21025 39994 40219 52003 885// 333 91005
 91105=
 28302 41597 82401 11013 21020 39992 40225 52004 70272 885// 333 91003
 91103=
 28307 42497 81202 11028 21039 30082 40229 52003 886// 333 91004
 91104=
 28402 41480 82401 11017 21024 30048 40231 52005 70272 886// 333 91002
 91103=
 28502 42697 83001 11015 21028 30127 40233 52004 885// 333 91002
 91104=
 22550 81270 83202 11023 21023 30141 40151 52024 70242 886// 333
 88704=
 22778 41396 81302 10001 21003 30069 40139 52003 75185 886// 333
 88708=
 22889 42498 81501 11008 21014 30085 40173 54000 886// 333 88710=
 22762 41395 80000 10002 20002 30092 40131 52009 71062 8672/=
 22638 46/// /0302 11012 21016 39924 40152 52017=
 22671 41396 80000 11011 21011 30053 40132 52014 77187 8872/ 333
 85706=
 22456 41496 83101 11054 21054 30063 40153 52017 77772 886//=
 22583 41597 81401 11015 21019 30048 40130 52009 70288 889//=
 22749 41497 82102 10042 20042 39999 40122 52013 78082 889// 333
 88815=
 22951 41496 82101 10034 20032 39859 40138 52010 886//=
 22887 42497 81602 10004 20001 30088 40159 54000 886// 
 333 88710 =
 22876 42497 81702 10010 20007 30078 40151 54001 886// 333 88712=
 22481 41597 72902 11031 21034 30082 40135 52018 78584 83970 =
 22854 41/93 92102 10028 20028 39845 40132 52010 74564=
 22781 NIL=
 22676 41496 81201 11010 21014 30053 40132 52008 70272 8872/=
 22648 41497 83402 10002 20000 30097 40144 52021 77176 8872/ 333
 88713=
 22559 41498 83501 11002 21006 30132 40148 52021 70274 885// 333
 88616=
 22869 41296 81902 10020 20017 30003 40151 52006 71084 886// 333
 86704=
 22768 41497 82002 10021 20019 30078 40128 52007 78085 889// 333
 86910=
 22798 41496 81702 11024 21028 30049 40163 57003 78582 889//=
 22375 46/// /2603 11017 21021 30114 40129 52013=
 23207 NIL=
 23215 41497 82003 11040 21043 30029 40120 57002 77172 8657/ 333
 86618=
 23219 NIL=
 27095 66/// /1703 11034 21034 39975 40212 57002 60002 333 11029=
 22408 12282 80401 11053 21058 30042 40197 52017 60002 886// 333  
 11052 88705 93505=
 22511 12982 00501 11108 21120 30071 40199 52023 69902 333   11046
 93515=
 22529 12598 83602 11015 21029 30160 40167 52018 69902 889// 333  
 10004 88924=
 22602 12474 80303 11069 21078 39940 40174 52019 69952 885// 333  
 11036 88612=
 22621 12398 83602 11049 21055 30027 40171 52019 60022 886// 333  
 11013 88708=
 22619 11296 80303 11025 21035 39993 40155 52019 60052 77172 8872/
 333   11002 87706=
 22721 11397 80801 11004 21011 30047 40146 52019 60022 72687 889//
 333   10019 86707 93702=
 22727 12370 80303 10016 20010 30080 40128 52017 60022 886// 333  
 10051 88706=
 22717 11295 80503 10002 20002 39926 40124 52015 60042 75100 886//
 333   10028 88703=
 22802 11296 80302 10032 20032 30084 40107 52016 69992 71054 886//
 333   10066 88705=
 22820 11/93 90402 10027 20025 39987 40123 52017 60022 75354 333  
 10048 96045=
 22831 11194 80000 10042 20036 30065 40120 52012 60032 71065 886//
 333   10052 88702=
 22805 114// 80000 10062 20062 30079 40104 52011 60012 71022 886//
 333   10068=
 22912 11484 81102 10050 20043 30095 40110 52010 60012 70252 885//
 333   10056 88617=
 
