09:31:00 MSK 13.12.2023
020 123456/=о000=0631
 унту01 бтул 130600
 22686 41498 81504 11133 21158 30177 40284 53005 70272 8657/ 333 86613=
 22695 41497 81703 11144 21176 30117 40281 53005 77172 8652/=
 22996 41998 81903 11169 21196 30151 40354 52003 70272 8805/ 333 21175=
 23220 41697 72403 11187 21212 30172 40328 52011 70272 85530 333 85634=
 23226 41460 82005 11205 21231 30085 40322 52010 72272 8555/ 333 21205 
 85613=
 23305 41599 81803 11139 21158 30253 40283 54000 72272 885//=
 23320 66/// /2203 11184 21215 30252 40332 52005 60002 333 21187=
 23324 42983 22102 11192 21223 30245 40330 52008 82070 333 21192=
 23405 41932 81604 11143 21163 30183 40291 52003
 77372 8802/=
 23410 66/// /1605 11173 21203 30212 40318 52003 60002 333 21189=
 23411 41498 81904 11154 21170 30206 40303 52003 77172 8802/=
 23412 42999 81703 11170 21192 30210 40316 52004 8805/=
 23416 NIL=
 23418 41436 81703 11172 21198 30250 40330 52002
 77372 8552/ 333 85618=
 23501 NIL=
 23503 41998 81703 11155 21181 30253 40307 54001 70272 8801/ 333 21155=
 23507 86/// /1802 11159 21172 39962 40298 54000=
 23509 41996 81802 11148 21182 30231 40316 54000 77172 8802/=
 23514 41997 81803 11165 21186 30115 40328 52005 77172 8807/=
 23518 41996 81804 11175 21201 30249 40350 54001 77172 8802/ 555
 53010=
 23606 41521 82004 11155 21183 30146 40327 52001 77372 8652/ 333 86620=
 23701 41962 71902 11152 21170 30181 40321 52004 77172 84075 333
 21152=
 23704 66/// /1903 11149 21161 39171 49285 52002 60002 333 21150=
 23707 81596 81804 11153 21182 30182 40325 52006 77177 8652/ 333 21153 86620 91110=
 23708 41475 81905 11163 21199 30186 40349 52005 77173 8272/=
 23709 41498 81705 11170 21209 30153 40364 53002 70272 8277/=
 23711 41497 81903 11169 21199 30179 40364 53001 77072 8572/ 333 85713=
 23803 41999 81704 11180 21222 30181 40379 53004 73673 86035 333 21180=
 23804 81996 82003 11161 21195 30181 40339 52005 77173 8802/ 333 21161=
 23807 42997 82005 11169 21191 30174 40350 52005 8802/ 333 21169=
 23808 86/// /1504 11175 21195 30185 40370 54001 333 21180=
 23812 41997 82103 11172 21209 30214 40393 57001 70272 80012 333 934//=
 23904 41970 81903 11168 21196 30197 40369 54000 70232 8802/=
 23905 41899 81803 11170 21204 30135 40384 52003 70232 8801/=
 23909 41898 81804 11169 21201 30138 40408 52002 73632 8807/ 333
 93606=
 23912 41898 81905 11181 21219 30215 40427 55001 73632 84035 333 91010
 91111=
 23913 41599 83202 11160 21235 30189 40441 52006 70272 8453/=
 23914 82499 81705 11188 21210 30149 40434 52002 82505 333 93606=
 28013 41898 71705 11179 21223 30170 40425 55000 70232 87070 333
 91110=
 28016 42599 81704 11172 21203 30182 40430 53002 83531=
 28029 42899 61806 11177 21226 30220 40464 52001 86020 333 91111=
 28116 42499 71903 11182 21220 30196 40452 52003 87530=
 28128 42599 82003 11179 21227 30309 40480 52002 885//=
 28134 42898 81802 11197 21249 30103 40496 52003 86079=
 28138 42899 82104 11217 21254 39873 40512 57001 83041 333 93646=
 28216 41699 71905 11198 21247 30148 40481 52003 73632 87500 333
 91111=
 28222 42598 81704 11193 21235 30275 40493 50003 8555/=
 28224 42870 81704 11198 21247 30261 40500 52002 83045=
 28234 42898 51803 11205 21268 30206 40520 50001 82071=
 28238 42899 50000 11264 21301 30189 40539 50002 82031=
 28313 42898 61803 11195 21250 30279 40494 52005 85031 333 91110=
 28319 42998 51702 11208 21257 30327 40513 53001 80001=
 28321 41899 51804 11210 21255 30271 40501 54001 70231 83031=
 28324 42899 81702 11207 21264 30374 40511 54001 82045=
 28326 42998 22004 11197 21257 30312 40522 52011 80001=
 28413 42899 61603 11194 21267 30364 40501 55001 81035=
 28428 42998 30000 11254 21288 30325 40538 54000 80001=
 28429 42998 22203 11187 21254 30078 40539 54001 80001=
 22983 41441 81702 11149 21181 30213 40327 52007 77172 8802/ 333 21149
 91005 91106=
 27083 41599 81704 11166 21205 30103 40347 52002 73632 885// 333 21172
 91007 91109=
 27097 41998 81605 11173 21195 30083 40371 52002 73632 8807/ 333 91008
 91109=
 27185 41998 81502 11157 21199 30166 40367 52004 70232 8802/ 333 91005
 91109=
 27199 41998 81704 11163 21208 30179 40395 52003 70232 8007/ 333 91007
 91109=
 27281 42982 81505 11154 21199 30133 40359 52001 8802/ 333 91008
 91110=
 27283 41998 81704 11162 21212 30208 40379 53002 70232 8807/ 333 91008
 91108=
 27295 42598 81503 11169 21219 30120 40397 52001 885// 333 91007
 91108=
 27296 41968 81604 11171 21221 30167 40407 52003 73632 8807/ 333 91008
 91110=
 27385 415// 81604 11158 21218 30243 40387 57001 70232 8555/ 333 91008
 91110=
 27393 41598 81807 11174 21222 30239 40428 53001 73632 8657/ 333 91010
 91110=
 27480 42598 81504 11157 21221 30239 40380 54000 885// 333 91008
 91109=
 28007 41999 81804 11169 21209 30108 40396 52002 73632 8805/ 333 91007
 91109=
 28009 41998 81805 11166 21224 30179 40410 52001 73632 8807/ 333 91008
 91110=
 28105 41998 71903 11166 21218 30192 40405 54000 70331 87020 333 91007
 91107=
 28202 41940 81907 11174 21226 30185 40430 52004 73832 8807/ 333 91010
 91112=
 28302 42998 81505 11185 21234 30193 40447 52004 86031 333 91008
 91108=
 28307 41498 81304 11169 21231 30269 40428 57001 73632 8353/ 333 91007
 91109=
 28402 41998 81705 11171 21239 30251 40450 52003 73632 86075 333 91008
 91109=
 28502 41698 81402 11184 21245 30345 40461 52003 70232 85501 333 91004
 91108=
 22550 81457 81202 11108 21118 30190 40201 52001 77072 8802/ 333 21115
 88515=
 22778 41498 81606 11124 21155 30195 40269 52009 70272 8557/ 333 21126
 85617=
 22889 41497 81504 11147 21182 30231 40325 52006 70272 885// 333 21147
 88616=
 22762 41397 81503 11098 21117 30193 40234 52006 70272 886//=
 22638 46/// /1301 11122 21135 39939 40177 54000=
 22671 41496 81803 11110 21125 30150 40234 52003 78587 8697/ 333
 85711=
 22456 41496 81401 11118 21148 30118 40211 53001 77172 8872/=
 22583 41598 71401 11133 21153 30174 40261 53002 70288 87500=
 22749 41496 81703 11089 21105 30066 40196 52003 77172 8872/ 333
 88712=
 22951 41897 81705 11109 21128 39926 40224 52004 77172 8801/ 333
 21109=
 22887 41699 81405 11139 21174 30228 40304 52009 
 70272 8255/ 333 21142 91110=
 22876 41997 81603 11135 21158 30212 40290 52008 70273 8805/ 333
 21138=
 22481 41495 81403 11126 21141 30185 40241 52002 78582 889//=
 22854 41497 81604 11104 21123 39912 40216 52004 77172 8672/ 333
 86710=
 22781 NIL=
 22676 41496 81503 11118 21147 30169 40252 53004 77172 8872/=
 22648 41396 71503 11087 21088 30148 40196 52002 77177 85770 333
 85709=
 22559 41597 81502 11098 21115 30196 40214 52002 77187 8372/=
 22869 41997 81704 11123 21151 30110 40269 52006 77177 8002/ 333
 21123=
 22768 41496 81805 11101 21131 30183 40236 52005 78583 889// 333
 86917=
 22798 41497 81702 11149 21174 30195 40317 52007 77173 8652/ 333
 21149=
 22375 46/// /1704 11131 21147 30212 40229 54000=
 23207 42999 81101 11217 21239 30241 40266 52001 80004=
 23215 42998 21905 11200 21218 30199 40297 52008 80001 333 21201=
 23219 NIL=
 27095 NIL=
 22408 11457 80401 11133 21146 30024 40183 54000 69952 77172 8872/
 333   21141 47037 88711=
 22511 11571 70101 11147 21164 30048 40177 54000 69962 77172 82511
 333   21149 47035 93501=
 22529 11598 10000 11243 21268 30171 40179 52003 69942 70281 81500
 333   21244 47033=
 22602 11474 80301 11129 21145 39920 40159 52001 69982 70272 885//
 333   21159 47036 88615=
 22621 11497 80301 11143 21158 30022 40171 57001 69952 771// 885//
 333   21175 47031 88618=
 22619 12498 80602 11115 21128 39989 40157 57001 69952 885// 333  
 21130 48036 88615=
 22721 12397 81101 11088 21097 30055 40158 57001 69902 886// 333  
 21104 47043 88706=
 22727 12465 81403 11050 21067 30097 40146 52001 69922 884// 333  
 21074 48032 88614=
 22717 11395 80801 11086 21099 39929 40134 57002 69932 77100 8872/
 333   21115 47017 86709=
 22802 11396 80705 11066 21078 30089 40113 57004 60012 78582 889//
 333   21079 47025 88909=
 22820 11997 71102 11075 21094 30003 40145 52002 69922 77172 87070
 333   21099 47033=
 22831 11696 81202 11075 21096 30111 40168 52002 60022 77072 885//
 333   21088 47027 88634=
 22805 114// 81208 11011 21015 30077 40102 57004 60022 77272 8872/
 333   21050 48997 91012 91112=
 22912 11556 81204 11054 21068 30108 40124 52001 60012 77172 8802/
 333   21089 47020=
 
