15:31:00 MSK 25.04.2023
020 123456/=о000=1231
 унту01 бтул 251200
 22686 42998 43101 10083 21006 30069 40166 52010 82069 555 1/100=
 22695 42598 50502 10070 21024 30002 40152 52012 83509 555 1/009=
 22996 42599 62404 10212 21009 39977 40151 53006 85981 333 91111 555
 12018=
 23220 42999 01602 11020 21095 30004 40147 52036 555 1/103=
 23226 42960 02003 11032 21075 39923 40140 52031 555 1/102=
 23305 42999 23104 10040 21091 30144 40172 52020 82030 555 1/000=
 23320 86/// /3103 10042 21109 30086 40158 52034=
 23324 42989 03302 10024 21072 30081 40159 52032 555 1/000=
 23405 42581 32402 10043 21054 30082 40181 52020 83400 555 1/000=
 23410 86/// /2604 10034 21120 30065 40161 52027 555 51002 53007=
 23411 42599 13202 10047 21110 30078 40166 51024 81100 555 1/000=
 23412 42699 13103 10040 21105 30067 40163 52026 81100 555 1/000=
 23416 NIL=
 23418 42565 53601 10052 21079 30097 40170 52031 
 83530 555 1/001=
 23501 NIL=
 23503 42698 72701 10031 21042 30131 40181 52023 86930 333 86933 555 1/000=
 23507 86/// /0801 10025 21029 39867 40177 52021=
 23509 42698 83602 10035 21036 30100 40178 51025 885// 333 88636 555
 1/000=
 23514 41597 80402 10017 21025 39980 40177 52027 70282 8695/ 333 84922 555 1/100=
 23518 42/// /3403 10030 21027 30078 40169 51034 555 1/001=
 23606 42662 23603 10057 21019 30003 40167 52026 82500 555 1/001=
 23612 NIL=
 23701 42984 70103 10102 20018 30034 40159 51018 86061 555 1/001=
 23704 86/// /3603 10146 20048 39926 40039 55004 555 53008=
 23707 82598 83303 10191 20046 30006 40130 52008 82431 555 11017=
 23708 42984 83002 10181 20020 39998 40139 52011 80031 555 1/000=
 23709 41698 63303 10171 20015 39960 40142 52016 70282 85430 555 1/019=
 23711 42598 60304 10104 20011 39983 40147 52036 84135 555 1/000=
 23803 42699 63002 10208 21003 39973 40141 52012 86100 333 86836 91110 555 11022=
 23804 82997 62502 10211 20018 39997 40133 52012 86035 333 91110 555 12015=
 23807 42/// /2705 10211 20015 39996 40147 52011 333 91114 555 1/024=
 23808 86/// /2207 10217 21012 39991 40147 52010 333 91113=
 23812 42597 63104 10171 20015 39987 40141 52022 83830 333 91113 555
 1/001=
 23904 42670 62503 10212 21002 30008 40155 52005 82530 333 91112 555
 11021=
 23905 42599 52504 10206 21002 39941 40154 52007 85200 333 91112 555
 10021=
 23909 42598 62504 10217 21003 39926 40155 52004 85101 333 91113=
 23912 42599 22604 10212 20013 39969 40148 52009 82100 333 91112 555
 11020=
 23913 42599 32903 10198 21022 39937 40152 52013 83100 333 91010 91113
 555 1/010=
 23914 82499 62807 10208 20006 39914 40153 52009 86800 333 91011
 91115=
 28013 42698 32505 10222 21022 39943 40158 52005 83200 333 91011 91113
 555 10028=
 28016 42599 42403 10221 20002 39956 40165 52004 84800 333 91111 555
 10025=
 28029 42599 12505 10223 21004 39958 40163 52002 81100 333 91114 555
 11031=
 28116 42699 22403 10225 21018 39957 40172 52002 81181 333 91112=
 28128 42999 22305 10188 20032 30034 40179 54000 80001 333 91110 555
 11028=
 28134 42998 22703 10215 21029 39845 40173 57001 80008 555 10027=
 28138 42999 02506 10192 21042 39642 40176 52002 333 91011 91114=
 28216 42599 32305 10213 21034 39907 40186 54001 83100 333 91112 555
 10030=
 28222 42598 22503 10230 21020 39999 40180 54000 82101 333 91110 555
 11022=
 28224 42670 22404 10230 21030 39987 40186 57002 82105 333 91110=
 28234 42598 22705 10224 21066 39925 40185 54001 81201 333 91111 555
 10033=
 28238 42599 12606 10222 21059 39902 40186 57002 81100 333 91010 91114
 555 10033=
 28313 42598 62103 10221 21029 30013 40193 57002 85101 333 91110 555
 10025=
 28319 42599 62605 10224 21012 30048 40201 57007 82154=
 28321 42599 52404 10228 21027 30001 40191 54001 83201 333 91111=
 28324 42599 62703 10230 21060 30086 40199 57005 82205 333 91110 555
 10030=
 28326 42598 42705 10232 21033 30018 40192 57005 84100 333 91112 555
 10033=
 28413 42699 62303 10229 21046 30089 40203 57007 81105 555 10035=
 28428 42599 72405 10227 21023 30032 40205 57009 81501 333 91110 555
 10032=
 28429 42998 22304 10215 20000 39820 40206 57007 80001 333 91111 555
 10030=
 22983 42598 72603 10214 21002 30049 40147 52005 83830 333 91007 91109
 555 11026=
 27083 42599 62203 10209 21013 39941 40149 52002 85809 333 91006 91110
 555 11018=
 27097 42598 61704 10207 21002 39915 40160 54000 86201 333 91006 91111
 555 11022=
 27185 42698 82103 10223 21005 39991 40163 57004 85805 333 91006 91108
 555 10016=
 27199 42698 62103 10224 21007 39987 40171 57004 84101 333 91006 91108
 555 10037=
 27281 42582 71904 10205 20013 39971 40166 57006 86105 333 91006 91109
 555 10024=
 27283 42598 62003 10215 20010 30024 40171 58006 82130 333 91008 91108
 555 10023=
 27295 42998 61803 10218 21015 39942 40176 57005 82085 333 91008 91110
 555 10023=
 27296 42698 72304 10216 21032 39973 40176 57004 85201 333 91007 91109
 555 10031=
 27385 425// 81803 10211 20019 30054 40175 57010 83507 333 91008 91111
 555 10028=
 27393 42598 72304 10216 20000 30029 40189 57007 83110 333 91007 91110
 555 10030=
 27480 42698 81802 10207 20035 30055 40176 57010 8117/ 333 91006 91109
 555 10028=
 28007 42699 62502 10210 21039 39923 40168 52005 86201 333 91005 91112
 555 11019=
 28009 42698 82505 10224 21049 39976 40172 52002 86201 333 91008 91114
 555 10034=
 28105 42598 42403 10220 21041 39987 40173 54000 84200 333 91006 91112
 555 10032=
 28202 42699 72503 10222 21027 39973 40180 58001 84101 333 91008 91112
 555 10031=
 28302 42598 82204 10218 21013 39974 40188 57005 86201 333 91008 91111
 555 10032=
 28307 42598 81803 10214 20001 30052 40188 57010 82407 333 91006 91110
 555 10028=
 28402 42698 72105 10211 20009 30025 40193 57008 84115 333 91008 91109
 555 10028=
 28502 42998 81903 10211 20004 30101 40199 57008 8807/ 333 91006 91109
 555 10028=
 22550 82597 31802 10045 21029 30163 40173 52005 82530 555 1/000=
 22778 42598 63202 10143 20047 30083 40149 52009 82570 555 12013=
 22889 42598 42104 10218 21016 30064 40144 52006 84200 333 91110 555
 1/025=
 22762 42698 63201 10087 20017 30123 40161 51008 84541 555 1/008=
 22638 46/// /0802 10033 21005 39925 40149 52003=
 22671 42/// /0501 10037 21014 30097 40175 52012 555 1/000=
 22456 42/// /0701 10049 21074 30087 40174 52007 555 1/100=
 22583 42598 70601 10045 21037 30100 40180 51015 87500 555 1/000=
 22749 42598 60502 10137 20031 30015 40135 54001 82530 555 1/016=
 22951 42898 72401 10192 21021 39859 40123 52003 87030 555 1/019=
 22887 42699 71905 10218 20068 30071 40136 52007 83531 
 333 91110 555 10028 =
 22876 42597 63202 10208 20035 30066 40134 53009 86400 333 86622 555
 11021=
 22481 42698 12901 10039 21068 30130 40183 52015 81400 555 1/001=
 22854 42/// /0502 10157 20037 39854 40128 54000 555 1/026=
 22781 NIL=
 22676 41598 20401 10060 21015 30092 40169 52012 70181 81830 555
 1/014=
 22648 41497 80601 10078 20014 30108 40154 54000 78082 8497/ 555
 12012=
 22559 42598 61402 10040 21026 30161 40177 53005 85830 555 1/100=
 22869 42597 72103 10212 20002 39996 40135 53006 83130 555 1/016=
 22768 41497 60404 10126 20032 30100 40148 52008 70282 83930 555
 11021=
 22798 42598 62703 10206 20026 30026 40131 52007 83530 555 10021=
 22375 NIL=
 23207 42599 12805 10027 21066 30145 40167 52020 81100 555 1/000=
 23215 42698 22306 11011 21052 30060 40151 52020 81502 555 1/000=
 23219 NIL=
 27095 86/// /2203 10224 21019 39955 40168 52003 333 91111=
 22408 42699 81404 10029 21042 30001 40150 57004 82111 555   1/000=
 22511 42598 61004 10031 21044 30026 40147 57003 86500 555   1/000=
 22529 42599 71002 10011 21021 30153 40160 57002 87500 333   87629
 555   1/000=
 22602 41458 80803 10005 21015 39904 40130 52002 78082 889// 333  
 88917 555   1/001=
 22621 83564 /0802 10003 21015 30011 40152 52002 555   1////=
 22619 41489 80703 10009 21012 39978 40138 52004 70282 885// 333  
 88617 555   1/000=
 22721 41698 70701 10069 20012 30035 40132 57002 70282 83530 555  
 1/000=
 22727 86/70 /1602 10115 20029 30070 40116 57002 555   1////=
 22717 83/70 /0902 10126 20048 39912 40098 52001 555   1////=
 22802 42699 61305 10138 20037 30062 40084 57001 82131 555   1/018=
 22820 41970 61004 10105 20037 39982 40114 52001 70262 86030 555  
 11018=
 22831 42998 31002 10168 20053 30063 40115 54000 82031 555   1/100=
 22805 42598 61207 10127 20033 30065 40085 54000 82530 333   91011
 91111 555   11020=
 22912 42599 61703 10205 20017 30075 40089 57004 82530 555   12018=
 
