09:31:00 MSK 01.09.2023
020 123456/=о000=0631
 унту01 бтул 010600
 22686 82998 61403 10173 20114 30107 40201 58002 84059=
 22695 42999 21001 10156 20079 30049 40195 58001 80001=
 22996 82998 83603 10163 20097 30011 40187 50001 80004=
 23220 42999 30602 10169 20042 30076 40210 58003 80001=
 23226 42960 60000 10137 20072 30010 40217 58002 80006=
 23305 42999 51802 10151 20088 30191 40218 58002 80005=
 23320 66/// /0401 10155 20092 30139 40209 52003 60002 333 20028=
 23324 42985 20402 10171 20105 30139 40212 52002 80001=
 23405 42968 21203 10147 20062 30120 40214 58002 80001=
 23410 66/// /3603 10172 20104 30119 40211 50002 60002 333 20049=
 23411 41999 30702 10148 20083 30134 40219 51001 70204 80001=
 23412 42999 10302 10165 20106 30122 40214 52001 80001=
 23416 NIL=
 23418 42965 20202 10161 20107 30135 20204 52001 80001=
 23501 NIL=
 23503 42998 83301 10154 20082 30168 40216 54000 80001=
 23507 86/// /1301 10151 20081 39913 40210 54000=
 23509 42998 23401 10157 20084 30135 40210 58002 80001=
 23514 42997 20402 10164 20105 30019 40206 52004 80001=
 23518 42998 80104 10161 20108 30109 40196 54000 80005 555 53005=
 23606 42962 50302 10163 20101 30042 40200 52003 80001=
 23701 42999 20202 10162 20087 30083 40206 54000 80001=
 23704 66/// /3302 10131 20094 39638 49747 53284 60002 333 20012=
 23707 82999 60103 10166 20084 30070 40196 52002 80005=
 23708 42998 33602 10167 20100 30051 40193 50002 80009=
 23709 82998 23503 10167 20097 39999 40181 50000 80001=
 23711 42998 30202 10168 20108 30020 40181 52003 80001=
 23803 42999 00401 10158 20120 30004 40174 51001=
 23804 82997 33501 10158 20088 30053 40191 54000 80001=
 23807 42997 63603 10155 20101 30039 40193 50001 80009=
 23808 86/// /3203 10151 20102 30025 40185 54000=
 23812 42697 60303 10164 20103 30007 40161 52002 86200=
 23904 42970 33602 10163 20103 30035 40184 57001 80001=
 23905 82999 03603 10166 20113 39955 40170 52004=
 23909 82598 83503 10152 20122 39920 40153 57001 82532=
 23912 82598 73602 10164 20127 39956 40137 50000 84830=
 23913 81599 83504 10157 20117 39903 40120 54000 70282 889//=
 23914 82499 73602 10153 20121 39890 40134 57001 86501=
 28013 82598 73405 10150 20118 39923 40142 50001 87900=
 28016 82599 83504 10156 20127 39932 40145 54000 83544=
 28029 81599 83502 10151 20129 39901 40109 57003 70282 8757/=
 28116 82499 73605 10153 20124 39914 40133 57002 87400=
 28128 81499 83404 10160 20136 39965 40110 57005 70262 8663/=
 28134 81598 83201 10132 20126 39763 40096 57004 76064 8652/=
 28138 41597 83204 10120 20110 39527 40066 57015 78082 883//=
 28216 82599 83104 10155 20118 39839 40120 58005 889// 333 20132=
 28222 82498 83301 10148 20126 39922 40107 57003 886//=
 28224 82570 83404 10147 20123 39899 40101 57005 889//=
 28234 81596 83403 10132 20123 39819 40084 57012 76364 885//=
 28238 81499 83204 10131 20111 39780 40068 58016 76164 8872/=
 28313 82598 73403 10157 20120 39939 40121 58003 86501=
 28319 82598 73401 10163 20126 39962 40116 58005 87500=
 28321 81599 63603 10166 20122 39915 40107 58007 70282 84901=
 28324 82599 83604 10163 20112 39993 40107 58007 889//=
 28326 82598 73403 10142 20127 39910 40087 57015 87500=
 28413 82599 83203 10151 20109 30009 40125 50001 885//=
 28428 82598 83404 10157 20110 39923 40097 58009 8295/=
 28429 82598 83103 10121 20107 39699 40092 58006 885//=
 22983 41998 81401 10170 20123 30098 40198 57002 70242 82035 333 91002
 91102=
 27083 42999 63402 10166 20102 39978 40190 54000 80001 333 91003
 91104=
 27097 42998 83602 10173 20101 39939 40188 50001 80009 333 91005
 91105=
 27185 42998 73302 10176 20108 30017 40191 54000 80005 333 91004
 91104=
 27199 42998 63201 10168 20097 39994 40181 52001 80001 333 91004
 91104=
 27281 42982 63302 10170 20116 39997 40194 52003 80005 333 91003
 91103=
 27283 42998 73603 10175 20103 30040 40188 52003 80001 333 91005
 91105=
 27295 42998 63402 10173 20076 39944 40183 52003 80005 333 91005
 91106=
 27296 42998 33503 10173 20092 39969 40175 54000 80001 333 91006
 91107=
 27385 429// 63602 10178 20096 30064 40186 52001 80001 333 91005
 91105=
 27393 42998 50303 10182 20094 30013 40174 52001 80001 333 91006
 91107=
 27480 42998 83401 10199 20112 30067 40187 57001 80001 333 91003
 91104=
 28007 42999 23605 10158 20082 39927 40176 50000 80001 333 91008
 91108=
 28009 42998 23503 10169 20104 39966 40166 57001 82040 333 91006
 91105=
 28105 42998 33502 10172 20091 39988 40171 57002 80001 333 91005
 91105=
 28202 42999 20102 10167 20103 39950 40160 54000 80001 333 91005
 91106=
 28302 42998 23403 10165 20099 39940 40157 58002 80001 333 91007
 91107=
 28307 42998 33103 10179 20098 30032 40169 50002 80001 333 91006
 91106=
 28402 42998 23304 10177 20110 39987 40156 57002 80005 333 91007
 91107=
 28502 42998 43306 10182 20097 30055 40153 58004 80009 333 91009
 91109=
 22550 82997 01502 10175 20144 30127 40136 52001=
 22778 42998 61402 10161 20133 30120 40186 57001 86070=
 22889 42898 30901 10161 20127 30119 40201 54001 82081=
 22762 81998 61502 10195 20149 30130 40167 58003 70282 80009=
 22638 46/// /1502 10171 20153 39905 40118 52003=
 22671 42698 61502 10173 20137 30096 40170 54001 82231=
 22456 42597 81802 10168 20131 30056 40139 54001 885//=
 22583 41998 71301 10133 20110 30118 40196 58002 70244 87070=
 22749 42998 02003 10185 20148 30026 40143 53002=
 22951 42998 01502 10184 20131 39897 40162 58002=
 22887 42999 60000 10152 20136 30126 40194 54000 82031=
 22876 42997 70501 10159 20144 30124 40193 57002 87070=
 22481 41998 81303 10151 20116 30127 40177 57003 70282 8804/=
 22854 42999 01803 10175 20134 39884 40157 58001=
 22781 NIL=
 22676 42898 71202 10153 20122 30107 40181 58001 87040=
 22648 42498 61503 10169 20167 30094 40138 58002 83931 =
 22559 82998 21701 10185 20142 30132 40148 57002 80001=
 22869 41997 40901 10190 20155 30044 40184 52005 70181 80030=
 22768 42897 61803 10188 20133 30120 40167 57002 82031=
 22798 42998 22401 10171 20102 30094 40201 50001 80001=
 22375 46/// /1505 10147 20124 30142 40156 57011=
 23207 42999 61202 10166 20091 30184 40206 52002 83031=
 23215 41998 20601 10143 20106 30136 40222 50000 70240 80001=
 23219 NIL=
 27095 66/// /3602 10165 20105 39981 40198 50001 60002 333 20033=
 22408 12599 81804 10171 20146 39919 40059 52016 69912 885// 333  
 20160 31016 88628 91110=
 22511 12698 41904 10188 20147 39952 40065 52011 60002 84800 333  
 20161 31014=
 22529 12999 21703 10202 20167 30089 40095 52003 60002 80002 333  
 20137 31011=
 22602 12478 71903 10170 20145 39856 40068 52013 60042 86930 333  
 20161 31015 85916=
 22621 12498 81202 10186 20168 39961 40091 52005 60002 885// 333  
 20164 31/// 88614=
 22619 12397 81602 10196 20181 39934 40082 52005 69912 886// 333  
 20162 31014 88708=
 22721 12398 81202 10183 20162 30009 40101 52005 60002 887// 333  
 20168 31014 85708=
 22727 12970 01503 10200 20170 30056 40101 52009 60002 333   20176
 31///=
 22717 12598 51603 10193 20178 39900 40084 52006 60002 83530 333  
 20161 31///=
 22802 12473 71604 10182 20166 30052 40074 52003 60002 87900 333  
 20144 31014 85916=
 22820 12970 21903 10211 20167 39973 40000 52009 60002 80001 333  
 20181 31016=
 22831 12698 61501 10185 20157 30075 40127 52011 60002 82930 333  
 20131 31012=
 22805 11598 61606 10182 20164 30056 40079 52007 69972 70282 84531
 333   20170 31015 91110=
 22912 12999 51603 10214 20172 30085 40099 52008 60002 82031 333  
 20166 31016=
 
