18:31:00 MSK 02.10.2023
020 123456/=о000=1531
 уйту01 бтул 021500
 22686 61497 83104 10072 20064 39985 40082 52046 60022 75052 886// 333 10112 85613 555 50096 53010=
 22695 11498 83205 10074 20050 39911 40059 52043 60032 70262 887// 333
 10109 91113 555 50096 53013=
 22996 61598 72102 10097 20097 39911 40090 52016 69982 72582 84970 333 10118 555 50109 53009=
 23220 12599 82103 10092 20060 39770 49904 57016 69902 8453/ 333 10129 555 50110 53011=
 23226 11560 82108 10101 20072 39695 49897 57010 60022 70282 8355/ 333 
 10125 91011 91112 555 50107 53013=
 23305 11684 63205 10056 20033 30009 40036 52050 60012 70282 83230 333
 10102 91010 91115 555 50093 53015=
 23320 76/// /3006 10070 20070 39874 49944 53020 333 60002 91012 91114 555 50118 53014=
 23324 11531 83105 10064 20053 39863 49937 53014 60032 78182 889// 333
 10127 85921 91010 91111 555 50111 53011=
 23405 11456 83404 10064 20055 39944 40041 52048
 60102 78082 8595/ 333 10101 85918 555 50090 53011=
 23410 76/// /2705 10056 20036 39887 49980 53054 333 60002 91114=
 23411 12599 83004 10057 20042 39919 40005 52051 60022 885// 333 10106
 91112 555 50098 53012=
 23412 11499 83105 10057 20039 39896 49990 52059 60052 70262 887// 333 10119 85712 91112 555 50102 53012=
 23416 NIL=
 23418 11565 73006 10075 20062 39926 49996 53062 60032
 72582 86930 333 10123 84933 91010 91110 555 50110 
 53010=
 23503 11598 83002 10069 20050 39981 40030 52054 60052 70262 885// 333 10108 88622 555 50104 53009=
 23507 66/// /3603 10063 20057 39745 40046 52045 60002 333 10097 91111 555 50092 53011=
 23509 11598 62302 10096 20071 39958 40034 52044 60042 72582 86900 333
 10113 86923 555 50106 53005=
 23514 11597 83204 10070 20061 39833 40023 52043 60042 72582 889// 333 10109 86922 555 50100 53012=
 23518 61697 82403 10086 20070 39918 40006 51041 60042 70282
 8697/ 333 10128 84639 91111=
 23606 11460 82502 10094 20088 39859 40023 52023 60022 72582 8693/ 333 10119 85915 555 50107 53011=
 23701 11580 72903 10091 20081 39928 40053 52035 69972 70282 84970 333
 10123 555 50108 53008=
 23704 76/// /2802 10100 20100 39873 49985 58067 333 60002=
 23707 61596 83005 10096 20085 39932 40059 52024 60052 78082 8695/ 333 10128 83623 555 50107 53011 7005/=
 23708 12584 72202 10100 20083 39914 40058 52020 60032 87500 333 10121
 87629 555 50113 53011=
 23709 11498 72203 10103 20077 39870 40055 52020 69952 70282 86330 333
 10122 555 50115 53011=
 23711 11498 82301 10085 20078 39878 40041 52023 60022 70282 889// 333 10130 88915 555 50117 53011=
 23803 12599 82703 10102 20076 39892 40064 52018 69902 8596/ 333 10121
 555 50116 53011=
 23804 12597 62301 10094 20081 39925 40065 52022 69932 82939 333 10132 555 50112 53009=
 23807 11596 72504 10093 20090 39925 40080 52020 69942 71082 86931 333
 10113 84622 555 50108 53011=
 23808 86/// ///// 1//// 2//// 3//// 4//// 5////=
 23812 11496 82302 10101 20087 39906 40061 52016 69952 78082 889// 333
 10132 91110 555 50115 53012=
 23904 12570 82303 10109 20090 39941 40092 52014 60002 8657/ 333 10120
 86620 555 50111 53009=
 23905 11599 82103 10102 20083 39872 40091 52011 69932 72522 889// 333
 10117 555 53009=
 23909 12598 82203 10113 20074 39859 40094 52011 60002 885// 333
 10135=
 23912 12598 82504 10121 20066 39903 40086 52014 69982 84531 333 10146
 91111 555 53012=
 23913 12599 83202 10127 20056 39866 40084 53015 69972 889// 333 10134
 555 53006=
 23914 62498 72503 10121 20064 39845 40090 52015 60002 87500 333
 10149=
 28013 12598 82404 10125 20049 39877 40097 52013 60002 885// 333 10156
 91111 555 53011=
 28016 12599 82503 10124 20067 39891 40106 52014 60002 86501 333 10157
 555 53010=
 28029 11899 32002 10118 20090 39889 40100 52010 69902 70181 83070 333
 10155 555 53010=
 28116 12599 62402 10128 20050 39887 40107 52012 60002 82905 333
 10165=
 28128 12599 82403 10134 20086 39963 40110 52008 69902 82501 333 10159
 555 53009=
 28134 12698 81802 10118 20091 39775 40111 52004 60012 83431 333 10134
 555 53007=
 28138 12599 32102 10110 20082 39574 40119 52004 60012 83500 333
 10114=
 28216 12699 72203 10120 20075 39838 40123 53011 69902 82505 333 10160
 555 53010=
 28222 12598 82202 10142 20082 39929 40114 52006 69932 8525/ 333 10161
 555 53008=
 28224 11536 82701 10123 20117 39921 40126 52011 60032 78182 889// 333
 10159=
 28234 11497 82104 10133 20088 39858 40124 53006 69902 78082 8695/ 333
 10151 555 53010=
 28238 11599 82204 10137 20078 39837 40127 53007 69932 70282 8292/ 333
 10173 91110 555 53013=
 28313 11598 82002 10123 20108 39946 40130 52013 60022 70282 86901 333
 10169 555 53009=
 28319 11598 72401 10138 20110 39982 40138 52010 69932 70282 85550 333
 10178=
 28321 11599 82302 10129 20112 39934 40128 53013 69982 70382 889// 333
 10165=
 28324 11599 82202 10142 20098 30020 40135 52011 69902 70282 8696/ 333
 10184 555 53009=
 28326 11598 52203 10133 20103 39955 40134 52009 60002 72582 85300 333
 10186 91110 555 53011=
 28413 12599 81702 10140 20093 30022 40139 52006 60002 86535 333 10177
 555 53009=
 28428 11598 60000 10118 20092 39972 40150 52002 69992 72582 86900 333
 10173 555 53011=
 28429 12598 82203 10118 20083 39760 40156 55000 69932 889// 333 10158
 555 53011=
 22983 12498 82502 10093 20086 39991 40093 52021 60022 8695/ 333 10117
 91004 91105 555 50102 53008=
 27083 11457 82303 10096 20088 39886 40101 52016 69962 76162 8872/ 333
 10116 91005 91108 555 50103 53008=
 27097 12498 82002 10102 20077 39860 40112 52012 60002 889// 333 10120
 91004 91107 555 50111 53009=
 27185 12698 82101 10109 20066 39946 40123 52012 60002 885// 333 10123
 91003 91106 555 50113 53008=
 27199 12498 82601 10123 20074 39934 40123 52011 60002 883// 333 10148
 91003 91107 555 50129 53008=
 27281 12982 72401 10105 20072 39930 40130 52011 60002 86079 333 10126
 91002 91107 555 50109 53008=
 27283 12498 62702 10113 20071 39977 40127 52012 60002 86900 333 10149
 91003 91108 555 50122 53008=
 27295 12597 72402 10111 20050 39886 40129 52010 69902 84570 333 10154
 91002 91106 555 50127 53007=
 27296 12597 62201 10114 20050 39915 40125 52009 60002 82530 333 10155
 91002 91107 555 50133 53007=
 27385 125// 62601 10108 20062 30008 40133 52009 60002 82531 333 10168
 91001 91105 555 50128 53007=
 27393 12598 62201 10102 20048 39969 40134 52008 60002 84541 333 10168
 91002 91106 555 50141 53009=
 27480 12598 72301 10125 20071 30012 40136 52008 60002 86501 333 10175
 91002 91104 555 50133 53006=
 28007 12699 72804 10113 20056 39863 40115 52012 60002 86530 333 10129
 86642 91008 91111 555 50118 53011=
 28009 12498 82402 10121 20056 39913 40115 52011 60002 889// 333 10135
 91002 91107 555 50128 53010=
 28105 12598 72302 10116 20057 39932 40118 52009 60002 87200 333 10148
 91003 91108 555 50135 53009=
 28202 12597 82601 10113 20051 39908 40121 52011 60002 81934 333 10170
 91002 91105 555 50135 53006=
 28302 12997 81801 10114 20059 39909 40129 52009 60002 82031 333 10161
 91001 91107 555 50133 53008=
 28307 12498 81901 10120 20052 39994 40133 52006 60002 83501 333 10166
 91001 91104 555 50141 53006=
 28402 12698 82001 10123 20075 39963 40135 52004 69902 81579 333 10159
 91002 91105 555 50137 53007=
 28502 12697 81801 10140 20110 30038 40137 52002 60012 885// 333 10167
 91002 91105 555 50138 53009=
 22550 12697 73402 10066 20018 30119 40129 52022 60002 87900 333 10095
 87641 555 50086 53010=
 22778 11598 83102 10086 20067 30035 40102 52029 69982 70282 8657/ 333
 10106 555 50099 53009=
 22889 11496 82905 10093 20084 30007 40090 53025 69982 76162 8752/ 333
 10123 87614 555 50107 53010=
 22762 11596 83402 10081 20063 30079 40117 52026 69992 78082 889// 333
 10101 555 50089 53009=
 22638 46/// /3401 10056 20050 39920 40142 52011=
 22671 12598 63501 10055 20041 30030 40108 52033 60082 86900 333 10092
 555 50084 53009=
 22456 12597 20000 10020 20012 30034 40121 52020 60012 82500 333 10078
 555 50069 53008=
 22583 11598 73104 10058 20029 30008 40087 52045 69972 70288 86570
 333 10098 555 50088 53009=
 22749 NIL=
 22951 12598 80000 10066 20039 39861 40138 52016 60012 885// 333 10091
 555 50087 53008=
 22887 11597 82903 10086 20077 30025 40093 52032 
 60032 70282 86531 333 10128 86626 555 50107 53009=
 22876 12597 82701 10084 20073 30031 40104 52030 60012 889// 333 10120
 88924 555 50105 53010=
 22481 11698 23003 10035 21009 30044 40096 52036 69902 70281 81501 333
 10087 91111 555 50078 53014=
 22854 12599 82701 10067 20057 39851 40134 52018 69982 885// 333 10077
 86621 555 50079 53009=
 22781 NIL=
 22676 12498 73503 10066 20050 30022 40098 52039 60012 87900 333 10099
 91110 555 50090 53011=
 22648 NIL=
 22559 62598 53401 10062 20022 30110 40127 52023 69902 82981 333 10097
 555 50087 53011=
 22869 11597 63102 10075 20065 39979 40124 52024 60022 70282 83530 333
 10108 555 50098 53010=
 22768 11597 52902 10079 20065 30064 40113 52024 69942 70282 81571 333
 10109 555 50098 53009=
 22798 11598 80000 10078 20075 39963 40072 52030 60052 70282 8555/ 333
 10120 555 50106 53009=
 22375 NIL=
 23207 11599 83104 10042 20004 30015 40037 52044 60022 71582 8394/ 333
 10084 91114 555 50083 53014=
 23215 NIL=
 23219 NIL=
 27095 76/// /2202 10108 20085 39896 40116 52011 333 60002 555 50115 53010=
 22408 22899 81901 10075 20032 39978 40124 57005 88035 333   60002=
 22511 22698 31301 10060 20032 30011 40130 54000 82531 333   60002=
 22529 22599 83101 10071 20031 30132 40139 52009 885// 333   69902
 88627=
 22602 21459 71501 10075 20063 39906 40126 54000 78082 87900 333  
 69932 87916=
 22621 73/// ///// 1//// 2//// 3//// 4//// 5//// 333   6///2=
 22619 22681 81001 10077 20046 39978 40134 52004 885// 333   60002
 88640=
 22721 22698 80000 10080 20040 30045 40141 52009 885// 333   60002
 88643=
 22727 76670 /0000 10085 20065 30096 40143 5//// 333   6///2=
 22717 73/70 /2501 10077 20071 39948 40141 52004 333   69972=
 22802 22599 72201 10101 20074 30119 40142 52001 86930 333   60002=
 22820 22570 82401 10083 20072 30011 40145 52008 885// 333   60012
 88630=
 22831 22998 20000 10056 20044 30088 40142 52009 82030 333   69932=
 22805 22598 52202 10100 20075 30122 40147 52001 84230 333   60002=
 22912 22599 71601 10093 20066 30133 40148 52005 82531 333   69972=
 
