18:31:00 MSK 04.10.2023
020 123456/=о000=1531
 уйту01 бтул 041500
 22686 61296 81303 10093 20089 39801 49895 58046 60042 75165 886// 333 10099 88706 555 50075 53008=
 22695 11496 81205 10087 20075 39754 49899 57041 60062 76162 8652/ 333
 10097 555 50071 53008=
 22996 12498 81904 10124 20109 39803 49978 57020 69972 8392/ 333 10124 555 50083 53010=
 23220 12599 81103 10017 21006 39869 40009 57009 60002 8453/ 333 10060 555 50013 53009=
 23226 12960 81504 10006 21008 39798 40010 57012 60002 85075 333 10053 
 555 50009 53009=
 23305 11484 81102 10050 20050 39932 49958 58010 60022 70252 886// 333
 10063 555 50039 53005=
 23320 76/// /1703 10043 20040 39919 49990 56011 333 60002 555 51000 53005=
 23324 11959 81503 10046 20024 39916 49991 57012 69932 76062 8802/ 333
 10056 555 50012 53005=
 23405 12997 71101 10057 20055 39859 49956 58013 
 60022 87030 333 10083 555 50044 53007=
 23410 76/// /1503 10050 20043 39880 49974 57008 333 60002=
 23411 11499 81601 10058 20058 39876 49962 58006 60022 70252
 886// 333 10062 555 50031 53008=
 23412 11/93 91602 10052 20050 39878 49972 57008 69992 74742 333 10052 555 50023 53009=
 23416 NIL=
 23418 11326 81502 10067 20060 39908 49978 57008 60022
 76362 8872/ 333 10068 86707 555 50024 53009=
 23503 12598 81701 10073 20067 39912 49960 57012 60032 8355/ 333 10092 555 50046 53007=
 23507 66/// /1402 10077 20077 39647 49944 57021 60002 333 10081 555 50050 53006=
 23509 11998 62301 10074 20058 39891 49966 57011 60022 70262 86020 333
 10075 555 50054 53004=
 23514 11397 81803 10080 20078 39783 49971 57011 60022 70262 8775/ 333 10080 86707 555 50037 53009=
 23518 11497 81904 10076 20069 39905 49994 57008 60022 70262 8872/ 333
 10076 86712 555 50010 53008=
 23606 11260 82003 10084 20082 39812 49975 57014 69962 76062 887// 333 10085 86705 555 50057 53006=
 23701 11562 81702 10089 20083 39821 49945 58034 60012 76062 8557/ 333
 10096 85624 555 50074 53008=
 23704 76/// /1503 10093 20093 39801 49913 58003 333 60002=
 23707 61397 81705 10096 20092 39814 49939 57032 60042 76166 8872/ 333 10096 86708 555 50078 53009=
 23708 11461 81604 10090 20076 39828 49971 58029 60032 76162 8772/ 333
 10095 87711 555 50075 53010=
 23709 61396 81502 10081 20069 39807 49992 58024 60022 76162 885// 333
 10091 86707 555 50063 53008=
 23711 11497 81903 10082 20075 39842 40005 57014 60022 76162 863// 333 10085 86617 555 50043 53009=
 23803 11497 81702 10087 20068 39827 49999 58014 60052 76062 8802/ 333
 10094 555 50072 53008=
 23804 61397 82004 10104 20098 39821 49959 57022 60052 72162 8772/ 333 10104 85709 555 50081 53007=
 23807 61496 82006 10108 20108 39820 49973 55014 60062 78082 8795/ 333 10108 85913 91010 91111 555 50077 53011=
 23808 66/// /1805 10104 20094 39833 49993 56017 60002 333 10104=
 23812 11496 81802 10087 20077 39870 40026 57013 60022 78082 889// 333
 10091 555 50061 53008=
 23904 12470 81904 10117 20104 39846 49995 58020 60022 8377/ 333 10117
 555 50084 53009=
 23905 11599 81904 10101 20088 39790 40007 57020 60022 70282 885// 333
 10101 555 53009=
 23909 11598 82004 10104 20077 39798 40032 57015 60012 70282 883// 333
 10104=
 23912 11497 81803 10087 20081 39859 40043 56023 60032 76162 8872/ 333
 10094 555 53009=
 23913 11597 81502 10092 20077 39841 40061 57020 60012 78082 889// 333
 10105 555 53008=
 23914 61498 81904 10088 20079 39797 40044 57026 60022 72162 885// 333
 10098=
 28013 11598 62005 10113 20058 39822 40042 56018 69902 70282 86500 333
 10113 91011 91112 555 53012=
 28016 12599 72005 10118 20077 39837 40051 57015 69902 87500 333 10118
 91010 91111 555 53011=
 28029 11599 82007 10113 20077 39864 40074 57021 69902 70282 885// 333
 10113 91013 91114 555 53014=
 28116 12499 82103 10117 20067 39854 40075 57012 69902 8653/ 333 10119
 91111=
 28128 12599 82203 10120 20083 39949 40096 57014 60002 8802/ 333 10120
 555 53009=
 28134 12698 81903 10103 20068 39768 40106 57014 60002 8557/ 333 10107
 555 53008=
 28138 12599 82005 10084 20065 39574 40124 57012 60002 887// 333
 10085=
 28216 12699 72006 10111 20064 39822 40108 58012 60002 8750/ 333 10113
 91011 91111 555 53011=
 28222 12598 82004 10120 20073 39923 40110 57013 60002 8417/ 333 10120
 91110 555 53010=
 28224 12570 82004 10120 20070 39917 40121 57010 60002 885// 333 10121
 91111=
 28234 12598 81904 10109 20062 39862 40130 58011 60002 885// 333 10116
 555 53009=
 28238 12599 82106 10111 20054 39847 40140 58009 60002 885// 333 10121
 91111 555 53012=
 28313 12598 81904 10125 20069 39938 40122 57012 60002 885// 333 10126
 555 53009=
 28319 12598 72204 10135 20065 39982 40138 57012 60002 83950 333
 10139=
 28321 12899 82105 10126 20068 39929 40124 57010 60002 85077 333 10126
 91111=
 28324 12599 81902 10132 20063 30022 40138 57011 60002 8693/ 333 10139
 555 53010=
 28326 12598 72103 10123 20075 39960 40139 57011 60002 86530 333 10130
 91110 555 53010=
 28413 12599 71903 10140 20052 30025 40142 57011 60002 87501 333 10151
 555 53009=
 28428 12599 72004 10125 20051 39981 40159 57008 60002 85531 333 10146
 555 53010=
 28429 12698 72303 10108 20060 39766 40165 57006 60002 84530 333 10137
 555 53009=
 22983 12498 81902 10124 20109 39855 49954 57015 60082 889// 333 10124
 91004 91106 555 50094 53009=
 27083 12484 81904 10139 20096 39769 49978 57019 69902 887// 333 10139
 91008 91109 555 50088 53010=
 27097 12598 81805 10137 20106 39761 40008 56016 60012 82531 333 10137
 91009 91110 555 50085 53011=
 27185 12598 81803 10155 20100 39845 40018 56013 69932 8537/ 333 10159
 91007 91110 555 50101 53011=
 27199 12598 82003 10142 20089 39854 40040 57013 69902 8557/ 333 10148
 91007 91110 555 50097 53010=
 27281 12982 81906 10162 20099 39832 40026 57011 69942 8807/ 333 10169
 91010 91113 555 50107 53013=
 27283 12597 72004 10155 20097 39890 40037 57011 69912 85501 333 10168
 91008 91112 555 50104 53012=
 27295 12997 61705 10139 20077 39818 40057 57013 69902 82079 333 10151
 91010 91110 555 50085 53011=
 27296 12698 61905 10139 20068 39854 40060 57015 60002 82930 333 10146
 91009 91111 555 50093 53011=
 27385 125// 71905 10154 20089 39943 40065 57015 69902 83531 333 10180
 91009 91112 555 50101 53013=
 27393 12598 32008 10138 20063 39927 40090 57010 60002 82540 333 10154
 91011 91112 555 50094 53012=
 27480 12598 81904 10156 20093 39955 40076 57014 69972 82501 333 10184
 91008 91112 555 50104 53012=
 28007 12999 81904 10126 20074 39782 40030 57011 69902 8805/ 333 10128
 91008 91109 555 50087 53010=
 28009 12598 82005 10123 20061 39847 40048 57010 69902 85509 333 10123
 91010 91111 555 50090 53011=
 28105 12598 82005 10138 20069 39862 40045 57014 69962 885// 333 10138
 91010 91112 555 50092 53013=
 28202 12597 82108 10124 20059 39858 40069 57015 69902 889// 333 10125
 91012 91113 555 50081 53013=
 28302 12997 61804 10129 20055 39877 40096 57011 60002 86030 333 10129
 91008 91110 555 50074 53011=
 28307 12498 31503 10139 20054 39964 40102 57010 60002 82501 333 10162
 91007 91109 555 50081 53011=
 28402 12998 61905 10132 20062 39944 40116 57006 60002 83035 333 10148
 91009 91113 555 50097 53013=
 28502 12997 82007 10132 20052 30035 40135 57009 60002 82031 333 10161
 91009 91114 555 50098 53014=
 22550 11362 80303 10045 20041 39874 49883 57032 60022 76162 8872/ 333
 10054 88708 555 50043 53008=
 22778 11498 81805 10125 20120 39803 49868 57031 60102 72582 885// 333
 10125 555 50095 53009=
 22889 11497 81904 10124 20110 39866 49947 56014 60082 70262 885// 333
 10124 88616 91110 555 50092 53010=
 22762 61396 81603 10131 20130 39791 49827 56040 60132 76162 8872/ 333
 10131 555 50081 53009=
 22638 46/// /0103 10054 20047 39662 49878 57002=
 22671 11396 80705 10072 20068 39785 49860 57054 60092 76366 8872/ 333
 10072 86707 555 50060 53008=
 22456 12597 80601 10044 20041 39824 49909 56024 60002 885// 333 10060
 555 50041 53004=
 22583 11597 80801 10064 20061 39840 49918 58031 69902 78082 8697/ 
 333 10070 555 50050 53008=
 22749 NIL=
 22951 11497 82105 10126 20113 39604 49867 57013 60152 76162 8872/ 333
 10134 91013 91115 555 50110 53015=
 22887 12597 81704 10126 20114 39863 49929 57017 60092 8655/
 333 10126 86630 91112 555 50095 53012=
 22876 11496 81805 10132 20123 39836 49906 57020 60072 78082 889// 333
 10132 88917 91110 555 50101 53010=
 22481 12498 80602 10042 20031 39879 49930 57022 69902 885// 333 10046
 555 50035 53004=
 22854 11299 82107 10127 20118 39566 49834 57024 60172 70262 889// 333
 10139 86706 91014 91117 555 50106 53017=
 22781 NIL=
 22676 11496 81504 10092 20089 39784 49858 57053 60082 76162 8872/ 333
 10092 555 50071 53008=
 22648 NIL=
 22559 61496 80506 10051 20042 39854 49870 57045 60072 76162 8872/ 333
 10057 88711 91011 91111 555 50056 53011=
 22869 12497 82005 10139 20119 39756 49894 57018 60142 8367/ 333 10139
 91113 555 50105 53013=
 22768 11397 82106 10137 20125 39796 49843 57026 60132 76162 8872/ 333
 10137 86709 91011 91111 555 50104 53011=
 22798 11496 81804 10104 20103 39823 49930 56032 60052 76166 887// 333
 10104 555 50078 53008=
 22375 NIL=
 23207 12499 80101 10030 20024 39933 49955 57010 60012 87501 333 10050
 555 50032 53004=
 23215 NIL=
 23219 NIL=
 27095 NIL=
 22408 22699 33001 10054 20032 39801 49946 52006 82509 333   69902=
 22511 21698 82901 10073 20050 39823 49939 52008 70252 8751/ 333  
 69902 87635=
 22529 22499 80103 10072 20061 39903 49910 54000 889// 333   69952
 88919=
 22602 22474 73102 10079 20045 39729 49945 52011 86530 333   60002
 86612=
 22621 73221 /3303 10063 20058 39786 49920 52011 333   6///2=
 22619 21459 83106 10074 20067 39768 49920 52019 76162 8872/ 333  
 60052 86713 91110=
 22721 21497 83102 10066 20057 39810 49904 52021 76186 8872/ 333  
 60102 85711=
 22727 76460 /3404 10064 20059 39855 49901 5//// 333   6///2 91111=
 22717 73/70 /2903 10071 20066 39749 49939 52046 333   60162=
 22802 21499 82902 10085 20076 39945 49968 52045 72582 8297/ 333  
 60062=
 22820 21430 83304 10049 20040 39771 49903 52051 76562 8852/ 333  
 60372 87616 91112=
 22831 21340 83501 10070 20066 39785 49838 52018 76162 8872/ 333  
 60412 88706=
 22805 21498 83106 10098 20089 39947 49966 52054 72162 8362/ 333  
 60152=
 22912 21457 83003 10066 20053 39928 49943 52114 76165 8802/ 333  
 60082 88517 91113=
 
