00:31:00 MSK 23.06.2023
020 123456/=о000=2131
 уйту01 бтул 222100
 22686 81998 00000 10047 20038 30049 40147 53003 71100=
 22695 42998 00803 10099 20018 39985 40133 53001=
 22996 42/// /0000 10078 20053 39964 40146 54001=
 23220 43/// /2802 10032 20022 39939 40078 57004=
 23226 42960 83504 10031 21001 39876 40088 53003 86041=
 23305 NIL=
 23320 86/// /2902 10079 20028 30047 40118 54001=
 23324 41580 73203 10056 20043 30038 40114 53001 72582 83940=
 23405 42968 50401 10054 20042 30051 40150 57003 85030=
 23410 86/// /2902 10068 20031 30036 40130 55002=
 23411 42/// /3303 10073 20045 30052 40139 57005=
 23412 42999 80102 10075 20040 30039 40134 57001 8805/=
 23416 NIL=
 23418 42965 72502 10065 20029 30063 40136 57010 87080=
 23503 42/// /1501 11002 21010 30102 40152 57003=
 23507 86/// /3501 10046 20027 39851 40158 54000=
 23509 NIL=
 23514 42597 62601 10020 20014 39955 40151 57005 83580=
 23518 NIL=
 23606 42960 10000 10012 20012 39988 40155 57003 81030=
 23704 86/// /0000 10039 20039 39926 40039 55004=
 23701 NIL=
 23707 82998 41001 10099 20038 30013 40142 52002 80001=
 23708 42/// /0601 10049 20032 30007 40154 52005=
 23709 82998 50000 10024 20008 39967 40159 54001 80001=
 23711 42598 83101 10063 20036 39982 40148 57004 885// 333 88631=
 23803 43/// /10// 1//// 2//// 3//// 4//// 5////=
 23804 82997 20000 10056 20043 30003 40146 53003 82030=
 23807 42/// /3601 10064 20046 39991 40149 53002=
 23808 86/// /0000 10043 20031 39985 40152 54001=
 23812 42597 73201 10067 20018 39987 40146 57003 87500=
 23904 42975 30000 10031 20030 39996 40152 52005 80001=
 23905 82899 10000 10050 20031 39923 40147 52004 81040=
 23909 82998 21103 10064 20036 39910 40151 52004 80001=
 23912 82998 10000 10003 21005 39959 40152 54001 80001=
 23913 82999 00000 11009 21019 39919 40150 52003=
 23914 82998 63301 10038 20021 39894 40148 54000 80004=
 28013 82998 20702 10056 20023 39922 40150 52005 80001=
 28016 82/// /0701 10074 20047 39927 40147 52007=
 28029 82999 23102 10057 20033 39923 40139 52003 80001=
 28116 82899 20801 10078 20042 39916 40141 52005 82031=
 28128 82998 20301 10071 20048 39991 40141 52004 80001=
 28134 82998 20000 10027 20021 39794 40142 52005 80001=
 28138 43/// /0301 10035 20027 39577 40137 52001=
 28216 82699 60701 10099 20041 39850 40138 53003 82505=
 28222 42/// /0201 10045 20030 39949 40141 52005=
 28224 82870 20000 10058 20033 39928 40138 52004 82040=
 28234 82898 20000 10064 20046 39862 40135 52004 82030=
 28238 82899 22302 10048 20034 39836 40135 52004 82040=
 28313 42/// /0000 10073 20048 39952 40140 52003=
 28319 82598 73001 10121 20078 39980 40137 52002 84550=
 28321 82999 22301 10081 20056 39938 40136 52004 80001=
 28324 42/// /0000 10055 20031 30017 40136 52003=
 28326 82998 30000 10028 20018 39951 40136 52005 80001=
 28413 82599 82702 10121 20073 30023 40141 54000 8255/=
 28428 82599 82701 10104 20047 39956 40135 54001 885//=
 28429 42/// /0000 10083 20060 39735 40136 54001=
 22983 42984 10000 10043 20039 30050 40154 52003 80001 333 91000
 91101=
 27083 42984 30000 10055 20047 39933 40152 54000 80001 333 91000
 91101=
 27097 42/// /0000 10070 20058 39901 40158 54001 333 91000 91103=
 27185 42/// /0000 10067 20063 39981 40162 54001 333 91000 91102=
 27199 42598 60000 10074 20059 39964 40157 54000 81501 333 91001
 91101=
 27281 41984 63401 10068 20063 39962 40165 57002 71222 81039 333 91001
 91104=
 27283 41997 60000 10049 20045 30007 40161 54000 71222 86030 333 91000
 91103=
 27295 42/// /2701 10077 20060 39914 40161 57002 333 91001 91103=
 27296 42598 73201 10088 20070 39940 40152 54000 85930 333 91001
 91102=
 27385 415// 20000 10049 20044 30036 40163 57001 71111 82500 333 91000
 91101=
 27393 41997 72302 10084 20074 39992 40159 58003 71222 87070 333 91003
 91104=
 27480 41998 50000 10065 20065 30041 40168 57001 71122 80001 333 91000
 91101=
 28007 42999 73302 10107 20023 39894 40147 52002 80001 333 91004
 91104=
 28009 42998 52401 10071 20055 39938 40144 52002 80001 333 91001
 91101=
 28105 42998 32001 10088 20056 39953 40146 54000 83030 333 91001
 91103=
 28202 42597 83202 10114 20059 39928 40142 58001 86901 333 91004
 91105=
 28302 42597 80000 10097 20073 39925 40147 57001 8697/ 333 91000
 91101=
 28307 41998 83001 10096 20060 30014 40154 57006 72162 8807/ 333 91002
 91102=
 28402 41584 82502 10092 20076 39976 40150 57003 70282 8297/ 333 91003
 91104=
 28502 41597 82902 10095 20077 30055 40156 52001 70282 889// 333 91004
 91105=
 22550 82997 20101 10088 20070 30136 40146 57002 82030=
 22778 42998 20201 10049 20041 30083 40152 52002 82070=
 22889 42/// /2701 10039 20038 30067 40153 52004=
 22762 82997 00000 10056 20051 30110 40149 57006=
 22638 NIL=
 22671 42/// /0401 10060 20028 30070 40148 52002=
 22456 42998 00000 10069 20043 30072 40158 52004=
 22583 42998 03001 10052 20021 30076 40155 53004=
 22749 NIL=
 22951 42/// /0000 10042 20036 39881 40161 54001=
 22887 42997 31101 10064 20055 30082 40151 53001 80001=
 22876 42997 02401 10078 20067 30079 40150 54001=
 22481 42/// /0101 10053 20052 30112 40164 52002=
 22854 42/// /0000 10074 20055 39870 40153 54001=
 22781 NIL=
 22676 42998 00000 10067 20042 30069 40145 53005=
 22648 NIL=
 22559 42/// /1101 10105 20076 30131 40147 54000=
 22869 42997 30000 10094 20065 30011 40156 54001 80030=
 22768 42697 70000 10106 20076 30099 40147 52001 86501=
 22798 42998 00000 10039 20022 30034 40146 52002=
 22375 NIL=
 23207 NIL=
 23215 NIL=
 23219 NIL=
 27095 86/// /0000 10072 20071 39938 40162 54000=
 22408 41659 71103 10135 20093 39979 40122 57002 78082 8693/=
 22511 41598 70803 10134 20081 30003 40119 57001 72582 84910=
 22529 42599 30000 10076 20067 30126 40133 52002 82502=
 22602 41459 80903 10135 20121 39883 40098 57001 79598 889// 333  
 88914=
 22621 83970 /1002 10136 20109 39992 40126 57003=
 22619 42681 81002 10126 20112 39961 40113 57001 885// 333   88643=
 22721 42698 81201 10123 20110 30026 40120 57004 85505 333   85636=
 22727 NIL=
 22717 83/70 /0602 10139 20119 39912 40097 57002=
 22802 42699 70401 10147 20137 30058 40080 57004 84531=
 22820 42697 80903 10125 20108 39978 40109 57003 8657/ 333   86633
 555   50130=
 22831 42998 51101 10120 20096 30072 40125 57004 82031=
 22805 41497 80703 10140 20132 30056 40075 52001 70282 8693/=
 22912 41684 80702 10170 20153 30068 40082 57012 70292 8733/ 333  
 86643=
 
