18:31:00 MSK 13.02.2023
020 123456/=о000=1531
 уйту01 бтул 131500
 22686 11497 81603 11082 21095 39891 49993 53006 69962 77072 8752/ 333 11081 87611 555 51089 53010=
 22695 11497 81802 11084 21109 39833 49989 53007 60012 77172 8772/ 333
 11084 85712 555 51094 53009=
 22996 11596 81804 11068 21084 39856 40046 57012 69952 78583 8592/ 333
 11064 555 51069 53010=
 23220 11999 00705 11127 21155 39921 40069 52005 69902 73630 333 11062 555 51089 53009=
 23226 12960 01405 11133 21160 39847 40073 53003 69902 333 11070 555 
 51090 53011=
 23305 11961 81705 11074 21098 39951 49980 56001 69932 77173 8807/ 333
 11074 91010 91110 555 51074 53012=
 23320 76/// /2003 11090 21142 39981 40056 53004 333 60002 555 51069 53007=
 23324 12582 21402 11112 21151 39978 40058 53005 60002 82500 333 11056
 555 51075 53006=
 23405 11996 81504 11079 21089 39887 49989 54000
 69982 77173 8802/ 333 11077 91110 555 51079 53012=
 23410 76/// /1507 11068 21099 39932 40030 52004 333 60002 91111=
 23411 11499 81906 11066 21095 39918 40009 53001 60002 73632 887// 333
 11066 91111 555 51076 53012=
 23412 12699 81805 11062 21101 39928 40027 53003 60002 8455/ 333 11057
 91010 91110 555 51072 53010=
 23416 NIL=
 23418 11565 61603 11067 21095 39967 40042 52004 69922
 70282 86500 333 11049 86622 555 51062 53009=
 23503 11497 81805 11064 21087 39958 40009 55003 69932 77173 8252/ 333 11062 91111 555 51071 53011=
 23507 86/// /2202 11085 21090 39684 40001 52007 333 11084 555 51097 53009=
 23509 11497 81804 11061 21091 39940 40020 53001 69902 77073 8552/ 333
 11056 85614 91111 555 51067 53011=
 23514 11497 81805 11071 21101 39834 40034 54000 69902 77073 885// 333 11065 88619 555 51075 53010=
 23518 11596 81707 11077 21101 39970 40064 53004 69922 77172 8657/ 333
 11059 86628 91011 91111 555 51065 53011=
 23606 12460 81806 11065 21101 39858 40033 56004
 60002 885// 333 11063 88616 91010 91110 555 51076 
 53011=
 23701 11318 81902 11065 21075 39889 40021 51001 60022 77572 8872/ 333
 11060 85708 555 51078 53009=
 23704 76/// /1803 11065 21071 39926 40039 55004 333 60002=
 23707 61996 81804 11067 21081 39888 40023 52001 69922 77177 8802/ 333
 11053 91010 555 51076 53011=
 23708 11984 81605 11072 21104 39895 40048 57004 60002 73632 8005/ 333
 11064 91111 555 51064 53012=
 23709 11598 81603 11077 21114 39872 40070 54001 69922 78582 889// 333
 11062 86920 555 51066 53009=
 23711 11497 81703 11093 21111 39902 40077 53004 69992 78582 889// 333 11064 88918 555 51069 53007=
 23803 11597 81905 11076 21117 39895 40080 56002 69922 77087 8502/ 333 11063 85522 555 51065 53009=
 23804 61496 81803 11068 21087 39886 40034 57006 69962 78583 8792/ 333 11058 87918 555 51063 53010=
 23807 11396 81906 11068 21084 39878 40043 56010 69922 77173 8572/ 333
 11064 85709 91110 555 51065 53011=
 23808 66/// /1405 11079 21104 39894 40067 57008 60002 333 11065=
 23812 11496 81702 11104 21124 39932 40101 5//// 69922 78582 8495/ 333
 11075 555 51/// 53008=
 23904 11480 81804 11075 21100 39907 40068 57007 69902 70232 8652/ 333
 11064 86617 555 51072 53009=
 23905 11899 81602 11094 21111 39850 40085 57008 69922 70372 8801/ 333
 11071 555 53008=
 23909 11497 81803 11094 21107 39847 40101 57010 69902 78582 83311 333
 11075=
 23912 11597 81803 11090 21106 39917 40116 57005 60032 78582 83941 333
 11079 555 53009=
 23913 11999 61401 11142 21162 39896 40139 54000 69942 70272 86030 333
 11071 555 53008=
 23914 11495 71703 11091 21105 39851 40117 57007 60012 78682 87900 333
 11078=
 28013 11597 81704 11083 21109 39871 40110 57009 69942 78582 889// 333
 11072 555 53008=
 28016 11497 81703 11083 21108 39879 40113 57009 69992 77172 8577/ 333
 11064 555 53008=
 28029 11596 81904 11079 21101 39907 40133 57007 60012 77172 8352/ 333
 11073 555 53009=
 28116 11496 81902 11082 21100 39885 40123 57007 60032 77172 8872/ 333
 11067=
 28128 11596 82101 11085 21101 39985 40144 57007 60012 77172 8802/ 333
 11073 555 53006=
 28134 11498 81802 11092 21116 39786 40151 57007 69982 70272 8272/ 333
 11077 555 53007=
 28138 11596 71904 11096 21112 39574 40164 57005 60012 78582 87300 333
 11085=
 28216 11896 81706 11091 21112 39832 40141 57008 69962 77373 8802/ 333
 11079 91110 555 53010=
 28222 11597 81803 11083 21105 39948 40150 57007 69972 77172 8672/ 333
 11070 555 53008=
 28224 11850 81803 11087 21121 39936 40158 57003 69952 77172 8802/ 333
 11068=
 28234 11596 81803 11089 21129 39879 40169 57005 69932 77173 885// 333
 11069 91110 555 53011=
 28238 11899 82105 11083 21119 39857 40172 57007 69902 70282 8802/ 333
 11065 555 53010=
 28313 11895 81704 11086 21106 39950 40150 57006 69992 77372 8802/ 333
 11075 555 53010=
 28319 11496 81701 11083 21108 39995 40165 57008 69932 77177 8802/ 333
 11067=
 28321 11896 81803 11095 21111 39943 40155 57005 69942 77072 8802/ 333
 11075=
 28324 11896 81702 11081 21117 30038 40164 57007 69932 77172 8802/ 333
 11067 555 53008=
 28326 11596 81903 11086 21110 39975 40170 57009 69902 77172 8802/ 333
 11074 555 53008=
 28413 11596 81602 11070 21098 30032 40159 58009 69922 77172 8552/ 333
 11065 555 53008=
 28428 11596 81804 11072 21103 39983 40175 57012 69922 77172 8802/ 333
 11072 555 53010=
 28429 12598 82103 11078 21099 39757 40184 57008 69932 885// 333 11078
 555 53010=
 22983 11966 82202 11061 21083 39922 40029 57004 69962 77172 8807/ 333
 11059 91004 91106 555 51073 53006=
 27083 11436 82004 11066 21080 39818 40044 57008 69942 77373 8872/ 333
 11058 91005 91109 555 51076 53009=
 27097 11498 71605 11076 21091 39801 40070 56010 69902 73683 87900 333
 11069 91008 91109 555 51081 53009=
 27185 12598 81603 11060 21087 39882 40070 57011 60002 885// 333 11051
 91007 91107 555 51076 53007=
 27199 12498 81903 11077 21100 39892 40095 57011 69902 8372/ 333 11063
 91006 91107 555 51082 53007=
 27281 11958 81705 11052 21085 39860 40071 57010 69902 77072 8807/ 333
 11046 91008 91107 555 51075 53008=
 27283 12597 81904 11071 21096 39915 40075 57011 69902 885// 333 11061
 91007 91108 555 51086 53008=
 27295 12597 81703 11079 21101 39843 40103 57010 69902 885// 333 11075
 91007 91107 555 51091 53007=
 27296 11997 81904 11077 21107 39877 40102 57011 69962 70272 8802/ 333
 11065 91006 91108 555 51084 53008=
 27385 124// 81703 11069 21093 39967 40099 57011 69922 8575/ 333 11067
 91005 91106 555 51085 53006=
 27393 11597 81806 11081 21099 39941 40118 57011 60012 77073 8657/ 333
 11074 91008 91108 555 51081 53008=
 27480 12998 81802 11067 21096 39974 40106 57012 60002 8805/ 333 11060
 91005 91105 555 51099 53005=
 28007 11499 81803 11084 21107 39821 40091 56013 69932 70282 8645/ 333
 11075 86613 91006 91106 555 51081 53007=
 28009 11998 51802 11094 21126 39889 40107 57010 69922 70282 82011 333
 11067 91004 91106 555 51080 53007=
 28105 12598 81802 11087 21118 39893 40099 57011 69932 82505 333 11070
 91005 91108 555 51082 53008=
 28202 11996 81903 11093 21113 39883 40113 57011 60012 77172 8807/ 333
 11074 91004 91107 555 51083 53008=
 28302 11997 81803 11077 21102 39887 40123 57007 60022 77172 8802/ 333
 11071 91006 91107 555 51081 53008=
 28307 11498 81602 11079 21103 39974 40123 56008 69992 77172 85531 333
 11061 91005 91107 555 51077 53007=
 28402 11467 81804 11077 21095 39945 40130 57008 60012 77172 886// 333
 11070 91005 91108 555 51082 53008=
 28502 11996 81803 11058 21083 30032 40139 56007 69922 77172 8807/ 333
 11058 91005 91107 555 51073 53008=
 22550 11457 82202 11018 21025 39926 49937 52014 69932 77172 8872/ 333
 11007 88713 555 51048 53007=
 22778 11496 81503 11055 21063 39917 49987 57003 60032 77775 886// 333
 11055 555 51077 53010=
 22889 11497 81902 11061 21084 39938 40026 56003 60012 72272 885// 333
 11059 88514 555 51080 53008=
 22762 11396 81602 11030 21032 39922 49961 52004 69972 77172 8677/ 333
 11025 555 51079 53009=
 22638 46/// /2902 11011 21024 39738 49962 52011=
 22671 11397 81802 11050 21050 39873 49952 52007 60022 77772 886// 333
 11050 88707 93401 555 51075 53010=
 22456 NIL=
 22583 11598 71602 11073 21086 39882 49964 53011 60022 70228 875//
 333 11071 555 51081 53009=
 22749 NIL=
 22951 21497 82802 11015 21021 39698 49979 56012 77172 8672/ 333 60022
 555 51071 53007=
 22887 11596 81603 11069 21078 39946 40017 53001 60022 77177 8802/ 333 
 11068 88520 555 51086 53011=
 22876 12597 82002 11061 21070 39928 40004 57004 69972 889// 333 11060
 88920 555 51081 53010=
 22481 11598 81705 11050 21050 39876 49929 53011 69962 73632 885// 333
 11050 91110 555 51072 53012=
 22854 11297 82503 11018 21021 39683 49970 56003 60012 77172 8872/ 333
 11018 87704 555 51064 53007=
 22781 NIL=
 22676 12498 81602 11053 21069 39891 49969 53006 60012 885// 333 11053 555 51075 53010=
 22648 NIL=
 22559 12597 82101 11018 21032 39925 49941 55002 69902 8653/ 333 11014
 86627 555 51061 53008=
 22869 11297 81902 11046 21051 39843 49993 57012 60032 78582 889// 333
 11046 85705 555 51077 53008=
 22768 12597 81903 11030 21045 39919 49969 57003 69952 885// 333 11029
 88628 555 51078 53010=
 22798 11496 81802 11066 21081 39902 40017 54001 69972 78582 889// 333
 11064 555 51081 53008=
 22375 46/// /2106 11037 39887 49902 52014=
 23207 11998 81705 11079 21107 39928 49951 52002 69932 77173 8807/ 333
 11076 91110 555 51075 53013=
 23215 NIL=
 23219 NIL=
 27095 76/// /1604 11072 21082 39843 40078 56011 333 60002 555 51075 53009=
 22408 21684 73206 10015 21024 39842 49990 52036 70283 87500 333  
 69912 87640 91010 91113=
 22511 21584 73103 10009 21023 39864 49984 52033 70287 84910 333  
 69902 91111=
 22529 21598 83003 10013 21035 39949 49956 52020 70282 889// 333  
 69942 88922=
 22602 21474 63104 10017 21017 39784 40007 52024 73673 84530 333  
 69902 91113=
 22621 73/36 /2904 11003 21013 39836 49975 52020 333   69922=
 22619 21496 82907 11003 21013 39824 49982 52016 78582 889// 333  
 69922 88916 91112=
 22721 22698 72903 10014 21024 39880 49977 52010 87500 333   60002
 87634=
 22727 76768 /2903 10018 21022 39946 49993 52006 333   60002=
 22717 73/70 /2703 10009 21021 39823 40015 52009 333   60002=
 22802 22099 22905 10030 21029 30016 40039 52010 81501 333   60002
 91114=
 22820 22998 52605 10005 21024 39863 49998 52004 85030 333   60002
 91110=
 22831 21496 82801 11005 21013 39927 49982 52002 78582 889// 333  
 60012 88911=
 22805 22998 03205 10022 21012 30001 40021 54000 333   60002 91111=
 22912 22584 62803 10004 21022 30013 40028 52002 82530 333   60002=
 
