21:31:00 MSK 28.08.2023
020 123456/=о000=1831
 унту01 бтул 281800
 22686 82998 72801 10080 20069 30053 40150 51005 87050=
 22695 42/// /3202 10074 20050 39985 40135 52006=
 22996 82998 20302 10076 20076 39938 40119 52009 80001=
 23220 42999 01201 10053 20048 39989 40128 52013=
 23226 42960 73402 10093 20076 39917 40125 52013 87030=
 23305 41584 81301 10093 20084 30112 40139 51004 70262 885//=
 23320 66/// /1401 10044 20033 30059 40131 51010 60002 333 10168=
 23324 41975 20000 10063 20059 30057 40133 52011 71111 82070=
 23405 42997 70000 10078 20073 30041 40137 52005 87070=
 23410 66/// /3101 10080 20071 30037 40131 52010 60002 333 10136=
 23411 42599 73502 10094 20082 30049 40136 52009 87500=
 23412 42999 73502 10097 20077 30039 40133 52009 87030=
 23416 NIL=
 23418 42965 20000 10066 20057 30057 40129 52011 82030=
 23501 NIL=
 23503 42598 70000 10094 20080 30088 40137 51007 82530=
 23507 86/// /3201 10078 20066 39838 40140 51007=
 23509 42998 50000 10104 20084 30061 40137 52013 85030=
 23514 41997 33201 10065 20064 39942 40134 52010 71111 83030=
 23518 82997 83402 10078 20065 30035 40124 52012 8807/ 555 53006=
 23606 41960 23301 10070 20070 39968 40131 52008 70281 82030=
 23612 NIL=
 23701 41580 73301 10079 20068 30012 40138 51007 70282 84580=
 23704 66/// /0000 10109 20099 39762 49872 56168 60002 333 10165=
 23707 82998 43603 10098 20077 30000 40128 52008 84030=
 23708 42984 13502 10077 20059 39982 40128 52009 81000=
 23709 81998 33201 10077 20060 39934 40121 51010 70282 83030=
 23711 41598 63201 10082 20076 39950 40114 52006 70282 82930=
 23803 41999 00301 10072 20051 39939 40114 51010 71211=
 23804 82997 13501 10079 20075 39983 40125 52008 81030=
 23807 82998 13303 10090 20083 39969 40126 52008 80030=
 23808 86/// /3002 10082 20061 39956 40119 52010=
 23812 42997 10000 10081 20068 39948 40106 52010 81030=
 23904 42968 00000 10045 20045 39966 40121 51011=
 23905 81999 03502 10082 20065 39888 40109 52009 70180 555 50094=
 23909 81998 13502 10074 20070 39860 40098 52010 70281 80001 333
 91110=
 23912 82998 00202 10087 20076 39904 40090 51007 555 50098=
 23913 81996 00000 10042 20042 39869 40094 51011 71011 555 50096=
 23914 82998 23401 10085 20076 39840 40088 52011 80001=
 28013 81598 23603 10086 20070 39863 40086 52010 70281 82530 555
 50094=
 28016 82/// /3503 10089 20084 39867 40084 51009 555 50097=
 28029 82999 00302 10099 20079 39854 40064 52010 555 50107=
 28116 82499 20204 10097 20086 39848 40070 52011 82400 333 91111=
 28128 82599 80203 10120 20089 39908 40054 52011 81501 333 91110 555
 50117=
 28134 82998 60000 10089 20073 39715 40053 52009 80001 555 50104=
 28138 43/// /0205 10091 20076 39500 40044 52008 333 91110=
 28216 81596 80802 10092 20086 39766 40052 51017 72582 889// 555
 50089=
 28222 42/// /0502 10097 20084 39859 40046 51011 555 50107=
 28224 81670 60201 10090 20088 39831 40036 52006 72598 86900=
 28234 81897 63601 10073 20063 39768 40037 51007 70198 86070 555
 10102=
 28238 81599 60304 10087 20072 39738 40029 51006 70298 86500 555
 50096=
 28313 42/// /0103 10094 20083 39855 40040 51014 555 50092=
 28319 81598 70303 10102 20080 39862 40018 52015 70262 87500=
 28321 81597 80304 10095 20087 39838 40034 51012 78098 8695/=
 28324 42/// /0405 10109 20073 39905 40020 51015 555 50098=
 28326 81597 80301 10094 20088 39841 40020 52016 76162 8802/ 555
 50093=
 28413 81499 80502 10112 20076 39898 40014 52021 70282 8755/ 555
 50094=
 28428 81598 80302 10088 20071 39817 49995 51009 70282 885// 555
 50092=
 28429 42/// /0403 10088 20076 39598 49992 52005 555 50085=
 22983 41584 60000 10087 20076 30035 40138 52010 70282 84435 333 91001
 91104=
 27083 41984 03402 10082 20074 39906 40123 52008 70281 333 91004
 91105=
 27097 42998 03301 10080 20076 39862 40117 52007 333 91003 91106=
 27185 42/// /3101 10082 20073 39940 40119 52007 333 91002 91107=
 27199 42998 03603 10102 20070 39911 40101 52008 333 91007 91109=
 27281 42984 03403 10082 20065 39919 40121 52007 333 91006 91106=
 27283 42997 03503 10085 20069 39957 40108 52007 333 91004 91108=
 27295 42997 23203 10088 20058 39855 40099 52007 80001 333 91006
 91108=
 27296 42998 03503 10093 20056 39880 40090 52008 333 91006 91110=
 27385 425// 53303 10090 20064 39976 40101 52006 82530 333 91005
 91106=
 27393 42598 50203 10107 20061 39918 40082 52007 82540 333 91009
 91111=
 27480 42998 03401 10078 20060 39981 40106 52006 333 91003 91106=
 28007 41999 03603 10082 20049 39851 40106 52009 70281 333 91005
 91107=
 28009 42598 63602 10106 20065 39893 40096 52013 83530 333 91004
 91106=
 28105 42998 23501 10086 20055 39908 40095 51010 82040 333 91003
 91107=
 28202 41997 50201 10091 20073 39864 40078 52010 70282 85030 333 91004
 91106=
 28302 41597 50103 10100 20076 39846 40066 52011 70262 82930 333 91007
 91109=
 28307 41498 53205 10109 20059 39931 40069 52007 70282 82501 333 91010
 91112=
 28402 41683 63504 10101 20085 39881 40054 52009 70262 82530 333 91009
 91110=
 28502 41596 83506 10111 20081 39934 40033 52004 78082 889// 333 91011
 91115=
 22550 82971 01101 10069 20061 30132 40141 57009=
 22778 41998 80201 10095 20075 30086 40154 52008 70282 8805/=
 22889 41598 13002 10082 20077 30055 40139 52009 70181 81400=
 22762 82597 70000 10087 20084 30113 40151 52003 84570=
 22638 46/// /1201 10056 20053 39918 40141 52004=
 22671 42498 80000 10091 20075 30073 40150 52003 889// 333 86915=
 22456 42597 80000 10095 20080 30055 40140 57007 885//=
 22583 42598 82501 10092 20074 30068 40147 52005 8657/=
 22749 42998 21701 10056 20051 30021 40145 53002 80001=
 22951 42998 00000 10049 20043 39880 40158 53004=
 22887 41997 30000 10063 20061 30074 40143 52009 71111 81031=
 22876 42997 02801 10069 20066 30080 40151 53010=
 22481 42998 82301 10095 20067 30089 40141 52003 8807/=
 22854 42999 10000 10061 20052 39869 40153 53001 80001=
 22781 NIL=
 22676 42698 83001 10088 20053 30076 40151 52006 885//=
 22648 42498 61502 10114 20079 30101 40146 57006 82931=
 22559 82998 11001 10081 20065 30127 40143 52005 80001=
 22869 42998 20701 10067 20057 30008 40154 50001 80001=
 22768 42697 20802 10080 20058 30097 40146 57001 82500=
 22798 41998 50000 10083 20078 30029 40138 52007 70282 85030=
 22375 46/// /0102 10087 20081 30124 40138 52003=
 23207 NIL=
 23215 42698 80000 10089 20089 30048 40134 52011 885// 333 88648=
 23219 NIL=
 27095 66/// /3501 10077 20077 39903 40126 51008 60002 333 10148=
 22408 12999 81104 10130 20086 39963 40106 57006 60002 86075 333  
 10172=
 22511 12698 81202 10111 20072 39993 40110 57008 60002 82571 333  
 10174=
 22529 11599 21501 10078 20067 30125 40132 54000 69902 70281 82500
 333   10146=
 22602 12477 71104 10120 20084 39871 40087 57017 60002 86930 333  
 10173 86915=
 22621 12498 71202 10120 20076 39984 40118 57013 60002 83571 333  
 10139=
 22619 12598 71105 10119 20079 39954 40107 57016 60002 81505 333  
 10145=
 22721 12598 40000 10096 20074 30024 40119 57011 60002 82504 333  
 10143=
 22727 12970 80703 10109 20084 30064 40110 57018 60002 8807/ 333  
 10163=
 22717 12598 81002 10114 20084 39903 40092 57013 60002 8555/ 333  
 10170 85622=
 22802 12598 71106 10162 20112 30034 40056 57026 60002 83930 333  
 10196 91011 91112=
 22820 12698 61303 10125 20088 39976 40107 57016 60002 82530 333  
 10149=
 22831 12997 61101 10099 20070 30073 40127 57007 60002 82031 333  
 10168=
 22805 12598 81109 10173 20136 30030 40053 57026 60002 8652/ 333  
 10187 91015 91115=
 22912 12984 61004 10139 20112 30070 40084 57013 60002 86030 333  
 10201=
 
