21:31:00 MSK 18.12.2023
020 123456/=о000=1831
 унту01 бтул 181800
 22686 41497 81502 11073 21084 39800 49900 53004 77172 8652/ 333 86611=
 22695 42/// /1002 11102 21124 39738 49894 54001=
 22996 42/// /2202 11039 21039 39761 49947 57002=
 23220 41598 81306 11121 21170 39872 40019 57005 73632 8257/ 333 91111=
 23226 41660 81609 11138 21190 39794 40019 57007 73631 8253/ 333 91013 
 91116=
 23305 41584 81703 11111 21133 39885 49913 56002 70287 885//=
 23320 66/// /1102 11127 21163 39909 49985 57003 60002 333 11106=
 23324 42982 71303 11119 21172 39909 49989 57003 85071=
 23405 41997 81304 11117 21130 39811 49912 57007
 72273 8807/=
 23410 66/// /1406 11105 21129 39859 49958 57006 60002 333 11105=
 23411 41497 81805 11122 21140 39846 49938 57004 77172 8872/=
 23412 41997 81705 11109 21128 39854 49954 57007 77172 8807/=
 23416 NIL=
 23418 41965 81704 11106 21126 39889 49965 57004 72273
 8802/=
 23501 NIL=
 23503 41997 81604 11109 21135 39880 49931 57007 77173 8802/=
 23507 86/// /1602 11134 21143 39601 49921 55004=
 23509 41997 81802 11110 21146 39853 49934 57007 77173 8802/=
 23514 41496 81602 11112 21128 39745 49947 57005 77173 8672/ 333 86712=
 23518 41996 81306 11122 21148 39881 49976 58006 77172 8807/ 555
 53008=
 23606 41660 81503 11108 21125 39767 49938 57008 77172 8252/=
 23612 NIL=
 23701 41334 81601 11103 21117 39792 49924 57008 77372 8572/ 333 85709=
 23704 66/// /1602 11098 21102 39339 49454 52022 60002 333 11098=
 23707 81395 81602 11091 21102 39784 49918 57009 77377 8872/ 333 86708=
 23708 41362 81503 11100 21117 39787 49940 57010 77172 8872/ 333 87708=
 23709 41497 81501 11100 21123 39758 49955 57008 77172 885// 333 88612=
 23711 41397 81603 11101 21116 39791 49965 57008 78582 889// 333 85709=
 23803 41496 81302 11097 21120 39778 49962 57006 77372 8802/ 333 88513=
 23804 81496 82002 11085 21097 39780 49928 57009 77172 8652/ 333 86611=
 23807 41996 82002 11064 21064 39776 49939 57005 71072 8802/=
 23808 86/// /1102 11093 21095 39781 49953 57010=
 23812 41496 81501 11098 21118 39814 49980 57007 77187 8872/ 333 934//=
 23904 41358 81601 11062 21064 39795 49953 57007 77172 8672/ 333 86709=
 23905 41599 81401 11087 21098 39731 49963 57006 70272 885// 555
 51108=
 23909 41497 81903 11092 21107 39725 49975 57006 77172 8752/=
 23912 41495 81803 11092 21107 39792 49989 57008 77387 8802/ 555
 51105=
 23913 41997 81502 11098 21129 39771 40007 57008 77172 8802/ 555
 51106=
 23914 81495 71703 11100 21112 39727 49991 57006 78682 87900=
 28013 41897 81602 11100 21119 39747 49984 57006 77172 8802/ 555
 51112=
 28016 42/// /1901 11086 21093 39758 49987 57003 555 51104=
 28029 41495 81803 11089 21105 39777 40002 57003 77372 8872/ 555
 51098=
 28116 41496 82201 11079 21092 39761 49996 57002 77172 8872/=
 28128 41596 81701 11076 21090 39853 40010 52001 77172 8602/ 555
 51089=
 28134 41496 81802 11089 21107 39657 40016 57002 77172 8872/ 555
 51100=
 28138 43/// /1703 11106 21121 39447 40032 57008=
 28216 41898 82103 11061 21071 39711 40013 52002 72272 8802/ 555
 51094=
 28222 42/// /1602 11075 21088 39818 40017 52003 555 51094=
 28224 41665 72002 11060 21078 39804 40020 52004 77187 87500=
 28234 41597 81903 11079 21101 39744 40028 57003 70272 885// 555
 51100=
 28238 41596 82003 11082 21105 39725 40036 57007 77172 885// 555
 51102=
 28313 42/// /1903 11045 21063 39826 40020 54000 555 51084=
 28319 41496 82102 11044 21051 39868 40033 52001 77177 8802/=
 28321 41596 81802 11060 21069 39815 40021 52002 77172 8802/=
 28324 42/// /2003 11048 21063 39907 40030 52002 555 51077=
 28326 41596 82104 11066 21086 39843 40033 54000 77173 8802/ 555
 51085=
 28413 41599 82102 11023 21049 39912 40035 52002 70282 885// 555
 51065=
 28428 41596 81904 11063 21080 39863 40052 52003 77373 8802/ 555
 51085=
 28429 42/// /2203 11080 21096 39637 40060 57004 555 51099=
 22983 41572 82604 11026 21036 39842 49947 52003 77172 885// 333 91006
 91106 93401=
 27083 41459 62502 11028 21039 39738 49960 52004 77175 86800 333 91004
 91106 93401=
 27097 41497 82303 11027 21028 39709 49970 54000 78587 889// 333 91006
 91106=
 27185 42/// /2302 11017 21025 39804 49987 52002 333 91004 91105=
 27199 41596 82402 11021 21029 39791 49988 57001 78587 8698/ 333 91005
 91107=
 27281 41484 82603 11019 21030 39793 40000 52003 70272 8655/ 333 91005
 91106=
 27283 41497 82604 11016 21027 39840 49995 58001 72682 889// 333 91007
 91107 93401=
 27295 41596 82103 11024 21034 39749 40001 57003 78582 889// 333 91005
 91106 93401=
 27296 41997 82303 11021 21039 39780 49997 57002 70276 8802/ 333 91005
 91106 93401=
 27385 414// 82303 11014 21027 39888 40017 52001 76676 8577/ 333 91005
 91107 93400=
 27393 41497 82305 11019 21032 39843 40014 57001 76676 8772/ 333 91007
 91109 93400=
 27480 41498 82302 11014 21025 39900 40029 52001 72682 889// 333 91005
 91106=
 28007 41499 82302 11042 21051 39712 49975 57004 72682 86305 333 86912
 91004 91106=
 28009 41496 82002 11053 21068 39767 49979 57005 78587 889// 333 91004
 91104 93401=
 28105 42598 82203 11031 21041 39789 49983 57003 885// 333 91004
 91105=
 28202 41996 82402 11034 21049 39771 49993 58003 77175 8807/ 333 91004
 91106 93401=
 28302 41597 82102 11030 21042 39780 40009 54000 72582 889// 333 91004
 91105 93401=
 28307 41497 81902 11018 21035 39875 40019 57001 77175 885// 333 91004
 91106 93400=
 28402 41461 82105 11023 21035 39845 40025 54000 77087 886// 333 91007
 91107=
 28502 42597 82205 11016 21046 39934 40038 57002 889// 333 91007
 91107=
 22550 81459 82802 11025 21029 39901 49911 52009 78582 889// 333
 88619=
 22778 41598 82903 11016 21034 39860 49929 52015 70282 8657/ 333
 86626=
 22889 41496 82502 11027 21029 39851 49937 53002 77087 8752/ 333
 87614=
 22762 41597 82702 11016 21033 39899 49938 51014 70282 885//=
 22638 46/// /2703 11030 21044 39731 49957 52003=
 22671 41396 82801 11025 21030 39823 49901 51019 78582 889// 333
 86709=
 22456 41596 82702 11024 21044 39799 49886 51003 78582 889//=
 22583 41598 81301 11096 21109 39809 49891 52005 70287 8357/=
 22749 42/// /2603 11019 21034 39844 49968 52009=
 22951 41497 82902 11025 21038 39708 49990 52007 77772 886//=
 22887 41596 82203 11017 21031 39864 49933 52005 78582 8695/ 
 333 86927 93497=
 22876 41497 82403 11014 21021 39866 49938 52013 70282 889// 333
 88919=
 22481 41498 82101 11059 21065 39822 49875 52008 70272 8802/ 333
 93402=
 22854 41398 82703 11031 21041 39689 49978 52009 70272 8772/ 333 87709
 91110=
 22781 NIL=
 22676 41498 82904 11020 21038 39822 49899 52018 72272 885// 333
 93400=
 22648 41498 82704 11014 21015 39905 49951 52005 70232 889// 333
 88619=
 22559 41497 82703 11027 21040 39904 49920 51015 77172 8672/ 333
 86614=
 22869 41598 72703 11020 21038 39820 49968 52011 70272 87500 333 87623
 93400=
 22768 42597 72603 11014 21036 39893 49943 52012 87500 333 87620=
 22798 41495 80000 11076 21080 39801 49915 56007 78687 889//=
 22375 46/// /2803 11032 21039 39847 49862 52008=
 23207 NIL=
 23215 41398 81505 11118 21134 39860 49952 57004 70273 885// 333
 88608=
 23219 NIL=
 27095 66/// /2402 11033 21033 39747 49976 54001 60002 333 11033=
 22408 11480 82303 11020 21027 39774 49922 57011 69932 70281 886//
 333   11019 88710 93502=
 22511 11484 82203 11016 21032 39809 49929 57011 69902 72681 8492/
 333   11016 93500=
 22529 12598 22503 11033 21050 39927 49934 52005 60002 82500 333  
 11002 91111=
 22602 11458 82303 11024 21034 39728 49953 57018 69902 77072 885//
 333   11022 88611=
 22621 11398 82405 11030 21042 39811 49951 57005 60002 736// 886//
 333   11018 85608 91111=
 22619 12398 82503 11031 21041 39802 49961 57004 60002 886// 333  
 11012 88707 91110=
 22721 12497 82903 11027 21040 39874 49972 52002 60002 887// 333  
 11008 86711=
 22727 12370 82403 11023 21036 39947 49995 54000 60002 886// 333  
 11008 88708=
 22717 11395 82403 11030 21040 39806 40005 57002 69902 77100 8872/
 333   11020 86707=
 22802 12498 82302 11016 21022 39995 40019 57005 60002 886// 333  
 11016 88711=
 22820 12498 72505 11025 21037 39860 49997 52001 69902 86550 333  
 11017 86611 91110=
 22831 11397 82602 11017 21034 39937 49992 52005 69922 70282 889//
 333   11006 88909=
 22805 625// 82708 11004 21009 30004 40029 57003 885// 333   10004
 91010 91111=
 22912 12484 82703 11002 21019 30011 40026 52004 60002 886// 333  
 10011 88710=
 
