00:31:00 MSK 12.11.2023
020 123456/=о000=2131
 уйту01 бтул 112100
 22686 41496 81401 11016 21019 30049 40150 52006 77172 8352/=
 22695 41996 81901 11023 21035 39984 40139 52004 77172 8802/=
 22996 42098 82002 11021 21021 39999 40188 52003 885// 333 88613=
 23220 42397 81902 11027 21034 39993 40137 57006 886// 333 85709=
 23226 41/03 92004 11038 21043 39918 40137 57007 74942=
 23305 42/// /2601 11024 21024 30098 40126 52007=
 23320 86/// /2203 11011 21011 30063 40137 56010=
 23324 42375 82102 11013 21015 30057 40135 57009 886// 333 88707=
 23405 41396 81602 11022 21025 30033  40133 53004 77172 
 8572/ 333 85708=
 23410 86/// /1705 11046 21055 30032 40131 57005=
 23411 42/// /2204 11034 21034 30035 40126 57003=
 23412 41297 81903 11044 21049 30033 40132 57004 77172 8872/ 333 86706=
 23416 NIL=
 23418 42465 81802 11028 21038 30069 40143 57006 886//
 333 88711=
 23503 42/// /2003 11028 21034 30089 40140 54001=
 23507 86/// /2301 11031 21031 39830 40145 52004=
 23509 NIL=
 23514 41496 82102 11040 21042 39950 40150 57002 77172 886// 333 86712=
 23518 42/// /1904 11012 21018 30068 40160 57003=
 23606 42260 82102 11040 21040 39991 40161 54000 
 886// 333 88706=
 23704 86/// /2002 11026 21026 39498 49611 52014=
 23701 42/// /2002 11026 21030 30033 40165 54000=
 23707 82498 81902 11025 21030 30032 40166 54000 886// 333 88710=
 23708 42/// /1902 11031 21039 30026 40178 55003=
 23709 42398 81601 11033 21047 39987 40184 57008 885// 333 88607=
 23711 41598 81902 11027 21033 30007 40180 58003 70272 8655/ 333 86623=
 23803 42499 81502 11023 21039 30011 40194 58005 886// 333 88712=
 23804 81397 82002 11024 21033 30027 40175 58002 70272 8772/ 333 85709=
 23807 42/// /2102 11023 21023 30020 40185 55001=
 23808 86/// /1502 11020 21020 30022 40193 55002=
 23812 41596 72102 11025 21032 30031 40197 52002 78582 87900=
 23904 42277 81802 11022 21024 30038 40198 52004 886// 333 88705=
 23905 42599 81701 11022 21026 39969 40201 57001 885//=
 23909 41497 81902 11016 21022 39959 40209 54000 77172 8752/=
 23912 41496 82402 11002 21004 30012 40206 52005 71022 886//=
 23913 41493 83301 10004 20004 39974 40205 52007 74442 886//=
 23914 81496 82301 11005 21006 39948 40208 52005 71042 885//=
 28013 41598 82302 11014 21026 39978 40213 52004 72682 889//=
 28016 42/// /2302 11008 21012 39988 40216 52003=
 28029 41499 82601 10008 20006 39988 40209 52007 70252 886//=
 28116 42499 82402 11001 21008 39983 40217 52004 885//=
 28128 41598 82801 10010 20005 30063 40218 52008 70262 8802/=
 28134 41593 83101 10009 20007 39859 40212 52008 74654 885//=
 28138 43/// /2901 10001 21004 39635 40206 52008=
 28216 41596 82501 11006 21012 39921 40223 52004 77172 8872/=
 28222 42/// /3001 10011 20011 30023 40219 52008=
 28224 41570 80000 10015 20009 30003 40218 52007 70252 885//=
 28234 42597 83102 10016 20006 39933 40213 52009 885//=
 28238 42599 83401 10026 20015 39903 40207 52010 885//=
 28313 42/// /0000 10007 21003 30031 40226 52010=
 28319 41496 80000 10019 20015 30063 40227 52008 75152 886//=
 28321 41599 82801 10008 20005 30018 40223 52008 70252 8442/=
 28324 42/// /2801 10022 20016 30102 40223 52010=
 28326 42598 63001 10021 20015 30029 40217 52011 84530=
 28413 42598 82501 10017 21003 30106 40230 52008 8455/=
 28428 42599 83202 10024 20009 30035 40221 52013 885//=
 28429 42/// /3402 10020 20012 39802 40215 52012=
 22983 42584 81901 10000 21010 30070 40176 52001 8655/ 333 91003
 91103=
 27083 41448 81902 11020 21023 39963 40189 52002 71022 886// 333 91004
 91105=
 27097 42/// /1602 11030 21030 39934 40202 54001 333 91003 91104=
 27185 42/// /1602 11015 21017 30013 40201 57002 333 91003 91104=
 27199 42398 81402 11025 21028 30012 40214 54000 886// 333 91004
 91104=
 27281 41212 81503 11004 21005 39991 40201 52003 71022 886// 333 91004
 91104=
 27283 42497 81802 11017 21022 30049 40208 53002 885// 333 91003
 91104=
 27295 42/// /1501 11027 21034 39958 40216 55000 333 91003 91104=
 27296 42997 81501 11027 21037 39995 40218 52001 8802/ 333 91003
 91105=
 27385 425// 51902 11003 21007 30082 40213 52004 82530 333 91003
 91104=
 27393 42598 82003 11028 21033 30058 40233 52002 8755/ 333 91004
 91105=
 27480 41/93 92002 10016 20006 30083 40213 52001 74542 333 91003
 91104=
 28007 41/93 91802 11025 21032 39947 40215 53003 74722 333 91003
 91104=
 28009 41496 80000 11014 21028 30003 40217 52001 78582 889// 333 91000
 91100=
 28105 42498 81701 11022 21028 30022 40219 53005 885// 333 91004
 91105=
 28202 42697 81903 11018 21028 39997 40223 52003 885// 333 91005
 91105=
 28302 42597 82101 11018 21028 39996 40230 53004 885// 333 91002
 91104=
 28307 41/93 91302 11027 21036 30082 40230 54000 74742 333 91004
 91104=
 28402 42480 82301 11024 21031 30051 40235 52003 886// 333 91002
 91104=
 28502 42697 81901 11015 21031 30134 40240 52007 885// 333 91003
 91103=
 22550 81/05 93302 11054 21054 30160 40171 52019 74942=
 22778 41396 81301 10003 20000 30076 40146 52007 75152 886// 333
 88708=
 22889 42/// /1801 11001 21005 30086 40174 54001=
 22762 42395 80000 10000 20000 30105 40144 52013 886//=
 22638 46/// /0302 11026 21031 39939 40169 52015=
 22671 NIL=
 22456 41496 80000 11048 21048 30080 40170 52017 77772 886//=
 22583 41598 73101 11011 21016 30065 40146 53017 70288 87500=
 22749 NIL=
 22951 42/// /2001 10035 20033 39866 40145 52007=
 22887 42497 81603 10008 20003 30090 40161 53002 886// 
 333 88711=
 22876 41496 82002 10014 20012 30083 40156 52005 78082 889// 333
 88914=
 22481 42/// /2802 11040 21045 30099 40154 52018=
 22854 42/// /0000 10027 20027 39853 40140 52008=
 22781 NIL=
 22676 41496 80000 11014 21017 30066 40145 52013 77172 8872/=
 22648 NIL=
 22559 42/// /3302 11029 21036 30150 40166 52018=
 22869 41296 82101 10023 20020 30008 40156 52005 78082 889// 333
 86704=
 22768 41497 82101 10025 20023 30088 40138 52010 78082 889// 333
 86911=
 22798 41497 81701 11016 21018 30050 40164 55001 72682 889//=
 22375 46/// /2603 11001 21004 30125 40140 52011=
 23207 NIL=
 23215 NIL=
 23219 NIL=
 27095 86/// /1702 11029 21029 39978 40212 52003=
 22408 42281 80000 11046 21051 30057 40211 52015 886// 333   88905
 93505=
 22511 41209 80000 11089 21100 30080 40207 52009 77771 886// 333  
 88703 93517=
 22529 42598 80202 11019 21028 30177 40184 52017 889// 333   88923=
 22602 42474 80302 11077 21088 39956 40191 52016 885// 333   88613=
 22621 83365 /3602 11046 21052 30040 40184 52013=
 22619 41396 80503 11027 21035 30006 40168 52013 77072 8872/ 333  
 87708=
 22721 41497 81601 11008 21016 30061 40161 52014 78582 889// 333  
 86915 93702=
 22727 86370 /0402 10014 20007 30091 40139 52011=
 22717 83/59 /0403 10001 21001 39938 40137 52012=
 22802 41296 80504 10024 20023 30095 40118 52011 75152 886// 333  
 88706=
 22820 41/93 90602 10017 20015 30000 40136 52013 75354 333   96045
 555   50043=
 22831 41296 80402 10038 20032 30076 40131 52011 76062 8872/ 333  
 88705=
 22805 414// 80801 10057 20057 30088 40112 52009 75152 886//=
 22912 42484 80902 10050 20043 30099 40114 52004 885// 333   88617=
 
