09:31:00 MSK 04.03.2023
020 123456/=о000=0631
 унту01 бтул 040600
 22686 42998 00000 11268 21299 39909 40019 53012 333 21325=
 22695 42/// /0000 11249 21289 39838 40006 52010 333 21294=
 22996 41596 82301 11053 21063 39757 49944 52011 78582 889//=
 23220 41598 61001 11239 21268 39864 40018 52014 70282 82531=
 23226 41960 20000 11264 21289 39781 40017 52014 70171 80001=
 23305 41999 41302 11228 21253 39981 40011 52009 70270 84030=
 23320 66/// /2402 11200 21235 39943 40021 52015 60002 333 21248=
 23324 42984 00000 11231 21260 39940 40023 52016 333 21289=
 23405 41966 20000 11188 21202 39908 40014 52010
 72681 82030=
 23410 66/// /0701 11262 21295 39917 40023 52013 60002 333 21314=
 23411 41999 02501 11258 21283 39926 40024 52012 70240 333 21287=
 23412 42999 60000 11236 21263 39917 40023 52012 80001=
 23416 NIL=
 23418 42965 20000 11269 21293 39945 40025 52014 80001=
 23501 NIL=
 23503 41998 03001 11236 21268 39966 40021 52011 70271=
 23507 NIL=
 23509 41997 40000 11217 21248 39936 40020 52013 77172 82021=
 23514 41396 70000 11203 21223 39807 40017 53026 71022 82618 333 21277=
 23518 42998 00000 11270 21306 39924 40025 52014 333 21345 555
 53002=
 23606 41340 40000 11210 21229 39830 40016 52016
 72841 84600 333 84707=
 23701 42999 20701 11238 21263 39875 40016 52008 82040=
 23704 66/// /3201 11248 21266 39926 40039 55004 60002 333 21313=
 23707 81998 20504 11170 21195 39850 49990 52008 70171 82030 333 21180=
 23708 42981 20101 11229 21257 39843 40005 52004 80031 333 21284=
 23709 41998 20000 11227 21262 39802 40011 52003 70240 80004=
 23711 41998 00901 11207 21240 39835 40017 52011 70271 333 21255=
 23803 41999 80501 11126 21164 39806 49993 53002 70272 85031=
 23804 81696 80302 11119 21140 39823 49973 53006 77172 8457/ 333 21127=
 23807 41396 80404 11096 21108 39794 49960 52007 77172 8572/ 333 21099
 85709=
 23808 86/// /0402 11100 21115 39796 49968 52002=
 23812 42/// /0000 11215 21249 39839 40014 52003=
 23904 41426 80000 11063 21076 39791 49949 52004 78587 883// 333 88914=
 23905 41598 81101 11078 21094 39726 49957 57002 77172 885//=
 23909 41597 81402 11087 21106 39722 49972 57002 78587 8731/=
 23912 41495 81402 11115 21133 39798 49997 57006 77372 8802/=
 23913 41997 83101 11146 21172 39781 40021 58003 77172 8802/=
 23914 81595 81201 11130 21146 39730 49997 57006 78687 8692/=
 28013 41895 81703 11081 21100 39742 49977 56004 77372 8802/=
 28016 41496 81803 11064 21085 39748 49977 57002 77187 8677/=
 28029 41896 81604 11092 21111 39777 40002 57002 77371 8802/=
 28116 41499 81602 11058 21073 39754 49986 57005 70272 8672/=
 28128 41596 81802 11073 21087 39854 40010 54000 77172 8802/=
 28134 41597 82002 11090 21112 39661 40021 52001 77172 8652/=
 28138 41598 81903 11112 21129 39454 40040 52003 72682 883//=
 28216 41596 71806 11063 21076 39707 40009 54001 77172 87900=
 28222 41597 81702 11076 21095 39819 40018 54001 72272 8552/=
 28224 41667 71703 11060 21085 39805 40021 52002 72272 87500=
 28234 41497 81803 11078 21104 39751 40036 54001 72687 889//=
 28238 41598 82002 11089 21111 39734 40046 50000 77172 885//=
 28313 41898 81805 11053 21069 39822 40017 54001 77172 8802/=
 28319 41496 82002 11038 21059 39861 40026 57002 77172 8802/=
 28321 42599 82003 11069 21085 39815 40023 52002 8357/=
 28324 41697 62002 11039 21075 39905 40027 57002 70272 83471=
 28326 41598 82004 11059 21079 39847 40037 54000 77087 8802/=
 28413 41599 81703 11033 21056 39901 40024 54001 78582 8635/=
 28428 41597 82004 11045 21071 39860 40047 52002 77172 8802/=
 28429 41595 82003 11054 21068 39636 40054 52003 77372 8802/=
 22983 41942 80000 11072 21090 39850 49956 52015 77172 8807/ 333 91001
 91102=
 27083 41559 82502 11064 21083 39728 49952 52011 77172 885// 333 21065
 91004 91106=
 27097 41498 72503 11058 21077 39698 49962 52010 72682 87900 333 91006
 91107=
 27185 42698 82301 11050 21073 39786 49971 52006 885// 333 21072 91002
 91103=
 27199 41498 82402 11028 21046 39775 49972 52009 70272 8671/ 333 91004
 91106=
 27281 41959 82302 11028 21039 39763 49970 52002 77172 8807/ 333 91004
 91103=
 27283 41464 82301 11027 21040 39815 49973 53006 72687 889// 333 91002
 91105=
 27295 41568 81902 11029 21042 39727 49978 52004 77172 8802/ 333 91005
 91105=
 27296 41961 81802 11031 21050 39757 49975 52005 77172 8807/ 333 91003
 91105=
 27385 414// 72103 11018 21040 39855 49983 52002 70272 87700 333 91006
 91106=
 27393 41597 82105 11030 21043 39821 49992 53004 77073 8252/ 333 91006
 91108=
 27480 41598 81901 11018 21038 39861 49989 57002 70282 885// 333 91003
 91105=
 28007 41599 72502 11041 21057 39699 49961 53007 72687 82330 333 91004
 91106=
 28009 41450 81803 11046 21068 39757 49968 52003 78582 8595/ 333 91004
 91107=
 28105 41498 82502 11036 21047 39769 49969 52006 72272 885// 333 91004
 91105=
 28202 41961 82304 11040 21059 39756 49978 53004 77172 8807/ 333 91006
 91107=
 28302 41596 82003 11039 21054 39762 49992 52004 77172 885// 333 91005
 91105=
 28307 42498 61802 11020 21050 39852 49996 52003 85531 333 91005
 91105=
 28402 41598 72004 11024 21039 39823 40002 52003 70272 85570 333 91006
 91108=
 28502 41998 82103 11010 21032 39909 40013 52004 70272 8807/ 333 91004
 91105=
 22550 81997 11201 11135 21155 39975 49985 52008 70281 81040=
 22778 41998 80101 11101 21128 39907 49978 52010 70282 8807/=
 22889 41496 80302 11084 21096 39873 49961 53002 77172 8602/ 333 21091
 86514=
 22762 42997 60000 11165 21175 39941 49982 52006 80030 333 21219=
 22638 46/// /1102 11075 21090 39719 49948 52006=
 22671 42998 00000 11257 21276 39916 40003 52008 333 21304=
 22456 42998 00000 11254 21281 39907 40004 52007 333 21276=
 22583 42998 80000 11251 21278 39934 40022 52011 80005=
 22749 41998 70801 11087 21103 39827 49955 52005 70272 87070 333
 21096=
 22951 41497 71502 11069 21080 39667 49953 53001 78587 87900=
 22887 41696 83401 11090 21101 39896 49968 52020 78582 8395/=
 22876 41596 70502 11083 21097 39896 49971 52010 78582 84930 333
 21101=
 22481 42998 40000 11231 21253 39952 40010 52011 84030 333 21278=
 22854 42398 81002 11094 21103 39664 49960 53001 886// 333 88708=
 22781 NIL=
 22676 42998 10000 11270 21300 39924 40010 52010 333 21328=
 22648 42598 70000 11098 21104 39920 49967 53006 87500 333 21115
 87620=
 22559 41997 20801 11174 21193 39973 49991 52007 70271 80001 333
 21176=
 22869 42997 10000 11125 21138 39820 49974 52006 80030 333 21135=
 22768 42897 70201 11157 21176 39924 49977 52008 87070=
 22798 42997 60403 11137 21165 39871 49989 52010 86070 333 21141=
 22375 46/// /2102 11124 39980 49996 52013=
 23207 41496 71302 11158 21176 39962 49986 52006 78582 85940 333
 21181=
 23215 42998 12401 11268 21301 39924 40023 52013 80001 333 21325=
 23219 NIL=
 27095 66/// /2502 11052 21056 39735 49965 52008 60002 333 21067=
 22408 11480 80301 11047 21054 39798 49948 52008 69902 72682 883//
 333   21078 47054 88913 93501=
 22511 11580 80601 11046 21056 39822 49944 52008 69982 70272 885//
 333   21055 47047=
 22529 12599 71003 11074 21091 39948 49955 52010 60002 87500 333  
 21115 48029 87628=
 22602 11459 83501 11038 21050 39707 49933 52006 69902 77122 885//
 333   21065 47056 88612=
 22621 11460 80701 11053 21064 39802 49943 52007 69932 771// 8672/
 333   21054 47062 86711=
 22619 11359 80702 11055 21065 39770 49930 52005 69902 77072 8872/
 333   21063 47052 87707=
 22721 11398 80000 11046 21054 39833 49932 52005 69902 78582 889//
 333   21059 47075 85707=
 22727 12463 80701 11027 21042 39874 49922 52002 60022 884// 333  
 21038 48030 88617=
 22717 12598 80301 11042 21054 39724 49918 52002 60002 885// 333  
 21052 47067 88625=
 22802 11456 80902 11024 21035 39888 49911 52004 69932 78582 889//
 333   21045 47046 88910=
 22820 11535 80701 11042 21048 39782 49918 54000 69932 77172 8657/
 333   21049 47035=
 22831 11497 80702 11046 21061 39872 49927 54000 60082 78587 889//
 333   21048 47081 88914=
 22805 12598 80902 11011 21020 39892 49912 53006 60002 8751/ 333  
 21020 48007=
 22912 11440 71002 11033 21046 39893 49908 57005 69962 78587 86330
 333   21040 47040 83917=
 
