06:31:00 MSK 11.10.2023
020 123456/=о000=0331
 уйту01 бтул 110300
 22686 11497 82002 11005 21013 39997 40097 53002 69922 77172 8357/ 333
 21005 47001 55000 555 53005 7992/=
 22695 12998 82202 11006 21032 39932 40085 53003 60002 8805/ 333 21006
 555 53005 7000/=
 22996 12998 80000 11006 21006 39926 40113 52013 69902 8807/ 333 21011 55000 555 53005 7998/ 91206=
 23220 12598 72602 11017 21024 39905 40046 52023 69932 83530 333 21017 55000 555 53009 7007/=
 23226 12660 82603 11008 21024 39823 40036 52018 69932 889// 333 21012 
 86641 555 53010 7006/=
 23305 12599 81802 11004 21007 30040 40068 52005 60002 885// 333 21011
 555 53006 7000/=
 23320 76/// /2102 11034 21034 39999 40072 52012 333 21040 60002 555 53006 7000/=
 23324 12980 42202 11028 21036 39991 40069 52015 60002 81042 333 21028
 55005 555 53006 7000/=
 23405 11665 71602 10005 21003 39974 40074 52003
 69932 72682 83330 333 20002 42001 55000 555 
 53004 7993/=
 23410 76/// /2001 11011 21026 39973 40070 52009 333 21022 60002 555 7000/=
 23411 12599 82303 10010 20003 39983 40071 52007 60002 885// 333
 20004 555 53005 7000/ =
 23412 12699 72502 10003 21011 39975 40072 52008 60002 82530 333 21002 55013 555 53005 7990/=
 23416 NIL=
 23418 12665 80000 10009 21011 30000 40074 52006 60002
 885// 333 20007 55000 88649 555 53005 7995/=
 23501 NIL=
 23503 12598 82401 10007 21006 30030 40080 52005 60002 8255/ 333 21002 555 53003 7000/ 91208=
 23507 66/// /2501 11006 21006 39774 40084 52002 60002 333 21006 555 53004 7000/=
 23509 11997 82301 10002 21007 30010 40088 52015 69972 77172 8802/ 333
 21006 41998 555 53003 7997/=
 23514 12697 82601 11003 21005 39886 40082 52006 60002 885// 333 21003 55000 88644 555 53004 7990/=
 23518 12698 80000 11006 21014 39986 40078 52010 60002 885// 333
 21006 55000 88649 555 50013 7000/ 91210=
 23606 12160 82601 10002 21004 39915 40086 52005 69952 886// 333 20000 42997 55000 88703 555 53004 7995/=
 23612 12698 83001 10001 21010 39946 40081 52009 60002 8355/ 333 20000 555 53006 7998/=
 23701 12580 72302 11005 21012 39974 40104 52006 69942 84970 333 21005
 42997 555 53004 7994/=
 23704 76/// /0000 11005 21005 39448 49560 56034 333 21008 60002 555 50010 7000/=
 23707 62498 82702 11011 21015 39972 40105 52008 69902 889// 333 21014 55000 85619 555 53003 7990/=
 23708 11482 82201 11007 21016 39954 40104 52007 69922 70282 8793/ 333
 21007 47997 86618 555 53005 7992/=
 23709 12698 82101 11002 21034 39907 40100 52007 60002 885// 333 21002
 88640 555 53003 7993/=
 23711 11698 82901 10005 21031 39916 40085 52009 69902 70282 885// 333 20005 55001 88642 555 53004 7990/=
 23803 12699 80201 10001 21023 39921 40100 52007 60002 885// 333 20000
 55000 555 53003 7990/=
 23804 12697 82701 10002 21004 39961 40106 52005 60002 885// 333 20001 55000 88634 555 53002 7997/=
 23807 11596 82701 11004 21004 39951 40113 52011 60002 71011 8455/ 333
 21006 55000 555 53003 7994/=
 23808 66/// /2101 11004 21011 39940 40109 52009 60002 333 21008 555 7000/=
 23812 11597 83101 10000 21019 39925 40087 52009 69902 70282 8595/ 333
 21003 555 53004 7993/=
 23904 12570 80000 11018 21018 39955 40113 52010 60002 885// 333 21038
 88632 555 53003 7001/=
 23905 12899 80000 11015 21020 39879 40108 52010 60002 8802/ 333 21032
 34101 555 53004 7000/=
 23909 12498 82201 11017 21022 39858 40105 52011 60002 885// 333 21020
 31100=
 23912 12598 80000 11006 21011 39902 40095 52009 60002 885// 333 21018
 31100 555 53003 7994/=
 23913 12599 73101 11003 21007 39861 40090 52008 60002 87900 333 21004
 31001 55010 555 53003 7998/=
 23914 62499 72701 11009 21031 39838 40096 52009 60002 87500 333 21019
 31101 55007=
 28013 12598 83001 11007 21025 39870 40101 52013 60002 8657/ 333 21010
 31100 555 53004 7002/=
 28016 12599 80000 11007 21007 39877 40102 52014 69972 885// 333 21008
 3/001 43997 555 53005 7001/=
 28029 11599 83501 10000 21008 39870 40090 52012 69982 70276 885// 333
 21001 32002 55000 555 53003 7002/=
 28116 11496 80402 10002 21001 39862 40092 52014 60032 76876 8872/ 333
 20002 31001 55000=
 28128 11597 80102 10026 20019 39934 40086 52012 60022 76162 8802/ 333
 20026 31003 55000 555 53005 7003/=
 28134 11497 83301 10019 20015 39735 40083 52011 60032 76165 8672/ 333
 20019 31003 555 53003 7006/=
 28138 11595 82403 10019 20014 39521 40081 52010 60022 71022 883// 333
 20013 31001 55000=
 28216 11597 82101 10030 20024 39789 40083 52010 69912 76065 8872/ 333
 20028 31003 555 53005 7991/=
 28222 12597 82401 10040 20030 39892 40083 52010 69932 886// 333 20040
 31004 555 53006 7996/=
 28224 11556 71801 10028 20023 39875 40086 52010 69962 78082 87900 333
 20027 31003 55000=
 28234 11597 82102 10031 20018 39813 40088 52009 69962 76162 885// 333
 20030 31005 555 53005 7996/=
 28238 11599 82202 10029 20015 39790 40090 52010 69972 76162 885// 333
 20028 31003 55000 555 53005 7997/=
 28313 11597 80000 10016 20007 39897 40088 52006 69942 76162 885// 333
 20016 31002 555 53004 7994/=
 28319 11496 82201 10036 20028 39929 40091 52011 69952 75185 886// 333
 20028 31003=
 28321 11599 72701 10027 20022 39885 40086 52011 69982 70162 83930 333
 20027 31003=
 28324 12597 81601 10035 20022 39968 40087 52009 69962 884// 333 20011
 31000 555 53003 7999/=
 28326 12598 71901 10033 20027 39907 40091 52010 69982 87500 333 20016
 31002 55000 555 53005 7998/=
 28413 11499 82001 10030 20013 39969 40090 52012 69952 72162 8675/ 333
 20029 31004 555 53004 7003/=
 28428 11597 81702 10034 20019 39912 40095 52010 69952 78082 889// 333
 20024 32002 555 53003 7999/=
 28429 12598 82202 10031 20022 39692 40098 52009 60012 889// 333 20025
 31003 555 53005 7001/=
 22983 12498 82902 11004 21011 30020 40126 52014 60002 889// 333 21020
 32100 55000 91003 91103 555 52104 53003 7997/=
 27083 12584 83102 11005 21014 39897 40120 52017 60022 887// 333 21005
 32001 91004 91104 555 53005 7004/=
 27097 11497 83102 11002 21003 39854 40117 52016 60012 77172 8772/ 333
 21002 32001 91004 91105 555 53005 7005/=
 27185 12698 83102 10006 20001 39939 40123 52021 60012 885// 333 20006
 31003 91005 91106 555 52000 53006 7004/=
 27199 11497 83302 10013 20008 39912 40109 52021 60022 75865 886// 333
 20013 32002 55000 91005 91105 555 53005 7005/=
 27281 11484 83304 10007 21003 39921 40128 52023 69982 70262 885// 333
 20007 31002 91006 91107 555 52001 53007 7001/=
 27283 11498 83404 10015 20010 39961 40116 52023 60012 72582 889// 333
 20015 32003 91006 91107 555 53007 7002/=
 27295 11496 83002 10020 20010 39858 40108 52022 60032 76162 8802/ 333
 20020 91006 91106 555 52003 53006 7004/=
 27296 11466 83402 10028 20015 39883 40099 52018 60012 76162 8872/ 333
 20027 30003 55000 91005 91104 555 53005 7002/=
 27385 114// 83202 10026 20017 39990 40118 52024 60012 70262 887// 333
 20025 31003 91005 91106 555 52002 53006 7002/=
 27393 12598 63502 10037 20026 39932 40101 52017 69962 85440 333 20035
 55000 91003 91105 555 52003 53005 7001/=
 27480 11498 83002 10020 20018 39998 40126 52023 60022 72582 889// 333
 20020 32003 91005 91105 555 53005 7002/=
 28007 11456 83603 11000 21007 39847 40109 52018 60012 78582 883// 333
 21000 55000 88911 91004 91105 555 53005 7003/=
 28009 11447 80201 10002 21008 39897 40107 52017 69962 78382 889// 333
 20002 32002 91002 91103 555 52001 53004 7002/=
 28105 11497 83601 10015 20011 39908 40100 52018 60042 76162 8872/ 333
 20015 32003 91003 91104 555 53004 7006/=
 28202 11561 80201 10020 20010 39871 40091 52017 60022 70282 889// 333
 20020 91003 91103 555 53003 7002/=
 28302 11598 83302 10038 20030 39860 40085 52015 60022 76162 8802/ 333
 20036 31005 91004 91104 555 53004 7003/=
 28307 11498 82602 10035 20022 39954 40097 52016 69972 76162 885// 333
 20029 91005 91105 555 53005 7997/=
 28402 11469 82702 10036 20033 39914 40091 52016 60022 77172 8762/ 333
 20027 31003 91003 91104 555 53004 7002/=
 28502 11496 82604 10037 20021 39995 40098 52016 69902 76162 886// 333
 20036 55000 91006 91106 555 53006 7003/=
 22550 12371 62002 11004 21012 30065 40075 57007 60002 86600 333 21004
 55010 86708 555 53006 7001/=
 22778 11598 82803 10007 20002 30043 40113 52006 69912 72682 8657/ 333
 21012 55006 555 53006 7991/=
 22889 12498 82701 11005 21010 30036 40123 52013 60002 885// 333 21017
 88617 555 53004 7994/=
 22762 12897 62401 11008 21011 30070 40109 50000 69902 86030 333 21008
 555 53004 7990/ 91205=
 22638 46/// /1702 11017 21021 39850 40077 57025=
 22671 11296 82301 11006 21010 30009 40089 54001 60012 71022 886// 333
 21007 55001 88705 555 53005 7002/=
 22456 12597 72001 11031 21031 39974 40063 57003 60002 82530 333 21048
 555 53003 7000/=
 22583 11598 72601 10008 21007 39999 40079 53005 69912 70288 87500
 333 20005 55008 555 53005 7991/=
 22749 NIL=
 22951 12498 82102 11018 21025 39857 40142 54000 60002 885// 333 21019
 555 53005 7001/=
 22887 12697 82201 11005 21017 30049 40120 52012 60002 8355/ 
 333 21006 55016 555 53003 7991/=
 22876 12597 82203 10001 21011 30047 40120 52005 69902 884// 333 21007
 88623 555 50008 53005 7990/ 91206=
 22481 11496 82202 11019 21023 30013 40066 52004 60002 71022 886// 333
 21020 555 53006 7991/=
 22854 12399 82103 11012 21018 39836 40127 58005 69982 889// 333 21012
 55010 87708 555 53006 7002/=
 22781 NIL=
 22676 NIL=
 22648 NIL=
 22559 12598 52201 11014 21019 30069 40086 58003 60002 82531 333 21017
 55005 555 53006 7003/ 91207=
 22869 11297 82602 10006 21001 39986 40135 52009 69912 78582 889// 333
 21003 85705 555 53005 7991/ 91207=
 22768 11497 80000 10009 20003 30064 40114 52004 69902 78582 889// 333
 20009 55003 86914 555 53004 7990/=
 22798 12997 80000 11006 21019 39997 40111 52007 60002 8805/ 333 21006
 555 53002 7990/=
 22375 NIL=
 23207 12498 72102 10001 21004 30027 40050 52006 60002 87600 333 21009
 55029 555 53005 7000/=
 23215 NIL=
 23219 NIL=
 27095 76/// /3401 11003 20006 39895 40095 52016 333 21003 60002 555 53005 7000/=
 22408 22384 81504 10007 21003 39872 40020 57031 883// 333   21034
 55019 60002 88908 555   7000/=
 22511 21276 81402 11007 21015 39906 40027 57032 77171 8572/ 333  
 21020 69902 85706 555   7990/=
 22529 22598 61901 11019 21028 30053 40060 57024 86500 333   21036
 60002 555   7002/=
 22602 21474 81602 10009 20003 39793 40017 57031 70282 889// 333  
 21039 55080 69962 88913 555   7996/=
 22621 73255 /1503 10000 21006 39910 40049 57032 333   21036 55041
 69932 555   7993/=
 22619 21998 81602 10004 21002 39881 40039 57033 70272 8807/ 333  
 21018 55026 60012 555   7001/=
 22721 21297 80901 10005 20002 39958 40056 57034 78582 889// 333  
 21033 60012 85706 93701 555   7002/=
 22727 76459 /1603 10023 20017 30018 40066 57033 333   21012 60032=
 22717 73/61 /1501 10031 20030 39851 40045 57035 333   21020 60052
 555   7005/=
 22802 21498 81903 10078 20066 30014 40037 57036 78082 889// 333  
 20018 55029 60012 86913 555   7001/=
 22820 21597 82103 10023 20014 39932 40067 57032 76162 8552/ 333  
 21014 55003 60022 555   7002/=
 22831 21296 81301 10000 21007 30038 40093 57029 77172 8872/ 333  
 21027 55037 60012 88704 555   7001/=
 22805 215// 81808 10074 20061 30022 40046 57037 76162 8552/ 333  
 20042 55020 60022 91012 91114 555   7002/=
 22912 21584 71703 10032 20022 30062 40077 57029 70262 82530 333  
 21019 60032 555   7003/=
 
