09:31:00 MSK 29.05.2023
020 123456/=о000=0631
 унту01 бтул 290600
 22686 81598 83305 10127 20072 39969 40064 56007 70282 885// 333 88620=
 22695 41498 83204 10106 20078 39899 40045 57004 70262 885// 333 88616=
 22996 42498 82303 10123 20115 39903 40080 52011 889//=
 23220 42999 70911 10112 20017 30071 40208 57018 87030 333 91015 91115=
 23226 42960 61608 10118 21035 30008 40216 57018 80005 333 91013 91113=
 23305 41970 80303 10087 20058 30073 40100 57035 76162 8807/=
 23320 66/// /1206 10091 20033 30070 40141 58031 60002 333 20065 91011 91117=
 23324 41958 81106 10098 20019 30091 40166 58029 76062 8802/ 333 91011
 91114=
 23405 41464 80604 10094 20086 39979 40075 57030 72186 
 8655/ 333 86617=
 23410 66/// /0607 10084 20063 30013 40107 58038 60002 333 20065 91012 91111=
 23411 41497 80704 10079 20075 30014 40101 57035 76162 8772/=
 23412 41498 70705 10082 20071 30010 40104 57039 78082 87300 333 85917=
 23416 NIL=
 23418 41665 71203 10136 20056 30026 40096 57026 70262
 85930 333 85940=
 23501 NIL=
 23503 41498 80902 10106 20091 30019 40067 57033 70262 885// 333 88619=
 23507 86/// /0203 10096 20096 39747 40044 56023=
 23509 41498 80802 10135 20119 39975 40049 57023 70262 8552/ 333 85612=
 23514 41497 81305 10148 20109 39877 40062 57027 72582 83931 333 91110=
 23518 41598 81408 10107 20060 30016 40104 56012 70282 8297/ 333 91013
 91117=
 23606 41462 81703 10175 20153 39888 40043 57011 70282 889// 333 85916=
 23701 41343 82502 10126 20121 39918 40040 53005 75065 886// 333 88709=
 23704 66/// /1802 10149 20149 39926 40039 55004 60002 333 20128=
 23707 81397 82404 10130 20127 39923 40048 52019 76165 8872/ 333 20129 86709=
 23708 41498 81907 10153 20125 39921 40061 52012 70282 889// 333 85710
 91011 91111=
 23709 41698 62004 10185 20127 39889 40068 52005 70282 86900 333 91110=
 23711 42998 51304 10203 20147 39914 40071 57014 84072=
 23803 42699 32105 10188 20118 39909 40077 53006 83500=
 23804 81397 82002 10137 20127 39920 40057 52016 72052 887// 333 20132 86707=
 23807 41497 82204 10132 20113 39918 40072 52014 70282 889// 333 20126
 87613 91110=
 23808 86/// /1905 10154 20122 39919 40078 52009 333 91111=
 23812 82997 61802 10227 20132 39936 40086 57002 86030=
 23904 41370 82002 10139 20135 39936 40085 52008 72562 883// 333 85709=
 23905 42599 82203 10172 20126 39871 40084 52004 885//=
 23909 42598 61904 10233 20137 39852 40077 57007 83871 333 91110=
 23912 41597 71604 10234 20118 39917 40094 58003 70382 82531=
 23913 42599 80000 10238 20127 39897 40107 57014 889//=
 23914 81498 71604 10228 20117 39857 40094 57005 70382 87905=
 28013 42598 61803 10243 20109 39870 40081 56011 82909=
 28016 41599 61903 10229 20143 39878 40084 52006 70281 84981=
 28029 42899 71603 10238 20112 39900 40101 57008 87070=
 28116 42499 62203 10244 20120 39877 40088 57007 82139=
 28128 42899 81802 10236 20135 39964 40105 57006 84039=
 28134 42698 81601 10251 20100 39790 40111 57011 83575=
 28138 42899 71804 10258 20059 39607 40126 57011 83044 333 91110=
 28216 42598 72104 10240 20110 39826 40099 54001 83935=
 28222 42898 81702 10233 20106 39931 40110 55008 82072=
 28224 42698 71604 10246 20116 39916 40111 57004 82539 333 91110=
 28234 42898 61904 10278 20061 39867 40120 57012 86040=
 28238 42999 81806 10279 20057 39855 40131 57014 80004 333 91010
 91110=
 28313 42598 62104 10249 20121 39930 40106 54000 83501=
 28319 42598 62204 10248 20120 39968 40117 53002 82550=
 28321 42899 61703 10250 20106 39921 40107 57002 83082=
 28324 42599 62005 10259 20075 30007 40118 54001 83989 333 91110=
 28326 42598 62105 10259 20084 39953 40123 57007 82530=
 28413 42599 62103 10237 20130 30011 40124 52011 86201 333 91110=
 28428 42599 82105 10246 20071 39968 40139 53006 86931=
 28429 42598 72004 10256 20069 39763 40141 55003 84531 333 91111=
 22983 41468 83101 10127 20115 39975 40075 52006 78082 889// 333 91002
 91103=
 27083 41559 82102 10118 20108 39873 40086 52009 76162 885// 333 91005
 91106=
 27097 41498 72204 10131 20109 39847 40097 53007 70252 87900 333 91009
 91109=
 27185 42598 71902 10132 20086 39933 40108 52012 87300 333 91006
 91108=
 27199 41498 62203 10171 20094 39922 40108 52011 70262 86300 333 91007
 91107=
 27281 42482 72104 10120 20081 39917 40116 52012 87500 333 91006
 91108=
 27283 42498 62404 10141 20079 39967 40115 52011 86900 333 20123 91007
 91111=
 27295 42598 61904 10156 20071 39881 40120 52012 86400 333 91009
 91110=
 27296 41598 52304 10162 20082 39908 40114 52014 70282 85900 333 91008
 91109=
 27385 426// 62404 10138 20081 30005 40128 52010 86101 333 91006
 91108=
 27393 41598 52506 10165 20107 39969 40131 52015 70282 85100 333 91008
 91108=
 27480 42598 82502 10129 20086 30012 40136 52006 889// 333 91005
 91105=
 28007 42599 82302 10143 20112 39853 40101 52009 88500 333 88623 91004
 91107=
 28009 41498 82202 10160 20118 39905 40103 52006 72582 889// 333 91004
 91106=
 28105 41598 72504 10157 20124 39915 40104 52006 72162 86130 333 91008
 91108=
 28202 41567 82401 10155 20139 39900 40110 52010 72582 889// 333 91004
 91105=
 28302 42598 72303 10158 20116 39907 40123 52017 86930 333 91006
 91106=
 28307 41498 22102 10172 20098 39996 40132 52014 70281 82100 333 91005
 91106=
 28402 42698 52304 10179 20098 39965 40134 52016 83105 333 91007
 91108=
 28502 42998 82606 10195 20086 30045 40142 52016 80001 333 91008
 91109=
 22550 82997 12203 10170 20019 30086 40095 57016 80001=
 22778 42998 63003 10167 20063 30022 40087 52001 86070=
 22889 41496 82703 10125 20121 39991 40073 52011 75152 886// 333 20120
 88712=
 22762 82998 02803 10179 21015 30066 40103 57006=
 22638 NIL=
 22671 42999 23501 10181 20043 30009 40083 57014 82030=
 22456 42998 21902 10176 21007 30004 40086 57022 80001=
 22583 42698 73302 10144 20066 39997 40073 56018 82570=
 22749 42998 02704 10150 20021 30002 40121 57007=
 22951 42998 22903 10148 21014 39867 40135 58001 80001=
 22887 41699 83004 10136 20090 30010 40077 52009 70282 8455/=
 22876 42997 82702 10143 20072 30014 40084 52007 8805/=
 22481 42998 70202 10162 20036 30040 40090 57025 86041=
 22854 42899 12603 10139 21021 39851 40127 56001 81040=
 22781 NIL=
 22676 42898 73103 10161 20064 30004 40077 57010 87040=
 22648 42998 22704 10164 20017 30067 40111 57012 82030=
 22559 42598 22201 10171 21012 30084 40100 57014 81201=
 22869 42997 13205 10169 20025 39970 40110 52002 81030=
 22768 42897 13104 10183 21009 30058 40105 57002 81030=
 22798 41496 80000 10115 20111 39954 40062 52018 78082 889// 333
 20112=
 22375 46/// /1404 10141 30080 40095 57023=
 23207 42999 80606 10116 20022 30087 40111 57038 8807/=
 23215 42998 80907 10102 20007 30067 40154 57035 86025 333 91014
 91114=
 23219 NIL=
 27095 NIL=
 22408 11599 62904 10103 20041 39931 40075 52007 69932 70282 86100
 333   20083 31008 86830=
 22511 11698 72703 10116 20039 39961 40077 52006 69902 70282 87900
 333   20094 30008 87633=
 22529 12599 22305 10151 20052 30072 40078 57012 60002 82800 333  
 20085 31008=
 22602 11999 32504 10107 20045 39877 40095 52003 69932 70181 8303/
 333   20077 31008=
 22621 12698 72405 10122 20046 39955 40089 57004 60002 87900 333  
 20096 30/// 86836=
 22619 12581 72603 10118 20050 39942 40095 54000 60002 87801 333  
 20084 30007 91110=
 22721 12699 62401 10150 20046 30007 40100 57007 60002 86501 333  
 20076 30008 86833=
 22727 12970 62203 10153 20061 30066 40112 57009 60002 80030 333  
 20084 30///=
 22717 12598 52503 10130 20064 39927 40113 57002 60002 82230 333  
 20071 31///=
 22802 12599 62701 10143 20060 30103 40125 52001 60002 81939 333  
 20041 31005=
 22820 12966 12704 10151 20049 39983 40113 57008 60002 81030 333  
 20100 31008=
 22831 12998 42202 10160 20040 30071 40123 57010 60002 84030 333  
 20002 30004=
 22805 12598 62402 10068 20043 30116 40135 52005 60002 82831 333  
 20045 31005=
 22912 12599 22703 10131 20071 30118 40133 57002 60002 81101 333  
 20014 30004=
 
