03:31:00 MSK 15.03.2023
020 123456/=о000=0031
 унту01 бтул 150000
 22686 41496 81803 11003 21010 39869 49968 53005 77173 8652/ 333 86613 555 1/101=
 22695 41497 82005 11010 21026 39810 49962 56002 77172 8552/ 333 85618
 91110 555 1/102=
 22996 42/// /2104 10003 20003 39889 40074 52006 333 91111 555 1/101=
 23220 41599 71708 11034 21129 39871 40014 58008 73731 84550 333 91012 91114 555 1/105=
 23226 42960 81911 11068 21115 39786 40004 58006 8805/ 333 91014 91115  
 555 1/108=
 23305 42/// /1806 11026 21049 39909 49937 57011 333 91010 91114 555 1/104=
 23320 86/// /2208 11017 21140 39939 40012 56017 333 91014 91114=
 23324 42983 81804 11036 21130 39929 40007 58017 85077 555 1/107=
 23405 41597 81706 11023 21045 39851 49950 57015
 73673 8557/ 333 85620 91010 91112 555 1/104=
 23410 86/// /1708 11032 21101 39892 49989 57014 333 91012 91114 555 53016=
 23411 41498 82008 11035 21052 39880 49970 56012 77172 8672/ 333 91012
 91118 555 1/104=
 23412 42999 72006 11032 21071 39889 49986 57013 87030 333 91010 91115 555 1/105=
 23416 NIL=
 23418 41950 81707 11028 21090 39942 40016 57008 77073
 8802/ 333 91012 91114 555 1/105=
 23503 NIL=
 23507 86/// /2104 11037 21037 39660 49971 56006=
 23509 42/// /1804 11027 21043 39917 49995 57010 333 91115 555
 1/103=
 23514 41497 81805 11039 21056 39818 40016 57011 77173 8677/ 333 86710 91112 555 1/104=
 23518 42/// /1908 11042 21063 39956 40049 56009 333 91013 91116
 555 1/105=
 23606 41432 81905 11029 21049 39846 40018 57012
 77372 8802/ 333 88519 91111 555 1/106=
 23612 NIL=
 23701 42/// /2004 11017 21023 39879 40008 57004 333 91111 555
 1/103=
 23704 86/// /2004 11016 21016 39926 40039 55004 555 53015=
 23707 81596 82005 11002 21010 39890 40021 52001 77187 8652/ 333 86620 555 1/102=
 23708 42/// /1806 11022 21034 39895 40045 55010 333 91111 555 1/103=
 23709 42/// /1703 11032 21049 39870 40065 56014 555 1/104=
 23711 41497 81905 11039 21067 39898 40069 57014 78582 8697/ 333 86916 91110 555 1/105=
 23803 41497 81805 11024 21053 39898 40079 56012 77173 8802/ 333 88519 91112 555 1/103=
 23804 81396 82004 11007 21016 39897 40042 53001 77173 887// 333 86708 555 1/102=
 23807 42/// /2005 11005 21005 39899 40061 52006 333 91111 555 1/101=
 23808 86/// /1706 11016 21025 39907 40076 56005 333 91111=
 23812 41496 81101 11043 21070 39942 40107 57014 78581 889// 555 1/106=
 23904 41477 81904 11004 21015 39930 40087 52002 70273 885// 333 88611
 555 1/102=
 23905 41599 81803 11019 21037 39871 40100 57004 73673 885// 333 91112
 555 1/103=
 23909 41597 81905 11030 21046 39873 40121 57012 77173 8552/ 333
 91111=
 23912 41495 81904 11044 21060 39944 40140 57014 77371 8802/ 555
 1/106=
 23913 41997 61802 11036 21094 39929 40163 57016 77171 86020 555
 1/109=
 23914 81497 81805 11041 21063 39882 40144 57014 77172 8572/ 333
 91110=
 27095 86/// /1804 10000 21004 39881 40110 52006 333 91110=
 28013 41897 81804 11035 21051 39903 40138 56011 77173 8802/ 333 91110
 555 1/104=
 28016 42/// /1904 11029 21035 39914 40143 56012 555 1/103=
 28029 41596 81807 11039 21052 39948 40172 57012 77171 8252/ 333 91110
 555 1/104=
 28116 41499 81903 11029 21053 39927 40161 57010 70273 8872/=
 28128 41596 81903 11032 21044 30027 40184 57015 77172 8802/ 333 91112
 555 1/104=
 28134 41496 81902 11052 21070 39837 40198 57011 77172 8472/ 555
 1/106=
 28138 43/// /1903 11077 21108 39630 40218 57011=
 28216 NIL=
 28222 42/// /1904 11034 21043 39997 40196 56016 333 91110 555 1/103=
 28224 41538 81703 11034 21053 39988 40206 57017 78582 889//=
 28234 NIL=
 28238 41596 82104 11050 21081 39920 40233 57007 77171 885// 555
 1/107=
 28313 42/// /1905 11016 21060 30003 40199 56011 333 91111 555 1/103=
 28319 42599 62305 11005 21059 30052 40218 57011 85550 333 91010=
 28321 41899 81904 11031 21053 39997 40205 58006 70272 8802/=
 28324 42/// /2004 11017 21072 30095 40218 55011 555 1/103=
 28326 41596 72105 11034 21062 30033 40225 57014 78582 87300 555
 1/104=
 28413 41596 82105 11008 21053 30099 40224 55000 78582 883// 333 91010
 91110 555 1/102=
 28428 NIL=
 28429 42/// /2103 11044 21080 39827 40251 57011 555 1/105=
 22983 41571 82102 10016 20002 39948 40052 52011 70272 8255/ 333 91006
 91107 555 1/100=
 27083 41459 82005 10008 21005 39858 40079 52008 76173 8872/ 333 91009
 91110 555 1/100=
 27097 42/// /1905 10002 21004 39843 40105 52007 333 91010 91110 555
 1/100=
 27185 43/// /1903 10012 21004 39936 40120 52010 333 91006 91108 555
 1/101=
 27199 41598 82103 10005 21016 39938 40136 52006 78387 889// 333 91007
 91110 555 1/101=
 27281 41484 82003 10015 21017 39921 40128 52012 70272 885// 333 91006
 91111 555 1/100=
 27283 41497 82104 10012 21023 39985 40145 53017 70282 885// 333 91006
 91109 555 1/101=
 27295 42/// /1803 10000 21024 39897 40150 52006 333 91007 91109 555
 1/000=
 27296 41997 82004 11001 21025 39930 40150 52006 70272 8807/ 333 91007
 91108 555 1/102=
 27385 414// 82204 10026 21041 30031 40159 52014 70232 887// 333 91008
 91111 555 1/100=
 27393 43/// /2106 10001 21014 30000 40172 52003 333 91009 91111 555
 1/101=
 27480 41598 82105 10029 21036 30039 40167 52008 70282 885// 333 91008
 91112 555 1/100=
 28007 41599 82103 11012 21025 39858 40122 52003 73673 885// 333 88623
 91009 91109 555 1/102=
 28009 41496 82006 11014 21037 39921 40133 57003 78583 889// 333 91009
 91111 555 1/102=
 28105 41497 82105 11008 21018 39937 40138 52005 77173 8872/ 333 91008
 91112 555 1/102=
 28202 41996 82307 11011 21028 39931 40155 53004 77172 8807/ 333 91010
 91114 555 1/102=
 28302 41596 82004 11015 21025 39946 40178 52005 77173 8802/ 333 91008
 91108 555 1/102=
 28307 41498 81903 10018 21050 30036 40181 52007 77172 885// 333 91006
 91109 555 1/101=
 28402 41467 82006 10009 21043 30011 40192 52005 77073 8662/ 333 91009
 91114 555 1/101=
 28502 41697 82111 10014 21042 30106 40211 53002 70232 885// 333 91014
 91115 555 1/101=
 22550 81570 82003 10039 20027 39879 49889 52025 72587 889// 333 88621
 555 1/000=
 22778 41598 82004 10025 20011 39920 49989 52016 70282 885// 555
 1/100=
 22889 42/// /2203 10015 20008 39960 40046 53011 555 1/100=
 22762 42/// /1702 10026 20025 39916 49954 52019 555 1/100=
 22638 46/// /2003 10037 20034 39672 49890 52014=
 22671 42/// /2204 10023 20023 39846 49923 52018 555 1/100=
 22456 42/// /2001 10013 20013 39784 49869 53020 555 1/101=
 22583 41597 81802 11010 21016 39842 49921 53003 78588 889// 
 555 1/103=
 22749 42/// /2006 10035 20022 39825 49947 52015 333 91010 91110 555
 1/000=
 22951 42/// /2403 10022 20018 39716 49992 52008 555 1/000=
 22887 41497 81406 10016 20013 39964 40034 52021 78087 8695/ 
 333 85710 91112 555 1/100=
 22876 41497 82005 10025 20016 39941 40013 51013 70283 889// 333 88919
 91112 555 1/100=
 22481 42/// /1907 11008 21008 39832 49884 55000 333 91010 91112 555
 1/103=
 22854 NIL=
 22781 NIL=
 22676 41498 82105 10020 20009 39870 49946 53016 70283 885// 333 91112
 555 1/100=
 22648 42/// /1905 10045 20044 39874 49919 52017 555 1/000=
 22559 42/// /2004 10033 20024 39888 49904 53011 555 1/000=
 22869 42/// /1903 10022 20018 39870 40016 51013 555 1/000=
 22768 41497 82005 10029 20017 39927 49976 52017 72582 889// 333 85912
 91111 555 1/100=
 22798 42/// /2004 10004 20000 39905 40017 52006 555 1////=
 22375 46/// /2005 11021 39848 49863 52004=
 23207 NIL=
 23215 NIL=
 23219 NIL=
 22408 42484 82202 11009 21025 39693 49840 52023 885// 333   88618
 555   1/103=
 22511 41363 82002 10011 21004 39724 49842 52024 75152 887// 555  
 1/000=
 22529 41598 81903 10033 20012 39860 49867 52022 70282 889// 333  
 88927 555   1/100=
 22602 41472 81701 10009 21005 39623 49843 52009 72582 889// 333  
 88911 555   1/000=
 22621 83362 /1803 10027 20015 39731 49867 52015 555   1////=
 22619 42498 81702 10042 20028 39707 49860 52008 885// 333   88614
 555   1/001=
 22721 41296 81401 10038 20036 39790 49885 52011 75152 886// 333  
 88705 555   1/000=
 22727 86363 /1806 10045 20030 39855 49901 52010 555   1////=
 22717 83/38 /2003 10032 20028 39697 49885 52007 555   1////=
 22802 41296 81803 10030 20022 39856 49879 52005 71052 886// 333  
 88705 555   1/000=
 22820 42397 82004 10039 20027 39774 49907 52012 8751/ 333   87607
 91115 555   1/000=
 22831 41397 82103 10044 20028 39879 49933 52010 70282 889// 333  
 88907 555   1/100=
 22805 414// 81506 10015 20015 39870 49890 50005 71052 886// 333  
 91111 555   1/100=
 22912 41456 81804 10037 20025 39898 49913 57001 76162 8802/ 333  
 88517 91110 555   1/101=
 
