12:31:00 MSK 17.12.2023
010 111/=Ó000=0931
 ÛÈÚÛ01 ·ÚÛÎ 170900
 22686 41497 81505 11121 21142 39914 40018 57026 77072 8557/ 333 85613=
 22695 42998 61403 11137 21164 39859 40019 57022 86030=
 22996 41998 81802 11123 21134 39880 40075 57023 70272 8805/=
 23220 41599 71808 11108 21179 39959 40107 57004 73632 83530 333 91011 91113=
 23226 41960 81810 11130 21191 39878 40103 57012 70232 8805/ 333
 91014 91114=
 23305 41699 61805 11120 21144 39994 40023 57011 73632 82531 333 91110=
 23320 86/// /2203 11108 21141 30019 40095 55003=
 23324 42986 31902 11109 21149 30016 40096 56003 82042=
 23405 41967 81506 11126 21153 39929 40031 57013 73673 
 87030 333 91110=
 23410 86/// /1607 11127 21159 39973 40074 58010 333 91011 91112=
 23411 41998 81907 11124 21145 39959 40052 57012 77173 8802/ 333
 91112=
 23412 42999 71806 11122 21151 39969 40070 57012 87030 333 91110=
 23416 NIL=
 23418 42565 71903 11117 21137 30016 40092 57009 83531=
 23503 41998 81804 11125 21155 30003 40055 57016 77173 8807/=
 23507 86/// /1802 11147 21158 39718 40044 57017=
 23509 41997 61802 11125 21160 39980 40061 57020 77172 84029=
 23514 41697 51703 11148 21166 39872 40079 57014 77172 81525=
 23518 41998 81804 11108 21141 30006 40102 57015 70272 8557/=
 23606 41962 31704 11144 21166 39901 40075 57017 70172 83030=
 23701 41463 71802 11138 21155 39926 40062 57022 77?ÍT[?øFO?=
 23704 86/// /1502 11137 21145 39185 49299 55013=
 23707 81598 81603 11141 21160 39918 40057 57025 70272 8257/=
 23708 41584 61603 11146 21168 39926 40084 57022 70272 82530=
 23709 41698 71301 11142 21167 39896 40100 57018 72272 87500=
 23711 42998 21602 11132 21152 39927 40106 57017 82070=
 23803 42599 61402 11137 21168 39915 40105 58020 85530 333 85623=
 23804 81596 61701 11136 21154 39914 40067 57024 77172 82571=
 23807 41997 51704 11137 21143 39903 40073 57025 70272 83079=
 23808 86/// /1404 11127 21137 39918 40094 57022=
 23812 41496 81901 11111 21141 39946 40116 57022 78582 889// 934//=
 23904 41970 81702 11130 21147 39925 40089 57022 70272 8807/=
 23905 41899 51601 11132 21150 39862 40102 57020 72272 85020=
 23909 41497 81702 11121 21143 39857 40114 57021 77172 8651/ 333
 93601=
 23912 41596 81803 11109 21133 39921 40122 57023 78582 8595/=
 23913 41997 80000 11137 21165 39893 40135 56022 77172 8802/=
 23914 81596 81702 11116 21133 39855 40124 57020 78682 8692/=
 28013 41897 81703 11119 21145 39877 40119 57019 77172 8802/=
 28016 41896 81802 11117 21131 39884 40120 57019 77172 8802/=
 28029 41899 81803 11106 21131 39903 40133 57018 70272 8802/=
 28116 41495 81802 11116 21135 39885 40127 57016 77372 8872/=
 28128 41597 81901 11104 21123 39979 40140 57016 77172 8802/=
 28134 41897 82001 11111 21138 39778 40145 57016 77072 86025=
 28138 41596 82003 11133 21153 39558 40156 57018 78582 883// 333
 93646=
 28216 41896 71903 11116 21143 39826 40138 58015 77172 87010=
 28222 41896 81802 11105 21123 39941 40145 57015 77172 8802/=
 28224 41621 81902 11105 21127 39926 40149 57014 78682 889//=
 28234 41597 81903 11104 21138 39865 40156 57014 77172 885//=
 28238 41498 80000 11149 21179 39846 40169 57018 77172 8802/=
 28313 41896 82003 11111 21139 39944 40146 57014 77172 8801/=
 28319 41496 82102 11098 21131 39985 40157 57014 77172 8802/=
 28321 41897 62003 11109 21127 39934 40147 57015 77172 85071=
 28324 41897 82102 11096 21125 30028 40154 57014 77372 8802/=
 28326 41496 82104 11097 21124 39963 40158 57014 77172 8802/=
 28413 41596 82102 11106 21138 30030 40159 57011 77172 8657/=
 28428 41596 82104 11097 21125 39979 40172 56010 77372 8802/=
 28429 41595 82103 11105 21128 39743 40175 56013 77372 8802/=
 22983 41574 81602 11118 21138 39947 40056 57025 77172 8653/ 333 91002
 91105=
 27083 41456 61804 11126 21149 39841 40074 57021 77172 85730 333 91006
 91108=
 27097 41598 81904 11124 21133 39819 40094 56021 72272 8653/ 333 91007
 91107=
 27185 42698 81702 11122 21145 39908 40101 56019 8657/ 333 91004
 91106=
 27199 41996 52101 11126 21150 39904 40111 57018 77172 83021 333 91004
 91105=
 27281 41958 81903 11124 21145 39886 40103 57021 77072 8807/ 333 91005
 91105=
 27283 42598 62002 11129 21151 39947 40111 57019 86500 333 91005
 91105=
 27295 41575 81802 11129 21153 39855 40121 57019 77172 8802/ 333 91004
 91104=
 27296 42998 71902 11130 21160 39891 40121 57016 86032 333 91004
 91105=
 27385 419// 31901 11139 21163 39992 40128 57017 70271 81031 333 91002
 91105=
 27393 42598 72004 11134 21156 39954 40135 57014 86570 333 91005
 91106=
 27480 42498 81801 11117 21150 39997 40132 57018 889// 333 91003
 91104=
 28007 41599 61802 11132 21152 39832 40108 57017 70281 83501 333 91003
 91105=
 28009 41950 81803 11120 21154 39891 40112 57021 77172 8807/ 333 91005
 91105=
 28105 42998 21903 11132 21162 39910 40114 57016 80001 333 91005
 91105=
 28202 41982 32204 11135 21163 39890 40124 57014 70271 83030 333 91006
 91107=
 28302 41998 81903 11127 21153 39894 40135 57013 77172 8802/ 333 91005
 91105=
 28307 41998 81703 11123 21152 39985 40137 57012 77172 8807/ 333 91005
 91105=
 28402 41959 82004 11123 21148 39955 40144 57010 77172 8807/ 333 91005
 91106=
 28502 41996 81904 11120 21151 30045 40155 58009 77172 8807/ 333 91005
 91108=
 22550 81497 81503 11068 21086 39876 49886 57030 73683 8267/ 333
 91110=
 22778 41598 81405 11118 21139 39929 40000 57039 72682 885// 333
 88625=
 22889 42/// /1802 11117 21136 39964 40054 57024=
 22762 42997 81403 11097 21106 39913 49953 56043 8000/=
 22638 NIL=
 22671 41497 81704 11102 21117 39870 49951 58037 78582 889// 333
 86710=
 22456 41496 81603 11086 21111 39800 49889 58026 78583 889//=
 22583 41598 71502 11116 21137 39908 49992 57022 70227 85570=
 22749 NIL=
 22951 41496 81804 11070 21078 39660 49946 56043 77173 8772/ 333 91111
 92982=
 22887 41597 81404 11116 21144 39966 40039 57028 78588 8695/
 333 86921=
 22876 41596 71401 11116 21132 39950 40026 57031 78582 87900 333
 87920=
 22481 42/// /1506 11099 21116 39894 49948 58027 333 91010 91110=
 22854 41396 81704 11071 21078 39640 49932 56038 77172 8672/ 333
 86707=
 22781 NIL=
 22676 41896 81404 11116 21139 39904 49984 57031 77172 8807/=
 22648 NIL=
 22559 41495 81604 11088 21100 39895 49912 56028 77373 8872/ 333 88711
 91110=
 22869 42597 81503 11100 21113 39844 49998 58044 886// 333 86627=
 22768 42597 81804 11075 21097 39903 49954 57047 8655/ 333 86621=
 22798 41996 81502 11128 21141 39931 40049 58023 77177 8802/=
 22375 NIL=
 23207 41597 81805 11113 21138 39965 49988 57011 88582 8595/=
 23215 NIL=
 23219 NIL=
 27095 86/// /1803 11121 21124 39863 40102 57021=
 22408 41699 22904 11027 21037 39739 49887 52031 70283 82500 333  
 91111=
 22511 41442 82903 11011 21020 39765 49884 52033 77172 8672/ 333  
 86711=
 22529 41459 82703 11014 21022 39846 49853 57001 77173 8872/ 333  
 88510 91110=
 22602 41477 62805 11013 21031 39696 49919 52037 70273 85530 333  
 85616 91010 91112=
 22621 83468 /2805 11004 21012 39738 49875 52015=
 22619 42480 72808 11003 21010 39734 49891 52023 87500 333   87616
 91012 91112=
 22721 41598 72903 11004 21008 39790 49887 52008 70272 83510=
 22727 86470 /2904 10006 21004 39862 49909 52016=
 22717 83/50 /2705 11003 21015 39744 49939 52031 333   91010=
 22802 42599 72906 10014 21009 39950 49973 52036 87500 333   87628
 91011 91112=
 22820 41465 82705 10002 21015 39781 49915 52023 72273 8657/ 333  
 86613 91012 91110=
 22831 41215 82201 11025 21033 39839 49894 57020 77372 8872/ 333  
 88705=
 22805 82598 83107 10021 21003 30967 40986 52033 8855/=
 22912 42499 72906 10010 21008 39943 49958 52037 87500 333   87617
 91010 91112=
 
