03:31:00 MSK 02.09.2023
020 123456/=о000=0031
 унту01 бтул 020000
 22686 81998 60000 10075 20073 30125 40223 53017 71111 83039 555 10007=
 22695 42998 00000 10086 20066 30063 40213 53012 555 10009=
 22996 81998 20401 10091 20091 30025 40207 52008 71200 80001 555 11008=
 23220 NIL=
 23226 42960 20000 10066 20057 30010 40221 54000 82031 555 11004=
 23305 42/// /1803 10113 20080 30189 40216 52005 555 1/009=
 23320 86/// /2101 10017 20010 30148 40222 52008=
 23324 42981 40801 10014 20011 30143 40221 53004 82071 555 11003=
 23405 42997 21101 10085 20077 30125 40222 52009
 80001 555 10008=
 23410 86/// /3001 10076 20069 30124 40219 52003 555 53003=
 23411 42/// /2301 10087 20081 30133 40221 52003 555 1/006=
 23412 42999 50000 10085 20082 30125 40220 52002 85030 555 11007=
 23416 NIL=
 23418 41958 20000 10063 20056 30150 40224 52007 71000 82030
 555 11004=
 23503 42/// /1701 10010 20005 30177 40228 53007 555 1/005=
 23507 86/// /0000 10100 20092 39925 40227 53009=
 23509 NIL=
 23514 41997 20000 10048 20048 30033 40228 52004 71100 82030 555 10004=
 23518 42/// /0000 10019 20016 30137 40229 52006 555 1/004=
 23606 41956 00000 10067 20067 30058 40222 52003 71000 555 11008=
 23612 NIL=
 23701 42/// /0000 10050 20046 30100 40229 52008 555 1/007=
 23704 86/// /0000 10046 20046 39499 49609 56111 555 53004=
 23707 81998 80000 10087 20085 30087 40216 52007 71122 81044 555 10008=
 23708 42/// /3601 10069 20058 30074 40221 52007 555 1/007=
 23709 81995 00000 10049 20039 30036 40228 52010 71000 555 11004=
 23711 43/// /2901 10040 20035 30058 40227 52009 555 1/006=
 23803 42999 00000 10073 20045 30038 40215 52008 555 10006=
 23804 81997 00000 10065 20064 30071 40214 52006 71100 555 10008=
 23807 42/// /0401 10094 20094 30057 40215 52009 555 1/009=
 23808 86/// /0000 10056 20053 30052 40218 52010=
 23812 42597 70000 10103 20060 30060 40218 52008 83532 555 11009=
 23904 42966 20000 10042 20042 30059 40215 52011 80001 555 10005=
 23905 82599 60000 10091 20088 39989 40211 52010 86500 555 10010=
 23909 82898 20901 10083 20066 39973 40213 52012 82040=
 23912 82998 20401 10066 20059 30026 40216 52012 80001 555 11007=
 23913 82999 13001 10044 20044 39992 40220 52009 80001 555 11004=
 23914 82999 30101 10068 20060 39961 40214 52012 80001=
 27095 86/// /0000 10066 20114 39994 40199 52010=
 28013 82998 00201 10074 20057 39982 40209 52010 555 10006=
 28016 82/// /3501 10066 20061 39987 40209 52010 555 1/008=
 28029 82999 00000 10062 20058 39986 40203 52010 555 11006=
 28116 82999 00301 10055 20052 39978 40207 52012=
 28128 82999 00102 10093 20087 30049 40198 52014 555 11007=
 28134 82898 41101 10100 20086 39853 40194 52009 84030 555 11007=
 28138 43/// /0103 10093 20086 39642 40193 52014=
 28216 81/93 90302 10096 20092 39905 40195 52013 74541 555 11010=
 28222 42/// /0000 10079 20078 30005 40196 52012 555 1/008=
 28224 81957 03401 10075 20073 39982 40191 52015 74600=
 28234 82998 00101 10085 20075 39917 40189 52014 555 11007=
 28238 82599 80202 10109 20094 39887 40181 51017 885// 555 11010=
 28313 42/// /0301 10110 20100 30006 40192 52016 555 1/012=
 28319 82598 80502 10119 20108 30026 40184 52018 885//=
 28321 82899 80302 10109 20098 39993 40190 52017 8805/=
 28324 42/// /0602 10127 20095 30066 40183 52018 555 1/012=
 28326 82598 62801 10083 20080 39996 40178 52015 86500 555 11007=
 28413 82599 80401 10135 20097 30062 40179 52015 885// 555 11013=
 28428 82598 80202 10111 20093 39989 40168 52018 885// 555 12010=
 28429 42/// /0303 10105 20096 39764 40162 52015 555 1/010=
 22983 41956 80000 10055 20054 30109 40213 52005 71022 80005 333 91000
 91101 555 10006=
 27083 42984 20000 10065 20061 39987 40207 52004 80001 333 91000 91101
 555 10007=
 27097 42/// /3301 10080 20080 39951 40208 52007 333 91002 91102 555
 1/007=
 27185 42/// /0000 10066 20065 30023 40204 52004 333 91000 91101 555
 1/008=
 27199 42998 03601 10092 20088 30008 40201 52012 333 91001 91104 555
 10008=
 27281 42984 60402 10108 20088 39995 40196 52001 80001 333 91003 91104
 555 10009=
 27283 41997 53301 10076 20075 30045 40198 52006 71222 80001 333 91001
 91103 555 10007=
 27295 42/// /0101 10116 20089 39950 40194 51008 333 91003 91103 555
 1/009=
 27296 42998 00000 10079 20068 39983 40197 52010 333 91000 91102 555
 10007=
 27385 419// 60301 10075 20072 30063 40189 52003 71122 80001 333 91002
 91102 555 10005=
 27393 42998 11101 10113 20091 30028 40194 52012 80001 333 91002 91103
 555 10008=
 27480 41498 30000 10051 20051 30063 40190 52002 71100 83500 333 91000
 91101 555 10007=
 28007 42999 13601 10106 20086 39951 40206 52012 81030 333 91002 91103
 555 10009=
 28009 42698 80000 10077 20067 30004 40211 52015 82501 333 91001 91101
 555 10008=
 28105 42998 20000 10071 20064 30013 40203 52013 80001 333 91000 91102
 555 10008=
 28202 42997 00000 10097 20081 39980 40196 52013 333 91000 91103 555
 10008=
 28302 42997 00201 10100 20089 39971 40194 51017 333 91001 91102 555
 10009=
 28307 42998 02901 10098 20080 30046 40186 52012 333 91001 91102 555
 10008=
 28402 41984 10601 10109 20100 30012 40186 52016 71111 80001 333 91002
 91103 555 10010=
 28502 42997 20801 10119 20092 30077 40178 52014 80009 333 91002 91105
 555 10011=
 22550 82970 61202 10166 20156 30163 40173 52011 86030 555 10015=
 22778 42998 01201 10125 20109 30141 40208 52007 555 10012=
 22889 42/// /0000 10046 20046 30132 40218 52006 555 1/008=
 22762 81996 01001 10126 20126 30158 40196 52010 71000 555 11012=
 22638 46/// /1301 10161 20158 39942 40157 52008=
 22671 42998 01802 10147 20138 30117 40195 52008 555 11013=
 22456 42997 00000 10131 20131 30089 40173 52011 555 11012=
 22583 42598 61601 10098 20094 30133 40212 52009 84570 555 11010=
 22749 42/// /1301 10137 20135 30050 40170 52005 555 1/012=
 22951 42/// /0901 10109 20107 39915 40188 52005 555 1/010=
 22887 41997 11201 10068 20066 30146 40215 52010 71100 80001 555 10005=
 22876 41997 00000 10063 20063 30140 40212 52006 71100 555 10007=
 22481 42/// /1502 10159 20135 30139 40189 52011 555 1/014=
 22854 42/// /0901 10119 20116 39906 40185 52006 555 1/011=
 22781 NIL=
 22676 41898 21401 10117 20114 30130 40205 52012 71111 82030 555
 11011=
 22648 42498 61302 10163 20161 30126 40170 52007 84930 555 11015=
 22559 42/// /0000 10162 20145 30166 40182 52012 555 1/015=
 22869 42998 00701 10140 20122 30062 40204 52007 555 11012=
 22768 42997 21901 10143 20130 30144 40192 52011 80008 555 10013=
 22798 42997 20101 10061 20059 30109 40221 52007 82030 555 10009=
 22375 46/// /1903 10156 20145 30161 40175 52009=
 23207 NIL=
 23215 42598 60000 10089 20089 30128 40216 52002 83930 555 11009=
 23219 NIL=
 22408 42581 60000 10137 20134 39993 40136 52012 86500 333   86629
 555   11012=
 22511 42984 71602 10157 20152 30022 40137 52009 87030 555   11014=
 22529 42998 00000 10106 20100 30143 40150 52009 555   11011=
 22602 42475 81601 10161 20148 39921 40135 52010 885// 333   88611
 555   11016=
 22621 83/42 /2901 10125 20120 30016 40150 52007 555   1////=
 22619 42598 60000 10147 20142 39989 40141 52005 83530 555   11013=
 22721 41996 63001 10133 20128 30048 40142 57001 71011 86030 555  
 11013=
 22727 86/49 /3401 10152 20151 30092 40138 57002 555   1////=
 22717 83/15 /0000 10144 20144 39954 40142 52004 555   1////=
 22802 41597 83601 10157 20157 30108 40130 57004 78082 8697/ 333  
 86929 555   11015=
 22820 41/01 92201 10138 20137 30006 40137 57004 74541 555   11014=
 22831 42997 21001 10147 20142 30097 40150 52004 82030 555   10014=
 22805 414// 80201 10165 20163 30103 40127 57008 76162 8372/ 555  
 11016=
 22912 41584 72302 10164 20158 30113 40127 57003 70298 86340 333  
 85632 555   12017=
 
