00:31:00 MSK 01.10.2023
020 123456/=о000=2131
 уйту01 бтул 302100
 22686 82498 81803 10137 20130 39954 40048 57016 886// 333 86611=
 22695 41496 82003 10129 20113 39899 40044 57015 75152 886//=
 22996 82998 71802 10108 20079 39943 40122 57014 87070=
 23220 43/// /1202 10042 20038 39901 40040 57026=
 23226 41334 81807 10034 20029 39825 40036 57025 76362 887// 333 
 85708 91010 91111=
 23305 42/// /1903 10119 20119 39988 40014 57014=
 23320 86/// /2307 10086 20085 39976 40046 57015 333 91014 91114=
 23324 41357 82205 10084 20076 39965 40040 56016 75065 886// 333 88709
 91010 91111=
 23405 42497 81902 10122 20111 39934 40028 57012
 8555/ 333 85612=
 23410 86/// /1605 10094 20087 39945 40038 57014=
 23411 NIL=
 23412 41297 82103 10100 20097 39944 40037 57013 76162 8872/ 333 86705=
 23416 NIL=
 23418 41434 82005 10103 20087 39987 40058 57017
 78182 8695/ 333 85712 91110=
 23503 42/// /2004 10117 20106 39995 40043 57015=
 23507 86/// /2202 10115 20115 39753 40048 56013=
 23509 NIL=
 23514 41497 82103 10094 20089 39876 40065 57015 76162 8677/ 333 85713=
 23518 NIL=
 23606 41460 82003 10098 20088 39915 40080 57018 78082 889// 333 85915=
 23704 86/// /1902 10115 20110 39881 49993 56068=
 23701 NIL=
 23707 82598 81903 10128 20091 39959 40085 57017 885// 333 88624=
 23708 42/// /1804 10104 20070 39962 40106 57017=
 23709 81598 81803 10094 20071 39933 40120 57018 70282 883// 333 88931=
 23711 42998 62003 10084 20065 39951 40116 57019 86030=
 23803 42599 82002 10099 20070 39966 40140 56008 889//=
 23804 81596 81902 10114 20082 39962 40101 57016 76062 8452/=
 23807 42/// /2005 10114 20085 39958 40113 57019=
 23808 86/// /1605 10100 20068 39970 40133 57017=
 23812 42997 52103 10086 20062 39991 40148 57015 85070=
 23904 42976 81702 10108 20068 39983 40134 57017 8801/=
 23905 42599 81903 10098 20054 39927 40147 57017 885//=
 23909 42998 81903 10083 20060 39928 40167 57013 80005=
 23912 42598 81903 10100 20078 39985 40171 57011 82531=
 23913 82999 81101 10098 20056 39960 40182 57012 8003/=
 23914 82498 72004 10098 20078 39927 40176 57011 87500=
 28013 42598 31702 10095 20072 39950 40175 57012 83500=
 28016 42/// /1702 10095 20085 39959 40178 57011=
 28029 42599 81803 10081 20068 39983 40198 57007 8652/=
 28116 42499 71902 10101 20080 39966 40190 57007 87500=
 28128 42599 81602 10092 20079 30056 40206 57005 885//=
 28134 42898 81902 10066 20056 39870 40216 57002 8807/=
 28138 43/// /1902 10030 20024 39662 40228 57007=
 28216 42698 81804 10085 20071 39912 40203 57007 885//=
 28222 42/// /1702 10086 20069 30022 40213 57002=
 28224 42962 51502 10069 20061 30005 40215 57005 80005=
 28234 42898 81701 10070 20055 39950 40224 55005 8805/=
 28238 41499 82003 10066 20049 39929 40229 56005 70252 886//=
 28313 42/// /1702 10064 20056 30022 40212 57005=
 28319 42598 51201 10055 20051 30055 40216 57004 83550=
 28321 82999 61902 10067 20061 30012 40213 57004 80004=
 28324 42/// /0000 10050 20036 30096 40216 57003=
 28326 42598 61501 10069 20062 30037 40221 57004 86500=
 28413 42899 61502 10085 20060 30092 40212 57003 82035=
 28428 41994 00101 10029 20014 30038 40223 57002 71011=
 28429 42/// /1001 10039 20032 39820 40231 54000=
 22983 42584 81801 10130 20101 39999 40099 57018 82535 333 91002
 91104=
 27083 42584 71802 10121 20083 39906 40119 57014 87500 333 91004
 91105=
 27097 42/// /1603 10104 20073 39887 40140 57015 333 91005 91106=
 27185 42/// /1601 10120 20079 39963 40140 57014 333 91003 91104=
 27199 42998 61802 10118 20063 39964 40154 57016 80009 333 91004
 91105=
 27281 42984 71402 10112 20087 39941 40141 57015 8707/ 333 91003
 91105=
 27283 42997 61902 10123 20066 39998 40148 57015 86030 333 91005
 91105=
 27295 42/// /1601 10112 20052 39919 40163 57014 333 91003 91106=
 27296 42997 81702 10118 20048 39955 40166 57015 8807/ 333 91004
 91105=
 27385 429// 51702 10115 20058 30032 40159 57014 80001 333 91003
 91106=
 27393 42598 62005 10123 20047 30014 40179 57013 85540 333 91007
 91109=
 27480 42998 61802 10130 20077 30034 40158 57013 80001 333 91005
 91106=
 28007 42699 81902 10101 20049 39903 40157 56015 86505 333 86642 91006
 91106=
 28009 42598 81803 10101 20048 39966 40171 57014 885// 333 91005
 91108=
 28105 42598 81903 10113 20045 39975 40162 57015 885// 333 91006
 91106=
 28202 42997 82104 10092 20050 39963 40179 57010 85031 333 91006
 91107=
 28302 42997 81701 10088 20045 39964 40188 57009 8807/ 333 91002
 91103=
 28307 42498 81101 10103 20048 30041 40181 57012 885// 333 91002
 91104=
 28402 42984 61802 10089 20048 30016 40192 57009 81035 333 91003
 91103=
 28502 42997 81101 10053 20028 30098 40201 57007 80001 333 91002
 91103=
 22550 81561 71803 10158 20139 39965 49974 57025 78082 87900 333
 87623=
 22778 42598 81402 10134 20127 39983 40049 57019 8257/=
 22889 42/// /1802 10131 20102 30013 40096 57018=
 22762 81996 61602 10144 20138 39983 40020 57021 71022 80030=
 22638 46/// /2102 10132 20124 39763 49976 57011=
 22671 42/// /1802 10138 20132 39934 40009 57024=
 22456 41497 81601 10132 20132 39888 49970 57026 78082 889//=
 22583 41598 71801 10132 20122 39949 40026 57011 70225 875//=
 22749 NIL=
 22951 42/// /2102 10143 20128 39780 40046 56018=
 22887 42697 81804 10138 20125 30018 40085 57019 8355/=
 22876 42997 72004 10149 20129 39997 40065 57018 87030=
 22481 42/// /1804 10137 20125 39950 40000 57015=
 22854 42/// /1902 10142 20138 39756 40028 57016=
 22781 NIL=
 22676 41496 81804 10148 20132 39950 40023 57021 71022 886//=
 22648 NIL=
 22559 42/// /1803 10147 20136 39973 49988 57025=
 22869 41998 82103 10156 20128 39922 40062 57018 70282 8005/=
 22768 42597 72004 10153 20139 39981 40028 57021 87500 333 87626=
 22798 41497 81802 10134 20103 39975 40082 56017 70282 889//=
 22375 NIL=
 23207 NIL=
 23215 NIL=
 23219 NIL=
 27095 NIL=
 22408 41358 83002 10103 20101 39796 49938 57004 75152 886// 333  
 88707=
 22511 41258 82603 10114 20105 39816 49930 57002 75152 887// 333  
 88706=
 22529 41598 61803 10137 20128 39939 49945 57014 70282 86900 333  
 86921=
 22602 41472 82603 10112 20104 39741 49955 52005 72582 885// 333  
 88612=
 22621 83/// ///// 1//// 2//// 3//// 4//// 5////=
 22619 42598 62503 10118 20095 39817 49968 52001 86500 333   86624=
 22721 41697 42802 10132 20114 39888 49981 57004 72581 84500=
 22727 86570 /2303 10137 20122 39956 40001 57002=
 22717 83/70 /2302 10116 20109 39813 40001 52002=
 22802 42998 22102 10115 20106 39986 40008 57002 82030=
 22820 42998 32303 10125 20111 39880 40009 57001 83030 555   50154=
 22831 41497 72102 10136 20125 39964 40016 57003 70282 86930 333  
 86910=
 22805 425// 32405 10128 20115 39994 40018 57002 82531 333   91111=
 22912 42584 52304 10130 20104 30013 40027 57006 81401=
 
