09:31:00 MSK 08.10.2023
020 123456/=о000=0631
 унту01 бтул 080600
 22686 81398 80303 10011 20000 39802 49899 57007 70252 886// 333 85708=
 22695 41496 80503 10007 21007 39736 49885 57008 71022 886//=
 22996 41497 71202 10079 20073 39653 49829 57017 78082 86970 333 83617=
 23220 41596 81506 10053 20043 39809 49945 57002 76362 8872/ 333 88532=
 23226 41660 81707 10062 20033 39735 49942 57005 70262 885// 333
 88638 91010 91111=
 23305 41980 80203 10012 20012 39911 49938 53004 77072 8807/=
 23320 66/// /1802 10071 20071 39863 49933 54000 60002 333 20057=
 23324 41581 71302 10070 20066 39859 49933 53001 72586 87900 333 85630=
 23405 41320 80102 10006 20003 39834 49932 53003 77076 8372/=
 23410 66/// /1702 10070 20063 39830 49923 52004 60002 333 20056=
 23411 41/93 90601 10015 20015 39841 49928 52005 74742=
 23412 41/93 90000 10057 20056 39830 49923 53003 74764 333 20050=
 23416 NIL=
 23418 41365 71701 10081 20070 39854 49924 58001 72162
 87600 333 87709=
 23501 NIL=
 23503 42398 80000 10017 20009 39878 49927 53004 8265/=
 23507 86/// /0403 11003 21003 39618 49923 52002=
 23509 42998 83601 10030 20012 39846 49921 54000 8802/=
 23514 41297 81001 10069 20069 39727 49915 57003 72065 8665/ 333 86705=
 23518 82598 81502 10085 20075 39838 49925 57004 889// 333 86622
 555 53008=
 23606 41/06 90402 10063 20063 39742 49906 57008 74542=
 23701 41458 80404 10048 20045 39763 49888 57013 71054 886// 333 85710=
 23704 66/// /0502 10067 20067 39684 49795 53055 60002 333 20028=
 23707 81396 80503 10071 20070 39733 49858 57016 76162 8872/ 333 85708=
 23708 41359 81002 10082 20070 39732 49873 57015 75152 886// 333 88708=
 23709 81497 81001 10078 20064 39702 49885 57015 72520 889// 333 85912=
 23711 41497 81202 10070 20061 39745 49906 57012 78082 889// 333 20070 86710=
 23803 41497 81502 10079 20059 39709 49880 56012 75065 886//=
 23804 41296 80701 10079 20077 39714 49852 57017 76162 8772/ 333 20066
 85704=
 23807 81396 81102 10080 20080 39694 49846 57010 71082 8763/ 333 85708=
 23808 NIL=
 23812 41497 81101 10077 20060 39746 49901 57020 72582 8692/=
 23904 41370 81302 10082 20077 39697 49846 57015 70282 883// 333 86707=
 23905 41599 81301 10077 20069 39643 49859 57015 70282 885//=
 23909 41397 81302 10079 20074 39636 49869 57019 78082 883//=
 23912 41598 81103 10092 20062 39706 49888 57022 70262 8555/=
 23913 41599 81104 10087 20050 39685 49903 57028 70241 885//=
 23914 81498 81304 10087 20067 39640 49883 57023 70286 8792/=
 28013 41397 81403 10081 20068 39651 49870 57020 78085 889//=
 28016 42599 71703 10087 20061 39653 49866 57020 86930=
 28029 41497 81603 10077 20073 39675 49884 57021 78082 889// 333
 20076=
 28116 41499 61703 10081 20050 39652 49871 57019 70162 83939 333
 20073=
 28128 41599 81703 10092 20069 39738 49884 57019 70162 86071 333
 20087=
 28134 41497 81601 10073 20062 39560 49894 57020 76162 8872/ 333
 20069=
 28138 41596 81503 10058 20051 39368 49911 57021 72582 883// 333
 20054=
 28216 41597 81503 10061 20048 39587 49872 57024 76162 887// 333
 20060=
 28222 41598 81703 10084 20064 39701 49886 57019 70286 85231 333
 20079=
 28224 41670 81704 10064 20050 39687 49891 57018 72582 8591/ 333
 20061=
 28234 41597 81803 10078 20059 39638 49903 58015 70262 885// 333
 20070=
 28238 41599 71905 10086 20050 39622 49911 57018 70262 86901 333
 20068=
 28313 41597 81605 10061 20045 39691 49875 57022 78082 889// 333 20061
 91011 91111=
 28319 41496 81803 10053 20039 39729 49887 57018 76186 8802/ 333
 20053=
 28321 41599 71704 10066 20054 39685 49880 57023 72586 87900 333
 20064=
 28324 41599 81805 10067 20040 39772 49888 57018 70282 889// 333
 20064=
 28326 41598 62004 10069 20048 39727 49906 57012 70286 85330 333 20065
 91110=
 28413 41499 81603 10056 20023 39757 49874 57023 70286 86774 333
 20054=
 28428 41599 81905 10060 20024 39727 49905 57019 72582 84931 333
 20056=
 28429 41598 81904 10051 20031 39522 49918 57019 72582 889// 333 20048
 91110=
 22983 42498 80902 10079 20061 39726 49825 57010 84935 333 91005
 91105=
 27083 42599 71102 10068 20046 39601 49813 57015 87800 333 20062 91005
 91105=
 27097 41498 71305 10054 20035 39571 49821 56016 72582 87900 333 20051
 91008 91110=
 27185 42698 81003 10053 20013 39627 49802 57019 885// 333 91007
 91108=
 27199 42498 71204 10060 20021 39630 49818 57021 86301 333 20047 91008
 91110=
 27281 41456 81104 10026 20018 39591 49790 57018 76162 8872/ 333 20026
 91007 91109=
 27283 41458 81205 10040 20020 39653 49803 57023 78082 889// 333 20040
 91007 91109=
 27295 41468 80904 10036 20013 39565 49807 57028 76162 8872/ 333 20034
 91007 91108=
 27296 42598 81204 10055 20013 39606 49814 57031 889// 333 91007
 91110=
 27385 414// 80902 10028 20021 39659 49782 57029 78082 889// 333 20021
 91005 91107=
 27393 41497 81303 10040 20024 39654 49818 57032 78082 8792/ 333 91008
 91108=
 27480 41498 81205 10039 20033 39649 49772 57025 72582 889// 333 91007
 91109=
 28007 41599 71401 10057 20041 39591 49841 57015 72582 86330 333 20055
 91003 91106=
 28009 42498 61403 10076 20025 39656 49856 57016 85930 333 20066 91006
 91108=
 28105 41598 81303 10058 20032 39651 49836 57019 72162 888// 333 20056
 91005 91107=
 28202 42599 71603 10060 20027 39626 49837 57024 87900 333 20056 91007
 91108=
 28302 41598 71404 10056 20022 39615 49833 57031 70262 83931 333 91008
 91108=
 28307 41298 81105 10034 20015 39672 49810 56032 76162 887// 333 91011
 91111=
 28402 41559 81306 10036 20024 39652 49824 57034 76162 8562/ 333 20036
 91008 91110=
 28502 41496 81204 10028 20010 39720 49820 57041 76162 8872/ 333 20027
 91007 91110=
 22550 82997 70202 10005 21019 39932 49942 52002 81084=
 22778 41598 80505 10023 20007 39782 49849 57008 72582 8657/ 333 91010
 91110=
 22889 42598 60902 10081 20069 39754 49836 57009 84580=
 22762 81597 80402 10007 21002 39834 49872 57004 70272 8357/=
 22638 46/// /0403 11001 21030 39695 49917 52013=
 22671 42398 80504 11004 21018 39834 49912 54000 886// 333 86709=
 22456 42597 80501 11012 21012 39874 49961 54001 82504=
 22583 42598 80201 10007 21009 39851 49930 57001 8657/=
 22749 41394 80403 11005 21006 39731 49854 52003 77572 8872/ 333 21007
 88707=
 22951 41497 80404 10001 21002 39538 49812 57002 77176 8872/ 333
 20001=
 22887 41399 80502 10067 20063 39765 49831 57009 
 70262 8665/ 333 86709=
 22876 41497 80504 10045 20045 39767 49837 57009 70262 886// 333
 88710=
 22481 42998 60202 11005 21016 39906 49959 53002 80001=
 22854 42296 80404 11007 21007 39557 49840 54000 77176 8772/ 333 21007
 87703 91110=
 22781 NIL=
 22676 41496 80303 10007 21005 39820 49896 57003 77072 887//=
 22648 41598 80405 10014 21008 39850 49896 52002 70282 885// 333 88624
 91111=
 22559 82998 80504 10006 21021 39912 49929 50000 8807/=
 22869 41296 80803 10028 20022 39675 49818 57003 76166 8872/ 333
 86704=
 22768 41497 80505 10009 20003 39794 49843 57006 78082 889// 333
 85916=
 22798 41/93 90304 10053 20053 39752 49860 57013 74542=
 22375 46/// /0203 10002 21008 39960 49975 52003=
 23207 42599 83401 11004 21007 39929 49951 52001 885// 333 21023=
 23215 41993 02303 10022 20022 39835 49922 52005 74564=
 23219 NIL=
 27095 66/// /1404 10055 20055 39620 49839 56016 60002 333 20055=
 22408 12499 83402 10026 20009 39863 40010 52024 60002 889// 333  
 20019 31100 88915=
 22511 12598 80204 10033 20001 39872 49991 52024 60002 81572 333  
 20017 31100=
 22529 12599 80404 10039 21020 39951 49958 52018 60002 86905 333  
 20024 32001 86927 91111=
 22602 12477 70405 10032 21015 39752 49973 52032 60002 87500 333  
 20011 31001 87615 91011 91113=
 22621 12498 60202 10028 21018 39812 49949 52021 60002 82531 333  
 20016 31///=
 22619 12480 70406 10024 21024 39777 49933 52025 60002 82505 333  
 20017 31001 91012 91115=
 22721 12598 80302 10020 21022 39815 49911 52018 60002 8551/ 333  
 20010 31100 85632=
 22727 11463 80305 10012 21003 39839 49886 52024 60082 76100 8872/
 333   20009 32/// 88717 91010 91111=
 22717 12598 80205 10011 21005 39704 49897 52029 60032 8655/ 333  
 20003 31/// 86620 91011 91112=
 22802 11499 80306 10020 20006 39881 49904 52035 60072 72582 889//
 333   20013 32002 88918 91012 91112=
 22820 11460 80304 10009 21002 39739 49873 52026 60092 77176 8352/
 333   20008 31001 91112=
 22831 12598 70404 10010 21024 39803 49857 52016 69942 87900 333  
 20010 32001 87920 91111=
 22805 11497 80104 10023 20015 39866 49891 52035 60112 72582 8692/
 333   20017 32002 91011 91114=
 22912 11458 80104 10017 20007 39836 49851 52032 60042 76162 8802/
 333   20012 32002 88519=
 
