15:31:00 MSK 05.06.2023
020 123456/=о000=1231
 унту01 бтул 051200
 22686 82598 32106 10150 20022 39978 40073 57007 82905 333 91010 91114
 555 10024=
 22695 42598 72305 10143 21014 39918 40063 57007 86901 333 86927 91011
 91117 555 10025=
 22996 41599 52403 10154 20078 39965 40145 57007 72582 85900 333 91110
 555 11022=
 23220 41599 62203 10144 20054 39934 40068 58008 70286 86800 555 12016=
 23226 42660 72405 10138 20042 39864 40068 58004 87900 333 86847 91111 
 555 12019=
 23305 41599 62007 10102 20048 39999 40025 56001 72998 84231 333 91011
 91118 555 11013=
 23320 86/// /2206 10151 20047 30006 40075 58005 333 91011 91113=
 23324 42583 72106 10139 20054 39999 40072 57004 81960 333 91012 91111
 555 10018=
 23405 41580 62104 10116 20043 39949 40043 57001 72581 
 84931 333 82820 91011 91114 555 11016=
 23410 86/// /1909 10124 20032 39975 40067 54001 333 91015 91115 555 50149 53015=
 23411 42499 62110 10130 20031 39964 40048 57006 85901 333 91018
 91118 555 12018=
 23412 41699 32106 10137 20035 39968 40060 57005 70181 82201 333 91010 91113 555 10021=
 23416 NIL=
 23418 42665 62205 10156 20040 30011 40081 57005 86900 333 
 84838 91010 91111 555 11022=
 23501 NIL=
 23503 42598 82306 10146 20015 30019 40066 57005 83931 333 91010 91113
 555 11025=
 23507 86/// /2406 10129 21007 39768 40064 58002 333 91113=
 23509 41598 42005 10142 20018 30009 40083 57008 72581 84900 333 91010
 91113 555 11018=
 23514 41497 72305 10138 20024 39895 40082 57005 72582 87900 333 87919 91010 91111 555 11018=
 23518 NIL=
 23606 42662 62305 10142 20038 39938 40096 57005 83930 333 91112 555 11024=
 23612 NIL=
 23701 41599 72105 10136 20067 39979 40102 58003 70282 84969 333 91012
 91113 555 11019=
 23704 86/// /2203 10135 20082 39926 40039 55004 333 91112 555 53012=
 23707 81498 62706 10130 20076 39985 40111 57005 72582 85980 333 91113 555 11016=
 23708 41598 32007 10152 20048 39977 40118 57010 72581 83900 333 91012 91115 555 11019=
 23709 41598 52205 10163 20023 39943 40126 58006 70282 85300 333 91010
 91113 555 12027=
 23711 42598 62403 10151 20045 39960 40121 57004 86900 333 85630 91110 555 11018=
 23803 42699 72408 10198 20032 39961 40135 58010 87200 333 87833 91112
 555 11024=
 23804 81597 62003 10139 20072 39983 40121 57007 72582 84931 555 11018=
 23807 42/// /2208 10150 20073 39977 40130 57009 333 91012 91113 555 1/018=
 23808 86/// /2004 10151 20059 39982 40142 55008 333 91113=
 23812 82597 62504 10170 20008 39985 40139 57006 86200 333 91112 555 11024=
 23904 42670 62303 10159 20052 39999 40148 58006 83330 333 91113 555
 10020=
 23905 82599 72104 10153 20040 39936 40152 57007 87900 333 91110 555
 11017=
 23909 82598 42402 10166 20030 39926 40158 57007 84400=
 23912 82599 42504 10171 20038 39976 40158 57005 84100 333 91110 555
 10028=
 23913 82599 33002 10181 20007 39940 40156 57003 82101 333 91110 555
 10021=
 23914 82499 62303 10175 20032 39916 40159 57006 86400=
 28013 82699 52203 10174 20024 39943 40162 57007 85100 555 10031=
 28016 82599 72902 10163 20045 39955 40169 58007 87800 555 10022=
 28029 82699 21903 10177 20037 39957 40165 57008 82100 555 11029=
 28116 82599 22703 10175 20038 39953 40171 57009 82105=
 28128 82599 11702 10177 20055 30029 40174 57009 81100 555 10033=
 28134 82998 03202 10172 20042 39837 40169 57006 555 10037=
 28138 42999 02903 10172 20000 39624 40160 57002=
 28216 82999 02203 10179 20014 39894 40175 57010 555 10043=
 28222 82998 03101 10190 20046 39990 40174 58011 555 11028=
 28224 82970 03401 10190 20022 39970 40171 57009=
 28234 82999 03401 10194 20009 39907 40169 57007 555 10033=
 28238 82999 02903 10190 20014 39880 40166 57011 555 11025=
 28313 82998 01801 10188 20026 39997 40178 57011 555 10033=
 28319 82998 01402 10185 20046 30026 40181 57011=
 28321 82999 03402 10195 20011 39983 40174 57011=
 28324 82999 02702 10195 20007 30063 40177 57010 555 10043=
 28326 82998 02402 10198 20008 39994 40170 57007 555 10039=
 28413 82999 03602 10192 20012 30067 40182 57011 555 10040=
 28428 82999 13202 10208 21012 39994 40168 57008 80001 555 10042=
 28429 82998 13202 10198 20033 39777 40164 57006 80005 555 10039=
 22983 41498 82504 10145 20076 30032 40133 57005 72582 85965 333 91008
 91111 555 11020=
 27083 41599 72005 10146 20060 39934 40146 57004 70282 87900 333 91009
 91111 555 11020=
 27097 42498 82004 10156 20066 39912 40161 57006 8698/ 333 91007 91111
 555 11022=
 27185 42598 82302 10159 20049 39996 40171 57007 883// 333 91007 91109
 555 10021=
 27199 42598 62301 10171 20046 39988 40175 57008 86400 333 91004 91108
 555 10028=
 27281 42582 72203 10160 20046 39976 40173 57009 86230 333 91006 91109
 555 10021=
 27283 42598 72304 10172 20042 30027 40175 57009 86830 333 91007 91107
 555 11021=
 27295 42598 82103 10166 20035 39942 40181 57008 884// 333 91005 91107
 555 10024=
 27296 42598 62402 10166 20026 39971 40178 57009 86500 333 91005 91107
 555 10024=
 27385 429// 72303 10173 20041 30061 40183 57010 87030 333 91006 91106
 555 10028=
 27393 42598 62403 10181 20038 30026 40188 57011 85900 333 91006 91108
 555 10037=
 27480 42698 82202 10176 20054 30067 40190 57010 889// 333 91004 91106
 555 10025=
 28007 42499 72302 10162 20042 39919 40168 57007 87300 333 87917 91006
 91108 555 11020=
 28009 42598 62103 10164 20021 39974 40174 57007 86800 333 91007 91109
 555 11024=
 28105 42598 62503 10170 20026 39984 40173 57007 84260 333 91006 91108
 555 11023=
 28202 42699 32901 10183 20027 39967 40176 57009 83200 333 91003 91106
 555 11029=
 28302 42598 32302 10177 20021 39965 40182 57011 83100 333 91004 91107
 555 10028=
 28307 42498 62702 10187 20016 30050 40186 57012 86400 333 91005 91106
 555 10039=
 28402 42698 63002 10176 20032 30016 40186 57011 86200 333 91004 91106
 555 10029=
 28502 42598 23203 10197 20015 30088 40186 57012 82400 333 91006 91108
 555 10044=
 22550 81597 83204 10092 20068 30034 40044 52010 72582 8693/ 333 86623
 91114 555 12012=
 22778 42598 72405 10154 20032 30027 40093 57010 85831 333 91110 555
 10026=
 22889 41498 62203 10144 20098 30048 40130 50001 72582 86800 333 85619
 91110 555 12023=
 22762 81595 72703 10095 20081 30047 40084 53006 78182 8790/ 333 91113
 555 11014=
 22638 NIL=
 22671 42/// /2402 10097 20079 39980 40056 53013 555 1/013=
 22456 41497 82702 10067 20043 39938 40023 52012 72162 886// 555
 11010=
 22583 419// 72104 10125 20041 39959 40035 57004 70289 82571 333 91113 555 11017=
 22749 41497 62504 10105 20067 39971 40091 55000 78082 86900 333 91111
 555 11015=
 22951 41498 82202 10091 20075 39853 40126 55001 72522 8697/ 555
 1/015=
 22887 41599 62104 10136 20086 30055 40122 57004 72582 83901 333 
 91113 555 11023=
 22876 41597 62004 10113 20090 30045 40117 58006 72587 83960 555 12020=
 22481 42/// /2207 10076 20047 39955 40006 52010 333 91013 91117 555
 1/009=
 22854 42/// /2306 10121 20060 39822 40099 58006 333 91111 555 1/020=
 22781 NIL=
 22676 41598 62206 10151 20045 39982 40055 57003 70282 82902 333 91011
 91116 555 11024=
 22648 41598 72805 10140 20056 30027 40071 53004 70282 86931 333 86822
 91117 555 11018=
 22559 81698 72404 10136 20065 30027 40043 52003 70282 84931 333 91112
 555 12017=
 22869 41597 72104 10151 20058 39972 40113 57011 70282 83205 555
 11018=
 22768 41497 62407 10130 20070 30049 40097 54000 78082 86930 333 85914
 91010 91115 555 11020=
 22798 41498 62203 10115 20077 30006 40114 57003 72582 85901 333 91110
 555 11015=
 22375 NIL=
 23207 41499 82207 10073 20046 39967 49989 57006 72582 889// 333 91012
 91116 555 11010=
 23215 42998 41808 10148 20008 39952 40036 57008 84900 333 91012 91114
 555 11017=
 23219 NIL=
 27095 NIL=
 22408 41699 73007 10129 20027 39904 40046 52010 70282 84330 333  
 91013 91113 555   11020=
 22511 41598 72704 10123 20038 39930 40046 52004 72582 83975 333  
 91111 555   11016=
 22529 41562 82304 10107 20065 30041 40048 52005 79598 889// 333  
 88920 555   12013=
 22602 41459 72905 10109 20014 39860 40077 52009 78022 86930 333  
 86915 91011 91112 555   11013=
 22621 83670 /2606 10138 20052 39923 40056 57001 333   91010 91115
 555   1////=
 22619 42482 62705 10120 20056 39916 40068 52002 86500 333   91010
 91110 555   10018=
 22721 41698 72803 10151 20040 39978 40071 57004 72582 87900 333  
 86638 91110 555   11022=
 22727 86670 /2306 10150 20062 30047 40092 57006 333   91010 91110
 555   1////=
 22717 83/70 /2503 10117 20070 39916 40102 52001 333   91112 555  
 1////=
 22802 41657 72804 10133 20065 30095 40117 54000 78082 86931 333  
 86939 91011 91111 555   11017=
 22820 42670 72404 10157 20051 39968 40097 57005 86530 333   86648
 91011 91113 555   11023=
 22831 41798 62703 10157 20043 30049 40101 57002 70282 85530 333  
 85655 91110 555   11025=
 22805 41498 62404 10082 20044 30108 40127 57002 71522 86900 555  
 10025=
 22912 42999 82405 10152 20056 30114 40128 57008 8805/ 555   11019=
 
