12:31:00 MSK 07.04.2023
010 111/=о000=0931
 уйту01 бтул 070900
 22686 42998 12503 10013 21164 30264 40366 57015 80001=
 22695 42999 12503 10004 21206 30197 40353 57015 80001=
 22996 42999 20102 10026 21139 30167 40360 57005 80001=
 23220 41/93 92110 11077 21089 30055 40202 57029 73973 333 91014 91116  92993=
 23226 41/03 92417 11079 21085 39967 40190 57027 73933 333 91020 91121 
 92992=
 23305 41999 62205 10006 21086 30262 40291 57025 70232 84075 333 91111=
 23320 86/// /2408 11036 21156 30198 40274 56032 333 91013 91115=
 23324 41981 82306 11047 21094 30169 40249 57035 73632 8807/ 333 91011
 91113=
 23405 42978 82303 11001 21140 30219 40321 57020 80005=
 23410 86/// /1907 11032 21153 30185 40284 58026 333 91011 91112=
 23411 41999 82106 11044 21124 30203 40295 57023 73632 8807/=
 23412 42999 82405 11026 21139 30186 40286 57026 8805/ 333 91111=
 23416 NIL=
 23418 42965 72404 11029 21156 30246 40322 57027 87030
 333 91110=
 23503 42998 82503 11004 21172 30280 40331 57022 83031=
 23507 86/// /2704 11011 21167 30029 40348 57017=
 23509 42998 82303 11009 21173 30265 40346 58026 80007=
 23514 42997 62404 11021 21168 30137 40340 58028 82035=
 23518 42998 82005 11049 21141 30247 40343 58026 81049=
 23606 42962 62303 11015 21178 30182 40355 57021 80001=
 23701 42999 32502 10008 21170 30240 40373 57013 80004=
 23704 86/// /2502 11006 21174 39926 40039 55004=
 23707 82999 62102 11001 21180 30234 40370 57009 80004=
 23708 42984 00701 10009 21204 30220 40373 57010=
 23709 42998 23102 11003 21212 30172 40371 56010 80001=
 23711 42998 31002 11023 21172 30184 40359 57012 80001=
 23803 42999 00101 10010 21196 30191 40375 58009=
 23804 42997 61601 10004 21214 30221 40370 57007 80005=
 23807 42998 20000 10025 21083 30206 40371 57004 80001=
 23808 86/// /3301 10010 21179 30199 40371 57007=
 23812 42997 03302 11003 21201 30195 40362 57011=
 23904 42970 02901 10036 21173 30203 40363 57007=
 23905 42999 03602 10018 21175 30131 40363 57005=
 23909 42998 01101 10007 21160 30115 40367 57005=
 23912 42999 12301 10005 21170 30167 40364 57006 80001=
 23913 42999 12901 10011 21226 30123 40357 57011 80001=
 23914 82999 10501 11016 21204 30102 40367 57003 80001=
 28013 42998 00502 11000 21194 30127 40364 57002=
 28016 42999 00702 10016 21165 30130 40360 57003=
 28029 42999 23002 11001 21171 30130 40356 57005 80001=
 28116 42999 00402 10010 21153 30120 40356 52001=
 28128 42999 10203 11001 21153 30201 40358 57001 80001=
 28134 42998 23501 11001 21163 39992 40352 57004 80005=
 28138 42999 00302 11031 21186 39767 40354 54000=
 28216 42999 20604 10022 21149 30038 40341 52004 80005=
 28222 42998 00302 10018 21157 30151 40350 54001=
 28224 42970 00503 10008 21169 30128 40346 52003=
 28234 42999 00302 10007 21213 30061 40346 57002=
 28238 42999 00303 11006 21209 30035 40347 52012=
 28313 42998 00504 10030 21148 30141 40336 52005=
 28319 42999 00504 10034 21118 30161 40326 52009 333 91110=
 28321 42999 00704 10024 21146 30130 40337 52018=
 28324 42999 00603 10032 21163 30208 40330 52007=
 28326 42998 20503 10025 21150 30145 40335 52002 80001=
 28413 42999 00204 10039 21108 30193 40316 52009 333 91110=
 28428 42999 00605 10041 21126 30122 40308 52006 333 91110=
 28429 42998 10804 10012 21133 39895 40314 52009 80001 333 91110=
 22983 42998 63501 10026 21155 30258 40366 57002 80005 333 91003
 91103=
 27083 42999 00402 10033 21122 30125 40350 57001 333 91004 91105=
 27097 42998 10502 10038 21123 30084 40349 52001 80001 333 91005
 91106=
 27185 42998 00303 10042 21101 30156 40342 51001 333 91005 91107=
 27199 42998 00703 10043 21137 30143 40343 52002 333 91007 91106=
 27281 42982 11002 10051 21089 30125 40334 52004 80001 333 91005
 91107=
 27283 42998 00604 10045 21090 30181 40338 52004 333 91006 91107=
 27295 42998 00103 10052 21114 30077 40329 52004 333 91006 91107=
 27296 42998 00403 10043 21127 30113 40333 52004 333 91006 91107=
 27385 429// 00703 10064 21078 30189 40318 52002 333 91007 91107=
 27393 42998 00605 10044 21128 30154 40327 52002 333 91009 91110=
 27480 42998 00404 10074 21066 30184 40312 52003 333 91007 91107=
 28007 42999 00602 10027 21173 30088 40355 54000 333 91005 91106=
 28009 42998 00702 10022 21182 30146 40360 54000 333 91005 91107=
 28105 42998 00402 10042 21164 30142 40347 54000 333 91005 91108=
 28202 42999 01002 10044 21155 30113 40337 52003 333 91005 91107=
 28302 42998 20503 10034 21133 30100 40331 52008 80001 333 91007
 91108=
 28307 42998 00203 10062 21139 30168 40312 52004 333 91006 91108=
 28402 42998 00606 10054 21137 30132 40311 52009 333 91009 91111=
 28502 42998 00605 10075 21134 30190 40293 51009 333 91010 91110=
 22550 82997 02001 10035 21145 30341 40351 57008=
 22778 42998 22201 10017 21160 30303 40374 57005 80001=
 22889 42/// /1202 10023 21167 30281 40369 58005=
 22762 NIL=
 22638 NIL=
 22671 42999 00000 10030 21138 30276 40369 57010=
 22456 42998 42503 10050 21090 30242 40330 57010 84004=
 22583 42998 62502 10022 21152 30260 40342 57014 80001=
 22749 NIL=
 22951 42998 21303 10038 21133 30067 40353 57003 80001=
 22887 42999 50201 10020 21119 30297 40369 58003 80001=
 22876 42997 20602 10012 21145 30297 40372 58004 82040=
 22481 42998 62204 10012 21090 30270 40324 57012 80005 333 91110=
 22854 42998 20801 10041 21128 30063 40356 58003 80001=
 22781 NIL=
 22676 42998 12003 10029 21153 30281 40360 57013 80001=
 22648 NIL=
 22559 42998 02002 10032 21133 30342 40359 57008=
 22869 42997 00602 10036 21146 30215 40366 57002=
 22768 42997 20503 10026 21136 30316 40367 57003 80001=
 22798 42998 50601 10017 21200 30258 40374 57009 80001=
 22375 NIL=
 23207 42999 82606 10010 21065 30239 40262 57014 80007 333 91011
 91114=
 23215 NIL=
 23219 NIL=
 27095 86/// /0203 10037 21141 30129 40361 57002=
 22408 42999 51402 10037 21064 30168 40319 57007 80001=
 22511 42998 21702 10074 21078 30199 40320 57009 80001=
 22529 42999 21803 10050 21074 30331 40338 57008 80002=
 22602 42999 01002 10018 21040 30096 40326 57008=
 22621 83/69 /1102 10024 21080 30200 40342 57004=
 22619 42983 11203 11018 21074 30174 40339 57005 80001=
 22721 42998 11401 10019 21117 30246 40347 57002 80001=
 22727 86/70 /1604 11008 21072 30297 40347 57001=
 22717 83/69 /0902 10053 21076 30135 40330 57003=
 22802 42999 12101 10060 21055 30303 40327 57001 80001=
 22820 42970 71003 10010 21091 30204 40344 54000 80001=
 22831 42998 10802 10057 21093 30287 40343 57007 80001=
 22805 42998 11305 10023 21023 30305 40325 52019 80001=
 22912 42999 21105 10055 21062 30307 40322 57005 80001=
 
