18:31:00 MSK 13.12.2023
020 123456/=о000=1531
 уйту01 бтул 131500
 22686 11497 81504 11142 21169 30191 40299 52002 69952 77073 8657/ 333 11133 86612 555 51136 53008=
 22695 11597 81603 11153 21188 30129 40295 53002 69992 77172 8252/ 333
 11143 555 51146 53007=
 22996 12998 81803 11147 21177 30147 40349 54001 60002 8805/ 333 11141 555 51160 53009=
 23220 12598 61202 11220 21247 30184 40341 52001 69902 83530 333 11176 555 51196 53006=
 23226 12960 61903 11232 21257 30101 40342 52003 69902 86070 333 11190 
 555 51208 53008=
 23305 11568 81804 11139 21163 30263 40293 52005 69952 77072 885// 333
 11138 555 51141 53007=
 23320 76/// /2206 11163 21194 30261 40341 52003 333 60002 91010 91110 555 51173 53010=
 23324 11457 82204 11162 21193 30253 40337 53003 69942 77172 8172/ 333
 11162 555 51175 53008=
 23405 12997 81504 11142 21169 30195 40303 52005 69982 
 8805/ 333 11141 555 51144 53007=
 23410 76/// /1606 11166 21197 30222 40327 52003 333 60002 91111=
 23411 11498 82007 11152 21172 30213 40310 52003 69932 77172 8802/ 333
 11150 555 51155 53009=
 23412 11398 81804 11160 21179 30220 40325 52004 69922 77172 8577/ 333
 11158 85708 555 51171 53007=
 23416 NIL=
 23418 12965 61703 11170 21196 30262 40342 52003 69962 80001
 333 11163 555 51172 53007=
 23503 12998 71703 11154 21186 30269 40323 52007 69932 87070 333 11147 555 51150 53007=
 23507 86/// /1902 11164 21178 39976 40313 54001 333 11158 555 51160
 53006=
 23509 11996 81802 11154 21196 30246 40331 52004 60022 77172 8802/ 333
 11144 555 51151 53006=
 23514 11997 81903 11165 21188 30132 40347 52006 69962 77172 8807/ 333 11159 555 51167 53007=
 23518 11997 81905 11161 21191 30263 40363 52007 60012 73632 8807/ 333
 11161 555 51149 53009=
 23606 11657 82004 11162 21192 30163 40345 52002 60022 77172 8552/ 333 11154 85640 555 51158 53008=
 23701 11470 81903 11155 21176 30195 40336 51001 60012 72272 8357/ 333
 11148 555 51152 53007=
 23704 76/// /1603 11152 21168 39150 49265 57002 333 60002=
 23707 61898 81703 11149 21179 30188 40332 57001 69922 70272 8802/ 333 11148 555 51151 53010 7999/=
 23708 11971 81704 11149 21180 30192 40355 57003 69932 77072 8802/ 333 11149 555 51160 53010=
 23709 12698 81702 11146 21184 30162 40371 57002 60002 885// 333 11146
 88648 555 51166 53008=
 23711 11998 61803 11160 21187 30191 40376 51001 69982 70272 86070 333 11156 555 51173 53008=
 23803 12999 81703 11140 21191 30178 40373 54000 60002 8805/ 333 11140
 555 51163 53008=
 23804 62997 81903 11137 21175 30180 40337 57006 69932 8001/ 333 11137 555 51153 53008=
 23807 12997 81806 11142 21166 30172 40347 54000 60002 8807/ 333 11142
 555 51158 53010=
 23808 66/// /1505 11142 21165 30190 40372 50002 60002 333 11142=
 23812 12997 72003 11154 21192 30222 40399 54000 60002 80002 333 11152
 934// 555 51181 53008=
 23904 11980 81805 11143 21176 30198 40368 57001 60002 73632 8807/ 333
 11143 555 51161 53009=
 23905 12899 81703 11155 21186 30142 40390 52001 60002 8801/ 333 11149
 555 53010=
 23909 11898 81804 11154 21186 30148 40416 52002 60002 73632 8807/ 333
 11148 93606=
 23912 12898 81905 11164 21205 30226 40438 52006 60002 82035 333 11160
 91110 555 53012=
 23913 12599 83302 11145 21235 30199 40450 52007 69902 885// 333 11139
 555 53008=
 23914 62898 81604 11179 21203 30159 40444 52004 60002 83045 333 11170
 93604=
 28013 12898 81704 11169 21214 30180 40434 52002 60002 8802/ 333 11161
 555 53011=
 28016 12899 71703 11166 21197 30192 40439 52004 60002 87050 333 11155
 555 53008=
 28029 12899 31704 11179 21229 30227 40471 52002 60002 83020 333 11163
 555 53011=
 28116 12499 81903 11180 21221 30200 40456 52001 60002 8457/ 333
 11171=
 28128 12999 31802 11191 21228 30309 40481 57001 60002 80001 333 11174
 555 53009=
 28134 12998 01902 11191 21242 30103 40494 54000 60002 333 11181 555
 53007=
 28138 12999 81902 11209 21243 39875 40512 54000 60002 80005 333 11198
 93646=
 28216 12999 41705 11196 21248 30141 40474 57003 60002 80005 333 11190
 555 53011=
 28222 12998 81703 11191 21235 30270 40488 57002 60002 80001 333 11183
 555 53009=
 28224 12970 01603 11198 21241 30255 40494 57001 60002 333 11178=
 28234 12998 01703 11191 21250 30197 40509 57003 60002 333 11180 555
 53011=
 28238 12999 22402 11222 21256 30180 40524 57002 60002 80001 333 11186
 555 53006=
 28313 12998 51704 11203 21249 30266 40482 57005 60002 80001 333 11179
 555 53010=
 28319 12898 21402 11203 21245 30309 40493 57006 60002 82050 333
 11174=
 28321 12999 21805 11197 21243 30258 40486 57003 60002 80001 333
 11190=
 28324 12899 71805 11184 21246 30359 40494 57005 60002 86045 333 11175
 555 53008=
 28326 12998 51701 11211 21254 30299 40510 57007 60002 80001 333 11167
 555 53009=
 28413 12899 31504 11181 21256 30341 40477 57010 60002 82031 333 11167
 555 53010=
 28428 12999 00000 11231 21262 30304 40515 57008 60002 333 11181 555
 53003=
 28429 12998 01201 11192 21237 30062 40524 57009 60002 333 11164 555
 53007=
 22983 12984 81602 11139 21179 30210 40324 57001 69932 8805/ 333 11138
 91004 91106 555 51143 53007=
 27083 12984 81604 11146 21194 30097 40338 57004 60002 8802/ 333 11144
 91007 91109 555 51158 53010=
 27097 11998 81505 11157 21184 30077 40363 57003 60002 73632 8807/ 333
 11152 91009 91110 555 51170 53010=
 27185 11998 81403 11154 21201 30157 40357 57003 60002 73632 8807/ 333
 11149 91007 91108 555 51160 53009=
 27199 12998 51504 11156 21201 30169 40385 57005 60002 85030 333 11152
 91008 91108 555 51167 53009=
 27281 12984 81505 11155 21204 30125 40351 54000 60002 8801/ 333 11148
 91007 91109 555 51155 53010=
 27283 11997 81704 11156 21212 30197 40367 57003 60002 70232 8807/ 333
 11150 91008 91110 555 51163 53010=
 27295 12997 81303 11164 21219 30110 40387 57005 60002 8805/ 333 11158
 91006 91108 555 51174 53010=
 27296 11997 81505 11159 21220 30156 40394 57006 60002 73632 8802/ 333
 11159 91010 91110 555 51176 53011=
 27385 115// 81605 11155 21225 30232 40376 57004 60002 73632 8557/ 333
 11148 91009 91111 555 51158 53011=
 27393 12598 81605 11163 21219 30224 40412 57006 69902 8757/ 333 11161
 91007 91108 555 51175 53010=
 27480 12598 81503 11160 21231 30230 40372 54000 60002 82537 333 11151
 91006 91109 555 51158 53009=
 28007 12999 81603 11167 21204 30108 40396 57003 60002 80005 333 11154
 91005 91108 555 51174 53009=
 28009 12998 81604 11164 21220 30185 40416 57001 60002 8805/ 333 11155
 91007 91108 555 51171 53010=
 28105 12998 81704 11160 21216 30187 40399 57007 60002 8802/ 333 11153
 91007 91109 555 51171 53009=
 28202 11997 81908 11170 21226 30177 40421 57005 60002 73822 8805/ 333
 11159 91012 91112 555 51177 53013=
 28302 12997 71503 11174 21234 30179 40432 57005 60002 87030 333 11166
 91007 91108 555 51186 53008=
 28307 12998 81204 11161 21225 30250 40409 57008 60002 8805/ 333 11157
 91008 91108 555 51174 53009=
 28402 11984 81405 11162 21233 30230 40428 57006 60002 73632 8807/ 333
 11150 91007 91108 555 51171 53009=
 28502 12697 81202 11160 21230 30319 40433 57008 60002 885// 333 11155
 91006 91107 555 51178 53008=
 22550 12568 81403 11090 21102 30204 40215 52006 69962 886// 333 11087
 88621 555 51105 53006=
 22778 11496 81605 11137 21165 30204 40279 52004 69942 77173 8552/ 333
 11119 85615 555 51123 53010=
 22889 12498 81403 11138 21177 30231 40325 54001 69902 885// 333 11138
 88617 555 51142 53009=
 22762 12397 81402 11121 21138 30210 40252 52007 60002 8471/ 333 11097
 555 51106 53007=
 22638 46/// /1301 11104 21119 39954 40191 52005=
 22671 11497 81802 11118 21141 30169 40253 52006 60012 78582 889// 333
 11108 86710 555 51115 53007=
 22456 12597 81501 11104 21132 30129 40222 52004 60012 885// 333 11104
 555 51119 53004=
 22583 11598 71502 11129 21154 30187 40274 52005 
 69972 70288 875// 333 11124 555 51131 53005=
 22749 NIL=
 22951 11497 81704 11134 21156 39941 40242 52006 69962 77172 8802/ 333
 11103 555 51110 53009=
 22887 11496 81304 11132 21167 30228 40304 54000 
 60012 77187 8802/ 333 11132 88513 555 51131 53011=
 22876 11496 81503 11132 21153 30216 40297 54000 60012 78582 889// 333
 11125 88918 555 51127 53008=
 22481 11497 81604 11114 21132 30194 40251 52005 60012 78582 889// 333
 11114 555 51129 53006=
 22854 11497 81705 11124 21150 39927 40234 52006 69942 77172 8577/ 333
 11100 85713 91011 91111 555 51107 53011=
 22781 NIL=
 22676 11596 71403 11136 21165 30187 40270 52006 69922 77072 83570 333
 11116 555 51122 53007=
 22648 NIL=
 22559 11597 81602 11098 21117 30213 40230 52007 60012 78582 8692/ 333
 11092 86625 555 51104 53006=
 22869 11597 81604 11136 21167 30118 40278 52002 69972 77177 8651/ 333
 11116 86623 555 51119 53010=
 22768 11596 71804 11127 21158 30200 40253 52006 60012 77173 83570 333
 11096 555 51106 53008=
 22798 11496 81502 11149 21173 30201 40323 54001 69982 77172 885// 333
 11145 555 51147 53007=
 22375 46/// /1804 11132 21149 30220 40237 52005=
 23207 11496 71702 11142 21159 30247 40272 52004 69962 77787 85641 333
 11136 555 51195 53004=
 23215 NIL=
 23219 NIL=
 27095 76/// /1503 11155 21177 30127 40376 50001 333 60002 555 51167 53011=
 22408 22983 63502 11176 21192 30030 40192 52003 86030 333   69952=
 22511 22584 80201 11138 21155 30056 40185 52007 8257/ 333   69922
 93502=
 22529 22598 80000 11131 21144 30180 40187 52003 889// 333   60002
 88923=
 22602 21358 80501 11104 21117 39921 40158 52004 77172 8872/ 333  
 69942 88509=
 22621 73544 /0902 11090 21100 30030 40176 52003 333   69922=
 22619 21296 81105 11077 21088 39993 40158 52005 77172 8872/ 333  
 60012 87706 93401=
 22721 21496 81302 11077 21086 30066 40168 52005 78587 889// 333  
 69972 85710=
 22727 76/40 /1504 11059 21074 30109 40159 52006 333   60012=
 22717 73/31 /1001 11070 21083 39938 40142 52006 333   60042=
 22802 21496 80805 11047 21057 30096 40120 52006 78583 889// 333  
 60022 88914=
 22820 21996 81303 11073 21096 30014 40156 52005 77172 8802/ 333  
 69992=
 22831 21995 81303 11089 21109 30129 40187 52008 77172 8802/ 333  
 69992=
 22805 215// 81310 11009 21021 30089 40114 52007 73673 885// 333  
 60022 91013 91114=
 22912 21556 81205 11064 21081 30125 40141 52007 77172 8802/ 333  
 60022 88526=
 
