18:31:00 MSK 25.07.2023
020 123456/=о000=1531
 уйту01 бтул 251500
 22686 62498 82804 10155 20107 39938 40032 53014 60002 8698/ 333 10217
 85918 91111 555 50164 53011=
 22695 12598 83103 10174 20117 39871 40013 53002 69902 8595/ 333 10216
 85925 555 50161 53007=
 22996 61599 52001 10178 20166 39856 40028 54000 60092 70298 82960 333
 10197 555 50155 53007=
 23220 12499 70602 10200 20158 39927 40058 57003 60032 86830 333 10231 555 50184 53010=
 23226 12960 81003 10218 20116 39865 40062 57004 69902 8804/ 333 10237 
 50193 53007=
 23305 11699 63201 10187 20150 30010 40036 53005 60042 71798 83230 333
 10262 91111 93204 555 50192 53011=
 23320 76/// /1302 10236 20137 39975 40041 57002 333 60002 555 50200 53007=
 23324 12989 71102 10222 20149 39976 40047 56002 60002 84046 333 10263
 555 50202 53006=
 23405 11677 69901 10180 20155 39936 40028 58001 60012 70292
 82240 333 10246 555 50185 53011=
 23410 76/// /0904 10240 20110 39944 40032 58007 333 60002=
 23411 12599 52304 10213 20129 39952 40034 53000 60002 85900 333 10257
 555 50196 53009=
 23412 12699 21002 10240 20124 39944 40032 57008 60002 82830 333 10253 555 50199 53006=
 23416 NIL=
 23418 12665 22303 10224 20124 39969 40036 53003 60002 
 81131 333 10272 555 50204 53008=
 23503 11698 61601 10189 20133 39988 40034 56006 69952 70282 81932 333 10261 555 50177 53009=
 23507 66/// /2001 10181 20139 39736 40024 57004 60002 333 10200 555 50158 53006=
 23509 12598 22002 10219 20101 39960 40032 58001 60002 82200 333 10242
 555 50179 53007=
 23514 12697 61701 10184 20141 39857 40039 57002 69902 81589 333 10250 555 50168 53008=
 23518 62598 81701 10201 20145 39956 40040 51007 60002 83989 333
 10268 91112=
 23606 12662 51802 10195 20121 39881 40035 57002 69982 81930 333 10213 555 50170 53008=
 23701 11577 71801 10166 20145 39915 40036 53005 60012 72582 83960 333
 10228 555 5//// 53004=
 23704 76/// /0000 10187 20155 39926 40039 55004 333 60002=
 23707 61498 80000 10170 20141 39907 40031 52004 69912 70282 8394/ 333 10222 555 50167 53008 7002/=
 23708 11598 71304 10190 20128 39901 40039 52004 60022 71792 85930 333
 10229 85920 555 50163 53007=
 23709 12598 81702 10196 20108 39867 40046 55001 60032 84961 333 10218
 555 50168 53006=
 23711 12998 22001 10202 20130 39890 40050 57003 60002 82040 333 10225
 555 50163 53013=
 23803 11599 81302 10191 20163 39878 40044 56001 69932 79192 889// 333
 10228 555 50176 53007=
 23804 61596 70000 10160 20148 39896 40031 54000 60042 78082 84330 333 10219 555 50165 53008=
 23807 61497 71602 10161 20158 39882 40032 50001 60012 72522 85939 333 10199 82617 555 50158 53007=
 23808 66/// /1001 10162 20147 39888 40045 56005 60002 333 10228=
 23812 12697 51602 10210 20108 39900 40050 57005 69932 85900 333 10233
 555 50163 53006=
 23904 11570 71902 10176 20157 39894 40040 57002 60032 70282 83943 333
 10208 555 50157 53007=
 23905 61599 81701 10160 20153 39837 40050 57004 60042 72582 889// 333
 10212 555 53008=
 23909 12598 71902 10195 20127 39828 40055 57002 60002 84871 333
 10223=
 23912 62598 32102 10213 20126 39880 40057 57003 69932 82201 333 10223
 555 53006=
 23913 62599 42801 10206 20118 39850 40061 55004 60002 84200 333 10214
 555 53005=
 23914 62499 22302 10207 20111 39820 40057 57003 69992 81404 333
 10220=
 28013 62598 72102 10201 20122 39845 40059 57002 60002 85930 333 10219
 555 53007=
 28016 62599 72002 10203 20135 39851 40059 57004 60002 87900 333 10228
 555 53006=
 28029 12699 52602 10206 20119 39862 40065 57003 69932 81101 333 10214
 555 53008=
 28116 62499 72001 10202 20134 39850 40063 57004 60002 84931 333
 10224=
 28128 62599 81701 10206 20143 39928 40070 57005 60002 82539 333 10221
 555 53007=
 28134 62998 82801 10195 20123 39745 40071 57002 60002 80001 333 10221
 555 53006=
 28138 12599 32501 10184 20110 39543 40071 52001 60022 83500 333
 10204=
 28216 61599 71901 10197 20142 39796 40072 57003 60002 70282 87900 333
 10210 555 53006=
 28222 62598 82401 10221 20115 39892 40071 57003 60002 83851 333 10240
 555 53006=
 28224 62670 82103 10200 20134 39877 40075 54000 60002 8696/ 333
 10235=
 28234 62598 53001 10215 20092 39815 40072 57002 60002 82241 333 10237
 555 53007=
 28238 62599 32701 10217 20118 39791 40071 54001 69902 82201 333 10231
 555 53009=
 28313 61598 61801 10196 20133 39897 40076 57002 60002 70282 85901 333
 10224 555 53007=
 28319 11598 70601 10191 20181 39924 40075 57004 69932 71798 86350 333
 10239=
 28321 61599 83101 10183 20145 39885 40075 57003 69932 72582 889// 333
 10233=
 28324 61598 62302 10216 20124 39964 40075 57004 60002 71792 85961 333
 10235 555 53007=
 28326 62598 72502 10219 20121 39904 40076 54000 60002 85501 333 10247
 555 53008=
 28413 62599 71801 10229 20117 39958 40070 57006 60012 86339 333 10251
 555 53007=
 28428 62599 32602 10231 20116 39907 40077 57006 60002 82901 333 10253
 555 53006=
 28429 62898 72502 10217 20114 39700 40080 57005 60002 82031 333 10237
 555 53009=
 22983 11498 62702 10173 20137 39931 40029 52006 60082 70282 83965 333
 10193 91003 91109 555 50142 53009=
 27083 11599 52302 10181 20141 39823 40030 52004 60032 72582 83931 333
 10197 91003 91108 555 50139 53008=
 27097 11598 71602 10181 20150 39795 40038 54000 60012 70282 82304 333
 10189 91004 91107 555 50141 53008=
 27185 12698 52501 10208 20129 39874 40044 52005 60012 84201 333 10212
 91002 91105 555 50155 53006=
 27199 12598 72401 10191 20150 39865 40048 54000 69982 86301 333 10215
 91001 91105 555 50152 53007=
 27281 12482 62102 10189 20143 39855 40047 52004 69932 82362 333 10218
 91003 91105 555 50160 53006=
 27283 11498 62801 10189 20153 39904 40049 53005 60022 70282 85930 333
 10223 91002 91110 555 50163 53010=
 27295 11598 62102 10218 20118 39815 40047 52001 69942 70298 85484 333
 10221 91005 91106 555 50160 53007=
 27296 11568 62801 10202 20150 39847 40048 57004 69982 70298 82331 333
 10213 91002 91106 555 50160 53007=
 27385 125// 72301 10211 20139 39931 40050 52004 69932 86530 333 10232
 91003 91105 555 50169 53008=
 27393 11598 52205 10195 20136 39902 40060 53002 69902 70282 82970 333
 10222 91008 91109 555 50157 53012=
 27480 12598 52103 10215 20162 39934 40053 52001 69912 85500 333 10234
 91005 91106 555 50180 53007=
 28007 12599 70000 10184 20140 39802 40045 56005 69952 84330 333 10201
 91000 91104 555 50153 53005=
 28009 11498 81801 10180 20139 39857 40053 57008 60022 78082 86901 333
 10208 91002 91106 555 50159 53009=
 28105 11598 31902 10199 20139 39866 40045 57006 69952 70181 82201 333
 10203 91004 91106 555 50153 53008=
 28202 11571 82003 10181 20150 39847 40053 56005 69942 72582 889// 333
 10207 91004 91109 555 50162 53009=
 28302 12998 81802 10195 20137 39848 40060 58006 60022 83031 333 10206
 91005 91108 555 50155 53008=
 28307 12498 62001 10203 20142 39926 40060 57003 60012 81131 333 10216
 91003 91109 555 50163 53010=
 28402 11598 71903 10186 20151 39899 40066 57010 69942 70282 84971 333
 10230 91004 91108 555 50169 53009=
 28502 11598 81401 10177 20157 39976 40073 58007 60032 70282 86931 333
 10258 91001 91110 555 50178 53013=
 22550 11697 72802 10186 20147 39990 40000 52001 69982 71798 86960 333
 10233 86933 555 50165 53006=
 22778 12598 31703 10200 20118 39955 40020 57001 60002 82202 333 10217
 555 50153 53005=
 22889 11498 70000 10157 20140 39951 40032 53004 60082 72982 87800 333
 10195 87616 555 50145 53007=
 22762 61598 52202 10207 20114 39978 40014 52006 60002 70292 84961 333
 10224 555 50155 53005=
 22638 46/// /2401 10153 20132 39784 49995 52002=
 22671 12599 70901 10196 20131 39930 40003 54000 69942 84901 333 10215
 555 50172 53005=
 22456 11597 80000 10174 20140 39920 40002 58002 60032 79598 889// 333
 10214 555 50149 53005=
 22583 11698 71301 10192 20146 39939 40013 57001 69942 70228 85971
 333 10204 555 50162 53005=
 22749 NIL=
 22951 12598 32602 10202 20065 39761 40022 54000 60002 83100 333 10210
 555 50149 53007=
 22887 12699 61201 10177 20138 39959 40024 58003 60022 82531 
 333 10177 555 50146 53005=
 22876 11497 62101 10173 20160 39959 40029 53004 69902 72522 85901 333
 10200 85918 555 50148 53006=
 22481 11598 82402 10172 20127 39964 40014 53002 69962 71792 
 8797/ 333 10214 555 50172 53008=
 22854 12899 62403 10182 20101 39750 40019 53002 69912 85031 333 10196
 555 50145 53008=
 22781 NIL=
 22676 11598 51101 10206 20096 39937 40008 58001 69992 70391 82963 333
 10221 555 50167 53009=
 22648 NIL=
 22559 61598 62101 10208 20114 39989 40004 53003 60012 72998 84301 333
 10230 555 50164 53007=
 22869 12697 32102 10202 20128 39888 40025 54001 69902 82930 333 10209 555 50151 53006=
 22768 11597 52602 10203 20123 39972 40018 52007 69952 70282 82871 333
 10218 555 50159 53007=
 22798 11497 70501 10155 20151 39925 40031 57003 60072 72598 85930 333
 10211 555 50158 53007=
 22375 46/// /3002 10174 20152 39999 40013 57005=
 23207 11599 82001 10174 20152 30014 40035 52011 69972 72998 86903 333
 10251 91110 555 50180 53010=
 23215 NIL=
 23219 NIL=
 27095 76/// /2003 10192 20156 39835 40047 57002 333 60002 555 50145 53007=
 22408 21699 61302 10165 20128 39844 49983 54000 70282 8593/ 333  
 69932=
 22511 21565 71202 10172 20133 39868 49981 52001 72582 83930 333  
 60032=
 22529 21599 70802 10163 20140 39984 49990 57001 70282 87900 333  
 69902 87924=
 22602 21478 72402 10163 20122 39769 49979 52003 70282 86930 333  
 60022 86916=
 22621 73/70 /1202 10158 20124 39859 49990 52003 333   60002=
 22619 21459 71202 10151 20135 39835 49984 52004 78082 87900 333  
 69932=
 22721 21298 81301 10153 20143 39902 49994 52004 70282 887// 333  
 60052 85706=
 22727 76570 /1202 10157 20151 39952 49997 52002 333   60082=
 22717 NIL=
 22802 22499 71802 10188 20153 39968 49990 54000 83931 333   60002=
 22820 22571 62303 10200 20132 39867 49993 52001 84330 333   69992=
 22831 21698 70000 10153 20134 39959 40011 57001 72582 83930 333  
 69962=
 22805 22598 61204 10192 20133 39967 49985 57003 82531 333   60002=
 22912 22599 52402 10222 20102 39980 49994 57005 83141 333   69902=
 
