03:31:00 MSK 19.05.2023
020 123456/=о000=0031
 унту01 бтул 190000
 22686 82598 82803 10138 20077 30083 40179 51015 8257/ 555 10014=
 22695 42998 83103 10141 20062 30013 40159 52015 8805/ 555 10013=
 22996 42/// /1502 10169 20044 30005 40181 58003 555 1/013=
 23220 42999 61808 10087 20006 30001 40139 57012 85031 333 91011 91111 555 1/005=
 23226 42960 82307 10074 20006 39926 40136 57009 80004 333 91111 555 
 1/100=
 23305 42/// /2504 10117 20080 30118 40144 51014 555 1/011=
 23320 86/// /2105 10158 21006 30079 40148 57007 333 91112=
 23324 42985 61903 10126 20023 30068 40142 57009 82081 555 10006=
 23405 42963 72802 10134 20101 30059 40154 52018
 87070 555 11012=
 23410 86/// /1904 10120 20022 30042 40135 55005 333 91111 555 53011=
 23411 42/// /2902 10145 20033 30051 40135 53012 333 91110 555
 1/008=
 23412 42999 32404 10157 20032 30042 40134 57002 83030 555 1/008=
 23416 NIL=
 23418 42965 61904 10164 20015 30083 40153 57009 86030
 555 11014=
 23503 42/// /2301 10139 20023 30099 40147 53007 555 1/011=
 23507 86/// /3401 10127 20095 39861 40158 51018=
 23509 42/// /2504 10156 20020 30077 40151 57003 555 1/011=
 23514 42997 61904 10167 20006 39968 40154 57009 86070 555 12009=
 23518 NIL=
 23606 42962 61903 10167 20013 30003 40161 57009 86030 555 11011=
 23612 NIL=
 23701 42/// /2001 10112 20034 30040 40165 55001 555 1/008=
 23704 86/// /1702 10158 20047 39926 40039 55004 555 53010=
 23707 83998 82502 10146 20044 30038 40164 54000 86030 555 10011=
 23708 42/// /1704 10167 21016 30039 40181 57008 555 1/011=
 23709 42998 61804 10167 21039 30016 40199 57005 86040 555 10013=
 23711 42998 21803 10119 20005 30045 40209 57001 80005 555 11007=
 23803 42999 61303 10139 21032 30040 40213 58003 86030 555 11009=
 23804 82597 81902 10164 20028 30031 40169 57009 82931 555 11012=
 23807 42/// /1905 10174 20046 30025 40178 57006 555 1/014=
 23808 86/// /0903 10132 21016 30042 40204 57004=
 23812 42997 02101 10122 21029 30074 40231 54000 555 10006=
 23904 42970 51702 10134 20010 30050 40201 58004 84031 555 10009=
 23905 42599 21501 10087 21008 39998 40221 57003 82400 555 10006=
 23909 42998 21803 10119 21019 39993 40231 54000 80001=
 23912 42998 01803 10128 21021 30056 40243 57003 555 10008=
 23913 42999 50000 11000 21016 30042 40275 52002 80001 555 11100=
 23914 82998 21503 10096 21011 39995 40247 57001 80004=
 27095 86/// /1201 10150 20043 39985 40204 58003=
 28013 42998 21702 10098 21015 30011 40238 54001 80005 555 10006=
 28016 42/// /1001 10054 20002 30017 40241 50000 555 1/005=
 28029 42999 01502 10108 21019 30036 40251 52001 555 10007=
 28116 42998 20000 10052 20008 30013 40243 54000 80005=
 28128 42998 11101 10067 20031 30101 40253 52003 80001 555 10004=
 28134 42898 30000 10033 21005 39919 40271 52004 83010 555 10004=
 28138 43/// /0401 10024 21035 39713 40283 52001=
 28216 42997 21103 10087 21013 39951 40244 52005 80005 555 10007=
 28222 42/// /1402 10091 21012 30061 40253 52002 555 1/005=
 28224 42860 61301 10086 21015 30041 40251 52003 82035=
 28234 42897 21101 10084 21044 39988 40263 52003 82040 555 10003=
 28238 42997 02301 10014 21022 39970 40277 52004 555 10100=
 28313 42/// /0000 10034 21004 30054 40247 52006 555 1/005=
 28319 42598 80502 10074 20012 30078 40240 52002 8657/=
 28321 42999 21101 10098 21015 30044 40244 52004 80001=
 28324 42/// /0000 10050 21001 30123 40243 52003 555 1/007=
 28326 42998 40000 10034 21008 30068 40255 52003 80001 555 10004=
 28413 42899 60000 10088 21014 30114 40234 52006 83034 555 10007=
 28428 42599 80501 10091 21014 30054 40236 52005 885// 555 10008=
 28429 42/// /1002 10099 21031 39839 40242 54001 555 1/009=
 22983 42998 60000 10095 20064 30074 40176 52004 83035 333 91000 91104
 555 11010=
 27083 42599 61502 10162 20063 39966 40178 57004 86800 333 91002 91103
 555 10012=
 27097 42/// /1503 10155 20046 39944 40194 57003 333 91004 91105 555
 1/013=
 27185 42/// /1601 10162 20061 30015 40190 54001 333 91003 91104 555
 1/014=
 27199 42598 71401 10128 20029 30016 40207 57002 82531 333 91002 91105
 555 10010=
 27281 42484 71503 10156 20078 39988 40186 57006 85570 333 91004 91105
 555 10014=
 27283 42998 81701 10148 20047 30047 40197 58004 8807/ 333 91002 91104
 555 11013=
 27295 42/// /0000 10120 20014 39964 40208 54001 333 91000 91104 555
 1/010=
 27296 42981 01601 10101 20012 39997 40210 57003 333 91001 91103 555
 10006=
 27385 425// 72001 10143 20038 30073 40197 57003 84530 333 91001 91102
 555 10013=
 27393 42998 51102 10080 20032 30050 40218 58002 81035 333 91003 91104
 555 10009=
 27480 42498 81001 10145 20068 30074 40198 54000 8793/ 333 91003 91104
 555 10014=
 28007 42999 81501 10116 21010 39961 40216 57003 81035 333 91001 91103
 555 10010=
 28009 42998 00801 10074 20005 30022 40230 57004 333 91002 91102 555
 10006=
 28105 42998 21601 10107 21009 30021 40216 57003 82020 333 91002 91105
 555 10008=
 28202 42962 31301 10086 20006 30005 40223 58002 80001 333 91003 91103
 555 10006=
 28302 42998 80000 10087 21008 39998 40223 52001 80001 333 91000 91103
 555 10006=
 28307 42998 13001 10077 20033 30070 40212 57002 80001 333 91002 91102
 555 10006=
 28402 42998 20802 10072 20016 30039 40217 52001 80001 333 91003 91103
 555 10005=
 28502 42998 32901 10025 21002 30112 40216 52005 82031 333 91001 91103
 555 10004=
 22550 82997 12602 10071 20038 30182 40192 52013 81030 555 11006=
 22778 41596 82902 10099 20092 30136 40204 52014 78082 8697/ 555
 11012=
 22889 42/// /0000 10070 20059 30092 40177 53006 555 1/008=
 22762 81996 32601 10064 20064 30169 40207 52014 71061 8007/ 555
 11007=
 22638 NIL=
 22671 42/// /2801 10080 20075 30111 40189 52015 555 1/007=
 22456 42597 42401 10063 20041 30087 40174 52013 82480 555 11006=
 22583 41598 82201 10094 20082 30095 40173 51011 70288 8457/ 555
 11010=
 22749 42/// /2101 10011 20007 30098 40224 52010 555 1/001=
 22951 42/// /2801 10034 20029 39953 40235 52005 555 1/004=
 22887 42699 83103 10138 20102 30117 40185 52014 83531 555 10012=
 22876 42697 82901 10126 20077 30123 40194 51017 885// 333 88643 555
 11012=
 22481 42/// /2203 10076 20076 30109 40160 52012 555 1/008=
 22854 42/// /2902 10043 20030 39942 40230 52006 555 1/004=
 22781 NIL=
 22676 41598 82603 10094 20085 30113 40189 52010 72582 889// 555
 11010=
 22648 42998 00000 10047 20017 30172 40218 52017 555 10002=
 22559 42/// /2501 10048 20027 30181 40197 52013 555 1/006=
 22869 41996 83101 10093 20085 30071 40216 51014 76162 8002/ 333 91110
 555 11011=
 22768 41597 62901 10089 20077 30160 40209 52005 70182 85530 333 85628
 555 11009=
 22798 42598 50000 10120 20050 30057 40166 53004 82581 555 10010=
 22375 NIL=
 23207 NIL=
 23215 42598 62203 10078 20020 30029 40116 51013 86800 333 91115 555
 1/003=
 23219 NIL=
 22408 42999 03203 10023 20006 30094 40245 52028 555   11000=
 22511 41598 33102 10039 20007 30118 40239 52033 70281 82930 555  
 11003=
 22529 42599 12602 10063 20042 30202 40209 52018 81500 555   12005=
 22602 42475 73302 10043 20004 30025 40251 52022 87530 333   86616
 555   11005=
 22621 83/70 /2603 10064 20043 30085 40224 52017 555   1////=
 22619 42481 82805 10063 20036 30071 40229 52016 885// 333   88617
 555   11007=
 22721 42598 83002 10081 20029 30132 40229 52015 885// 333   88626
 555   11009=
 22727 86/70 /2902 10066 20027 30191 40239 52013 555   1////=
 22717 83/70 /2802 10060 20028 30056 40249 52012 555   1////=
 22802 42598 73002 10071 20028 30239 40262 52014 87500 333   87627
 555   11006=
 22820 42698 32602 10068 20033 30105 40241 52012 82530 555   12005=
 22831 42998 20000 10004 21005 30178 40234 52010 82030 555   11002=
 22805 425// 73301 10030 20018 30248 40268 52015 86520 555   11006=
 22912 43984 32702 10075 20039 30236 40251 52008 83030 555   11008=
 
