03:31:00 MSK 31.03.2023
020 123456/=о000=0031
 унту01 бтул 310000
 22686 42598 81502 10026 21014 30003 40102 57010 8457/ 333 84628 555 1/100=
 22695 42998 61802 10031 21033 39948 40099 57009 86030 555 1/100=
 22996 42/// /1502 10038 21054 39948 40132 58016 555 1/100=
 23220 42599 61004 11063 21108 30093 40240 57018 83530 555 1/109=
 23226 42960 71507 11072 21120 30015 40239 57022 82034 333 91012 91113 
 555 1/110=
 23305 42/// /1504 10017 21075 30086 40113 57027 555 1/101=
 23320 NIL=
 23324 42984 61204 11051 21132 30133 40212 57021 80008 555 1/110=
 23405 41997 81405 10016 21079 30020 40120 57022 
 73632 8805/ 333 91110 555 1/101=
 23410 86/// /1406 11015 21107 30081 40179 57021 333 91111 555 53011=
 23411 42999 81604 11014 21082 30061 40151 57021 8805/ 555 1/105=
 23412 42999 61706 11014 21096 30075 40173 57021 86030 333 91010 91111 555 1/107=
 23416 NIL=
 23418 42965 51504 11001 21117 30114 40188 57022 85030
 555 1/104=
 23503 42/// /1704 10020 21104 30096 40146 57020 555 1/103=
 23507 86/// /1902 10010 21081 39815 40125 56018=
 23509 42/// /1604 10020 21101 30072 40150 57020 555 1/102=
 23514 42997 81705 10001 21085 39975 40174 57017 84075 555 1/105=
 23518 42/// /1505 11010 21093 30116 40209 57016 555 1/104=
 23606 42960 81605 10012 21090 39991 40163 57017 
 8805/ 555 1/102=
 23612 NIL=
 23701 42981 71702 10031 21074 30010 40139 57012 87010 555 1/100=
 23704 86/// /1603 10033 21070 39926 40039 55004 555 53010=
 23707 82999   81503 10034 21076 30001 40133 57014 8805/ 555 1/100=
 23708 42/// /1504 10016 21101 30015 40165 57015 555 1/102=
 23709 42/// /1502 10004 21108 39996 40190 57014 555 1/105=
 23711 42998 61603 11015 21098 30039 40211 57012 84031 555 1/106=
 23803 41999 31204 11008 21115 30013 40196 57012 70231 80005 555 1/104=
 23804 82997 81602 10037 21070 39997 40141 57012 8805/ 555 1/101=
 23807 42/// /1704 10034 21051 39983 40143 57015 555 1/100=
 23808 86/// /1204 10030 21082 30004 40172 57013=
 23812 42997 71402 11015 21111 30065 40231 57010 85032 555 1/107=
 23904 42983 81502 10032 21067 39998 40154 58015 8802/ 555 1/101=
 23905 42899 81402 10009 21084 39952 40181 57015 8802/ 555 1/102=
 23909 42898 81204 11005 21099 39960 40208 57010 82075=
 23912 42998 31604 10008 21107 30044 40239 57009 80001 333 91111 555
 1/105=
 23913 42999 31503 11023 21109 30028 40263 57009 80001 555 1/107=
 23914 82898 81404 11016 21106 39977 40239 57009 81045=
 27095 86/// /1204 10045 21057 39919 40146 57017=
 28013 42898 81303 10000 21112 39983 40217 57008 8807/ 555 1/104=
 28016 42/// /1502 10001 21083 39985 40214 57008 555 1/104=
 28029 42999 01504 11002 21114 30019 40242 57010 555 1/105=
 28116 42999 31302 11003 21095 39985 40219 57009 80005=
 28128 42999 21402 10003 21098 30085 40241 57008 80001 555 1/105=
 28134 42998 21504 11001 21116 39900 40257 57010 80005 555 1/103=
 28138 43/// /1001 11043 21120 39711 40297 57007=
 28216 42899 31105 11001 21108 39919 40221 57008 82021 555 1/104=
 28222 42/// /1404 10003 21105 30049 40247 58006 333 91110 555 1/102=
 28224 42970 31504 10000 21107 30029 40246 57002 80005 333 91112=
 28234 42898 21404 11000 21138 39984 40268 57009 82040 333 91111 555
 1/103=
 28238 42999 01402 11013 21112 39975 40286 57009 555 1/106=
 28313 42/// /1304 10013 21107 30025 40219 58009 555 1/101=
 28319 42599 61002 10013 21102 30056 40221 57009 86500=
 28321 42999 51504 10010 21112 30027 40233 57003 80004=
 28324 NIL=
 28326 42998 21201 11023 21106 30066 40257 57008 80001 555 1/101=
 28413 42899 81202 10025 21118 30083 40205 58011 8802/ 555 11000=
 28428 42899 81002 11001 21119 30050 40238 58006 82031 555 1/103=
 28429 42/// /1204 11011 21124 39832 40252 57009 555 1/106=
 22983 41484 81803 10034 21029 30012 40116 57014 70282 889// 333 91008
 91108 555 1/100=
 27083 42984 81102 10037 21045 39898 40118 57019 8807/ 333 91004 91110
 555 1/100=
 27097 42/// /1404 10038 21050 39872 40132 57019 333 91007 91107 555
 1/100=
 27185 42/// /1302 10044 21054 39937 40119 57018 333 91003 91104 555
 1////=
 27199 42998 81303 10043 21060 39946 40141 57016 8807/ 333 91006 91108
 555 1/000=
 27281 42984 81404 10047 21038 39905 40110 57018 8805/ 333 91006 91107
 555 1/002=
 27283 42597 81604 10056 21055 39973 40128 57015 885// 333 91007 91107
 555 13001=
 27295 42/// /1303 10046 21068 39887 40136 57013 333 91007 91108 555
 1/001=
 27296 42997 81303 10041 21078 39927 40143 57010 8807/ 333 91006 91110
 555 1/100=
 27385 425// 81402 10053 21030 39992 40119 57009 8457/ 333 91004 91104
 555 1/100=
 27393 42598 61403 10044 21072 39984 40153 57009 84530 333 91005 91105
 555 1/000=
 27480 42498 81402 10053 21006 39988 40114 57005 889// 333 91004 91108
 555 12001=
 28007 42599 71502 10033 21079 39898 40159 57014 87500 333 87620 91003
 91105 555 1/100=
 28009 42998 81001 10033 21098 39972 40181 57011 8805/ 333 91002 91105
 555 1/100=
 28105 42998 81403 10043 21091 39960 40158 57012 8802/ 333 91006 91108
 555 1/100=
 28202 42997 81502 10023 21068 39949 40171 57012 85031 333 91004 91106
 555 1/101=
 28302 42997 61404 10032 21088 39943 40171 57009 86030 333 91007 91109
 555 1/101=
 28307 42598 81204 10043 21064 30008 40151 57005 83531 333 91007 91108
 555 1/000=
 28402 42984 61305 10037 21085 39985 40163 57007 80005 333 91009 91109
 555 11101=
 28502 42997 81203 10036 21071 30059 40162 57006 82031 333 91006 91109
 555 14101=
 22550 82973 72702 11046 21086 30081 40091 52001 87050 555 1/106=
 22778 41498 81702 10015 20011 30023 40092 57011 70282 8557/ 555
 1/100=
 22889 42/// /1202 10045 21046 30031 40117 56021 555 1/100=
 22762 42/// /2701 11000 21000 30048 40088 54001 555 1/100=
 22638 NIL=
 22671 42/// /1802 10001 20001 39998 40077 57005 555 1/100=
 22456 42/// /2601 11040 21059 39988 40077 54001 555 1/104=
 22583 41598 81501 10006 20003 30003 40083 57015 70288 8357/ 555 1/100=
 22749 42/// /2802 11049 21077 39977 40105 57004 555 1/104=
 22951 42/// /3102 11031 21040 39817 40103 57004 555 1/102=
 22887 41596 81304 10036 21020 30036 40105 57014 78082 8695/ 
 333 86920 555 1/000=
 22876 42497 81401 10021 20017 30026 40098 57016 885// 333 88618 555
 1/100=
 22481 42/// /1502 10002 20001 30015 40068 56013 555 1/100=
 22854 42/// /2702 11032 21040 39810 40103 57003 555 1/052=
 22781 NIL=
 22676 41496 81502 10012 20004 30008 40085 57007 77176 8872/ 555
 1/100=
 22648 42/// /2804 11046 21090 30055 40102 57003 555 1/106=
 22559 42/// /3102 11034 21069 30073 40090 50002 555 1/101=
 22869 42/// /0000 10016 20012 39940 40088 57014 555 1/100=
 22768 41497 81901 10003 20000 30034 40084 57006 72272 885// 333 88617
 555 1/100=
 22798 42/// /0601 10025 21021 30013 40125 58013 333 91112 555 1////=
 22375 NIL=
 23207 NIL=
 23215 42/// /1407 11058 21129 30077 40169 57029 333 91011 91111 555
 1/108=
 23219 NIL=
 22408 42984 01401 11150 21165 39880 40038 57020 555   1/122=
 22511 42984 01802 11121 21135 39925 40052 57014 333   93500 555  
 1/121=
 22529 42598 21803 11102 21115 30075 40082 57007 82530 555   1/112=
 22602 42977 02203 11082 21119 39833 40066 57011 555   1/112=
 22621 83768 /1903 11093 21105 39944 40089 57006 555   1////=
 22619 42498 32005 11086 21102 39923 40088 57007 83500 555   1/109=
 22721 42997 23101 11082 21097 39998 40100 57007 82040 555   1/111=
 22727 86970 /1201 11066 21090 30059 40108 57008 555   1////=
 22717 83/69 /1801 11097 21110 39904 40105 57008 555   1////=
 22802 42998 50000 11130 21144 30074 40099 57009 85030 555   1/118=
 22820 42998 72202 11061 21086 39967 40108 57010 87030 555   1/105=
 22831 42997 30000 11103 21114 30054 40112 57005 80001 555   1/113=
 22805 414// 82801 11026 21040 30079 40099 57010 78582 8692/ 555  
 1/103=
 22912 41956 81002 11064 21076 30091 40107 57012 77172 8802/ 555  
 1/111=
 
