06:31:00 MSK 28.01.2023
020 123456/=о000=0331
 уйту01 бтул 280300
 22686 11498 82203 11070 21088 30043 40146 58006 69942 72272 8752/ 333 21070 47052 55000 87614 555 53009 7994/=
 22695 11497 82402 11073 21095 39974 40132 58003 69922 77072 8652/ 333
 21073 47047 86614 555 53008 7992/=
 22996 12598 82802 11076 21089 30001 40194 52007 69902 8455/ 333 21079
 47051 55000 555 53007 7002/=
 23220 11496 82205 11059 21068 39834 49977 52002 60022 77173 887// 333 21059 47070 55000 555 53011 7004/=
 23226 11422 82606 11066 21078 39754 49971 52002 60012 77372 885//
 333 21069 47041 88610 91110 555 53013 7002/=
 23305 11484 82505 11045 21062 30049 40078 51004 69922 70232 885// 333
 21045 47029 88617 555 53012 7992/=
 23320 76/// /2504 11044 21061 39956 40030 53003 333 21053 60002 555 53011 7000/=
 23324 11438 82605 11043 21060 39937 40015 52004 69982 78583 889// 333
 21049 49045 55000 85917 555 53009 7002/=
 23405 11497 82802 11058 21073 39997 40099 52003 69922 
 70272 8655/ 333 21063 47046 55000 86614 555 53009 7992/=
 23410 76/// /2405 11046 21058 39951 40049 53007 333 21051 60002 555 7000/=
 23411 11499 72604 11055 21066 39976 40067 52006 69942 70272
 85720 333 21055 48047 555 53010 7997/ =
 23412 11498 82706 11046 21056 39956 40054 52008 69952 78582 883// 333 21048 47049 55000 91110 555 53010 7999/=
 23416 NIL=
 23418 11460 82503 11055 21077 30000 40075 52007 69972
 8695/ 333 21056 47061 55000 84713 555 53008 7997/=
 23501 NIL=
 23503 11498 82702 11058 21084 30047 40098 52005 69902 77073 887// 333 21060 47053 86711 555 53010 7992/ 91210=
 23507 86/// /2902 11069 21077 39800 40119 52004 333 21069 555 53010=
 23509 12998 83001 11052 21076 30029 40109 52004 69922 8802/ 333 21056
 48055 555 53009 7992/=
 23514 11497 82902 11064 21079 39891 40092 52005 69952 77172 887// 333 21064 47071 55000 555 53008 7999/=
 23518 11496 82803 11051 21068 39992 40085 52008 69932 77072
 885// 333 21052 48071 55000 88617 555 51043 7993/ 91208=
 23606 11460 82803 11054 21076 39940 40116 52005 
 69972 77172 8652/ 333 21054 47065 55000 86615
 555 53009 7997/=
 23612 12484 82905 11053 21079 39958 40094 52007 69922 885// 333 
 21058 47066 88616 555 53008 7993/=
 23701 11462 82602 11071 21082 30017 40151 52003 69902 77072 8872/ 333
 21071 47046 86511 555 53009 7990/=
 23704 76/// /2603 11066 21067 39926 40039 55004 333 21066 60002 555 51054 7000/=
 23707 61498 82505 11072 21085 30020 40157 52001 69902 72272 8652/ 333 21072 47036 55000 86619  93401 555 53008 7990/=
 23708 12484 72502 11077 21093 30001 40156 52004 60002 87500 333 21077
 48047 87619 555 53008 7000/=
 23709 11497 82704 11061 21076 39946 40144 52023 69932 77175 886// 333
 21072 43044 86710 934// 555 53006 7996/=
 23711 12498 62802 11062 21083 39946 40120 52006 60002 83505 333 21071 47062 55001 555 53007 7000/=
 23803 12599 83503 11069 21094 39974 40159 51007 69902 889// 333 21071
 47048 55000 555 53008 7990/=
 23804 62497 82602 11071 21083 30015 40165 52002 69902 8555/ 333 21071 47039 55000 85610  93400 555 53006 7993/=
 23807 11497 82803 11076 21085 30014 40182 52002 69932 70282 885// 333
 21087 48029 55000 88614 93401 555 53007 7993/=
 23808 66/// /2204 11086 21096 30005 40180 52008 60002 333 21086 555 7000/=
 23812 11496 82501 11074 21083 39970 40138 52004 69952 78582 889// 333
 21079 47067 88917 934// 555 53006 7995/=
 23904 12373 83001 11081 21085 30027 40190 50003 69912 887// 333 21084
 43043 87709 93401 555 53006 7001/=
 23905 11596 82803 11090 21105 39948 40185 52009 69922 77172 885// 333
 21090 47045 555 53007 7002/=
 23909 11497 82902 11076 21090 39919 40173 52007 69932 77172 8652/ 333
 21078 47043 55000=
 23912 11498 82802 11074 21084 39956 40155 52007 69932 72452 886// 333
 21087 43065 93400 555 53008 7001/=
 23913 11597 82602 11084 21108 39911 40149 52009 69962 77172 8872/ 333
 21086 47061 55000 93400 555 53010 7006/=
 23914 11596 83102 11080 21091 39893 40158 52010 69962 78582 889// 333
 21080 47054 55000 93403=
 28013 11897 83104 11079 21099 39932 40172 53007 69962 77172 8802/ 333
 21079 47042 555 53009 7003/=
 28016 12596 83304 11075 21092 39944 40178 52010 60012 885// 333 21075
 47038 555 53008 7005/=
 28029 11596 83502 11075 21094 39935 40161 52026 60032 77172 8452/ 333
 21075 47058 55000 555 53008 7008/=
 28116 11499 83504 11062 21080 39934 40172 52019 60022 73632 885// 333
 21062 47051 55000=
 28128 11598 83503 11031 21041 30001 40157 52012 60042 70272 8802/ 333
 21040 47051 55000 555 53006 7007/=
 28134 11496 83201 11043 21049 39787 40145 52007 60042 77172 8672/ 333
 21045 43064 93402 555 53005 7007/=
 28138 11598 82402 11067 21077 39559 40141 52004 60022 72682 883// 333
 21069 47053 55000=
 28216 11596 82702 11045 21053 39866 40171 52009 60032 77172 8872/ 333
 21048 47044 555 53008 7008/=
 28222 12497 80000 11038 21046 39958 40157 53007 60032 886// 333 21044
 47051 555 53005 7007/=
 28224 11534 82502 11047 21059 39943 40162 52004 60032 77372 8802/ 333
 21049 47049 55000=
 28234 11596 82302 11055 21071 39871 40157 53002 60042 77172 885// 333
 21056 47049 93401 555 53006 7007/=
 28238 11496 82404 11058 21080 39844 40155 54001 60012 77172 8802/ 333
 21061 47052 55000 555 53010 7005/=
 28313 11596 82201 11042 21055 39980 40177 53007 60032 77172 8802/ 333
 21049 47049 555 53006 7006/=
 28319 11496 82403 11052 21061 30018 40187 52002 69992 77173 8802/ 333
 21054 47052 93402=
 28321 11596 82503 11050 21059 39962 40171 53005 60032 77172 8802/ 333
 21052 47057 93401=
 28324 11896 82503 11049 21068 30056 40177 53003 69952 77173 8807/ 333
 21050 47046 555 53008 7002/=
 28326 12598 72304 11053 21071 39977 40169 52001 60012 87500 333 21054
 47042 55000 555 53008 7004/=
 28413 12498 82303 11050 21070 30067 40193 52002 69992 885// 333 21055
 47041 93401 555 53007 7003/=
 28428 11596 82303 11065 21086 30004 40195 55000 60012 77175 8802/ 333
 21065 44037 93401 555 53008 7004/=
 28429 11496 82403 11079 21089 39766 40194 55000 69982 77172 886// 333
 21080 47035 555 53010 7004/=
 22983 11478 82703 11079 21090 30093 40203 52003 69902 70275 886// 333
 21079 47043 55000 91006 91107 93402 555 53007 7999/=
 27083 11559 82602 11090 21100 39975 40208 52005 69902 77122 885// 333
 21091 43040 91002 91106 555 53008 7003/=
 27097 11498 82803 11088 21093 39939 40213 52009 69902 72072 886// 333
 21088 47047 91005 91107 555 53008 7004/=
 27185 12998 82904 11081 21095 30030 40222 52014 69962 8802/ 333 21081
 47050 91006 91106 555 53007 7005/=
 27199 12498 83201 11070 21083 30007 40213 52016 60022 8377/ 333 21070
 47057 55000 91004 91106 555 53006 7006/=
 27281 12484 83405 11070 21084 30008 40224 52012 69932 885// 333 21070
 47044 91007 91108 555 53008 7004/=
 27283 12497 83105 11070 21084 30045 40207 52014 60012 885// 333 21070
 47049 91008 91108 555 53009 7005/=
 27295 12597 82803 11054 21072 39950 40210 52012 60022 885// 333 21054
 43059 91005 91105 555 53005 7008/=
 27296 11997 83304 11054 21079 39977 40203 52015 60012 77172 8802/ 333
 21054 47055 55000 91006 91107 555 53007 7004/=
 27385 114// 80102 11039 21065 30080 40213 52011 60012 70276 887// 333
 21039 47051 91003 91107 93401 555 53007 7003/=
 27393 11498 83205 11036 21063 30031 40206 52012 69942 73673 8665/ 333
 21040 47062 55000 91007 91107 555 53008 7002/=
 27480 12498 83502 11034 21054 30086 40218 52010 69942 886// 333 21044
 47043 91003 91104 555 53006 7001/=
 28007 11499 83003 11079 21092 39930 40203 52012 69992 70232 886// 333
 21079 48051 55000 88711 91005 91107 555 53008 7005/=
 28009 12598 33202 11088 21110 39978 40197 52015 69992 83500 333 21088
 48048 91004 91105 555 53006 7004/=
 28105 12598 83401 11072 21083 39993 40200 52014 60022 885// 333 21073
 43054 91002 91105 555 53006 7006/=
 28202 11597 83502 11045 21065 39960 40187 52014 60032 72475 886// 333
 21045 47058 91004 91106 93400 555 53006 7007/=
 28302 11597 82903 11033 21056 39955 40189 52009 60022 70272 885// 333
 21043 47055 91006 91106 555 53007 7003/=
 28307 11497 82702 11035 21047 30053 40201 52007 60012 70272 885// 333
 21040 47050 91003 91105 555 53006 7002/=
 28402 11463 82302 11045 21054 30015 40199 52006 69942 77172 8662/ 333
 21051 47046 91004 91105 93400 555 53007 7002/=
 28502 11997 82403 11046 21066 30102 40209 52003 69922 70272 8807/ 333
 21055 48031 55000 91004 91105 555 53008 7001/=
 22550 12969 52203 11079 21103 30103 40113 57023 69902 82032 333 21096
 47034 55001 555 53006 7993/=
 22778 12998 22302 11094 21108 30114 40187 57003 69902 82071 333 21094
 47040 55001 555 53008 7993/=
 22889 12497 82704 11076 21083 30106 40196 52002 69902 885// 333 21076
 47027 88614 555 53009 7995/=
 22762 12997 52101 11091 21095 30129 40170 57010 60002 80010 333 21117
 47036 555 53005 7994/ 91206=
 22638 46/// /2302 11094 21105 39926 40161 54020=
 22671 12998 82302 11072 21084 30051 40133 57011 69902 8805/ 333 21095
 47042 55000 555 53007 7992/=
 22456 12597 82202 11051 21054 39995 40085 57024 69902 885// 333 21051
 47041 555 53008 7990/=
 22583 12584 72301 11064 21079 30031 40114 58012 60002 87500
 333 21067 47058 55000 555 53009 7000/=
 22749 NIL=
 22951 12498 82602 11079 21085 39935 40229 58005 60002 886// 333 21082
 47046 555 53006 7993/=
 22887 12497 82302 11065 21081 30121 40194 52002 69902 8655/ 
 333 21065 47025 55000 86616 555 53008 7991/=
 22876 11497 72403 11067 21077 30121 40197 53004 69902 70272 87500 333
 21067 47024 87619 555 51054 53007 7990/ 91207=
 22481 11596 81905 11060 21060 30036 40090 57010 69902 78583 889// 333
 21082 48044 555 53010 7990/=
 22854 12298 82303 11083 21089 39914 40215 58007 60002 886// 333 21088
 48050 55000 88703 555 53009 7990/=
 22781 NIL=
 22676 12498 82202 11072 21099 30065 40145 57002 69902 885// 333 21072
 47028 555 53008 7992/=
 22648 NIL=
 22559 129// 02203 11084 21106 30112 40129 58016 60002 333 21092 44032
 55000 555 53006 7992/ 91208=
 22869 12298 82503 11072 21078 30067 40222 54001 60002 886// 333 21072
 47042 86705 555 53009 7000/ 91209=
 22768 12597 82104 11084 21101 30138 40190 57004 60002 885// 333 21095
 47029 55000 88626 555 53007 7990/=
 22798 12497 82303 11080 21088 30052 40170 58001 69902 885// 333 21081
 47036 88613 555 53008 7991/=
 22375 46/// /2306 11036 30044 40059 57018=
 23207 12499 62503 11055 21070 30041 40064 52003 60002 86500 333 21059
 55000 555 53010 7990/=
 23215 NIL=
 23219 NIL=
 27095 76/// /2702 11079 21080 39978 40217 52007 333 21079 60002 555 53008 7000/=
 22408 21484 82305 11032 21048 39921 40072 57024 72622 889// 333  
 21101 55011 69902 88915 555   7990/=
 22511 22584 82205 11050 21073 39967 40091 57023 8251/ 333   21089
 60002 555   7000/=
 22529 22598 82206 11053 21078 30103 40110 57026 885// 333   21076
 60002 88625 91010 91111 555   7000/=
 22602 22473 82404 11068 21080 39899 40132 57021 885// 333   21092
 55038 60002 88614 93503 555   7000/=
 22621 73870 /2105 11065 21080 39987 40131 57026 333   21109 55050
 60002 555   7000/=
 22619 22998 82204 11059 21080 39978 40142 57026 80007 333   21097
 55006 60002 91110 555   7000/=
 22721 22497 62801 11058 21072 30064 40166 57025 86600 333   21116
 60002 86710 555   7000/=
 22727 76470 /2003 11041 21058 30141 40190 57023 333   21103 60002
 555   7000/=
 22717 73/70 /2103 11049 21062 39989 40188 57022 333   21073 60002
 555   7000/=
 22802 22998 72002 11065 21078 30175 40199 57017 82031 333   21084
 55000 60002 555   7000/=
 22820 22498 62404 11044 21061 30055 40196 57022 86500 333   21081
 55051 60002 86611 91110 555   7000/=
 22831 22397 82302 11054 21064 30153 40210 57014 886// 333   21151
 55000 60002 88707 555   7000/=
 22805 225// 62308 11020 21034 30191 40211 57015 86500 333   21039
 55000 60002 91012 91112 555   7000/=
 22912 22484 82202 11031 21054 30208 40224 57012 885// 333   21051
 60002 88617 555   7000/=
 
