00:31:00 MSK 29.05.2023
020 123456/=о000=2131
 уйту01 бтул 282100
 22686 82998 80102 10147 20029 30015 40110 58023 8808/=
 22695 41497 80603 10144 20016 39951 40097 57024 76062 8652/ 333 86616=
 22996 42/// /1901 10137 20137 39874 40049 52005=
 23220 43/// /0604 10026 20006 30092 40234 52006=
 23226 42960 10302 10014 21008 30024 40240 52005 81030=
 23305 42/// /0704 10100 20045 30157 40184 58009=
 23320 86/// /0602 10067 20035 30136 40208 50001=
 23324 42983 60702 10040 20029 30145 40222 51004 80001=
 23405 42966 60504 10116 20043 30067 40162 57013 80001=
 23410 86/// /0404 10082 20032 30097 40192 57007=
 23411 42/// /0403 10084 20034 30101 40188 58006=
 23412 42999 60604 10080 20036 30097 40192 58007 80005=
 23416 NIL=
 23418 42965 70702 10120 20032 30100 40170 58011 84031=
 23503 42/// /0702 10115 20018 30108 40156 58019=
 23507 86/// /0701 10125 20013 39837 40135 57022=
 23509 42/// /0502 10138 20046 30059 40133 58026=
 23514 42497 80702 10115 20062 39958 40147 57021 8695/ 333 85917=
 23518 NIL=
 23606 41360 80606 10120 20120 39952 40111 57033 78082 8693/ 333 84708=
 23704 86/// /0505 10128 20128 39926 40039 55004 333 91010 91110=
 23701 42/// /0406 10112 20106 39969 40093 58037 333 91111=
 23707 81596 80406 10131 20129 39929 40055 57033 76166 8552/ 333 85622 91112=
 23708 42/// /0703 10144 20131 39930 40071 56035 333 91111=
 23709 81398 81001 10151 20138 39908 40090 56026 70262 887// 333 86708=
 23711 41397 80904 10133 20126 39957 40118 58021 78082 889// 333 86708=
 23803 41599 61003 10151 20131 39912 40082 58023 70282 83960=
 23804 81397 80601 10151 20147 39907 40044 57023 72162 8772/ 333 85709=
 23807 42/// /1903 10151 20151 39891 40042 56014=
 23808 86/// /1102 10155 20148 39898 40056 56021=
 23812 41597 81201 10159 20155 39958 40111 57017 70282 889//=
 23904 42472 21903 10151 20148 39911 40059 53005 82300=
 23905 42999 00000 10143 20135 39850 40065 57013=
 23909 42598 41604 10201 20094 39851 40079 57014 84300=
 23912 41598 81602 10222 20101 39922 40099 57013 70282 8695/=
 23913 42599 72101 10162 20136 39913 40129 58004 87900=
 23914 82498 81403 10205 20115 39863 40101 57009 8695/=
 28013 42598 81603 10223 20071 39874 40087 57006 889//=
 28016 42/// /1602 10211 20084 39879 40087 56006=
 28029 42599 81603 10230 20094 39909 40112 57005 8557/=
 28116 42899 61902 10223 20070 39881 40094 57004 84035=
 28128 42598 81603 10221 20119 39972 40114 57004 8353/=
 28134 42698 51901 10217 20089 39805 40131 57002 82530=
 28138 43/// /1602 10174 20068 39619 40154 54000=
 28216 42698 71705 10231 20062 39832 40107 55002 87500=
 28222 42/// /1802 10228 20085 39941 40121 57003=
 28224 42970 81504 10222 20084 39927 40125 57002 80005=
 28234 42898 21602 10205 20069 39883 40143 54000 82030=
 28238 42999 02201 10138 20093 39872 40162 52004=
 28313 42/// /1602 10210 20078 39936 40115 55001=
 28319 42598 51503 10219 20082 39969 40120 57003 82530=
 28321 42899 61703 10215 20094 39928 40117 57003 86030=
 28324 42/// /1704 10213 20059 30011 40124 57002=
 28326 42598 51902 10208 20086 39966 40140 54000 82530=
 28413 42599 71603 10238 20049 30001 40114 57002 85550=
 28428 42898 61604 10175 20082 39966 40141 57003 82031=
 28429 42/// /1802 10209 20081 39770 40154 57002=
 22983 41458 83101 10115 20108 39959 40059 57010 78082 889// 333 91003
 91105=
 27083 41559 82402 10113 20109 39852 40065 52005 76162 885// 333 91003
 91105=
 27097 42/// /2102 10126 20126 39824 40073 53012 333 91004 91106=
 27185 42/// /2501 10124 20123 39911 40087 52006 333 91002 91103=
 27199 42598 82201 10146 20128 39902 40089 52008 884// 333 91002
 91106=
 27281 41484 82401 10129 20122 39896 40093 54000 70252 885// 333 91002
 91103=
 27283 42497 72402 10136 20127 39943 40091 52003 87900 333 91004
 91105=
 27295 42/// /1901 10138 20118 39859 40098 53004 333 91002 91105=
 27296 42597 82001 10144 20115 39888 40095 52009 8651/ 333 91002
 91103=
 27385 415// 72202 10148 20140 39978 40100 52005 72582 82530 333 91003
 91103=
 27393 41498 72302 10145 20136 39941 40103 52004 70282 86970 333 91003
 91105=
 27480 42498 82502 10143 20137 39987 40109 52007 886// 333 91005
 91105=
 28007 42599 81902 10147 20116 39834 40082 53014 885// 333 88620 91006
 91107=
 28009 41498 62003 10181 20126 39888 40085 52008 71322 82970 333 91005
 91106=
 28105 42598 72003 10149 20113 39904 40093 53019 87500 333 91005
 91108=
 28202 41597 82301 10159 20146 39883 40091 52010 72998 889// 333 91002
 91112=
 28302 41597 82001 10159 20147 39883 40098 52011 70298 8697/ 333 91002
 91110=
 28307 41498 81801 10152 20140 39965 40101 50003 79598 889// 333 91002
 91105=
 28402 41566 61302 10152 20147 39934 40104 57002 79598 85371 333 91003
 91110=
 28502 41597 62402 10158 20134 30006 40104 53007 70298 82403 333 91003
 91107=
 22550 82970 00000 10035 20017 30134 40144 57013=
 22778 42598 83202 10144 20039 30040 40106 57023 8257/=
 22889 42/// /3103 10126 20122 39973 40055 56018=
 22762 82998 62901 10098 20047 30095 40133 57010 80005=
 22638 NIL=
 22671 42/// /0202 10111 20026 30059 40135 57013=
 22456 42998 00000 10023 20001 30062 40150 57009=
 22583 42998 73601 10124 20036 30064 40142 57013 83071=
 22749 NIL=
 22951 42/// /3501 10090 20014 39872 40147 58004=
 22887 41596 83204 10126 20103 30006 40073 57022 78082 8695/ 
 333 86923=
 22876 41597 82601 10118 20101 30023 40093 58019 72582 889// 333 88923
 91110=
 22481 42/// /0000 10043 20043 30105 40158 57013=
 22854 42/// /3301 10067 20024 39865 40149 57007=
 22781 NIL=
 22676 42898 73602 10141 20025 30046 40120 57020 87030=
 22648 NIL=
 22559 42/// /0000 10066 20042 30132 40148 57010=
 22869 42997 73203 10121 20046 39973 40116 58009 80050=
 22768 42697 63402 10136 20016 30075 40123 57010 82530=
 22798 41496 80107 10130 20122 39954 40061 57036 78082 889// 333 91011
 91111=
 22375 NIL=
 23207 NIL=
 23215 NIL=
 23219 NIL=
 27095 NIL=
 22408 41699 82003 10099 20055 39937 40081 57019 70282 889// 333  
 88936=
 22511 42498 81902 10127 20020 39973 40089 57015 8252/=
 22529 42599 61902 10095 20019 30115 40122 57012 86500 333   86629=
 22602 42477 72603 10106 20055 39881 40099 57010 86930 333   86917=
 22621 83870 /1904 10126 20013 39986 40120 57012=
 22619 42998 71702 10115 20008 39965 40119 57012 86075=
 22721 42998 71201 10103 20016 30040 40135 57011 87030=
 22727 86970 /1501 10107 20016 30100 40147 57011=
 22717 83/70 /1801 10090 20008 39951 40140 57014=
 22802 42998 30000 10055 20025 30112 40135 57015 83030=
 22820 42998 62202 10105 21016 30016 40149 57013 86030 555   50114=
 22831 42997 00000 10033 20016 30100 40155 57005=
 22805 42598 51404 10061 20019 30124 40144 57014 83530=
 22912 42984 21002 10030 20016 30138 40153 57013 82041=
 
