18:31:00 MSK 18.09.2023
020 123456/=о000=1531
 уйту01 бтул 181500
 22686 61497 82706 10080 20069 39963 40060 52033 60052 76162 8657/ 333
 10111 86611 91010 91114 555 50097 53014=
 22695 11997 82809 10077 20051 39881 40029 53022 60052 76162 8802/ 333
 10109 91014 91117 555 50095 53017=
 22996 62498 82503 10113 20087 39939 40118 52006 60002 889// 333 10158 555 50108 53011=
 23220 12599 81405 10071 20020 39952 40093 57022 60002 8353/ 333 10103 555 50036 53008=
 23226 12960 81506 10063 20013 39882 40093 57026 60002 82035 333 10087 
 555 50034 53008=
 23305 11699 71502 10103 20092 39945 49972 57015 69972 70282 83430 333
 10121 555 50087 53009=
 23320 76/// /1403 10074 20071 39978 40049 57023 333 60002 555 50046 53007=
 23324 11450 81405 10071 20061 39980 40055 57025 60032 76162 8372/ 333
 10099 91111 555 50041 53011=
 23405 11562 82002 10080 20076 39885 49980 57011 60022 78082 
 8497/ 333 10112 84920 555 50089 53010=
 23410 76/// /1304 10089 20082 39920 40012 58019 333 60002 91110=
 23411 11499 81906 10091 20086 39907 49992 57021 60042 72162
 8872/ 333 10113 91111 555 50079 53011=
 23412 11498 81604 10092 20083 39915 40008 57024 60112 76162 8677/ 333 10106 84711 555 50074 53011=
 23416 NIL=
 23418 11665 71802 10101 20089 39950 40021 57025 60082 72586 87900
 333 10116 85940 555 50078 53009=
 23503 11498 81903 10094 20080 39946 49994 57018 60022 70262 885// 333 10122 88612 555 50092 53014=
 23507 66/// /2603 10084 20084 39698 49995 57006 60002 333 10092 555 50089 53011=
 23509 11598 62303 10096 20088 39934 40010 57018 60032 70282 86900 333
 10108 86921 555 50099 53009=
 23514 11597 81903 10086 20082 39827 40015 57016 60112 70282 8695/ 333 10115 84920 555 50087 53010=
 23518 12697 81805 10111 20088 39949 40037 57025 60042 8697/ 333 10129
 84633 91110 555 50091 53015=
 23606 11450 82004 10094 20088 39861 40025 57013 60032 78082 889// 333 10105 86919 555 50097 53010=
 23701 11583 72505 10090 20075 39920 40045 53006 60042 70282
 86980 333 10122 86922 91011 91112 555 53012=
 23704 76/// /2704 10101 20091 39795 49907 56038 333 60002 91112=
 23707 61498 82605 10088 20073 39941 40069 52012 60022 72582 83974 333 10121 91115 555 50103 53015 7002/=
 23708 11562 82005 10101 20079 39916 40060 57009 69992 78082 8695/ 333
 10139 86920 91114 555 50102 53014=
 23709 61998 82004 10114 20054 39881 40065 57007 60022 70282 8805/ 333 10142 555 50107 53009=
 23711 11498 81903 10103 20088 39896 40059 57013 60032 72582 8395/ 333 10132 555 50107 53008=
 23803 12599 82504 10119 20064 39906 40078 56004 60002 889// 333 10146
 555 50107 53012=
 23804 11597 72702 10093 20084 39941 40081 52004 60012 72582 85930 333 10131 85923 555 50102 53009=
 23807 11497 72604 10098 20087 39948 40104 53008 69992 72582 84930 333
 10136 91112 555 50103 53013=
 23808 86/// /2105 10121 20066 39934 40095 5////=
 23812 12597 62103 10138 20052 39924 40078 57010 60002 84930 333 10158
 91110 555 50129 53012=
 23904 12570 82303 10116 20077 39964 40115 50005 60002 883// 333 10160
 85930 555 50095 53012=
 23905 62599 82403 10126 20062 39888 40106 52002 60002 889// 333 10154
 555 53011=
 23909 62598 72004 10129 20061 39871 40105 57009 60002 86330 333
 10162=
 23912 62598 72002 10139 20065 39919 40102 57009 60002 82530 333 10164
 555 53011=
 23913 62599 80000 10130 20078 39889 40108 57013 60002 8653/ 333 10175
 555 53009=
 23914 62499 62404 10135 20058 39862 40107 57009 60002 86500 333
 10160=
 28013 62598 82102 10132 20044 39893 40114 57006 60002 889// 333 10160
 555 53011=
 28016 62599 82202 10142 20062 39906 40120 57006 60002 87902 333 10164
 555 53011=
 28029 62699 72303 10152 20077 39910 40119 57008 60002 86520 333 10185
 555 53010=
 28116 62499 72202 10134 20050 39909 40129 57007 60002 82535 333
 10173=
 28128 62899 82403 10149 20070 39985 40131 57007 60002 86044 333 10190
 555 53011=
 28134 62698 81801 10144 20078 39796 40130 57008 60002 82435 333 10196
 555 53008=
 28138 12599 31902 10136 20066 39595 40136 57013 60002 82540 333
 10187=
 28216 62699 62103 10132 20049 39857 40142 58007 60002 86500 333 10179
 555 53010=
 28222 62998 82301 10152 20068 39950 40135 57007 60002 80005 333 10210
 555 53008=
 28224 62870 82203 10157 20074 39937 40139 57007 60002 8801/ 333 10205
 91110=
 28234 62898 51901 10155 20073 39873 40137 57010 60002 83044 333 10214
 555 53009=
 28238 62599 32301 10138 20073 39854 40144 57010 60002 82201 333 10212
 555 53010=
 28313 62598 82301 10138 20049 39963 40147 57006 60002 86505 333 10192
 555 53011=
 28319 62598 52301 10144 20094 39998 40154 57007 60002 82550 333
 10195=
 28321 62999 32602 10138 20066 39950 40145 57005 60002 80002 333
 10199=
 28324 62599 32401 10127 20076 30032 40148 57007 60002 82409 333 10205
 555 53008=
 28326 62898 22102 10148 20076 39965 40143 57007 60002 82030 333 10223
 555 53008=
 28413 62899 32201 10153 20041 30040 40157 57004 60002 82034 333 10200
 555 53009=
 28428 62998 12402 10159 20066 39978 40154 57006 60002 80001 333 10225
 555 53009=
 28429 62998 02301 10147 20081 39765 40158 56007 60002 333 10211 555
 53008=
 22983 11477 82802 10094 20081 30035 40137 52024 60022 72582 8695/ 333
 10132 91005 91108 555 50113 53011=
 27083 12599 82804 10111 20074 39923 40137 52012 60002 885// 333 10137
 91011 91112 555 50103 53012=
 27097 12598 82503 10118 20078 39889 40141 52004 60002 8756/ 333 10154
 91006 91108 555 50092 53010=
 27185 12598 82702 10124 20069 39980 40157 52009 60002 885// 333 10159
 91006 91107 555 50099 53008=
 27199 12598 32802 10131 20063 39960 40149 52007 60002 82501 333 10166
 91004 91108 555 50097 53008=
 27281 12582 73002 10121 20064 39966 40166 52009 60002 83579 333 10154
 91004 91106 555 50096 53008=
 27283 12598 72802 10127 20073 30007 40158 52008 60002 87500 333 10160
 91003 91109 555 50097 53009=
 27295 12998 62602 10128 20055 39916 40158 52007 60002 84071 333 10168
 91004 91107 555 50087 53009=
 27296 12698 23102 10129 20069 39943 40152 52004 60002 82900 333 10168
 91005 91107 555 50098 53009=
 27385 125// 52801 10131 20075 30042 40168 52007 60002 82530 333 10185
 91003 91107 555 50084 53009=
 27393 11598 62603 10134 20092 39993 40157 57001 69912 70282 85931 333
 10179 91003 91108 555 50086 53012=
 27480 11598 62901 10124 20083 30049 40173 52007 69902 70282 83501 333
 10194 91003 91106 555 50095 53008=
 28007 12699 62903 10124 20050 39884 40136 53005 60002 85530 333 10156
 91007 91109 555 50102 53010=
 28009 12498 62302 10128 20069 39926 40128 57005 60002 86900 333 10153
 91004 91106 555 50094 53010=
 28105 12598 72702 10136 20063 39954 40139 53004 60002 87800 333 10163
 91006 91108 555 50089 53010=
 28202 12579 82701 10136 20074 39927 40139 56005 60002 87901 333 10169
 91002 91105 555 50094 53009=
 28302 12598 82502 10146 20070 39928 40146 57007 60002 8547/ 333 10175
 91003 91108 555 50085 53008=
 28307 11498 82703 10156 20083 30018 40155 55003 69902 78082 889// 333
 10189 91006 91107 555 50085 53007=
 28402 12998 62402 10153 20057 39981 40152 57007 60002 83035 333 10188
 91003 91107 555 50108 53009=
 28502 12998 82403 10165 20035 30061 40160 57006 60002 82031 333 10200
 91005 91109 555 50115 53009=
 22550 12697 82905 10098 20051 30137 40147 52022 60012 8653/ 333 10110
 86639 91012 91115 555 50106 53017=
 22778 11598 83005 10099 20052 30066 40133 52028 69972 70282 8557/ 333
 10116 91011 91115 555 50109 53015=
 22889 11496 82604 10095 20081 30043 40127 51028 60042 78082 889// 333
 10129 88914 91116 555 50115 53016=
 22762 62498 62803 10099 20058 30113 40151 52027 60032 86700 333 10109
 91111 555 50108 53011=
 22638 46/// /3201 10086 20032 39971 40192 52004=
 22671 12598 73003 10087 20061 30021 40098 51036 60042 86960 333 10103
 85625 91010 91112 555 50100 53012=
 22456 11597 23102 10079 20065 30033 40119 51032 60072 70281 82501 333
 10097 91110 555 50097 53015=
 22583 11497 82807 10081 20069 39938 40016 53029 60122 76166 8672/
 333 10101 91114 555 50097 53014=
 22749 NIL=
 22951 12498 72801 10089 20041 39923 40199 52011 69942 87800 333 10102
 555 50094 53011=
 22887 11699 82504 10108 20085 30065 40133 52025 60022 70282 8655/
 333 10134 86634 91113 555 50115 53013=
 22876 12597 62603 10104 20065 30066 40139 52027 60022 86900 333 10123
 86921 91110 555 50115 53013=
 22481 12/// /3109 10074 20059 39978 40030 53050 60002 333 10108 91016
 91118 555 53018=
 22854 12699 63001 10077 20048 39907 40191 52012 60022 86500 333 10091
 86640 555 50089 53011=
 22781 NIL=
 22676 11498 72808 10086 20062 30008 40084 52031 60072 70282 87900 333
 10103 91015 91116 555 50098 53016=
 22648 NIL=
 22559 62598 82905 10094 20052 30124 40140 51025 60012 8553/ 333 10109
 91011 91114 555 50105 53016=
 22869 12597 72803 10098 20061 30030 40175 52023 69902 87500 333 10119
 87628 555 50106 53014=
 22768 12597 72903 10101 20062 30109 40157 52025 69942 87900 333 10122
 85629 91110 555 50112 53012=
 22798 11598 72601 10085 20075 39976 40085 53027 60042 72582 86930 333
 10114 91112 555 50105 53013=
 22375 46/// /3512 10082 20044 30043 40058 52046 333 91121=
 23207 11599 81001 10090 20086 39945 49967 57006 60022 71582 8695/ 333
 10110 555 50069 53009=
 23215 NIL=
 23219 NIL=
 27095 76/// /2502 10118 20084 39926 40146 52006 333 60002 555 50096 53010=
 22408 22999 82801 10099 20030 30038 40184 57011 8807/ 333   60002=
 22511 42998 72301 10099 20030 30068 40186 57009 87010 333   60002=
 22529 22599 22801 10098 20028 30177 40184 52004 82500 333   60002=
 22602 22999 62601 10113 20006 39978 40197 57010 82031 333   60002=
 22621 73/70 /3001 10085 20022 30058 40195 52003 333   60002=
 22619 22998 32702 10101 20031 30040 40195 54000 80005 333   60002=
 22721 22998 22901 10101 20028 30103 40199 52001 80001 333   60002=
 22727 76/70 /3001 10116 20049 30158 40205 57002 333   60002=
 22717 73/70 /2801 10101 20063 30014 40207 57005 333   60002=
 22802 22699 60000 10129 20083 30185 40208 57010 84501 333   60002
 84643=
 22820 22970 52901 10111 20065 30072 40205 57006 81501 333   60002=
 22831 22698 62501 10088 20050 30151 40205 52005 83530 333   69952=
 22805 22598 52301 10135 20074 30188 40213 57011 84801 333   60002=
 22912 22699 80000 10122 20070 30198 40213 57004 884// 333   60002
 88638=
 
