09:31:00 MSK 29.08.2023
020 123456/=о000=0631
 унту01 бтул 290600
 22686 82598 82801 10111 20054 30055 40152 58007 81235=
 22695 42598 61901 10123 20055 39992 40139 58003 85130=
 22996 81598 20102 10096 20096 39962 40142 50005 72841 82900=
 23220 42599 72701 10115 20087 30005 40141 58002 82530=
 23226 42960 83201 10110 20081 39939 40146 52002 8805/=
 23305 42699 51101 10124 20079 30122 40149 58003 83530=
 23320 66/// /0402 10130 20071 30076 40146 57002 60002 333 21012=
 23324 41581 20401 10115 20094 30075 40149 58001 70240 81901=
 23405 42773 79901 10115 20069 30052 40147 58002 82202=
 23410 66/// /3601 10121 20079 30053 40146 50001 60002 333 20048=
 23411 42599 70301 10122 20077 30064 40149 58002 81930=
 23412 42999 73501 10116 20097 30054 40147 58001 87030=
 23416 NIL=
 23418 41565 20502 10126 20075 30071 40141 54000 70240 
 81230=
 23501 NIL=
 23503 42598 73501 10119 20085 30101 40149 58002 84930=
 23507 86/// /1001 10095 20080 39850 40151 54001=
 23509 42598 83201 10131 20065 30073 40148 58002 885// 333 88623=
 23514 42697 73602 10123 20089 39954 40142 57002 83280=
 23518 41598 10102 10116 20079 30047 40135 58003 70240 81200 555 53004=
 23606 42962 83501 10117 20099 39981 40141 57002 8805/=
 23701 82699 72401 10112 20094 30028 40153 54001 82830=
 23704 66/// /0301 10107 20097 39647 49756 53078 60002 333 20069=
 23707 82999 81801 10112 20093 30018 40145 54000 8805/=
 23708 42998 23602 10138 20081 39996 40139 57002 81039=
 23709 82998 13403 10115 20061 39949 40134 57002 80001=
 23711 42998 30302 10122 20089 39964 40127 58002 80001=
 23803 42999 00302 10111 20064 39958 40131 52006=
 23804 82997 83201 10107 20086 30002 40143 52001 86035=
 23807 42597 63503 10114 20100 39989 40144 58003 81530=
 23808 86/// /3002 10090 20085 39976 40139 51003=
 23812 42997 20102 10134 20072 39959 40114 58005 80002=
 23904 41970 20302 10113 20095 39988 40139 50005 70241 81031=
 23905 82999 03602 10137 20080 39905 40121 52002=
 23909 82598 10103 10133 20091 39875 40109 57001 81100=
 23912 82898 10303 10128 20089 39918 40101 54001 81030=
 23913 81599 60404 10161 20058 39868 40084 57008 70241 85901=
 23914 82499 33502 10132 20087 39850 40094 57003 82501=
 28013 82698 10103 10122 20080 39880 40101 57002 81100=
 28016 82999 23503 10126 20092 39887 40102 50000 80002=
 28029 82899 20103 10149 20087 39867 40075 57002 82070=
 28116 82499 20203 10126 20081 39871 40091 57002 82500=
 28128 82899 20104 10138 20086 39929 40074 54000 81031=
 28134 82598 50501 10159 20082 39726 40056 57004 85100=
 28138 42599 80206 10105 20076 39505 40046 57002 885// 333 91013
 91113=
 28216 81699 43604 10123 20091 39792 40076 52002 70380 82510=
 28222 82998 20201 10157 20086 39880 40063 57004 80001=
 28224 82870 20104 10131 20087 39855 40057 54000 82030=
 28234 82498 60203 10143 20071 39779 40042 58005 85940=
 28238 82599 80204 10124 20078 39748 40035 57005 8682/=
 28313 82598 63603 10130 20096 39889 40072 50002 86530=
 28319 82599 30203 10143 20091 39903 40057 52005 83200=
 28321 82599 63604 10128 20099 39869 40063 54001 83170=
 28324 82599 80105 10139 20083 39938 40053 50001 83489 333 91010
 91110=
 28326 81598 50302 10145 20101 39861 40037 57002 70262 83530 333
 91111=
 28413 82599 20104 10139 20085 39942 40058 51006 82800=
 28428 82598 60304 10140 20078 39854 40029 51007 83531=
 28429 82598 80305 10096 20075 39629 40023 52006 885// 333 91110=
 22983 42998 60000 10120 20085 30051 40153 57004 85035 333 91001
 91102=
 27083 42599 43202 10102 20086 39928 40144 52001 83109 333 91003
 91104=
 27097 41998 03303 10116 20089 39888 40141 50007 70141 333 91005
 91105=
 27185 42698 23302 10114 20083 39966 40144 50003 82100 333 91004
 91104=
 27199 42998 03502 10131 20079 39939 40128 52008 333 91005 91105=
 27281 41582 13503 10106 20083 39944 40145 52002 70240 81600 333 91004
 91105=
 27283 42998 03404 10125 20083 39986 40135 52007 333 91006 91106=
 27295 42998 03203 10124 20071 39886 40128 51008 333 91006 91106=
 27296 42998 03403 10128 20075 39913 40122 52007 333 91006 91106=
 27385 429// 13502 10138 20083 30005 40128 52004 81030 333 91005
 91105=
 27393 42998 10203 10138 20072 39952 40115 52006 80001 333 91007
 91107=
 27480 42998 00102 10139 20084 30009 40132 52004 333 91004 91105=
 28007 42999 13604 10118 20068 39877 40129 52008 80001 333 91007
 91107=
 28009 42998 03602 10132 20067 39917 40118 52002 333 91005 91105=
 28105 42998 00201 10133 20070 39936 40121 52004 333 91004 91105=
 28202 42999 00202 10131 20078 39895 40107 52004 333 91005 91106=
 28302 42598 20203 10122 20073 39881 40100 52004 82200 333 91007
 91107=
 28307 42998 23204 10140 20076 39968 40105 52007 80001 333 91007
 91107=
 28402 42998 33303 10131 20086 39921 40092 52006 82035 333 91005
 91106=
 28502 42598 63405 10141 20080 39981 40080 52008 81101 333 91009
 91110=
 22550 82997 71603 10124 20077 30112 40121 57014 80002=
 22778 42998 61601 10106 20075 30087 40155 57004 86070=
 22889 42898 82601 10093 20083 30071 40155 58004 8807/=
 22762 82998 61201 10105 20076 30110 40148 58006 80039=
 22638 46/// /1703 10089 20072 39867 40085 57012=
 22671 42598 81702 10099 20071 30066 40143 58002 885// 333 88632=
 22456 42597 81401 10112 20075 30036 40120 58014 885//=
 22583 42598 71001 10115 20076 30067 40145 58007 86831=
 22749 42998 81904 10116 20074 30001 40121 58010 80005=
 22951 42998 82202 10109 20056 39874 40147 57003 80001=
 22887 42699 80000 10097 20081 30091 40159 52002 8355/=
 22876 42997 82701 10101 20072 30090 40160 58002 8805/=
 22481 41498 80000 10104 20088 30085 40136 58007 70252 886//=
 22854 42999 81903 10106 20055 39860 40140 57003 80007=
 22781 NIL=
 22676 42598 71902 10103 20058 30072 40147 57006 87500=
 22648 42998 71505 10101 20093 30074 40119 57013 82031=
 22559 82698 71501 10127 20077 30115 40131 58013 82501=
 22869 41697 62001 10108 20079 30018 40162 54001 72841 82101=
 22768 41697 62003 10109 20060 30097 40145 57003 70341 82531=
 22798 42598 60000 10095 20079 30045 40155 50002 82530=
 22375 46/// /1301 10101 20089 30115 40130 57009=
 23207 41499 81603 10112 20091 30120 40142 57003 71552 87901=
 23215 42398 70802 10110 20096 30066 40152 50000 87800 333 87808=
 23219 NIL=
 27095 66/// /3302 10095 20087 39932 40154 51008 60002 333 20047=
 22408 11599 81307 10126 20117 39846 49987 57029 60022 72586 8633/
 333   20097 31010 86922 91012 91113=
 22511 11212 81404 10124 20113 39887 40002 57022 60012 76262 8672/
 333   20089 31007 86705=
 22529 11567 81403 10087 20076 30057 40064 57018 60012 78081 889//
 333   20037 32005 88920=
 22602 11476 81904 10126 20108 39788 40002 52004 60022 70282 889//
 333   20107 31010 88911 91111=
 22621 12467 81504 10122 20110 39913 40046 57011 60012 889// 333  
 20098 31/// 88912=
 22619 11498 71702 10132 20119 39885 40036 57005 60012 72582 87900
 333   20104 31008=
 22721 11397 81401 10124 20113 39969 40063 57006 69972 78082 889//
 333   20091 31009 86707=
 22727 12670 31704 10145 20129 30028 40073 54000 60012 83400 333  
 20110 32///=
 22717 12598 72203 10139 20109 39876 40063 52012 69982 86330 333  
 20111 31/// 86624 91110=
 22802 11699 72102 10145 20115 30044 40066 52012 60062 70282 86530
 333   20136 31013 86633=
 22820 11660 71802 10139 20125 39947 40077 52003 69972 78086 87900
 333   20106 31009 87636=
 22831 11398 81301 10101 20095 30049 40107 57006 69932 72582 889//
 333   20045 31003 88909=
 22805 12598 72506 10157 20124 30055 40078 52012 60022 86530 333  
 20147 31013 91111=
 22912 12599 62204 10171 20139 30074 40088 52008 60012 86501 333  
 20128 31013 86621=
 
