03:31:00 MSK 22.01.2023
020 123456/=о000=0031
 унту01 бтул 220000
 22686 41497 82903 11037 21053 30256 40360 51007 77072 8657/ 333 86615 555 1/104=
 22695 42498 82904 11041 21067 30184 40342 52010 885// 333 88616 555
 1/104=
 22996 42/// /1802 11045 21045 30173 40367 50001 555 1/104=
 23220 41496 82204 11045 21051 30079 40225 57003 77172 8372/ 555 1/105=
 23226 41357 82506 11047 21053 30001 40222 57001 77172 887// 333
 86708 93603 555 1/105=
 23305 42/// /2603 11013 21026 30256 40285 52009 555 1/103=
 23320 86/// /2404 11034 21044 30188 40263 52005=
 23324 41256 82402 11034 21040 30172 40251 52003 75675 886// 333 88705
 934// 555 1/104=
 23405 41497 82603 11023 21035 30203 40305 52010
 77172 885// 333 88613 555 1/103=
 23410 86/// /2304 11035 21048 30173 40272 52007 555 53008=
 23411 42/// /2403 11034 21035 30189 40281 51005 555 1/104=
 23412 41498 82604 11032 21044 30175 40275 52007 77172 8377/ 555 1/105=
 23416 NIL=
 23418 41665 72202 11028 21048 30217 40292 52008 70272 87500 
 333 87640 555 1/104=
 23503 42/// /2502 11029 21049 30259 40311 52008 555 1/104=
 23507 86/// /2802 11047 21053 30015 40338 51011=
 23509 42/// /2302 11037 21054 30247 40328 52011 555 1/105=
 23514 41597 82603 11037 21050 30110 40314 51006 70275 8555/ 333 85629  93401 555 1/105=
 23518 42/// /2603 11025 21030 30214 40309 52011 555 1/103=
 23606 42460 83102 11028 21044 30156 40334 52013
 885// 333 88612 555 1/103=
 23612 NIL=
 23701 42/// /2702 11025 21041 30219 40353 52009 555 1/103=
 23704 86/// /2901 11019 21019 39926 40039 55004 555 53006=
 23707 81497 82901 11016 21020 30212 40349 52008 78585 889// 333 86916  93401 555 1/103=
 23708 42/// /2202 11013 21021 30196 40350 52008 555 1/102=
 23709 NIL=
 23711 41497 82301 11018 21027 30156 40331 52006 78582 889// 333 88917 555 1/103=
 23803 41499 82501 11024 21050 30165 40350 51003 70272 886// 333 93403
 555 1/104=
 23804 82297 82201 11012 21016 30200 40350 52003 886// 333 88704 555 1/102=
 23807 42/// /2002 11028 21028 30193 40360 51002 555 1/103=
 23808 86/// /1801 11036 21043 30192 40367 52007=
 23812 41497 82502 11035 21042 30181 40350 52006 70282 889// 333 88917
 934// 555 1/104=
 23904 41213 81801 11048 21049 30208 40373 50001 77572 8772/ 333 87705
 555 1/105=
 23905 41595 82202 11052 21063 30138 40376 52004 77372 8802/ 555
 1/105=
 23909 41495 82302 11057 21070 30122 40378 52004 77372 8802/=
 23912 42/// /2002 11050 21056 30172 40373 52004 555 1/105=
 23913 41597 83102 11058 21084 30135 40376 54000 77172 8872/ 555
 1/106=
 23914 81494 82203 11054 21064 30108 40377 52004 77572 8802/=
 27095 86/// /1702 11058 21077 30152 40393 54001=
 28013 41395 82102 11060 21076 30141 40384 52002 77372 8872/ 555
 1/106=
 28016 42/// /2403 11060 21109 30154 40392 55001 555 1/106=
 28029 42599 82004 11072 21119 30163 40395 52001 885// 555 1/108=
 28116 42899 82202 11079 21124 30157 40401 54000 8807/=
 28128 41999 82303 11094 21122 30248 40412 54000 70232 80001 555
 1/111=
 28134 42998 81901 11104 21136 30041 40417 52001 80006 555 1/113=
 28138 43/// /2304 11113 21159 39811 40419 57002=
 28216 42899 82103 11102 21142 30105 40424 57002 8802/ 555 1/112=
 28222 42/// /2002 11088 21141 30213 40421 54001 555 1/112=
 28224 42970 82203 11082 21149 30199 40426 57002 80005=
 28234 42898 61703 11107 21179 30134 40433 58002 86070 555 1/113=
 28238 42899 32102 11125 21177 30108 40436 58002 83020 555 1/119=
 28313 NIL=
 28319 42899 32402 11107 21159 30275 40453 58002 83050=
 28321 42999 62004 11105 21154 30215 40434 57004 80001=
 28324 42/// /1201 11115 21175 30316 40447 50001 555 1/115=
 28326 42898 62103 11100 21173 30241 40442 57003 84031 555 1/116=
 28413 42899 82102 11092 21157 30322 40453 54001 82035 555 1/115=
 28428 42898 81902 11128 21201 30269 40471 54001 83031 555 1/120=
 28429 42/// /2203 11098 21172 30025 40468 50001 555 1/113=
 22983 41429 80000 11019 21023 30253 40362 52002 77372 8872/ 333 91001
 91102 93403 555 1/102=
 27083 41584 82101 11039 21063 30136 40368 52001 72272 8802/ 333 91001
 91102 555 1/103=
 27097 42/// /1702 11071 21091 30109 40386 54001 333 91003 91105 555
 1/108=
 27185 42/// /1802 11073 21112 30197 40392 52002 333 91003 91104 555
 1/110=
 27199 42998 82001 11083 21123 30192 40402 54000 8807/ 333 91003 91105
 555 1/112=
 27281 42984 81602 11085 21119 30172 40393 57003 8805/ 333 91003 91103
 555 1/111=
 27283 42597 81801 11096 21127 30225 40392 58002 8557/ 333 91002 91103
 555 1/111=
 27295 42/// /1702 11100 21137 30140 40410 57003 333 91003 91105 555
 1/112=
 27296 42998 61702 11101 21141 30175 40409 57003 86030 333 91003 91105
 555 1/112=
 27385 429// 71902 11109 21139 30269 40408 57006 84031 333 91002 91104
 555 1/115=
 27393 42998 52302 11118 21148 30243 40428 58004 82031 333 91004 91106
 555 1/113=
 27480 42998 51802 11099 21144 30273 40410 57006 81031 333 91004 91104
 555 1/114=
 28007 42499 82002 11083 21120 30119 40397 52002 885// 333 88616 91005
 91106 555 1/108=
 28009 42598 82103 11081 21133 30175 40398 52001 885// 333 91004 91106
 555 1/109=
 28105 42998 82002 11090 21133 30191 40404 52001 8802/ 333 91004 91105
 555 1/109=
 28202 42997 82103 11099 21141 30177 40414 58001 80004 333 91004 91105
 555 1/112=
 28302 42997 61802 11106 21144 30181 40427 57004 86030 333 91003 91104
 555 1/113=
 28307 42998 81401 11134 21159 30271 40428 58007 82031 333 91002 91103
 555 1/119=
 28402 42984 52105 11091 21143 30239 40430 58007 83015 333 91008 91108
 555 1/111=
 28502 42997 80702 11114 21159 30338 40451 57003 80003 333 91003 91103
 555 1/117=
 22550 81570 82403 11022 21042 30348 40359 52010 70282 885// 333 88623
 555 1/103=
 22778 42498 83402 11025 21042 30296 40368 52010 886// 555 1/103=
 22889 42/// /0000 11015 21015 30271 40360 52002 555 1/102=
 22762 42/// /3301 11050 21050 30336 40377 52013 555 1/104=
 22638 46/// /2700 11049 21054 30138 40374 52009=
 22671 42/// /2401 11035 21041 30278 40360 52011 555 1/104=
 22456 42/// /2402 11019 21030 30248 40339 52006 555 1/103=
 22583 42584 72603 11028 21047 30256 40340 52009 875// 555 1/104=
 22749 42/// /0801 11061 21069 30247 40379 52010 555 1/106=
 22951 42/// /0501 11024 21028 30072 40364 52004 555 1/103=
 22887 41296 81401 11013 21018 30283 40355 52003 71082 886// 
 333 88705 93401 555 1/102=
 22876 42/// /0000 11009 21009 30283 40358 50003 555 1/102=
 22481 42/// /2304 11018 21029 30265 40320 52008 555 1/103=
 22854 42/// /0602 11049 21053 30071 40374 52007 555 1/105=
 22781 NIL=
 22676 41498 83103 11035 21058 30281 40362 52008 70272 885// 555
 1/104=
 22648 42/// /2702 11055 21056 30335 40384 52014 555 1/105=
 22559 42/// /2302 11032 21046 30348 40365 52012 555 1/104=
 22869 42/// /0101 11000 21001 30206 40359 54000 555 1/100=
 22768 42497 83601 11027 21035 30318 40370 52010 885// 333 88618 555
 1/103=
 22798 42/// /0000 11018 21018 30239 40356 52009 555 1/103=
 22375 46/// /2706 11012 30290 40305 52012=
 23207 NIL=
 23215 42/// /2307 11031 21039 30142 40234 52003 555 1/103=
 23219 NIL=
 22408 41259 82603 11043 21051 30203 40359 52007 77072 8872/ 333  
 87505 555   1/104=
 22511 42380 82601 11038 21051 30235 40361 52010 886// 333   88707
 555   1/104=
 22529 41598 82502 11018 21042 30357 40364 52012 70282 885// 333  
 88623 555   1/103=
 22602 41359 82802 11043 21052 30138 40374 52009 77172 8872/ 333  
 88507 555   1/104=
 22621 83470 /2303 11029 21049 30225 40370 52009 555   1////=
 22619 42498 82602 11037 21054 30205 40371 52008 885// 333   88615
 555   1/104=
 22721 41397 82801 11043 21051 30276 40379 52007 70252 886// 333  
 88708 93401 555   1/104=
 22727 86370 /0201 11046 21057 30332 40382 52009 555   1////=
 22717 83/67 /0000 11051 21057 30179 40382 52007 555   1////=
 22802 42498 83601 11036 21047 30357 40382 52004 885// 555   1/104=
 22820 41296 80401 11054 21062 30238 40382 52009 72272 886// 333  
 88703 555   1/105=
 22831 42397 80000 11053 21064 30319 40377 52010 886// 333   88706
 555   1/105=
 22805 425// 83601 11036 21043 30364 40385 52009 885// 555   1/102=
 22912 41256 80702 11056 21066 30360 40376 52012 77172 8872/ 333  
 86703 555   1/105=
 
