18:31:00 MSK 18.07.2023
020 123456/=о000=1531
 уйту01 бтул 181500
 22686 62598 23004 10262 20136 39933 40023 56007 60002 81135 333 10291 555 50214 53008=
 22695 12698 40000 10283 20058 39873 40010 57009 60002 82101 333 10286
 555 50228 53008=
 22996 62599 63502 10259 20157 39853 40021 57009 60002 82431 333 10286 555 50208 53004=
 23220 12499 71102 10196 20161 39911 40042 53009 60002 87900 333 10262 91113 555 50182 53013=
 23226 11560 62403 10200 20164 39838 40036 54000 60022 70182 82939 333 
 10257 91110 555 50166 53014=
 23305 12699 60000 10260 20131 30000 40025 57007 60002 82535 333 10275
 555 50225 53006=
 23320 76/// /1801 10213 20157 39972 40039 57005 333 60002 555 50196 53009=
 23324 12584 73601 10234 20143 39971 40042 53001 60002 82940 333 10277
 555 50203 53009=
 23405 12774 61401 10258 20174 39933 40022 57010 60002
 82130 333 10281 555 50211 53006=
 23410 76/// /0601 10239 20159 39945 40033 57005 333 60002=
 23411 12599 72001 10251 20116 39947 40028 57008 60002 86936 333
 10279 555 50217 53009=
 23412 12699 51102 10240 20167 39944 40032 57010 60002 83530 333 10271
 555 50213 53006=
 23416 NIL=
 23418 12665 21702 10289 20097 39969 40035 57006 60002
 81101 333 10295 555 50230 53007=
 23503 12698 30000 10287 20095 39984 40029 57008 60002 81132 333 10296 555 50207 53009=
 23507 66/// /2001 10264 20117 39742 40022 57009 60002 333 10282 555 50216 53006=
 23509 12698 22001 10286 20078 39956 40026 57010 60002 81101 333 10300
 555 50213 53005=
 23514 12697 62101 10274 20104 39851 40028 57009 60002 83101 333 10289 555 50213 53005=
 23518 12598 80000 10264 20147 39952 40035 56008 60002 82979 333 10297
 555 50208 53006=
 23606 12962 21701 10238 20107 39878 40031 57011 60002 80001 333 10283 555 50206 53005=
 23701 12676 52101 10269 20129 39913 40030 57009 60002 83930 333 10291
 555 50206 53006=
 23704 76/// /1901 10283 20136 39926 40039 55004 333 60002=
 23707 62998 71101 10259 20168 39906 40025 57011 60002 84082 333 10277 555 50221 53005 =
 23708 12998 53601 10270 20090 39896 40031 56010 60002 83039 333 10290
 555 50221 53004=
 23709 62598 63301 10270 20115 39855 40029 56010 60002 86300 333 10295 555 50223 53004=
 23711 12598 21701 10250 20152 39875 40029 57009 60002 82101 333 10294
 555 50217 53005=
 23803 12699 80000 10245 20100 39869 40032 56007 60002 84161 333 10304
 555 50219 53005=
 23804 62597 60000 10260 20173 39895 40026 57009 60002 84930 333 10291 555 50224 53005=
 23807 12597 63502 10248 20162 39881 40028 57010 60002 82930 333 10287
 555 50216 53004=
 23808 66/// /0103 10275 20115 39874 40025 57012 60002 333 10286=
 23812 12597 62001 10258 20107 39879 40026 57009 60002 85202 333 10303
 555 50208 53005=
 23904 12570 60101 10262 20143 39881 40023 57010 60002 83330 333 10294
 555 50202 53009=
 23905 62999 20702 10272 20098 39815 40020 57009 60002 80001 333 10290
 555 53007=
 23909 62998 80902 10253 20137 39802 40024 57010 60002 80005 333 10273
 555 53008=
 23912 62598 80000 10244 20150 39853 40028 57010 60002 82935 333 10271
 555 53006=
 23913 82599 81101 10235 20131 39827 40036 57005 889//=
 23914 61499 81202 10215 20151 39794 40029 57010 60002 78092 86905 333
 10260 555 53006=
 28013 62598 70702 10239 20138 39814 40024 57009 60002 83910 333 10257
 555 53008=
 28016 62599 80802 10244 20157 39819 40023 57008 60002 86905 333 10261
 555 53008=
 28029 61699 83601 10171 20148 39826 40030 57002 69932 70282 885// 333
 10262 91111 555 53011=
 28116 62599 70801 10226 20154 39809 40020 57007 60002 84331 333 10261
 555 53006=
 28128 61598 80602 10185 20162 39881 40023 57008 69992 72598 8633/ 333
 10242 555 53009=
 28134 62598 80000 10184 20146 39706 40031 57006 60032 86431 333 10241
 555 53006=
 28138 11599 80202 10173 20159 39500 40026 57008 60012 70298 883// 333
 10218 555 53010=
 28216 61599 73201 10195 20152 39739 40013 57011 60232 71798 87300 333
 10253 555 53014=
 28222 61598 80702 10183 20152 39839 40020 58005 69982 70298 83251 333
 10258 555 53008=
 28224 61670 60302 10202 20151 39816 40012 57004 60002 71792 85335 333
 10257 555 53008=
 28234 62498 60402 10205 20154 39756 40011 57012 69932 84901 333 10244
 555 53007=
 28238 62599 81202 10235 20114 39728 40005 57015 60002 82501 333 10241
 555 53007=
 28313 61598 70401 10212 20158 39835 40012 57007 60002 70298 86901 333
 10263 555 53008=
 28319 11598 60702 10217 20154 39858 40008 57007 60012 70198 85951 333
 10255 555 53010=
 28321 81599 60204 10190 20171 39825 40013 53012 60122 71798 86300 333
 10257 555 53009=
 28324 61598 60101 10191 20155 39895 40006 58007 60042 70298 83984 333
 10254 555 53006=
 28326 12598 51801 10240 20160 39834 40004 57008 60092 83530 333 10241
 555 53007=
 28413 62599 63602 10208 20152 39895 40007 55005 69932 70298 83435 333
 10252 555 53008=
 28428 61499 63002 10189 20153 39829 40000 50001 69982 72598 83901 333
 10270 555 53009=
 28429 62898 30701 10204 20137 39621 49999 55006 69902 82031 333 10241
 555 53009=
 22983 12498 60000 10278 20138 39931 40025 57014 60002 84935 333 10283
 91001 91104 555 50219 53004=
 27083 12599 63502 10268 20124 39819 40020 57010 60002 86800 333 10280
 91004 91104 555 50208 53005=
 27097 12598 13402 10258 20142 39784 40021 57013 60002 81100 333 10279
 91004 91104 555 50212 53005=
 27185 12698 23401 10271 20116 39854 40020 57013 60002 82200 333 10282
 91002 91105 555 50206 53006=
 27199 12698 30202 10270 20097 39839 40017 57011 60002 82101 333 10279
 91004 91107 555 50211 53007=
 27281 12582 20501 10265 20129 39834 40021 57013 60002 82200 333 10276
 91001 91104 555 50213 53005=
 27283 12598 13601 10266 20139 39878 40019 57014 60002 81100 333 10273
 91002 91105 555 50201 53005=
 27295 12998 23502 10264 20079 39789 40016 57011 60002 80002 333 10277
 91004 91107 555 50220 53007=
 27296 12598 30302 10259 20101 39818 40015 57010 60002 82201 333 10275
 91004 91106 555 50202 53008=
 27385 126// 20101 10269 20124 39901 40017 57012 60002 81130 333 10281
 91003 91105 555 50204 53007=
 27393 12598 20603 10263 20090 39863 40017 57007 60002 81170 333 10271
 91005 91108 555 50218 53008=
 27480 12998 00301 10272 20130 39903 40020 57013 60002 333 10288 91003
 91104 555 50206 53007=
 28007 12599 20000 10273 20111 39782 40018 56011 60002 81201 333 10282
 91000 91105 555 50223 53007=
 28009 12698 80802 10265 20099 39828 40018 57010 60002 85401 333 10287
 91004 91105 555 50206 53006=
 28105 12598 20301 10269 20100 39841 40015 56010 60002 82200 333 10281
 91003 91106 555 50202 53007=
 28202 12683 60902 10256 20112 39813 40013 56006 60002 81934 333 10269
 91003 91107 555 50210 53007=
 28302 11598 80902 10171 20160 39811 40024 53004 60052 79522 889// 333
 10272 91004 91110 555 50201 53010=
 28307 12498 20101 10267 20095 39882 40012 57005 60002 81430 333 10276
 91004 91108 555 50215 53010=
 28402 11468 80501 10173 20168 39857 40024 52010 60062 79598 8637/ 333
 10267 91002 91110 555 50198 53010=
 28502 11598 83303 10198 20158 39918 40014 57001 60052 70298 889// 333
 10265 91005 91105 555 50199 53011=
 22550 12597 63601 10251 20156 30010 40019 58011 60032 82242 333 10253
 555 50209 53007=
 22778 12998 70000 10252 20157 39979 40043 57012 60002 87070 333 10286
 555 50207 53007=
 22889 12598 60000 10265 20167 39949 40027 57012 60002 82480 333 10291
 555 50218 53006=
 22762 12698 51702 10266 20094 39987 40022 57013 60002 82101 333 10276
 555 50196 53006=
 22638 NIL=
 22671 12699 52201 10265 20113 39945 40016 57010 69902 82901 333 10272 555 50199 53006=
 22456 12598 72701 10244 20100 39933 40012 57004 60002 82470 333 10263
 555 50222 53009=
 22583 12698 72701 10245 20135 39952 40025 57005 60002 84870
 333 10286 555 50224 53009=
 22749 NIL=
 22951 12598 81201 10241 20099 39766 40023 57022 60002 82101 333 10260
 555 50192 53005=
 22887 12699 39901 10275 20162 39964 40027 57012 60002 82201 333 
 10286 555 50219 53004=
 22876 12597 23101 10250 20153 39964 40032 57008 60002 82130 333 10290
 555 50222 53007=
 22481 11598 32105 10250 20128 39967 40016 56004 69942 70281 
 82361 333 10251 91110 555 50192 53010=
 22854 12599 72001 10239 20083 39758 40022 57018 60002 82204 333 10254
 555 50204 53007=
 22781 NIL=
 22676 12598 72502 10253 20148 39949 40020 57009 60002 86940 333 10263 555 50206 53006=
 22648 NIL=
 22559 62598 43401 10253 20137 30006 40021 57004 60002 82201 333 10273
 555 50217 53006=
 22869 12997 73601 10228 20178 39896 40032 58019 60002 80070 333 10250 555 50200 53003=
 22768 12697 51902 10257 20140 39979 40024 57017 60002 82501 333 10262
 555 50210 53005=
 22798 12598 62102 10274 20118 39922 40024 57010 60002 81230 333 10296
 555 50218 53006=
 22375 NIL=
 23207 11598 81001 10182 20173 30006 40027 52004 60022 71582 8694/ 333
 10244 555 50189 53007=
 23215 NIL=
 23219 NIL=
 27095 76/// /3602 10261 20148 39825 40032 57010 333 60002 555 50204 53006=
 22408 73/// ///// 1//// 2//// 3//// 4//// 5//// 333   6///2=
 22511 21598 61602 10221 20102 39884 49995 57010 70282 84931 333  
 60012=
 22529 22599 80702 10205 20149 30010 40016 57006 83904 333   60212=
 22602 22499 62503 10204 20096 39794 40002 57007 83131 333   60002=
 22621 73/70 /2204 10228 20084 39884 40012 57007 333   60002=
 22619 22480 52302 10224 20112 39865 40011 57009 82205 333   60002=
 22721 21698 82902 10189 20113 39935 40026 57005 72522 84585 333  
 69902=
 22727 76970 /2003 10214 20128 39986 40030 57011 333   60002=
 22717 73/70 /2303 10193 20106 39849 40029 57005 333   60002=
 22802 22599 72002 10181 20130 30010 40032 57005 82935 333   60022=
 22820 21561 82402 10164 20136 39907 40035 57008 78082 8497/ 333  
 69932=
 22831 22998 73001 10221 20128 39979 40030 57015 83031 333   60002=
 22805 22598 71304 10156 20135 30011 40029 57009 87530 333   60002
 91110=
 22912 21599 82502 10178 20142 30023 40037 57014 70292 8157/ 333  
 60002=
 
