09:31:00 MSK 05.04.2023
020 123456/=о000=0631
 унту01 бтул 050600
 22686 41998 73304 11010 21044 30129 40231 52012 70272 87050=
 22695 41497 83204 11003 21038 30051 40206 52011 77172 8652/ 333 86617=
 22996 42999 53602 10073 21002 39992 40174 52003 80001=
 23220 42599 20901 11095 21142 30009 40156 57014 81530=
 23226 42960 21803 11117 21161 39936 40162 57010 82030=
 23305 42999 52302 11013 21109 30162 40190 57009 82031=
 23320 66/// /2304 11015 21046 30093 40166 57015 60002 333 21054=
 23324 42983 62402 11015 21086 30083 40161 57016 86070=
 23405 41978 22903 11018 21127 30101 40202 54000 70271 81031
 333 21035=
 23410 66/// /2404 11015 21063 30074 40172 57011 60002 333 21062=
 23411 41599 32904 11010 21149 30089 40180 57009 70271 83500=
 23412 42999 33103 11018 21075 30076 40175 57009 83030=
 23416 NIL=
 23418 41929 83102 11018 21039 30105 40179 57012 
 77372 8802/=
 23501 NIL=
 23503 41398 73102 11013 21035 30144 40195 57003 72687 87900 333 85708=
 23507 86/// /3302 11012 21037 39891 40206 52004 333 21022=
 23509 41497 83203 11009 21022 30112 40191 54000 77172 8652/ 333 86613=
 23514 41395 83001 11006 21014 39984 40183 57010 77272 8672/ 333 85708=
 23518 42998 81901 10023 21037 30078 40170 57015 8807/ 555 53005=
 23606 42562 83403 10021 21045 30014 40181 57003
 86501 333 86627=
 23701 42499 73502 10032 21023 30069 40198 52002 85570 333 85614=
 23704 66/// /3501 10040 21027 39926 40039 55004 60002 333 21048=
 23707 82999 23604 10049 21029 30054 40186 52003 81041=
 23708 42984 80301 10059 21025 30031 40179 57004 80004=
 23709 42998 50000 10052 21028 39983 40174 57010 80002=
 23711 42998 50901 10036 21026 30001 40169 57013 80001=
 23803 42999 31701 10027 21034 30001 40181 56008 80005 333 21010=
 23804 82997 43302 10056 21009 30036 40179 54000 80001=
 23807 42997 23402 10059 20017 30023 40182 53001 81039=
 23808 86/// /0000 10060 20001 30013 40179 57003=
 23812 42997 80000 10057 21022 30014 40174 57013 80005=
 23904 42970 60501 10060 20004 30022 40177 57002 83035=
 23905 42899 80501 10060 21009 39949 40173 57005 8801/=
 23909 42898 82701 10057 21011 39934 40176 57005 8807/=
 23912 42898 82302 10057 21007 39986 40176 57012 82035=
 23913 42999 81502 10040 21026 39958 40186 57017 80005=
 23914 82698 81102 10038 21011 39922 40178 57010 81105=
 28013 42998 80000 10063 21010 39946 40174 57006 80007=
 28016 42899 80000 10062 20001 39954 40175 57005 82049=
 28029 42899 81501 10073 21007 39961 40176 57007 86075=
 28116 42899 80000 10067 21005 39948 40175 57006 8801/=
 28128 42999 82001 10054 21010 30028 40180 57008 80005=
 28134 42998 80201 10049 21008 39836 40184 57009 80005=
 28138 42999 83201 10078 21015 39622 40176 57012 80005=
 28216 42999 60000 10119 21010 39882 40169 57006 80005=
 28222 42898 81802 10085 21002 39988 40178 57006 83055=
 28224 42870 80000 10093 21006 39966 40174 57007 82017=
 28234 42997 83201 10079 21019 39906 40179 57009 80007=
 28238 42999 80401 10089 21017 39880 40177 57017 80005=
 28313 42998 80000 10103 21007 39985 40172 57010 80005=
 28319 42899 61301 10111 21024 30014 40172 57009 84051=
 28321 42999 60000 10082 21002 39974 40173 58008 80002=
 28324 42898 80801 10064 21019 30056 40175 58010 83045=
 28326 42898 72901 10088 21011 39993 40175 57009 82035=
 28413 42899 80201 10067 21017 30051 40171 55005 82035=
 28428 42999 81701 10122 21032 39992 40171 58009 80001=
 28429 42998 32201 10141 21015 39774 40169 58006 80001=
 22983 42998 80201 10063 21008 30093 40197 52007 86085 333 91003
 91103=
 27083 42999 33503 10071 21010 39962 40180 52007 80009 333 91005
 91106=
 27097 42598 63501 10088 20013 39919 40175 52002 81331 333 91002
 91102=
 27185 42698 63501 10101 21001 39999 40178 52006 85581 333 91001
 91102=
 27199 42598 73201 10109 20000 39980 40171 54000 86530 333 91003
 91103=
 27281 42998 83504 10090 20000 39974 40176 53007 87079 333 91005
 91105=
 27283 43/// /3502 10080 20009 30023 40176 52005 333 91003 91103=
 27295 42598 71901 10109 21006 39926 40171 52001 83575 333 20053 91001
 91102=
 27296 42998 70000 10118 21018 39954 40165 57003 86032 333 91001
 91101=
 27385 425// 81301 10124 20018 30044 40168 52001 82531 333 20024 91001
 91102=
 27393 42598 60801 10094 21016 30006 40173 57003 82531 333 20018 91001
 91103=
 27480 42998 02901 10107 20026 30049 40174 52006 333 91002 91102=
 28007 42599 83201 10074 21017 39917 40174 54000 82505 333 20032 91002
 91102=
 28009 42998 80000 10068 21019 39971 40177 57002 86077 333 91000
 91101=
 28105 42998 70000 10076 21005 39975 40171 57004 87020 333 91000
 91103=
 28202 42980 80000 10070 21022 39953 40171 57004 80005 333 91000
 91103=
 28302 42998 80601 10086 21008 39944 40168 57003 80005 333 91001
 91101=
 28307 42998 60000 10096 21002 30026 40167 57004 82031 333 20006 91000
 91102=
 28402 42975 73301 10083 20012 39990 40165 57005 86019 333 91001
 91102=
 28502 42998 50000 10073 20017 30064 40166 57005 80005 333 91000
 91102=
 22550 82997 03101 11023 21067 30268 40278 52012=
 22778 41498 73602 10005 21030 30170 40241 52018 72687 82570=
 22889 42898 33002 10043 21016 30114 40200 52006 83040=
 22762 42898 13102 10007 21046 30222 40262 52015 81030 333 21015=
 22638 46/// /2701 11055 21099 30060 40295 52012=
 22671 42999 12301 11028 21091 30174 40255 52011 80000=
 22456 42597 82902 11009 21060 30168 40258 51009 885//=
 22583 42998 72903 11012 21107 30148 40230 52006 87070=
 22749 42598 70302 11002 21056 30145 40272 52015 82530=
 22951 42498 83602 11002 21003 39973 40259 52015 886//=
 22887 42699 43203 10020 21023 30141 40211 52007 82531=
 22876 42997 73102 10021 21025 30153 40226 52017 87030=
 22481 42998 72602 11034 21079 30171 40226 52002 87030=
 22854 42598 80202 11013 21044 39972 40268 52017 885// 333 21017
 88627=
 22781 NIL=
 22676 41998 13104 11005 21079 30165 40245 52009 70271 333 21032=
 22648 42998 03202 11013 21092 30240 40288 52015 333 21027=
 22559 42998 03002 11036 21086 30258 40275 52009=
 22869 NIL=
 22768 41597 73603 10003 21050 30205 40256 52019 70272 86530 333
 86631=
 22798 42998 33303 10051 21032 30087 40199 52006 82031=
 22375 NIL=
 23207 41599 82603 11034 21064 30151 40174 57010 72611 889//=
 23215 42498 72305 11106 21150 30064 40158 57013 84032=
 23219 NIL=
 27095 66/// /3001 10087 20013 39959 40183 50001 60002 333 21013=
 22408 12999 31601 11082 21127 30152 40310 52011 60002 80009 333  
 21179 43078=
 22511 12998 30000 11069 21148 30178 40305 52011 60002 80001 333  
 21175 43069 93500=
 22529 12999 00000 11031 21094 30286 40293 52011 60002 333   21188
 43027=
 22602 12999 10000 11060 21104 30073 40309 52010 60002 8103/ 333  
 21191 47085=
 22621 12998 22401 11043 21123 30154 40299 52010 60002 80001 333  
 21156 43065=
 22619 12983 03002 11071 21144 30132 40299 52010 60002 333   21150
 47051=
 22721 12998 03001 11012 21117 30194 40295 52013 60002 333   21064
 47074=
 22727 12970 00202 11001 21063 30238 40287 52012 60002 333   21014
 46007=
 22717 12598 70302 11020 21083 30089 40288 52009 69902 87500 333  
 21024 47058 87632=
 22802 12599 70502 10005 21046 30257 40281 52011 60002 84530 333  
 21008 47051 84632=
 22820 12570 80502 11010 21051 30142 40283 52010 69922 8457/ 333  
 21018 47009=
 22831 42698 70402 10011 21046 30218 40274 52016 60002 83930 333  
 21004 43055=
 22805 12598 70603 10004 21024 30258 40278 52011 60002 84531 333  
 21007 44025=
 22912 12599 70703 10013 21018 30255 40270 52014 60002 87500 333  
 20002 43011 87626=
 
