12:31:00 MSK 05.09.2023
010 111/=о000=0931
 уйту01 бтул 050900
 22686 82598 82505 10193 20126 30053 40146 57008 82905=
 22695 42598 62503 10189 20110 39991 40134 57010 85931=
 22996 82598 52401 10203 20144 39996 40170 57012 84909=
 23220 42999 01702 10187 20064 30034 40167 57019=
 23226 42960 02005 10176 20063 39963 40166 57017=
 23305 42699 61805 10196 20149 30090 40116 58014 82235=
 23320 86/// /2303 10194 20028 30099 40168 57017=
 23324 42989 12303 10183 20051 30094 40167 57018 80001=
 23405 42570 71804 10210 20143 30028 40119 57015 86930 333 84821=
 23410 86/// /1506 10164 20071 30060 40152 57017 333 91010 91113=
 23411 42599 82105 10159 20132 30054 40138 57011 885// 333 91110=
 23412 42599 71805 10166 20090 30057 40149 57015 85530 333 85628 91110=
 23416 NIL=
 23418 42665 51705 10182 20076 30091 40160 57017
 84530 333 84639=
 23503 41498 71904 10170 20137 30098 40145 57011 70262 86530 333 86613=
 23507 86/// /2202 10187 20150 39845 40135 57013=
 23509 42498 82002 10174 20143 30080 40154 57012 885// 333 88619=
 23514 42697 71702 10153 20114 39974 40161 57012 87500 333 87640=
 23518 42698 51804 10180 20072 30091 40177 57014 82141=
 23606 42562 81803 10188 20141 30001 40157 57012 8693/ 333 85922=
 23701 82699 42003 10211 20125 30033 40153 57014 84200=
 23704 86/// /2302 10212 20144 30169 40280 53245=
 23707 82499 62304 10211 20120 30031 40154 57013 82905=
 23708 42598 61703 10187 20141 30029 40170 57010 81530=
 23709 42598 81702 10178 20113 39996 40178 57008 888// 333 86821=
 23711 42698 61803 10180 20100 30019 40179 57012 82540=
 23803 42599 72002 10180 20134 30009 40178 58008 87900=
 23804 82597 41702 10212 20142 30025 40161 57012 84100=
 23807 82597 52303 10215 20136 30017 40167 57011 84901=
 23808 NIL=
 23812 82/// /1601 10196 20066 30035 40187 57010=
 23904 42570 52502 10219 20113 30026 40172 57009 84330=
 23905 82599 81401 10183 20148 39967 40181 57006 885//=
 23909 82598 82202 10169 20120 39958 40190 57005 883//=
 23912 82599 62801 10185 20096 30009 40190 57009 84101=
 23913 82599 33501 10174 20047 39978 40195 57012 81101=
 23914 82499 72002 10179 20099 39948 40191 57008 86904=
 28013 82598 72303 10183 20093 39970 40188 57006 86930=
 28016 82599 72401 10180 20125 39978 40191 57005 87900=
 28029 82599 62701 10178 20089 39981 40189 57011 85931=
 28116 82499 62202 10193 20108 39973 40190 57004 85401=
 28128 82599 21602 10183 20108 30051 40196 57007 82800=
 28134 82598 50901 10173 20068 39860 40193 57007 85200=
 28138 42599 63501 10159 20050 39651 40191 57007 86100=
 28216 81596 81103 10134 20125 39913 40199 54001 76165 8872/=
 28222 82598 71601 10183 20080 30010 40195 57007 86571=
 28224 82670 71501 10168 20094 39992 40194 57007 86880=
 28234 82599 50301 10179 20032 39931 40195 57009 84201=
 28238 82599 61202 10171 20041 39907 40195 57008 86100=
 28313 81598 81602 10154 20134 30013 40196 57003 76062 885//=
 28319 81598 70802 10161 20132 30041 40197 58005 70282 85450=
 28321 81598 81501 10133 20127 30005 40201 54001 76162 8652/=
 28324 81597 81402 10140 20120 30084 40200 57002 72582 889//=
 28326 82598 60702 10185 20054 30016 40192 57008 82231=
 28413 81599 73602 10190 20128 30073 40188 55005 71792 86934=
 28428 81598 80801 10146 20119 30021 40198 57002 72582 889//=
 28429 82598 72101 10168 20090 39801 40192 57005 85931=
 22983 42498 62602 10206 20139 30077 40175 57011 83965 333 91004
 91106=
 27083 42599 52603 10162 20131 39972 40184 57001 85800 333 91005
 91106=
 27097 42598 72402 10198 20138 39934 40180 57006 87200 333 91003
 91104=
 27185 42698 82902 10154 20131 30024 40200 54000 885// 333 91004
 91105=
 27199 42598 62502 10217 20133 30000 40184 57007 86900 333 91006
 91106=
 27281 42582 33102 10195 20134 30003 40198 57006 83100 333 91004
 91105=
 27283 42598 22703 10208 20123 30045 40191 58006 82200 333 91005
 91106=
 27295 42598 62303 10212 20112 39953 40189 57007 86580 333 91005
 91105=
 27296 42598 62602 10228 20107 39981 40184 57009 86800 333 91005
 91105=
 27385 429// 63002 10229 20113 30075 40195 57006 83031 333 91005
 91105=
 27393 42598 52904 10221 20102 30032 40192 57010 85200 333 91005
 91106=
 27480 42698 63202 10237 20134 30078 40197 57006 86100 333 91004
 91104=
 28007 42599 53201 10203 20097 39936 40181 57007 84230 333 91003
 91104=
 28009 42498 70801 10213 20109 39987 40184 57008 86930 333 91002
 91103=
 28105 42598 62402 10206 20110 30004 40185 57006 85230 333 91005
 91105=
 28202 42683 63002 10211 20099 39978 40185 57004 84239 333 91005
 91105=
 28302 42598 63301 10210 20087 39975 40189 57004 82930 333 91003
 91104=
 28307 42498 72401 10239 20092 30055 40189 57009 86901 333 91004
 91105=
 28402 42698 63602 10231 20109 30022 40188 57007 85231 333 91004
 91105=
 28502 42698 82904 10245 20067 30093 40189 57009 81131 333 91006
 91106=
 22550 81497 72003 10163 20134 30089 40098 57012 70282 86960 333
 86619=
 22778 42498 82504 10183 20108 30097 40163 57010 84575=
 22889 42/// /2102 10192 20143 30090 40172 57011=
 22762 82998 61902 10177 20121 30107 40144 58010 83035=
 22638 46/// /2403 10155 20124 39888 40102 57012=
 22671 42998 72002 10171 20133 30057 40134 57004 82170=
 22456 42597 82203 10151 20122 39999 40082 57012 885//=
 22583 42698 72202 10180 20111 30049 40125 57006 82871=
 22749 NIL=
 22951 42598 82302 10151 20118 39914 40183 57008 8653/=
 22887 42699 82004 10200 20137 30107 40173 58008 82101=
 22876 42597 72502 10195 20116 30104 40173 57007 85231 333 85823=
 22481 42598 72107 10170 20107 30048 40098 57009 85230 333 91011
 91112=
 22854 42699 82104 10149 20122 39888 40163 57009 885// 333 88636=
 22781 NIL=
 22676 42598 72305 10178 20105 30064 40137 57008 85270 333 91110=
 22648 NIL=
 22559 82598 82103 10160 20127 30097 40112 57012 8357/=
 22869 42697 72303 10175 20112 30042 40182 57012 82170=
 22768 42697 72105 10162 20116 30108 40156 57013 83571=
 22798 42698 52304 10206 20118 30053 40158 57012 83101=
 22375 46/// /2205 10166 20118 30057 40072 57014=
 23207 41498 82002 10170 20158 30076 40097 57010 72582 8695/=
 23215 NIL=
 23219 NIL=
 27095 86/// /2501 10215 20147 39973 40186 57008=
 22408 42599 62604 10144 20073 39925 40067 52007 82932 333   91110=
 22511 42598 72802 10153 20096 39951 40065 57001 86930 333   86631=
 22529 41599 82204 10168 20136 30066 40072 57014 72582 889// 333  
 88925 91110=
 22602 41476 72403 10149 20128 39868 40082 57002 70282 85930 333  
 85914=
 22621 83368 /2104 10148 20137 39954 40086 57006=
 22619 41496 82203 10148 20138 39939 40090 57009 78082 889// 333  
 88913 91110=
 22721 42599 82601 10167 20127 30014 40107 57010 885// 333   88621=
 22727 86570 /2304 10179 20143 30080 40125 57010=
 22717 83/70 /2203 10157 20136 39936 40123 57011=
 22802 41599 82102 10167 20155 30109 40131 57009 72582 889// 333  
 85920=
 22820 42570 82503 10168 20132 30002 40131 57010 8655/ 333   86632=
 22831 42698 72203 10163 20128 30094 40146 57011 87900 333   87939=
 22805 42598 82307 10172 20154 30119 40142 57010 885// 333   91111=
 22912 42599 82305 10175 20139 30139 40153 57012 8357/ 333   91010
 91110=
 
