09:31:00 MSK 31.03.2023
020 123456/=о000=0631
 унту01 бтул 310600
 22686 41396 81503 10006 20001 39980 40079 57010 77172 8872/ 333 20004 86709=
 22695 42/// /1403 10000 21013 39922 40074 57010 333 21000=
 22996 42599 81804 10047 21053 39929 40112 56008 8455/=
 23220 41599 61309 10018 21091 30032 40173 57034 73732 82530 333 91014 91115=
 23226 41960 71510 11039 21076 39961 40181 57024 73632 82034 333 91014 
 91117=
 23305 41499 81705 10013 21020 30060 40088 57018 70272 885// 333 88613
 91010 91110=
 23320 NIL=
 23324 42987 71502 10026 21095 30079 40156 57025 82048=
 23405 41330 81506 11002 21008 39998 40098 57013 77387 
 8672/ 333 21007 86707=
 23410 66/// /1608 10010 21088 30039 40136 57020 60002 333 21040 91011 91115=
 23411 42999 81907 10019 21065 30022 40110 57017 8807/ 333 91011 91113=
 23412 42999 61805 10013 21074 30036 40133 57018 82035 333 91112=
 23416 NIL=
 23418 42965 81606 10030 21089 30069 40142 57028 81037 333 
 91010 91111=
 23501 NIL=
 23503 42498 81804 10031 21083 30062 40112 57019 8595/ 333 91110=
 23507 86/// /1802 10001 21037 39787 40097 57019 333 21014=
 23509 42998 61704 10037 21084 30040 40117 57020 86020 333 91110=
 23514 42697 81705 10014 21085 39944 40140 58006 82515 333 91010 91110=
 23518 42998 81808 10033 21094 30074 40165 57026 8807/ 333 91011
 91112 555 53012=
 23606 42962 81605 10020 21064 39958 40129 58021 
 8807/=
 23701 41418 81602 10003 21002 39986 40116 55006 77572 8872/ 333
 20003 85510=
 23704 66/// /1703 10003 20003 39926 40039 55004 60002 333 20002 91112=
 23707 81498 81203 10030 21024 39970 40101 57015 72682 8195/ 333 20013 91111=
 23708 42998 81504 10028 21086 39983 40132 58019 8807/=
 23709 42998 81503 10027 21100 39963 40155 56019 8807/=
 23711 42998 71504 10024 21095 39994 40164 58029 86046=
 23803 42699 81605 10029 21113 39979 40158 58020 83537=
 23804 81597 81802 10053 21065 39966 40109 57015 70282 82971 333 20031 91110=
 23807 42598 81908 10050 21029 39955 40115 57013 8257/ 333 91010 91111=
 23808 86/// /1405 10037 21078 39972 40139 57016=
 23812 42/// /1101 10034 21124 30025 40187 57025=
 23904 42970 81704 10050 21066 39975 40129 57012 8807/ 333 91111=
 23905 42899 61504 10049 21091 39922 40147 57017 83039=
 23909 42598 81605 10033 21097 39933 40178 57014 84552 333 91010=
 23912 42898 81806 10033 21105 30010 40202 57020 84049 333 91012
 91113=
 23913 42999 71505 10040 21129 39990 40218 58028 84034=
 23914 82899 81706 10025 21103 39947 40204 57016 81045=
 28013 42998 51405 10040 21091 39960 40190 57010 80002=
 28016 42599 71606 10029 21090 39963 40189 57011 87500 333 91010
 91110=
 28029 42899 71606 10040 21116 39996 40215 57015 87070 333 91011
 91111=
 28116 42499 71804 10036 21105 39967 40197 57008 83579=
 28128 42999 81503 10032 21081 30063 40217 57015 80009=
 28134 42898 81504 10039 21125 39882 40232 57014 82089 333 91010
 91110=
 28138 42999 81304 10019 21120 39690 40262 57013 88005=
 28216 42699 71405 10040 21121 39903 40200 56010 85504 333 91010
 91110=
 28222 42898 81604 10047 21120 30029 40223 57012 83051 333 91110=
 28224 42970 71504 10048 21118 30007 40219 57015 80005 333 91112=
 28234 42899 31605 10055 21154 39963 40241 57014 82071 333 91010
 91114=
 28238 42899 61305 10041 21132 39956 40260 57012 82021 333 91110=
 28313 42898 61504 10046 21115 30009 40201 56010 82031=
 28319 42899 61302 10065 21112 30042 40203 57007 84052=
 28321 42999 71703 10046 21121 30006 40209 56010 80005=
 28324 42699 81404 10062 21137 30089 40209 57011 82549=
 28326 42898 41504 10056 21121 30045 40231 57014 82031=
 28413 42599 61403 10075 21139 30068 40189 56010 82504=
 28428 42599 81202 10056 21136 30030 40214 57011 8655/=
 28429 42698 61306 10051 21125 39817 40227 57010 83531 333 91011
 91111=
 22983 41598 81801 10022 20006 39994 40098 57005 70282 8655/ 333 91002
 91104=
 27083 41559 81803 10033 21029 39888 40108 52001 77172 885// 333 20032
 91005 91109=
 27097 42598 81405 10034 21038 39863 40123 57002 885// 333 91008
 91108=
 27185 41698 81402 10037 21019 39935 40117 54000 70262 8652/ 333 20028
 91005 91106=
 27199 42598 81504 10041 21047 39940 40136 57002 8255/ 333 20040 91008
 91109=
 27281 41982 81404 10036 21007 39907 40113 52001 70262 8805/ 333 20026
 91006 91107=
 27283 41498 81603 10042 21029 39970 40127 54000 70282 885// 333 20022
 91006 91107=
 27295 42998 81303 10036 21046 39885 40134 54000 8805/ 333 20034 91007
 91108=
 27296 42998 81405 10036 21064 39923 40139 57002 8807/ 333 20033 91010
 91109=
 27385 415// 81503 10051 21010 39991 40117 52001 70262 8455/ 333 91006
 91107=
 27393 42598 61503 10046 21054 39979 40148 57002 82541 333 20028 91006
 91108=
 27480 42598 81304 10058 20003 39985 40111 57002 885// 333 91007
 91107=
 28007 42999 81603 10040 21078 39884 40144 56007 87035 333 91006
 91108=
 28009 42998 81606 10045 21102 39955 40163 57009 82031 333 91010
 91109=
 28105 42998 81803 10044 21080 39950 40148 57003 8802/ 333 91008
 91111=
 28202 42982 61604 10041 21082 39939 40159 57007 82034 333 91007
 91109=
 28302 42998 81505 10043 21082 39935 40162 56007 80001 333 91007
 91109=
 28307 42598 81205 10046 21051 30002 40145 57003 82531 333 20027 91009
 91109=
 28402 42998 71205 10053 21053 39977 40154 57006 87070 333 91007
 91109=
 28502 42598 81005 10054 21057 30041 40144 58013 82534 333 91008
 91110=
 22550 82997 32101 11043 21097 30069 40079 57006 81081=
 22778 41495 81801 10004 20001 30006 40075 57005 78682 889// 333
 20001=
 22889 41496 81504 10022 20002 30015 40101 56008 76176 8752/ 333
 87615=
 22762 41397 82702 11014 21019 30047 40086 54001 70272 8677/ 333
 21018=
 22638 46/// /2201 11060 21099 39856 40086 57003=
 22671 41496 80000 11021 21021 39996 40076 52004 78582 889// 333 21022
 88913=
 22456 42597 72402 11028 21081 39978 40067 57006 86501=
 22583 41497 81501 10012 20008 39982 40062 57012 76066 8672/=
 22749 42998 23002 11034 21089 39972 40099 57004 82030 333 21092=
 22951 42598 72801 11040 21060 39819 40105 54000 87200 333 21051=
 22887 41699 81303 10022 20012 30019 40088 57010 70282 8655/
 333 86633=
 22876 41497 81602 10024 20022 30009 40081 57006 70282 889// 333
 88915=
 22481 41596 83103 11030 21036 30006 40060 57002 78582 889// 333
 21030=
 22854 42498 63201 11032 21068 39808 40101 54000 86500 333 21052
 86619=
 22781 NIL=
 22676 41495 81701 10003 21001 39990 40067 57006 77376 8872/ 333
 20003=
 22648 42998 72703 11042 21094 30049 40096 57004 86031 333 21071=
 22559 42998 12703 11042 21097 30070 40087 57003 80001 333 21058=
 22869 41297 82802 10007 20004 39939 40087 53004 77172 8872/ 333 20002
 86706=
 22768 41597 83102 11003 21014 30036 40086 52002 70272 8655/ 333 21011
 86628=
 22798 41497 81202 10008 20004 39988 40101 57012 72682 889// 333
 20002=
 22375 46/// /2402 11037 30046 40061 57005=
 23207 42999 81806 10017 21014 30038 40060 57011 8807/ 333 91110=
 23215 42998 71604 11009 21075 30027 40117 57022 81032 333 91110=
 23219 NIL=
 27095 66/// /1404 10039 21045 39907 40133 57003 60002 333 20038=
 22408 11599 72005 11067 21106 39835 49987 57020 69902 73683 86930
 333   21171 47084 86930 91110 93500=
 22511 12698 72004 11060 21103 39890 40013 57017 60002 82570 333  
 21130 47076 93500=
 22529 22999 02004 11056 21098 30054 40061 57009 60002 333   21103
 44029=
 22602 12999 02204 11073 21098 39812 40043 57009 60002 333   21103
 47085=
 22621 12998 01905 11073 21106 39924 40068 57006 60002 333   21117
 47068=
 22619 12482 12002 11052 21097 39905 40067 57005 60002 81500 333  
 21087 47048=
 22721 12698 31701 11055 21088 39984 40085 57004 60002 83500 333  
 21093 47073=
 22727 12970 01503 11043 21080 30042 40091 57007 60002 333   21078
 42005=
 22717 11598 81701 11059 21073 39885 40084 57009 69942 72200 885//
 333   21099 47062 88622=
 22802 12699 73101 11103 21116 30058 40082 57007 60002 86931 333  
 21148 47061 85638=
 22820 12670 81502 11039 21098 39952 40091 57006 60002 885// 333  
 21066 43008 88637=
 22831 12998 61301 11049 21072 30043 40100 57003 60002 86030 333  
 21111 43030=
 22805 11496 80202 11031 21042 30058 40078 57010 69922 78582 8692/
 333   21039 48032=
 22912 11556 81103 11036 21053 30067 40082 57010 69942 77172 8802/
 333   21105 47014 88521=
 
