09:31:00 MSK 11.01.2023
020 123456/=о000=0631
 унту01 бтул 110600
 22686 41997 81803 11147 21169 30113 40220 57022 77172 8807/=
 22695 42/// /2104 11152 21182 30048 40212 57020=
 22996 41998 72105 11152 21194 30131 40338 57022 73673 87070 333 91111=
 23220 41496 81204 11182 21203 30009 40162 57024 77173 8872/ 333 21200 91110=
 23226 41319 81707 11196 21215 39934 40168 57021 77572 887// 333 
 21198 86708 91110=
 23305 41468 82004 11169 21185 30130 40160 57018 77173 885// 333 88616=
 23320 66/// /2405 11196 21229 30108 40187 55004 60002 333 21197 91115=
 23324 41958 82204 11197 21224 30095 40179 56007 77173 8802/ 333 21197=
 23405 41962 82103 11166 21185 30075 40182 57019
 77172 8802/=
 23410 66/// /1806 11203 21234 30078 40183 56012 60002 333 21210 91112=
 23411 41599 82205 11188 21205 30077 40174 56015 70232 8802/ 333
 91111=
 23412 41498 82004 11197 21223 30077 40183 57014 77172 8872/ 333 91110=
 23416 NIL=
 23418 41456 81703 11196 21222 30131 40211 57013 77172
 8652/ 333 86618=
 23501 NIL=
 23503 41498 82103 11182 21214 30146 40200 57015 77172 885// 333 88617=
 23507 86/// /0000 11184 21202 39877 40213 57018=
 23509 41497 81903 11179 21203 30135 40220 57019 77172 8652/ 333 86616=
 23514 41497 82304 11190 21213 30005 40218 57014 77173 8552/ 333 85613  91111  93605=
 23518 41596 82005 11202 21229 30137 40237 56016 77173 8657/ 333
 86623 91111 555 53011=
 23606 41424 82103 11178 21204 30053 40241 57016
 77372 8652/ 333 86613 91110=
 23701 41457 82103 11160 21179 30109 40249 56021 77172 8802/ 333 88510=
 23704 66/// /2202 11160 21167 39926 40039 55004 60002 333 21256=
 23707 81996 82003 11149 21167 30120 40263 57019 77172 8807/=
 23708 41361 82004 11163 21186 30112 40274 57024 77172 8772/ 333 87708=
 23709 41497 82003 11167 21193 30073 40281 57021 77172 8657/ 333 86617
 93605=
 23711 41497 81903 11197 21222 30081 40266 57024 78582 8697/ 333 86919=
 23803 41497 82404 11164 21190 30097 40292 58036 77073 8802/=
 23804 81596 82102 11147 21166 30124 40281 57020 77172 8652/ 333 86621=
 23807 41996 82206 11145 21172 30128 40303 56017 77073 8802/ 333 91111=
 23808 NIL=
 23812 42/// /2202 11198 21231 30123 40302 56032=
 23904 41670 82003 11154 21188 30164 40334 55027 73673 885// 333 88637
 91112=
 23905 41597 82106 11162 21186 30080 40327 57037 77373 8802/ 333 91010
 91112=
 23909 41497 82305 11162 21197 30078 40345 57031 77173 8651/ 333 91011
 91113 93602=
 23912 41896 81804 11216 21241 30138 40352 57034 77171 8807/=
 23913 41997 83103 11189 21236 30105 40357 56034 77171 8802/=
 23914 81897 81703 11233 21258 30074 40362 57029 77171 8802/ 333 21281
 93612=
 28013 42898 82104 11183 21223 30113 40368 58023 8802/=
 28016 41599 72304 11167 21216 30135 40383 57017 70231 87500 333 91110
 93508=
 28029 42599 62105 11193 21216 30155 40398 57022 86500=
 28116 42599 72304 11187 21218 30154 40409 57022 87500=
 28128 41899 22202 11246 21272 30257 40431 57017 77670 82030=
 28134 41598 52002 11208 21231 30036 40428 57019 70272 82501=
 28138 42599 62104 11205 21233 39799 40430 57014 86500=
 28216 41899 22204 11236 21266 30123 40461 57013 70370 82010 333
 21237=
 28222 42998 01903 11210 21236 30227 40445 57013=
 28224 41970 02103 11207 21232 30221 40461 57006 77671 333 21210=
 28234 41597 21903 11189 21218 30143 40453 57008 70171 81502=
 28238 41899 12504 11176 21206 30113 40449 56003 70171 81040 333
 91110=
 28313 41998 01703 11262 21292 30264 40485 58006 70271=
 28319 41898 62301 11270 21298 30321 40511 54000 70172 86070=
 28321 41999 01904 11246 21274 30247 40479 58005 70171 333 21247=
 28324 41998 61702 11247 21286 30359 40497 57003 70272 80009=
 28326 42898 62104 11217 21244 30268 40479 57004 86030=
 28413 41999 22002 11249 21283 30374 40514 54000 70271 80005=
 28428 42597 72003 11257 21296 30310 40523 57003 83530=
 28429 41596 82303 11243 21271 30046 40516 50000 77172 885//=
 22983 41598 82202 11140 21180 30196 40309 57011 70273 8653/ 333 91005
 91108=
 27083 41599 82004 11159 21202 30108 40350 57017 73632 885// 333 91005
 91110=
 27097 42998 81704 11186 21219 30100 40394 57018 73632 8807/ 333 91006
 91108=
 27185 42698 81903 11197 21235 30206 40411 57017 885// 333 91006
 91107=
 27199 42998 72204 11182 21230 30209 40427 57014 87070 333 91008
 91108=
 27281 42982 71904 11203 21229 30193 40425 57014 86072 333 91006
 91107=
 27283 42998 72104 11207 21247 30252 40427 57015 87030 333 91009
 91109=
 27295 42998 81802 11215 21245 30174 40457 57010 8805/ 333 91006
 91106=
 27296 42998 71704 11211 21247 30203 40447 57012 87050 333 91006
 91106=
 27385 429// 62103 11212 21253 30319 40464 57011 84031 333 91005
 91105=
 27393 42598 62206 11224 21251 30285 40479 57010 83541 333 21248 91008
 91111=
 27480 42998 61902 11235 21276 30332 40478 57007 82039 333 91005
 91105=
 28007 41599 72003 11199 21233 30113 40404 57018 70231 86502 333 91007
 91108=
 28009 42998 62305 11174 21230 30170 40401 57023 86030 333 91007
 91108=
 28105 42998 72205 11189 21231 30201 40423 57019 87070 333 91008
 91109=
 28202 42982 72304 11205 21240 30198 40446 57017 87030 333 91007
 91108=
 28302 42998 71902 11237 21268 30217 40477 57010 87030 333 21241 91004
 91105=
 28307 42998 61302 11248 21280 30324 40489 58007 83039 333 21258 91003
 91105=
 28402 41998 32104 11238 21264 30294 40498 57005 70272 82039 333 21248
 91006 91106=
 28502 42998 81902 11244 21275 30398 40517 55007 80001 333 91004
 91104=
 22550 81468 81403 11102 21117 30127 40137 57023 72682 889// 333
 88614=
 22778 41496 81903 11111 21129 30166 40240 57016 77172 8872/=
 22889 41497 82203 11137 21176 30206 40299 56015 70272 885// 333 88614
 91111=
 22762 41396 81502 11098 21102 30158 40199 57021 77172 8677/=
 22638 46/// /2003 11045 21057 39895 40125 54020=
 22671 41496 81801 11124 21132 30097 40183 57021 77172 8802/ 333
 88514=
 22456 41597 81802 11129 21143 30035 40128 57024 70282 885//=
 22583 41598 81701 11147 21170 30094 40181 57021 70288 8657/=
 22749 41496 82007 11077 21094 30058 40188 57013 77173 8872/ 333 88711
 91011 91112=
 22951 41497 82305 11104 21123 39945 40243 57014 77173 8772/=
 22887 41699 81504 11130 21165 30207 40283 57015 70282 8355/=
 22876 41997 82104 11111 21144 30184 40261 57014 73683 8805/ 333
 91112=
 22481 41598 82005 11134 21157 30089 40146 56023 73683 8457/=
 22854 41896 82106 11094 21109 39913 40216 57014 73873 8802/ 333 91012
 91112=
 22781 NIL=
 22676 41898 81905 11112 21141 30118 40201 57020 72272 8807/=
 22648 41498 81704 11061 21067 30111 40159 57021 70272 885// 333
 88617=
 22559 41597 81703 11103 21119 30137 40155 57024 77872 8652/ 333
 86628=
 22869 41997 82004 11106 21143 30111 40266 57015 70272 8002/=
 22768 41497 82006 11099 21122 30167 40220 57017 73673 885// 333 88613
 91010 91111=
 22798 41996 82104 11138 21157 30141 40262 57020 77173 8802/=
 22375 46/// /2106 11140 30103 40119 57023=
 23207 41497 82304 11157 21179 30110 40134 57014 77772 886//=
 23215 41497 82106 11179 21206 30049 40145 55005 72273 885// 333 21179
 88619 91111=
 23219 NIL=
 27095 66/// /1904 11180 21210 30139 40392 58019 60002 333 21257=
 22408 11457 81301 11101 21113 39909 40064 57014 60042 77187 8872/
 333   21126 47034 88510=
 22511 11260 81802 11071 21086 39937 40061 57019 60012 77172 8672/
 333   21124 47024 86704=
 22529 12598 82004 11039 21058 30084 40091 57025 69932 885// 333  
 21125 48030 88625=
 22602 11359 82303 11019 21019 39839 40066 57009 60022 77172 8872/
 333   21120 47034 88508=
 22621 11498 81806 11034 21044 39949 40091 57018 69992 736// 889//
 333   21128 47033 85910=
 22619 11496 71702 11023 21033 39931 40092 57011 69962 78582 86901
 333   21132 47029 84910=
 22721 12498 81702 11027 21041 30020 40120 57014 69962 887// 333  
 21117 47040 85712=
 22727 11964 81806 11020 21047 30094 40143 57008 60002 77100 8847/
 333   21107 48021 91110=
 22717 11295 82003 11012 21019 39929 40124 57003 60022 77100 8872/
 333   21105 47030 86706 91110=
 22802 11496 82004 10008 21004 30103 40127 57001 60012 78582 889//
 333   21038 43029=
 22820 11598 82106 11028 21058 30008 40147 57006 69902 77072 885//
 333   21107 47023 88620 91011 91111=
 22831 11496 82002 11051 21065 30119 40176 57009 60022 77172 8802/
 333   21112 47039 88510=
 22805 124// 81910 10006 20000 30121 40141 57001 60002 889// 333  
 21025 44004 91012 91114=
 22912 11300 82005 11029 21045 30154 40170 52001 60042 77173 8872/
 333   21068 47009 87708 91010 91112=
 
