06:31:00 MSK 25.02.2023
020 123456/=о000=0331
 уйту01 бтул 250300
 22686 11497 81401 11158 21177 39872 49977 53007 69932 77172 8652/ 333 21207 47061 55017 86615 555 53004 7995/=
 22695 11597 81201 11169 21198 39806 49967 52006 69952 77271 8552/ 333
 21170 47053 85622 555 53005 7999/=
 22996 11596 81902 11123 21136 39821 40015 52006 60012 78582 8292/ 333
 21130 47061 55046 555 53005 7001/=
 23220 11497 50000 11269 21300 39808 49963 52011 69922 72682 84930 333 21269 47082 55012 555 53003 7992/=
 23226 11560 60000 11205 21224 39730 49959 52006 69932 77171 83520 333 
 21216 48047 83623 555 53003 7993/=
 23305 12984 72103 11127 21139 39903 49931 52015 69962 87070 333 21128
 47039 555 53004 7002/=
 23320 76/// /1202 11218 21249 39878 49956 52011 333 21226 60002 555 53003 7000/=
 23324 12981 10801 11270 21297 39877 49962 52011 60002 80001 333 21277
 49043 55018 555 53003 7000/=
 23405 11996 82401 11106 21112 39842 49943 52013 60022
 77172 8802/ 333 21106 47052 55000 555 53007 7004/=
 23410 76/// /1203 11172 21195 39836 49938 52013 333 21179 60002 555 7000/=
 23411 11497 82203 11127 21137 39838 49930 52016 60022 77172
 8671/ 333 21127 48058 555 53005 7003/ 91206=
 23412 11998 71403 11170 21190 39835 49937 52014 60012 77172 87010 333 21178 47060 55012 555 53006 7003/=
 23416 NIL=
 23418 11429 81502 11137 21157 39871 49948 52014 60012 77372
 8672/ 333 21160 47070 55021 86710 555 53007 7003/=
 23501 NIL=
 23503 11997 82402 11103 21122 39898 49949 52015 69982 77072 8802/ 333 21118 47061 555 53005 7003/ 91205=
 23507 86/// /2601 11147 21155 39648 49972 52011 333 21154 555 53008=
 23509 11997 61902 11117 21136 39885 49966 52016 60032 77172 86020 333
 21117 48060 555 53006 7004/=
 23514 11997 82303 11114 21128 39749 49952 52015 60012 77173 8802/ 333
 21135 47071 55028 555 53007 7002/=
 23518 11396 82103 11117 21129 39867 49961 52014 60022 77372
 8672/ 333 21162 48080 55000 86709 555 51160 7004/ 91207=
 23606 11960 82002 11134 21147 39801 49980 52017 
 69962 70272 84031 333 21134 47061 55000 555 
 53006 7003/=
 23612 11462 82103 11112 21129 39831 49970 52017 60022 77172 8652/ 
 333 21165 47072 86613 555 53007 7004/=
 23701 11957 70000 11201 21221 39855 49993 52007 69932 77171 87020 333
 21213 47048 555 53007 7002/=
 23704 76/// /0000 11174 21181 39926 40039 55004 333 21197 60002 555 51138 7000/=
 23707 61997 81901 11145 21160 39851 49989 52005 69902 77177 8807/ 333 21147 47044 55036 555 53005 7990/=
 23708 12984 81802 11163 21185 39846 40004 52006 69922 8007/ 333 21167
 48052 555 53006 7998/ 91207=
 23709 11997 81801 11167 21193 39807 40011 52008 69952 77172 86025 333 21172 47050 555 53007 7001/ 91207=
 23711 11998 62102 11134 21151 39821 49997 52016 60012 70272 85075 333 21136 47068 55013 555 53004 7002/=
 23803 11997 81802 11143 21172 39830 40019 51005 69932 77071 8802/ 333 21161 47056 55043 555 53006 7999/=
 23804 61596 81901 11137 21153 39846 49998 52006 69982 77172 8452/ 333 21150 47049 55035 555 53005 7001/=
 23807 11996 81902 11134 21140 39840 40008 52007 69972 77172 86025 333
 21159 47039 55055 555 53004 7999/=
 23808 66/// /1603 11140 21156 39842 40018 52005 60002 333 21171 555 7000/=
 23812 11496 72202 11130 21151 39850 40020 52012 60012 77172 83770 333
 21141 47071 555 53006 7001/=
 23904 11956 81702 11136 21147 39861 40025 52007 69952 77172 8802/ 333
 21182 47048 555 53003 7998/=
 23905 11896 81902 11146 21165 39793 40032 52006 69952 77172 8801/ 333
 21150 47052 555 53006 7995/=
 23909 11897 82103 11146 21167 39784 40042 52005 69922 77172 8807/ 333
 21146 47051 55065=
 23912 11897 81803 11143 21159 39843 40045 52007 69982 77172 8807/ 333
 21152 47069 555 53006 7001/=
 23913 11599 72601 11130 21165 39815 40054 52014 60022 77172 87500 333
 21147 47059 55066 555 53007 7002/=
 23914 11497 82003 11145 21162 39778 40048 52006 69942 77172 8552/ 333
 21147 47064 55049=
 28013 11897 81904 11150 21178 39808 40052 52006 69932 77172 8801/ 333
 21154 47049 555 53007 7996/=
 28016 11897 81601 11159 21185 39821 40060 52005 69942 77172 84015 333
 21167 47045 93502 555 53006 7996/=
 28029 11899 62005 11146 21166 39842 40073 52011 69952 70272 86020 333
 21146 47063 55046 555 53008 7998/=
 28116 11896 81802 11163 21183 39828 40072 52009 69932 77171 86025 333
 21163 47057 55064=
 28128 11896 81801 11159 21179 39925 40088 52007 69922 77172 8802/ 333
 21202 47053 55075 555 53005 7995/=
 28134 11496 82001 11150 21172 39722 40093 52011 60022 77172 8872/ 333
 21150 47065 555 53007 7003/=
 28138 11596 82204 11163 21187 39497 40098 52011 69962 78582 83304 333
 21163 47065 55074=
 28216 11896 61805 11164 21187 39777 40094 52009 69902 77171 86020 333
 21168 47043 555 53008 7995/=
 28222 11897 81703 11149 21172 39891 40097 52007 69922 77172 86021 333
 21150 47049 555 53006 7992/=
 28224 11564 81803 11149 21174 39875 40101 52006 69922 77172 885// 333
 21153 47051 55089=
 28234 11596 81903 11153 21183 39816 40111 52010 69932 77172 885// 333
 21158 47051 555 53007 7996/=
 28238 11896 82203 11151 21176 39793 40115 52009 60012 77172 8802/ 333
 21156 47064 55079 555 53008 7001/=
 28313 11896 81604 11151 21172 39897 40100 52006 69902 77172 8802/ 333
 21171 47050 555 53006 7990/=
 28319 11598 80000 11133 21154 39940 40113 52007 69942 70272 885// 333
 21173 47056=
 28321 11896 82002 11160 21179 39889 40106 52009 69922 77172 8802/ 333
 21165 47058=
 28324 11696 71902 11148 21182 39985 40113 52007 69932 77172 85570 333
 21172 93501 555 53007 7001/=
 28326 12598 72103 11144 21171 39920 40117 52007 60002 87500 333 21157
 47050 55057 555 53008 7993/=
 28413 11896 81604 11120 21149 39976 40104 53004 69922 77073 8807/ 333
 21135 47047 91110 555 53010 7995/=
 28428 11596 81804 11145 21175 39937 40133 52005 69942 77372 8802/ 333
 21173 48047 555 53006 7996/=
 28429 11897 82003 11161 21183 39703 40142 52003 69942 77372 8802/ 333
 21161 47051 555 53009 7001/=
 22983 11975 82201 11106 21122 39895 40004 52005 69982 77872 8805/ 333
 21147 47052 55025 91002 91103 555 53004 7998/=
 27083 11558 42002 11129 21146 39788 40019 52007 69952 77171 84500 333
 21129 47049 91004 91104 555 53006 7995/=
 27097 11598 71602 11132 21141 39762 40036 52004 69932 72272 87500 333
 21142 47056 91004 91104 555 53005 7995/=
 27185 12598 81701 11114 21131 39849 40040 52004 60002 885// 333 21119
 47056 91003 91104 555 53005 7000/=
 27199 11996 82001 11117 21135 39846 40051 52003 69932 77172 8802/ 333
 21128 47055 55029 91003 91104 555 53007 7993/=
 27281 11456 81701 11108 21122 39828 40043 52004 69942 77172 8872/ 333
 21128 47047 91002 91103 555 53005 7994/=
 27283 11996 81801 11121 21136 39886 40051 52003 69932 77172 8807/ 333
 21123 47055 91002 91103 555 53005 7993/=
 27295 11996 81801 11119 21137 39795 40057 53003 69932 77172 8802/ 333
 21127 47065 91002 91104 555 53006 7993/=
 27296 11997 81702 11119 21142 39828 40055 52003 69902 70272 8807/ 333
 21138 47057 55030 91004 91105 555 53005 7990/=
 27385 115// 81901 11098 21113 39920 40053 52003 69932 77072 8557/ 333
 21141 47057 91002 91103 555 53006 7993/=
 27393 11497 82701 11129 21145 39892 40071 53004 69922 77172 8672/ 333
 21140 47076 55048 91002 91102 555 53007 7992/=
 27480 11598 81902 11084 21108 39923 40055 52001 69922 70282 885// 333
 21122 47049 91004 91105 555 53005 7994/=
 28007 11599 71802 11142 21163 39774 40049 52005 69922 70282 86330 333
 21149 47058 55037 91004 91104 555 53007 7994/=
 28009 11997 81902 11143 21174 39838 40058 52006 69932 77172 8802/ 333
 21153 48053 91004 91105 555 53008 7993/=
 28105 12998 81902 11134 21160 39846 40056 53005 69902 8802/ 333 21138
 47058 91004 91105 555 53005 7990/=
 28202 11996 82003 11141 21163 39831 40064 52003 69922 77172 8807/ 333
 21169 47063 91004 91105 555 53007 7992/=
 28302 11997 81701 11124 21145 39832 40072 52001 69932 77172 8802/ 333
 21140 47060 91003 91104 555 53007 7993/=
 28307 11998 81702 11093 21116 39919 40068 53003 69932 77172 8807/ 333
 21141 47057 91003 91104 555 53005 7993/=
 28402 11557 82004 11094 21113 39888 40073 52002 69922 77172 8357/ 333
 21130 48060 91005 91106 555 53009 7992/=
 28502 11996 81905 11085 21112 39977 40084 52001 69902 77173 8807/ 333
 21134 48041 55042 91007 91108 555 53009 7990/=
 22550 11470 31101 11192 21212 39945 49956 52010 69942 70281 83900 333 21196 47045 55007 555 53003 7998/=
 22778 11496 81302 11123 21138 39905 49977 52004 69982 77172 8872/ 333
 21147 47048 55010 555 53004 7998/=
 22889 12497 82501 11119 21126 39912 40002 53007 69932 8755/ 333 21145
 47036 87617 555 53003 7993/=
 22762 12897 81401 11119 21124 39922 49962 52005 60012 8807/ 333 21148
 47045 555 53003 7001/ 91205=
 22638 46/// /2601 11064 21072 39716 49944 54010=
 22671 11396 70000 11199 21212 39880 49964 52007 69942 77172 86720 333
 21205 47054 55012 86708 555 53002 7997/=
 22456 12997 60000 11281 21311 39873 49970 52013 60002 80001 333 21281
 47051 555 53000 7990/=
 22583 12998 20000 11224 21247 39883 49970 53013 60002 80001 
 333 21224 47064 55000 555 53005 7999/=
 22749 NIL=
 22951 12498 82401 11080 21088 39696 49984 52003 69922 886// 333 21098
 47053 555 53004 7001/=
 22887 11597 81902 11106 21119 39917 49990 52006 69942 78582 8395/ 
 333 21113 47031 55021 555 53006 7994/=
 22876 12697 82103 11094 21108 39909 49984 52004 69922 885// 333 21123
 47027 88633 555 51102 53006 7992/ 91206=
 22481 12998 82301 11147 21151 39903 49958 52009 69922 8807/ 333 21162
 48055 555 53006 7997/=
 22854 12398 82102 11080 21088 39679 49973 52007 69922 886// 333 21102
 48060 55000 88708 555 53005 7002/=
 22781 NIL=
 22676 11896 81601 11185 21206 39888 49970 52007 69942 77072 8802/ 333
 21212 47036 555 53003 7996/=
 22648 NIL=
 22559 12998 00901 11183 21202 39942 49959 52009 69952 333 21187 47045
 55027 555 53003 7997/ 91204=
 22869 11597 82201 11081 21091 39837 49989 52004 69962 77172 885// 333
 21107 88621 555 53005 7999/ 91206=
 22768 11896 81903 11085 21100 39916 49967 52004 60012 77172 8007/ 333 21107 47032 55015 555 53006 7002/=
 22798 11997 80000 11184 21201 39873 49993 52008 69922 77872 8802/ 333
 21184 47041 555 53004 7995/=
 22375 46/// /2604 11080 39933 49949 52009=
 23207 11596 82601 11141 21157 39897 49921 52013 69972 78582 889// 333
 21145 47042 55000 555 53004 7003/=
 23215 NIL=
 23219 NIL=
 27095 76/// /1502 11135 21140 39804 40044 52005 333 21138 60002 555 53005 7000/=
 22408 21480 33403 11136 21152 39802 49958 52014 70181 83030 333  
 21136 55000 60022 555   7004/=
 22511 21350 73102 11114 21130 39823 49948 52015 77172 85720 333  
 21115 60022 93400 555   7004/=
 22529 21996 80000 11100 21113 39932 49939 52011 77172 8802/ 333  
 21112 60012 555   7003/=
 22602 22476 82501 11066 21078 39716 49944 52009 885// 333   21068
 55001 60002 88614 555   7001/=
 22621 73267 /2402 11060 21069 39801 49942 52009 333   21060 55000
 60022 555   7004/=
 22619 22498 82201 11062 21076 39780 49941 52005 885// 333   21062
 55000 69902 88616 555   7999/=
 22721 22497 80000 11056 21070 39848 49947 52005 887// 333   21056
 69962 85712 555   7001/=
 22727 76469 /0000 11062 21079 39909 49958 52004 333   21062 60002
 555   7992/=
 22717 73/63 /2101 11065 21073 39759 49955 52003 333   21066 60002
 555   7991/=
 22802 21498 82301 11045 21062 39930 49954 54000 70282 889// 333  
 21047 55029 69902 86912 555   7990/=
 22820 22498 82801 11051 21078 39818 49956 52003 8651/ 333   21051
 55000 60002 86613 555   7994/=
 22831 22497 82401 11056 21076 39904 49960 52003 889// 333   21064
 55000 60002 88914 555   7001/=
 22805 225// 80000 11042 21058 39941 49961 54000 885// 333   21042
 55031 60002 555   7991/=
 22912 22584 80901 11061 21072 39942 49957 54000 885// 333   21061
 60002 88632 555   7001/=
 
