12:31:01 MSK 27.04.2023
010 111/=о000=0931
 уйту01 бтул 270900
 22686 42998 10104 10078 21049 30039 40136 52014 80005=
 22695 42999 30404 10074 21067 39969 40118 52012 80001 333 91110=
 22996 41596 70202 10122 20103 39873 40053 52013 71022 87900=
 23220 41496 80607 11023 21039 39945 40088 53004 78583 8593/ 333 91110=
 23226 42960 70707 11011 21069 39876 40091 53002 85031 333 91110=
 23305 41999 83406 11004 21043 30151 40179 52020 72272 8807/ 333 91010
 91111=
 23320 86/// /3104 11001 21052 30025 40098 52005=
 23324 41456 80102 11005 21025 30016 40094 52005 77172 8372/=
 23405 42575 83506 10004 21049 30067 40168 52013 
 8555/ 333 85627 91012 91112=
 23410 86/// /3008 11002 21044 30015 40111 53003 333 91011 91112=
 23411 42599 83506 11005 21044 30053 40143 52015 885// 333 91012 91112=
 23412 42599 83406 11001 21038 30023 40120 52007 885// 333 88624 91111=
 23416 NIL=
 23418 42665 73205 10011 21056 30046 40120 53010 87500
 333 87635 91110=
 23503 42598 83604 10011 21052 30099 40149 52017 885// 333 88625 91110=
 23507 86/// /0204 10038 21048 39833 40140 52009=
 23509 42698 10104 10034 21040 30054 40119 52012 81100=
 23514 42597 43605 10022 21053 39929 40125 52015 84100 333 84832 91110=
 23518 42698 33606 10042 21066 30007 40098 52009 82105 333 91111=
 23606 42962 20205 10056 21054 39949 40112 52013 80001 333 91010 91110=
 23701 42984 70205 10075 21047 39992 40119 52014 80005 333 91111=
 23704 86/// /0305 10085 21053 39926 40039 55004=
 23707 81998 80204 10078 21002 39968 40097 52015 72162 86015=
 23708 42984 83302 10061 20018 39949 40095 52013 8007/=
 23709 41698 83603 10055 21011 39899 40088 52012 70262 8555/ 333 85643=
 23711 42998 83603 10070 21077 39913 40078 52009 87075=
 23803 41499 83602 10033 21004 39914 40092 53024 70262 886// 333 88717=
 23804 41597 80404 10037 20009 39951 40094 52025 72162 885// 333 88622=
 23807 41396 80204 10055 20053 39924 40082 52028 78082 889// 333 85908=
 23808 86/// /3604 10061 20056 39911 40075 52024=
 23812 41496 83602 10029 20024 39907 40067 52014 76165 8872/=
 23904 42470 80000 10116 20101 39910 40060 52013 883// 333 86918=
 23905 42599 83402 10122 20094 39839 40055 52015 889//=
 23909 41598 72303 10112 20100 39816 40050 52009 70282 86351=
 23912 41596 82102 10097 20088 39865 40049 51007 72582 8795/=
 23913 41597 80601 10100 20080 39830 40050 54000 78082 889//=
 23914 81497 82503 10109 20107 39803 40048 52004 70382 889//=
 28013 41598 82403 10125 20093 39830 40049 52004 72582 889//=
 28016 41599 72402 10136 20107 39841 40054 52005 70282 87900=
 28029 41599 62105 10137 20101 39845 40052 57001 72582 84910=
 28116 41599 62602 10133 20108 39839 40058 52002 72522 86900 333
 91110=
 28128 41598 62602 10133 20109 39920 40066 54000 72582 86900=
 28134 41595 82001 10109 20097 39730 40066 57004 78182 889//=
 28138 41599 72305 10129 20070 39531 40069 57005 70282 87300 333
 91111=
 28216 42599 82205 10141 20079 39790 40072 52002 889// 333 91010
 91111=
 28222 42598 82203 10156 20079 39883 40067 57003 8687/ 333 91110=
 28224 42670 72205 10161 20072 39872 40073 57004 87900 333 91010
 91110=
 28234 41497 82603 10136 20084 39816 40080 57002 78182 8695/ 333
 91111=
 28238 41599 82206 10167 20045 39791 40076 57008 70282 885// 333 91010
 91113=
 28313 42598 82204 10161 20078 39898 40079 54000 889// 333 91110=
 28319 41598 72504 10161 20083 39936 40090 52010 70282 83250=
 28321 42599 72305 10160 20076 39885 40077 50001 87900 333 91010
 91110=
 28324 42599 72406 10169 20061 39974 40087 54001 85961 333 91110=
 28326 42598 72403 10166 20063 39907 40082 57006 87500 333 91110=
 28413 42599 72204 10171 20071 39979 40094 50002 85830=
 28428 42599 82507 10182 20040 39920 40093 57007 889// 333 91012
 91114=
 28429 42598 72305 10175 20057 39707 40094 57008 87900 333 91114=
 22983 41475 80402 10079 20067 39969 40071 52025 70282 889// 333 91005
 91106=
 27083 42599 80301 10118 20096 39837 40049 52015 888// 333 91002
 91102=
 27097 42482 81302 10119 20107 39802 40052 52013 889// 333 91003
 91104=
 27185 42598 82302 10133 20100 39883 40057 52019 883// 333 91006
 91107=
 27199 41498 82402 10129 20106 39870 40057 52013 70262 8631/ 333 91005
 91107=
 27281 42482 82802 10132 20096 39867 40064 52017 885// 333 91005
 91108=
 27283 42498 72804 10143 20099 39911 40059 52014 87900 333 91007
 91107=
 27295 41598 82404 10124 20107 39826 40066 52014 72582 884// 333 91006
 91107=
 27296 41598 82104 10135 20098 39852 40058 52009 78022 889// 333 91005
 91106=
 27385 414// 82203 10130 20115 39951 40073 52015 78082 8695/ 333 91007
 91108=
 27393 41498 82406 10140 20099 39914 40076 52010 70262 8677/ 333 91008
 91109=
 27480 42498 82203 10133 20108 39962 40085 52016 889// 333 91006
 91108=
 28007 42499 71801 10127 20095 39807 40056 52009 87300 333 87914 91001
 91104=
 28009 42498 82503 10135 20090 39861 40061 52008 8695/ 333 91004
 91106=
 28105 41458 82701 10114 20104 39867 40058 52007 76162 8872/ 333 91003
 91105=
 28202 41560 82303 10123 20107 39852 40063 52006 78082 889// 333 91007
 91108=
 28302 42598 82103 10137 20093 39855 40073 51006 8697/ 333 91006
 91108=
 28307 41498 82103 10148 20091 39943 40079 52009 71582 889// 333 91007
 91109=
 28402 41598 82404 10146 20093 39911 40081 52003 76022 8762/ 333 91007
 91109=
 28502 42598 52308 10195 20054 39987 40084 57006 85900 333 91012
 91113=
 22550 82997 30604 10075 21038 30163 40172 52013 80001=
 22778 42998 30504 10124 21051 30044 40111 52016 81032 333 91110=
 22889 42/// /0203 10059 20053 30001 40086 52027=
 22762 42998 23502 10123 21067 30094 40132 52009 80001=
 22638 NIL=
 22671 42999 00304 10063 21027 30079 40157 52013=
 22456 42597 80702 10034 21028 30103 40190 52010 885//=
 22583 42698 10302 10054 21045 30085 40164 52011 81100=
 22749 NIL=
 22951 42898 80702 10113 20040 39840 40111 51013 85031=
 22887 41497 83503 10064 20050 30019 40088 52029 78082 8695/ 
 333 86917=
 22876 42997 60505 10107 20038 30030 40100 52020 86030 333 91110=
 22481 42/// /0103 10022 21043 30142 40196 52016=
 22854 42898 50302 10127 21003 39837 40114 52009 82031=
 22781 NIL=
 22676 42998 10304 10091 21063 30066 40141 52013 80001=
 22648 NIL=
 22559 42998 10503 10070 21049 30155 40171 52012 80001=
 22869 42597 70205 10116 20057 39957 40099 52016 86530 333 86628=
 22768 42997 20405 10121 21029 30069 40117 52013 80001=
 22798 42598 80302 10074 21017 39994 40104 52015 85571 333 91110=
 22375 NIL=
 23207 41599 80206 11016 21050 30175 40198 52021 71522 889// 333 91011
 91111=
 23215 NIL=
 23219 NIL=
 27095 86/// /1401 10133 20106 39842 40059 52010=
 22408 42999 70704 10062 21031 30004 40152 52011 84079 333   91110=
 22511 42998 80905 10076 21031 30026 40145 52009 85075=
 22529 42999 60903 10051 21031 30152 40159 52012 80002=
 22602 42499 51103 10089 20029 39894 40113 52008 83530=
 22621 83/70 /0501 10093 21010 30002 40138 52008=
 22619 42582 20702 10109 20028 39967 40121 52006 82500=
 22721 42998 71201 10126 20045 30030 40125 52007 82034=
 22727 86/70 /1505 10126 20064 30075 40121 52010=
 22717 83/70 /1103 10156 20056 39915 40098 52006=
 22802 42999 21106 10168 20053 30062 40084 52006 80002 333   91111=
 22820 42569 51004 10113 20058 39987 40119 52012 81131=
 22831 42998 61302 10142 20048 30067 40120 52008 82031=
 22805 42998 31206 10087 20039 30067 40086 52010 81031 333   91114=
 22912 42599 21107 10172 20069 30075 40089 52003 81101 333   91011
 91111=
 
