03:31:00 MSK 26.04.2023
020 123456/=о000=0031
 унту01 бтул 260000
 22686 42998 73601 11009 21023 30065 40166 57007 87080 555 1/101=
 22695 42998 50605 10013 21040 30002 40156 57005 85030 555 1/100=
 22996 42598 71602 10127 20011 39962 40140 57008 82980 555 12008=
 23220 41599 22005 11064 21114 30036 40182 52003 70281 81530 555 1/108=
 23226 41960 82306 11053 21090 39955 40176 54000 70272 8805/ 555 1/107=
 23305 42/// /1901 11072 21089 30164 40193 52003 555 1/111=
 23320 86/// /2103 11052 21100 30116 40191 50003=
 23324 42982 01802 11078 21126 30108 40188 54000 555 1/111=
 23405 42980 00901 11056 21070 30091 40194 52003 555 1/108=
 23410 86/// /1602 11099 21119 30088 40189 52003 555 53007=
 23411 42999 02302 11042 21059 30098 40190 52004 555 1/104=
 23412 42999 02801 11038 21078 30089 40188 52002 555 1/108=
 23416 NIL=
 23418 42965 01101 11070 21095 30123 40199 52004 555 1/108=
 23503 NIL=
 23507 86/// /0000 11048 21050 39874 40192 57003=
 23509 42/// /0000 11059 21066 30111 40192 57003 555 1/108=
 23514 42997 00000 11061 21064 39994 40197 57001 555 1/108=
 23518 42/// /3601 11076 21080 30102 40197 50002 555 1/109=
 23606 42960 50902 11022 21037 30014 40183 57004 85030 555 1/103=
 23612 NIL=
 23701 42/// /0202 11010 21012 30041 40172 57007 555 1/104=
 23704 86/// /0101 11012 21012 39926 40039 55004 555 53007=
 23707 82998 30503 10037 20010 30017 40148 57012 80001 555 11001=
 23708 NIL=
 23709 42998 30201 10004 21018 39975 40169 58009 81031 555 1/101=
 23711 42999 63301 11005 21022 30008 40179 57004 86070 555 1/100=
 23803 42999 00701 10056 20009 39988 40166 58007 555 11002=
 23804 82997 60000 10026 20009 30004 40149 58009 84031 555 12002=
 23807 42/// /0502 10070 20021 39987 40145 57011 555 1/004=
 23808 86/// /1402 10040 21003 39992 40158 57007=
 23812 42997 20000 11022 21029 30007 40172 58009 82032 555 1/104=
 23904 42980 80000 10035 20014 39999 40155 57010 81036 555 10004=
 23905 42599 81301 10064 21004 39937 40161 57008 82505 555 10004=
 23909 42598 42102 10112 21006 39928 40165 57007 82501=
 23912 42898 80000 10039 20001 39985 40176 57003 85045 555 11003=
 23913 42999 60000 10001 21018 39964 40195 54001 86500 555 1/100=
 23914 82498 72002 10094 21015 39923 40173 57002 87500=
 27095 86/// /1301 10115 20045 39941 40162 57006=
 28013 42598 61702 10081 21022 39946 40172 57006 84905 555 10005=
 28016 42/// /0000 10036 21005 39955 40178 57007 555 1/006=
 28029 42999 11401 10066 21015 39968 40184 57003 80001 555 11003=
 28116 42999 20000 10060 20008 39953 40180 57008 80005=
 28128 42999 82201 10067 20022 30036 40187 57007 80005 555 11005=
 28134 42998 50000 10015 21014 39853 40206 57005 80005 555 11000=
 28138 43/// /0000 10072 21034 39655 40212 52004=
 28216 42699 82602 10125 20037 39902 40189 55000 885// 555 10010=
 28222 42/// /1701 10117 21007 39999 40187 57008 555 1/007=
 28224 42870 81402 10118 21009 39980 40187 57009 82037=
 28234 42998 21602 10099 21042 39930 40202 57006 80001 555 10006=
 28238 42999 02202 10006 21033 39916 40222 57003 555 10100=
 28313 42/// /3101 10094 20020 39999 40186 57008 555 1/009=
 28319 42898 51001 10107 20031 30021 40170 57015 85050=
 28321 42899 71601 10113 21004 39986 40183 57011 86032=
 28324 42/// /0701 10093 20013 30068 40186 57011 555 1/008=
 28326 42898 40000 10059 20002 30014 40199 57008 84030 555 10006=
 28413 42899 81101 10114 20030 30055 40173 58015 82035 555 10010=
 28428 42599 70000 10070 20012 30014 40197 57010 82530 555 10006=
 28429 42/// /0801 10096 20011 39808 40210 57006 555 1/006=
 22983 42484 80000 10055 20018 30031 40134 57009 8695/ 333 91001 91101
 555 11006=
 27083 42584 60000 10106 20031 39926 40142 57005 86500 333 91000 91105
 555 11008=
 27097 42/// /0901 10118 20060 39897 40149 58010 333 91001 91105 555
 1/009=
 27185 42/// /1101 10106 20097 39965 40143 57020 333 91003 91104 555
 1/010=
 27199 41998 80000 10115 20075 39963 40153 57015 76166 8802/ 333 91001
 91105 555 11010=
 27281 41457 80903 10103 20098 39931 40131 57028 76162 8872/ 333 91005
 91108 555 11010=
 27283 41496 81203 10105 20100 39991 40142 58025 78082 889// 333 91004
 91104 555 11010=
 27295 42/// /0802 10106 20090 39905 40149 58024 333 91004 91104 555
 1/011=
 27296 41496 81301 10114 20072 39943 40153 57016 76162 8872/ 333 91002
 91104 555 11010=
 27385 414// 81002 10110 20103 30003 40127 57031 78082 889// 333 91005
 91105 555 11011=
 27393 41497 80804 10100 20086 39991 40156 57022 76162 8677/ 333 91005
 91105 555 11009=
 27480 41498 81006 10114 20106 39988 40112 57036 72582 889// 333 91009
 91111 555 11011=
 28007 42599 81701 10124 20013 39908 40160 57008 85350 333 91002 91105
 555 10009=
 28009 42498 81901 10103 20007 39966 40170 57008 889// 333 91002 91102
 555 10009=
 28105 42998 81401 10135 20023 39967 40158 57010 8807/ 333 91002 91108
 555 10011=
 28202 42997 81601 10120 20032 39951 40165 57009 8805/ 333 91003 91106
 555 10009=
 28302 41597 81302 10109 20052 39949 40171 57007 78022 8697/ 333 91003
 91104 555 10010=
 28307 41498 80502 10118 20082 30006 40145 57028 76162 885// 333 91005
 91106 555 11010=
 28402 41584 80804 10111 20089 39977 40151 57028 72162 8257/ 333 91006
 91107 555 11010=
 28502 41997 81302 10133 20073 30043 40142 56026 70262 8802/ 333 91004
 91106 555 10011=
 22550 82970 70702 10022 21028 30142 40152 57010 87030 555 1/100=
 22778 42998 70402 10049 20019 30059 40128 57015 87070 555 12003=
 22889 42/// /0000 10021 20010 30050 40137 57011 555 1/004=
 22762 42897 60301 10035 20015 30090 40129 58017 86070 555 1/100=
 22638 46/// /1201 10030 20006 39892 40115 57012=
 22671 42/// /0402 10004 21025 30081 40160 57005 555 1/102=
 22456 42/// /0000 11007 21037 30084 40173 57003 555 1/101=
 22583 42998 23401 11044 21056 30099 40182 58003 82070 555 1/102=
 22749 42/// /0000 10014 20002 39992 40117 57007 555 1/100=
 22951 42/// /1001 10031 20010 39834 40113 58015 555 1/002=
 22887 42597 81301 10050 20036 30057 40126 58015 8255/ 
 555 10002=
 22876 42997 80000 10027 20027 30055 40127 57012 8805/ 555 11003=
 22481 42/// /0000 11105 21111 30135 40191 54000 555 1/110=
 22854 42/// /0502 10053 20027 39831 40115 57013 555 1/002=
 22781 NIL=
 22676 42898 73401 11006 21016 30079 40157 57008 87070 555 1/100=
 22648 42698 50000 11006 21008 30083 40130 57010 82531 555 12001=
 22559 42/// /0503 10007 21030 30138 40155 58011 555 1/100=
 22869 42998 70401 10051 20009 39972 40118 57012 80071 555 1/006=
 22768 42697 60603 10060 20032 30070 40119 57013 82570 555 11005=
 22798 42998 63101 10025 20007 30037 40149 57011 82031 555 10003=
 22375 46/// /2001 11108 30174 40190 52003=
 23207 NIL=
 23215 42998 12106 11088 21121 30077 40170 50000 80001 555 1/110=
 23219 NIL=
 22408 41384 80702 11008 21016 39975 40126 57010 70282 886// 333  
 88709 93402 555   1/100=
 22511 41584 80603 11001 21017 39998 40120 57011 70282 889// 333  
 93402 555   1/100=
 22529 42598 60902 10002 21012 30119 40126 57010 86500 333   86624
 555   1/101=
 22602 41472 80702 10005 21012 39871 40097 57008 70282 889// 333  
 88910 555   1/000=
 22621 83970 /0501 11001 21005 39972 40112 57011 555   1////=
 22619 42498 60701 10000 21008 39942 40102 57009 86500 555   1/100=
 22721 42997 83001 10021 20003 30002 40100 57007 8805/ 555   1/000=
 22727 86970 /1901 10025 20013 30044 40092 57007 555   1////=
 22717 83/70 /0601 10041 20022 39894 40085 57007 555   1////=
 22802 42698 60000 10060 20018 30047 40070 57004 82501 555   1/005=
 22820 42998 21001 10052 20021 39953 40087 57008 82030 555   11003=
 22831 42997 60901 10061 20025 30044 40098 57007 86030 555   12004=
 22805 425// 61003 10087 20003 30050 40069 57008 82530 555   11005=
 22912 83/// /0902 10072 20009 30058 40073 57005 555   1////=
 
