00:31:00 MSK 04.02.2023
020 123456/=о000=2131
 уйту01 бтул 032100
 22686 41996 80000 11107 21120 30072 40177 52005 77172 8802/=
 22695 42498 80802 11074 21094 30006 40164 53004 885// 333 88617=
 22996 42/// /1702 11074 21074 39975 40168 52006=
 23220 41496 82003 11088 21100 30028 40175 52010 77173 8572/=
 23226 41460 82205 11096 21108 39945 40170 53011 77172 885// 333 88612=
 23305 42/// /1902 11060 21067 30144 40173 52007=
 23320 86/// /2304 11077 21104 30114 40190 52009=
 23324 41476 82203 11091 21106 30107 40188 52012 70272 886// 333 88718=
 23405 42597 81201 11068 21077 30074 40177 52005
 8255/=
 23410 86/// /1704 11091 21107 30086 40187 52009=
 23411 42/// /2003 11079 21085 30086 40178 52006=
 23412 41998 81903 11093 21107 30086 40187 52009 77172 8807/=
 23416 NIL=
 23418 41465 81503 11086 21110 30118 40195 52005 70272
 8551/ 333 85616=
 23503 42/// /1802 11126 21143 30135 40188 52005=
 23507 86/// /1501 11112 21116 39861 40187 52004=
 23509 42/// /1902 11082 21097 30107 40189 53003=
 23514 41497 81702 11099 21108 39986 40192 52005 77072 8457/ 333 84619=
 23518 42/// /1502 11112 21118 30112 40208 52005=
 23606 41360 81502 11088 21099 30011 40191 52003
 77172 8572/ 333 85707=
 23704 86/// /0801 11076 21076 39926 40039 55004=
 23701 NIL=
 23707 81497 80502 11078 21088 30032 40169 57004 77177 8752/ 333 87617=
 23708 42/// /0301 11088 21102 30025 40181 57008=
 23709 42/// /0000 11086 21103 39990 40191 57007=
 23711 42998 50000 11093 21106 30024 40202 57003 80070=
 23803 41494 81203 11065 21085 30004 40190 57005 77572 8802/ 333 88515=
 23804 41496 81401 11065 21076 30017 40167 57003 77172 8552/ 333 85615=
 23807 42/// /1601 11071 21071 30003 40170 54001=
 23808 86/// /1201 11064 21071 30006 40180 54001=
 23812 41396 81701 11061 21073 30038 40206 57004 77172 8677/ 333 86708
 934//=
 23904 41939 81701 11063 21067 30014 40176 52004 77372 8802/=
 23905 41895 81701 11060 21070 39950 40184 52003 77372 8802/=
 23909 41497 81602 11055 21068 39944 40197 54000 77172 8251/=
 23912 42/// /1803 11049 21061 30014 40212 57005=
 23913 42999 00000 11166 21187 39999 40246 52004=
 23914 81896 81504 11059 21070 39948 40213 57004 77172 8802/=
 28013 41897 81603 11053 21077 39965 40203 54001 77172 8802/=
 28016 42/// /1502 11051 21080 39970 40203 54001=
 28029 42899 61502 11064 21094 39992 40219 57003 86010=
 28116 42899 81702 11058 21087 39969 40207 54000 8801/=
 28128 42898 80000 11082 21111 30065 40225 52003 8801/=
 28134 42698 83301 11099 21113 39869 40238 57002 8557/=
 28138 43/// /2101 11108 21123 39656 40253 54000=
 28216 42899 71404 11065 21099 39906 40214 57002 87010=
 28222 42/// /1603 11060 21112 30026 40228 55001=
 28224 42970 81401 11069 21116 30009 40231 52003 80008=
 28234 42897 61702 11048 21127 39951 40239 54001 86030=
 28238 42599 80000 11128 21148 39935 40258 54000 885//=
 28313 42/// /1701 11068 21103 30021 40221 54001=
 28319 42898 61602 11065 21115 30058 40228 53003 86050=
 28321 42899 61602 11076 21113 30014 40226 52003 86050=
 28324 42/// /1603 11068 21130 30103 40229 54000=
 28326 42898 51501 11086 21128 30044 40240 52002 85030=
 28413 42999 81401 11066 21114 30096 40224 53005 80007=
 28428 42898 82801 11138 21165 30051 40249 52003 86031=
 28429 42/// /1701 11115 21140 39822 40259 54000=
 22983 41944 70000 11069 21077 30053 40162 52006 77172 87010 333 91000
 91102=
 27083 41956 81901 11074 21085 39935 40165 52008 77172 8802/ 333 91002
 91103=
 27097 42/// /1702 11073 21077 39906 40178 52009 333 91004 91104=
 27185 42/// /1901 11065 21073 39989 40179 52011 333 91002 91104=
 27199 41998 82001 11066 21079 39984 40188 52009 70272 8807/ 333 91002
 91104=
 27281 41957 81402 11066 21074 39961 40176 52009 77172 8807/ 333 91004
 91105=
 27283 41497 82002 11075 21084 30012 40175 52012 70272 885// 333 91004
 91106=
 27295 42/// /1702 11067 21081 39929 40190 52010 333 91004 91104=
 27296 42997 82002 11061 21083 39963 40189 52009 8801/ 333 91004
 91104=
 27385 414// 81702 11062 21071 30052 40185 52010 77172 8872/ 333 91004
 91105=
 27393 42598 61804 11063 21078 30022 40199 52008 84530 333 91005
 91107=
 27480 42598 81601 11062 21079 30054 40187 52008 885// 333 91003
 91104=
 28007 41997 81801 11070 21082 39917 40188 53006 77172 8802/ 333 91002
 91104=
 28009 41996 81703 11053 21077 39976 40192 52004 77172 8802/ 333 91004
 91106=
 28105 41998 81902 11062 21078 39984 40190 53007 70272 8802/ 333 91005
 91105=
 28202 41996 81903 11062 21078 39966 40195 53007 77172 8807/ 333 91004
 91106=
 28302 41997 81502 11061 21075 39964 40201 52007 77172 8802/ 333 91003
 91105=
 28307 41997 81601 11063 21079 30048 40197 52007 77172 8807/ 333 91002
 91103=
 28402 41583 81803 11059 21074 30014 40199 52004 72272 886// 333 91006
 91106=
 28502 41996 81802 11059 21082 30097 40204 52006 77172 8807/ 333 91004
 91106=
 22550 81570 80201 11061 21068 30161 40171 52015 70282 8653/ 333
 86631=
 22778 42598 81202 11052 21065 30094 40165 52009 8257/=
 22889 42/// /1101 11072 21075 30074 40163 52003=
 22762 42/// /0000 11053 21053 30123 40163 52012=
 22638 46/// /0501 11047 21054 39923 40154 52016=
 22671 42/// /0000 11059 21060 30086 40168 52009=
 22456 NIL=
 22583 42598 70000 11063 21071 30090 40173 52008 875//=
 22749 NIL=
 22951 42/// /1602 11046 21054 39850 40138 52011=
 22887 41597 80501 11082 21088 30087 40160 53003 78582 8395/=
 22876 42/// /0701 11073 21076 30089 40164 52007=
 22481 42/// /0000 11049 21050 30117 40172 52009=
 22854 42/// /0801 11048 21053 39846 40142 52012=
 22781 NIL=
 22676 41896 80000 11085 21095 30088 40169 52007 77172 8802/=
 22648 NIL=
 22559 42/// /0502 11070 21075 30155 40172 52014=
 22869 42/// /0801 11051 21061 30005 40158 52008=
 22768 42597 81701 11034 21054 30104 40155 52010 885// 333 88628=
 22798 42/// /0202 11075 21082 30053 40170 57003=
 22375 46/// /2301 11052 30151 40166 52008=
 23207 NIL=
 23215 NIL=
 23219 NIL=
 27095 86/// /1602 11073 21073 39950 40187 52009=
 22408 42984 23502 11105 21120 30058 40216 52024 82030=
 22511 41267 83503 11089 21105 30075 40202 52026 77172 85711 333  
 85705=
 22529 41996 80102 11035 21046 30160 40167 52018 77172 8802/=
 22602 41358 80202 11065 21073 39950 40184 52025 77172 8872/ 333  
 88508 93501=
 22621 83362 /0101 11040 21046 30022 40165 52020=
 22619 41396 80203 11044 21054 39991 40154 52019 77172 8872/ 333  
 87707 93502=
 22721 41596 82501 11042 21050 30048 40149 52019 78582 8691/ 333  
 84620=
 22727 86458 /3402 11039 21049 30087 40136 52014=
 22717 83/61 /0102 11046 21056 39946 40144 52019=
 22802 41598 73402 11055 21070 30124 40148 52019 70282 86930 333  
 86923=
 22820 42297 80102 11043 21053 39991 40131 52014 886// 333   88705
 555   51052=
 22831 41996 80702 11039 21053 30068 40124 52015 77172 8802/=
 22805 415// 80103 11037 21044 30118 40138 52013 70272 8251/=
 22912 41984 83602 11037 21052 30105 40121 52017 70272 8807/=
 
