06:31:00 MSK 12.05.2023
020 123456/=о000=0331
 уйту01 бтул 120300
 22686 61998 81801 10092 20079 30053 40150 57013 69992 70262 8805/ 333 20071 55015 555 53005 7001/=
 22695 11998 81501 10080 20063 39991 40140 57017 60012 70262 8805/ 333
 20074 555 53008 7001/=
 22996 12599 71702 10098 20017 30010 40195 57009 60002 86930 333 20077
 55130 555 53004 7000/=
 23220 12999 00607 11047 21071 30077 40222 57009 60002 333 21071 43075 55045 555 53008 7990/=
 23226 12960 01005 11036 21065 30006 40227 57011 60002 333 21043 48066 
 555 53007 7995/=
 23305 11450 80901 10036 20035 30107 40135 57012 60042 75165 886// 333
 20032 31003 41998 555 53007 7005/=
 23320 76/// /1302 10047 21054 30119 40191 57011 333 21026 60002 555 53005 7000/=
 23324 12983 20902 10023 21060 30120 40198 57010 60002 82030 333 21070
 42015 55102 555 53004 7000/=
 23405 11350 71601 10057 20055 30040 40138 57009
 60072 76162 83770 333 20036 55087 555 53007 7007/=
 23410 76/// /1104 10022 20000 30073 40170 57018 333 20015 60002 555 7000/=
 23411 11998 81602 10031 20029 30060 40149 57015 60022 76162
 8801/ 333 20028 3/000 41998 555 53008 7002/ =
 23412 11398 81304 10017 20009 30069 40166 57018 69992 76162 8677/ 333 20017 42011 55087 86707 555 53007 7999/=
 23416 NIL=
 23418 11557 81403 10026 20010 30098 40171 57020 60032
 76162 8652/ 333 20025 42017 55134 86626 555 53007 7003/=
 23501 NIL=
 23503 11497 81902 10049 20040 30098 40148 57013 60082 76062 8652/ 333
 20042 86615 555 53007 7008/=
 23507 66/// /2502 10065 20064 39844 40148 57012 60002 333 20042 555 53004 7000/=
 23509 23503 11497 81902 10049 20040 30098 40148 57013 60082 76062
 8652/ 333 20042 86615 555 53007 7008/=
 23514 11697 81802 10038 20033 39964 40159 57016 60032 76162 8552/ 333 20024 42003 55141 85637 555 53005 7003/=
 23518 11697 80000 10030 20015 30091 40183 58016 60012 76162 8852/ 333
 20008 43011 55117 84634 555 53006 7001/ 91206=
 23606 11962 82102 10077 20019 30000 40163 57014 69972 70262 8805/ 333 20045 41998 55140 555 53005 7997/=
 23612 11698 81703 10039 21005 30051 40185 57016 69912 76162 8652/ 333 20018 42998 86636 555 53005 7991/=
 23701 11558 72202 10086 20076 30043 40169 56012 69952 78082 84970 333
 20055 31006 555 53005 7995/=
 23704 76/// /1801 10089 20072 39926 40039 55004 333 20065 60002 555 50098 7000/=
 23707 62999 81802 10101 20039 30039 40167 57016 60002 86075 333 20075
 55116 555 53006 7000/=
 23708 12483 81902 10072 20010 30038 40185 57013 60002 8255/ 333 20048
 555 53005 7000/ 91206=
 23709 12798 81401 10049 21012 30003 40194 56012 60002 8637/ 333 20010 86950 555 53003 7000/ 91205=
 23711 11498 81501 10040 21017 30024 40192 57013 69902 72582 8697/ 333 20011 55149 84919 555 53004 7990/=
 23803 12599 81402 10065 21031 30024 40202 58012 60002 8696/ 333 20033 55151 86925 555 53005 7000/=
 23804 62997 81901 10091 20013 30038 40179 57010 60002 8807/ 333 20070 55112 555 53004 7000/=
 23807 12598 82001 10086 20045 30029 40187 57010 60002 81539 333 20067
 32006 55133 555 53003 7000/=
 23808 66/// /0801 10083 20004 30032 40197 57012 60002 333 20015 555 7000/=
 23812 12997 70000 10038 21020 30050 40212 57013 60002 84032 333 21038
 555 53003 7000/=
 23904 12970 81702 10080 21002 30046 40200 57011 60002 8807/ 333 20023
 555 53003 7000/=
 23905 12599 81401 10057 21001 39984 40209 57009 60002 889// 333 20013
 31003 555 53004 7000/=
 23909 12598 82003 10092 21050 39975 40215 57006 60002 81531 333 20021
 31002 55151=
 23912 12998 62401 10059 21020 30033 40224 57006 60002 80001 333 21030
 30000 555 53003 7000/=
 23913 12999 11701 10020 21032 30007 40237 57005 60002 80001 333 21059
 31001 55135 555 53002 7000/=
 23914 62999 51301 10056 20008 39969 40224 57004 60002 80001 333 20025
 30001 55153=
 28013 12999 51902 10093 21054 39993 40219 57004 60002 80001 333 20027
 30001 555 53004 7000/=
 28016 12599 80000 10055 21011 30001 40224 57006 69902 81501 333 21016
 30000 555 53004 7990/=
 28029 12999 00000 10085 21049 30006 40222 57004 60002 333 21005 31100
 55158 555 53004 7000/=
 28116 12999 20000 10064 21014 39994 40222 57006 60002 80005 333 21023
 30101 55157=
 28128 12999 10000 10085 20005 30072 40222 57004 60002 80001 333 21010
 30101 55152 555 53004 7000/=
 28134 12998 20301 10060 21016 39882 40230 57003 60002 80001 333 21023
 30101 555 53002 7000/=
 28138 12999 01601 10081 21021 39671 40227 57003 60002 333 21025 31103
 55046=
 28216 12999 10701 10086 21019 39921 40213 57005 60002 80001 333 20028
 30001 555 53004 7000/=
 28222 12998 02101 10097 20008 30030 40221 57004 60002 333 21010 30000
 555 53004 7000/=
 28224 11959 01303 10088 20016 30006 40215 57003 60002 70500 333 20015
 30100 55121=
 28234 12897 20000 10090 21005 39950 40223 57005 60002 82030 333 20019
 30102 555 53003 7000/=
 28238 12599 30000 10056 21010 39934 40235 57003 60002 82501 333 21022
 30104 55134 555 53006 7000/=
 28313 12998 23502 10064 21019 30022 40212 57007 60002 80001 333 21023
 30101 555 53003 7000/=
 28319 12999 30501 10091 21008 30045 40205 57006 60002 80001 333 20009
 30002=
 28321 12999 23602 10067 21004 30010 40211 57003 60002 80001 333 20016
 30001=
 28324 12999 60501 10077 20009 30087 40206 57006 60002 80009 333 21018
 30101 555 53004 7000/=
 28326 12998 51101 10087 20020 30028 40211 57003 60002 80004 333 20029
 30002 55129 555 53004 7000/=
 28413 12999 60101 10103 20007 30080 40199 57006 60002 80009 333 20053
 30003 555 53004 7000/=
 28428 12998 00502 10081 20016 30018 40200 57003 60002 333 20018 30002
 555 53004 7000/=
 28429 12996 51003 10080 20019 39801 40205 57003 60002 80001 333 20044
 30002 555 53006 7000/=
 22983 11998 70000 10114 20059 30080 40182 57012 69902 70282 82035 333
 20076 31008 55093 91001 91103 555 52003 53003 7990/=
 27083 12999 71701 10086 20031 39975 40193 57010 60002 87070 333 20040
 31006 91001 91101 555 52002 53003 7000/=
 27097 12998 71301 10074 20044 39947 40205 57007 60002 86071 333 20010
 31003 91001 91101 555 52100 53002 7000/=
 27185 12698 50000 10058 20022 30026 40208 57006 60002 85500 333 20007
 30003 91000 91101 555 52000 53004 7000/=
 27199 12998 20000 10104 20014 30017 40209 57005 60002 80030 333 20021
 30001 55137 91001 91101 555 52101 53007 7000/=
 27281 12982 81201 10087 20043 30002 40205 57005 60002 83035 333 20023
 31003 91002 91102 555 52000 53003 7990/=
 27283 12998 70000 10090 20043 30055 40208 57004 60002 81031 333 20001
 31000 91000 91102 555 52101 53004 7000/=
 27295 12998 40000 10132 21014 39961 40204 57005 60002 80005 333 20059
 31003 91000 91102 555 52001 53005 7000/=
 27296 12998 20000 10070 20015 39993 40208 57004 60002 80001 333 20013
 30100 55152 91000 91100 555 52103 53004 7000/=
 27385 129// 20000 10078 20049 30077 40204 57006 69902 81031 333 20007
 30003 91000 91101 555 52101 53009 7990/=
 27393 12998 01002 10073 20007 30043 40212 57004 60002 333 20036 30004
 55107 91003 91104 555 52004 53007 7000/=
 27480 12598 10000 10076 20055 30077 40204 57004 60002 81500 333 20015
 30003 91000 91102 555 52101 53003 7000/=
 28007 12599 81801 10078 21006 39955 40213 57006 60002 86505 333 20043
 30003 55142 91001 91101 555 52001 53004 7000/=
 28009 12598 50000 10052 20001 30013 40222 57005 60002 85500 333 21007
 30000 91001 91101 555 52103 53004 7000/=
 28105 12998 30000 10051 20007 30016 40214 57005 60002 83030 333 21014
 31001 91000 91101 555 52104 53003 7000/=
 28202 12999 51301 10080 21034 39994 40212 57003 60002 80004 333 20036
 30001 91002 91102 555 52102 53004 7000/=
 28302 12998 00201 10084 21002 39984 40209 57003 60002 333 20017 30003
 91002 91103 555 52101 53004 7000/=
 28307 12998 23201 10074 20029 30061 40203 57003 60002 82030 333 20044
 30002 91002 91102 555 52000 53004 7000/=
 28402 12998 20401 10084 20024 30025 40201 57002 60002 80005 333 20027
 30003 91002 91103 555 52000 53003 7000/=
 28502 12998 20401 10095 20039 30086 40187 57007 60002 80005 333 20023
 30003 55118 91001 91101 555 52101 53004 7000/=
 22550 62997 60000 10061 20038 30166 40176 52001 60002 82032 333 20004
 31004 55000 555 53008 7000/=
 22778 12598 62501 10120 20052 30101 40168 57008 60002 82570 333 20096
 31009 55061 555 53007 7000/=
 22889 12898 30000 10118 20058 30095 40179 57014 60002 82042 333 20072
 555 53003 7000/=
 22762 62998 62802 10111 20034 30139 40177 52007 60002 80039 333 20066
 555 53011 7000/ 91211=
 22638 NIL=
 22671 12998 23101 10081 20031 30087 40164 52008 69902 81031 333 20073
 31003 55004 555 53006 7990/=
 22456 12597 80000 10030 20013 30080 40168 52001 60002 885// 333 21011
 3/100 42998 555 53006 7990/=
 22583 11998 42802 10076 20042 30063 40142 57002 69952 70218 82071 333
 20057 31007 55007 555 53005 7001/=
 22749 NIL=
 22951 12898 72801 10083 20018 39926 40203 57002 60002 87030 333 20045
 31004 555 53006 7000/=
 22887 12699 81402 10134 20062 30114 40182 57001 60002 8355/ 333 20088 
 30008 55103 555 53003 7000/=
 22876 12997 81901 10117 20057 30103 40173 57010 60002 8805/ 333 20082
 555 50138 53005 7000/ 91205=
 22481 11594 82903 10022 20021 30095 40147 52003 69912 72842 885// 333
 20021 3/100 42007 555 53007 7997/=
 22854 12899 62902 10082 20002 39915 40199 54000 60002 84039 333 20072
 30005 55114 555 53006 7000/=
 22781 NIL=
 22676 NIL=
 22648 NIL=
 22559 12698 72801 10072 20033 30162 40178 52003 60002 82559 333 20037
 31004 55008 555 53007 7000/ 91212=
 22869 12997 72601 10108 20048 30041 40186 57005 60002 80071 333 20093
 31008 555 53007 7000/ 91207=
 22768 12897 63502 10145 20029 30128 40176 52001 69902 86070 333 20106
 30008 55061 555 53009 7990/=
 22798 12998 60000 10101 20059 30061 40170 57012 69902 86030 333 20079
 31007 555 53005 7990/=
 22375 NIL=
 23207 12499 80901 10038 20036 30109 40131 57005 60012 886// 333 20026
 55043 555 53006 7004/=
 23215 NIL=
 23219 NIL=
 27095 76/// /0000 10045 20029 39990 40218 57006 333 20006 60002 555 53003 7000/=
 22408 22999 11101 10031 21005 30039 40189 57005 81030 333   21017
 55119 60002 555   7000/=
 22511 22998 01101 10057 20010 30070 40190 57005 333   20001 60002
 555   7000/=
 22529 22999 02802 10115 20010 30177 40184 54000 333   20022 60002
 555   7000/=
 22602 22999 02302 10078 20023 39989 40211 52003 333   20051 55153
 60002 555   7000/=
 22621 73/70 /2202 10080 20012 30060 40197 54000 333   20038 55122
 60002 555   7000/=
 22619 22982 02604 10109 21008 30045 40200 52002 333   20076 55127
 60002 555   7000/=
 22721 22998 33102 10066 20008 30106 40203 57001 80001 333   20043
 60002 555   7000/=
 22727 76/66 /0000 10085 20036 30169 40216 52002 333   20045 60002
 555   7000/=
 22717 73/70 /2702 10093 20004 30035 40225 52003 333   20070 60002
 555   7000/=
 22802 22999 00000 10064 20038 30213 40236 52006 333   20018 55135
 60002 555   7000/=
 22820 22970 02403 10107 20002 30083 40216 52001 333   20084 55098
 60002 555   7000/=
 22831 22998 10000 10072 20020 30155 40210 52003 81030 333   20012
 55077 60002 555   7000/=
 22805 22998 03401 10069 20009 30225 40244 51003 333   20061 55133
 60002 555   7000/=
 22912 22999 01201 10023 20002 30216 40231 52002 333   21015 60002
 555   7000/=
 
