09:31:00 MSK 01.04.2023
020 123456/=о000=0631
 унту01 бтул 010600
 22686 41396 80000 11003 21012 39937 40037 57002 77172 8672/ 333 21006 86708=
 22695 41495 83201 10006 21006 39866 40017 56001 77372 8772/ 333 87711=
 22996 41497 82004 10030 20001 39887 40071 52008 78082 8692/=
 23220 42598 81608 10020 21020 39915 40054 57032 885// 333 91012 91113=
 23226 41456 81506 10005 21023 39850 40064 57024 77072 885// 333 88612 
 91113=
 23305 41442 83302 11006 21009 30001 40028 57016 71072 886// 333 88710=
 23320 66/// /1502 10023 21001 39982 40054 56019 60002 333 20022=
 23324 41328 81201 10006 21002 39980 40057 56017 77376 8872/ 333 20006
 86707=
 23405 41334 83303 11005 21011 39929 40028 57013
 77372 8572/ 333 21005 85707=
 23410 66/// /1607 10000 21006 39939 40035 58021 60002 333 21000 91010 91112=
 23411 41495 81902 10008 20008 39936 40024 57021 77376 8872/=
 23412 41294 81805 10001 21001 39936 40032 57021 77572 8672/ 333 20000 86705=
 23416 NIL=
 23418 41341 81402 10011 21003 39974 40048 57020 77172 8672/
 333 20007 86707=
 23501 NIL=
 23503 41397 81902 10007 21000 39979 40029 56016 77172 8872/ 333 20002 86709=
 23507 86/// /2001 10004 20004 39717 40025 56008=
 23509 41497 81802 10010 20001 39955 40033 57014 77172 8652/ 333 86612=
 23514 41397 81904 10005 20004 39846 40040 57017 78582 889// 333 85708=
 23518 41496 81907 10022 20010 39971 40061 56013 78082 889// 333
 20013 84713 91011 91114 555 53014=
 23606 41250 82103 10020 20020 39878 40042 57004 
 78082 889// 333 86706=
 23701 41360 82003 10012 20005 39913 40041 54000 77172 8872/ 333 86709=
 23704 66/// /2003 10017 20017 39926 40039 55004 60002 333 20001=
 23707 81396 81903 10020 20015 39912 40042 52007 76186 8872/ 333 86708=
 23708 41462 81805 10028 20011 39915 40063 52004 76186 8872/ 333 86710=
 23709 41697 81905 10033 21002 39891 40081 52007 78082 8797/ 333 87937 91010 91111=
 23711 41498 82004 10049 20003 39914 40080 52002 70262 887// 333 85713
 91110=
 23803 42599 82007 10043 21035 39915 40092 53006 889// 333 88926 91011 91114=
 23804 81396 81903 10029 20022 39910 40053 53006 76176 887// 333 86708=
 23807 41497 82005 10032 20017 39904 40063 52005 70282 8695/ 333 85617
 91110=
 23808 86/// /1606 10031 20007 39916 40082 52005 333 91112=
 23812 42597 82204 10063 21010 39946 40105 53001 885// 333 91112=
 23904 41370 81904 10024 20017 39933 40088 53008 72522 883// 333 85709=
 23905 41599 81804 10030 21004 39878 40103 52004 70282 889// 333
 91110=
 23909 42598 82107 10050 21016 39878 40120 52003 8651/ 333 91011
 91110=
 23912 42598 81904 10059 20010 39938 40127 58006 86501 333 91110=
 23913 41599 81402 10057 21001 39925 40151 58003 70282 889//=
 23914 82498 81706 10046 20004 39881 40134 57002 885// 333 91110=
 28013 42598 81805 10061 20004 39895 40121 57003 889// 333 91011
 91110=
 28016 42599 82004 10059 21009 39909 40131 50002 86902 333 91011
 91111=
 28029 41599 81705 10060 20010 39934 40150 57002 70262 8652/=
 28116 42599 81903 10062 21004 39911 40137 57002 82921=
 28128 41599 81705 10044 20011 30008 40160 54000 70262 885//=
 28134 41598 81702 10048 20001 39822 40169 57004 70282 8651/=
 28138 41599 81703 10018 20006 39627 40194 57005 70282 883//=
 28216 42599 81805 10054 20003 39860 40153 50002 889// 333 91110=
 28222 42598 81603 10055 20011 39974 40166 58002 886//=
 28224 41570 81604 10053 20022 39957 40167 57002 70262 885//=
 28234 41597 81602 10039 20010 39908 40184 57004 76186 885// 333
 20038=
 28238 41598 80901 10025 20006 39896 40200 50000 76162 885// 333
 20023=
 28313 42698 81805 10061 20006 39971 40160 50003 885//=
 28319 42598 81902 10061 20023 30011 40171 52006 8557/=
 28321 42599 81703 10050 20023 39965 40166 51005 889//=
 28324 42699 81903 10056 20021 30054 40173 50004 885//=
 28326 41596 71502 10040 20025 39999 40185 57002 78082 87300=
 28413 42599 81503 10065 21004 30045 40165 58002 8657/=
 28428 41497 81703 10038 20022 30000 40184 52002 76362 8872/ 333
 20034=
 28429 41596 81602 10034 20023 39780 40191 50000 76362 8802/ 333
 20033=
 22983 41468 82002 10026 20013 39944 40048 52006 78082 8696/ 333 91005
 91108=
 27083 41599 81704 10016 21001 39846 40066 52008 70262 885// 333 91007
 91108=
 27097 41498 81604 10014 20008 39825 40085 52002 70282 889// 333 91008
 91108=
 27185 42598 81502 10019 20006 39898 40080 58001 883// 333 91004
 91106=
 27199 41498 81602 10021 20006 39904 40100 57002 70282 8565/ 333 91005
 91107=
 27281 42482 81503 10017 20005 39868 40074 57004 886// 333 91005
 91107=
 27283 41498 81603 10019 20006 39934 40092 54000 70282 885// 333 91005
 91106=
 27295 41598 81403 10018 21003 39845 40094 57006 72782 884// 333 91007
 91107=
 27296 42582 81603 10023 21008 39885 40102 57005 889// 333 20017 91006
 91107=
 27385 414// 81604 10030 20008 39955 40083 57009 70262 8675/ 333 91006
 91107=
 27393 42598 81707 10028 21002 39942 40112 58007 885// 333 91009
 91110=
 27480 42598 81503 10030 20013 39953 40080 57007 885// 333 91006
 91107=
 28007 42499 81703 10016 21006 39845 40106 52002 885// 333 20016 88614
 91005 91108=
 28009 42698 81704 10033 21019 39912 40120 52002 8455/ 333 91007
 91109=
 28105 42598 81802 10026 21011 39912 40110 58001 885// 333 20022 91006
 91108=
 28202 42681 81805 10025 21014 39900 40120 57003 8657/ 333 20017 91007
 91107=
 28302 42598 81604 10037 21013 39900 40126 57001 885// 333 91007
 91108=
 28307 42498 81304 10040 21003 39969 40112 57005 885// 333 91008
 91108=
 28402 42698 81707 10052 20003 39949 40125 57001 8557/ 333 91010
 91110=
 28502 42698 81707 10057 21002 30031 40134 54000 84571 333 91011
 91112=
 22550 82697 72201 11040 21086 30029 40039 52001 87500 333 87638=
 22778 41496 83501 11004 21016 39970 40039 57003 77387 8872/=
 22889 41498 81803 10028 20018 39961 40046 52004 70272 885// 333
 88613=
 22762 42997 20000 11006 21024 30009 40048 57002 80009=
 22638 46/// /2600 11081 21094 39827 40059 52004=
 22671 42998 22201 11028 21033 39963 40043 50001 81031=
 22456 42597 72502 11045 21085 39937 40026 57003 84570=
 22583 42998 73301 11023 21030 39956 40037 56005 81071=
 22749 42998 30301 11023 21073 39928 40054 50000 80001 333 21100=
 22951 42998 60901 11002 21031 39768 40049 54000 80001=
 22887 41496 81801 10013 20008 39962 40032 53003 76176 8872/ 
 333 86712=
 22876 41395 82701 10007 20007 39958 40030 52002 78588 889// 333
 88707=
 22481 42998 22301 11056 21056 39980 40034 57004 80001 333 21173=
 22854 42/// /0501 11009 21059 39761 40050 54000=
 22781 NIL=
 22676 42397 73302 11032 21038 39964 40043 57004 82670=
 22648 42998 31101 11031 21076 30009 40056 53002 80001=
 22559 42998 21902 11054 21099 30031 40048 52003 80001 333 21111=
 22869 41995 80503 11003 21010 39893 40041 52005 77377 8002/ 333
 21003=
 22768 41/93 90301 11028 21034 39995 40045 57002 74742=
 22798 41496 81802 10009 20008 39928 40040 52005 78082 889//=
 22375 46/// /1904 11069 30003 40018 57003=
 23207 42999 61803 11022 21060 30007 40030 57012 80002=
 23215 41395 80803 11024 21035 39947 40037 57027 77387 8872/ 333 21041
 85707=
 23219 NIL=
 27095 66/// /1603 10018 20013 39868 40095 52006 60002 333 20017=
 22408 11699 83204 11023 21054 39909 40060 52014 69902 70282 885//
 333   21035 47085 88636=
 22511 11598 83002 11014 21055 39933 40055 52012 69902 72611 8697/
 333   21060 44071=
 22529 12599 22602 11019 21072 30041 40048 52007 60002 81502 333  
 21089 44028=
 22602 13476 60000 11039 21058 39838 40067 52004 60002 85530 333  
 21110 47086 85618=
 22621 12598 62902 11039 21076 39917 40059 52005 60002 86500 333  
 21130 47067 86632=
 22619 12482 23102 11077 21112 39899 40063 52007 60002 81501 333  
 21134 47049=
 22721 12998 21201 11044 21090 39963 40063 52007 60002 80001 333  
 21121 47072=
 22727 12965 80000 11048 21059 30017 40066 52002 60002 88070 333  
 21098 42004=
 22717 12998 52801 11112 21127 39874 40076 52006 60002 80001 333  
 21155 47062=
 22802 12999 20000 11119 21133 30051 40076 52004 60002 82030 333  
 21161 47060=
 22820 12970 63102 11029 21064 39926 40064 52003 60002 84031 333  
 21092 44006=
 22831 12998 61301 10001 21065 30002 40057 52003 60002 83031 333  
 21049 43054=
 22805 12598 63601 11034 21047 30057 40077 52011 60002 83505 333  
 21054 48032=
 22912 12699 80202 11011 21043 30044 40059 52007 60002 885// 333  
 21019 47011 88640=
 
