03:31:00 MSK 31.05.2023
020 123456/=о000=0031
 унту01 бтул 310000
 22686 81998 80000 10058 20055 30036 40134 58008 71211 83079 555 10008=
 22695 41997 50000 10082 20066 39974 40123 57008 71182 85030 555 11008=
 22996 42/// /1601 10117 20117 39957 40135 55005 555 1/013=
 23220 42599 30503 10063 20051 30018 40157 57003 82830 555 12005=
 23226 42960 21302 10074 20049 39952 40162 54000 82030 555 1/004=
 23305 42/// /1302 10093 20083 30099 40126 55006 555 1/009=
 23320 86/// /1503 10104 20074 30077 40148 56014=
 23324 42582 71302 10105 20081 30067 40142 58013 82941 555 11009=
 23405 41571 73503 10106 20077 30024 40120 57008 72582 83930 555 11009=
 23410 86/// /1103 10111 20076 30034 40127 57012 555 53011=
 23411 42/// /2002 10115 20061 30029 40115 57017 555 1/010=
 23412 42999 61403 10115 20083 30031 40124 57013 86030 555 11010=
 23416 NIL=
 23418 41965 21402 10117 20044 30066 40136 57010 70198 82030
 555 11008=
 23503 NIL=
 23507 86/// /2501 10090 20070 39830 40131 56009=
 23509 42/// /0000 10104 20084 30056 40132 58009 555 1/010=
 23514 42697 72002 10122 20065 39948 40137 57008 83570 555 11010=
 23518 NIL=
 23606 42962 61802 10112 20073 39977 40137 57010 86030 555 11012=
 23612 NIL=
 23701 42/// /0000 10076 20074 30015 40141 56012 555 1/009=
 23704 86/// /1601 10095 20095 39926 40039 55004 555 53008=
 23707 82598 80102 10106 20089 30001 40128 57013 85571 333 85620 555
 11011=
 23708 42/// /0402 10112 20081 39994 40138 58014 555 1/011=
 23709 82698 80000 10093 20073 39959 40146 57015 84505 555 11010=
 23711 42498 72301 10089 20077 39990 40159 57008 82945 555 12010=
 23803 42999 81102 10124 20064 39973 40145 57015 83037 555 11012=
 23804 42597 82201 10102 20091 39987 40127 57018 8495/ 555 12012=
 23807 42/// /1401 10117 20116 39975 40130 57015 555 1/012=
 23808 86/// /1302 10099 20083 39978 40140 57014=
 23812 82597 80000 10082 20076 30006 40165 57010 84202 555 11010=
 23904 41670 80000 10109 20098 39995 40146 55005 72522 8432/ 555 11012=
 23905 42899 81301 10110 20083 39923 40142 57013 8802/ 555 10011=
 23909 41597 81201 10131 20109 39912 40147 57020 78082 883//=
 23912 41598 81002 10144 20090 39979 40162 57012 72581 83935 555
 11013=
 23913 41599 83301 10085 20071 39965 40188 58010 70282 889// 555
 11007=
 23914 81498 81202 10131 20093 39915 40161 57014 70282 889//=
 27095 NIL=
 28013 41598 80802 10133 20106 39924 40145 57024 70281 889// 555
 11014=
 28016 42/// /0902 10136 20116 39925 40139 57026 555 1/015=
 28029 41597 81202 10156 20097 39946 40154 57016 76062 8652/ 555
 12015=
 28116 41499 81001 10152 20106 39917 40136 57024 70382 884//=
 28128 41599 80901 10158 20124 30003 40148 57017 72162 885// 555
 11015=
 28134 42598 82101 10173 20105 39833 40164 57014 885// 555 10015=
 28138 43/// /1301 10157 20067 39644 40183 57008=
 28216 41699 81204 10171 20113 39852 40132 56019 70262 885// 555
 10017=
 28222 42/// /1402 10185 20108 39967 40150 58014 555 1/015=
 28224 41698 81702 10182 20112 39954 40154 57012 78082 8292/=
 28234 41498 81401 10176 20098 39904 40167 58017 72572 889// 555
 11015=
 28238 42599 83602 10131 20101 39893 40184 58011 885// 555 10014=
 28313 42/// /1602 10186 20114 39956 40136 56012 555 1/017=
 28319 42599 81602 10205 20122 39994 40147 57010 8697/=
 28321 42899 82201 10176 20123 39948 40140 56020 8805/=
 28324 42/// /2201 10180 20118 30029 40143 56018 555 1/018=
 28326 42598 70000 10177 20115 39981 40157 57020 87500 555 10018=
 28413 41599 81502 10217 20101 30023 40136 58008 70262 8657/ 333 91112
 555 10019=
 28428 42599 80901 10161 20123 39980 40155 56016 889// 555 10016=
 28429 42/// /0302 10166 20119 39775 40164 57017 555 1/017=
 22983 42998 80000 10088 20085 30022 40124 57012 82035 333 91001 91102
 555 11010=
 27083 41599 81101 10119 20102 39916 40130 57008 72122 885// 333 91002
 91104 555 11012=
 27097 42/// /3601 10117 20114 39882 40134 58010 333 91002 91107 555
 1/013=
 27185 42/// /0000 10123 20118 39955 40131 56017 333 91000 91103 555
 1/014=
 27199 41498 83301 10145 20115 39936 40124 57014 72582 883// 333 91002
 91104 555 11014=
 27281 41458 80303 10126 20116 39928 40127 57017 76162 8872/ 333 91004
 91106 555 12013=
 27283 41498 80103 10127 20117 39975 40125 57012 72582 889// 333 91005
 91105 555 11014=
 27295 42/// /3302 10137 20104 39877 40117 55011 333 91004 91104 555
 1/015=
 27296 41556 83201 10133 20107 39901 40108 57019 78082 889// 333 91002
 91104 555 11014=
 27385 419// 60202 10143 20109 39987 40110 57013 70282 86030 333 91005
 91105 555 10013=
 27393 42598 80801 10137 20111 39947 40110 57019 8557/ 333 91003 91104
 555 10015=
 27480 42598 80301 10129 20117 39986 40108 57015 87501 333 91003 91104
 555 11013=
 28007 42999 83302 10139 20090 39882 40132 56015 8805/ 333 91003 91103
 555 11014=
 28009 41498 80201 10137 20099 39927 40128 57029 70282 889// 333 91002
 91102 555 11014=
 28105 41598 70501 10133 20122 39930 40120 57021 70282 87200 333 91001
 91104 555 11015=
 28202 42577 80000 10127 20102 39900 40112 57026 86901 333 91000 91102
 555 11014=
 28302 42598 80000 10134 20105 39896 40114 56017 889// 333 91000 91104
 555 10014=
 28307 41498 80000 10138 20120 39968 40105 57014 76161 885// 333 91000
 91102 555 11014=
 28402 41598 81702 10169 20129 39938 40107 57011 72582 8697/ 333 91005
 91106 555 11015=
 28502 42698 82003 10196 20106 30017 40114 55003 885// 333 91004 91107
 555 10017=
 22550 82997 00000 10019 20016 30119 40129 57009 555 10004=
 22778 41998 20000 10044 20041 30065 40134 57007 71100 81035 555
 10007=
 22889 42/// /0901 10085 20084 30043 40127 57012 555 1/010=
 22762 82997 60000 10032 20032 30091 40130 57011 80071 555 11007=
 22638 NIL=
 22671 42/// /0000 10060 20043 30052 40129 57012 555 1/007=
 22456 42997 00000 10006 20006 30036 40124 57006 555 11004=
 22583 42698 62501 10080 20054 30049 40128 57005 83571 555 11009=
 22749 42/// /2401 10057 20049 30013 40136 57010 555 1/007=
 22951 NIL=
 22887 41699 80000 10121 20105 30056 40123 57011 70282 82531 555
 11011=
 22876 41497 70000 10107 20107 30054 40124 58013 70282 87900 333 87919
 555 11012=
 22481 42/// /1903 10069 20061 30071 40123 57008 555 1/007=
 22854 42/// /3601 10070 20043 39857 40140 57008 555 1/009=
 22781 NIL=
 22676 41698 60000 10050 20038 30055 40131 57007 71122 81531 555 10007=
 22648 41993 01301 10033 20031 30094 40140 57011 74440 555 10004 =
 22559 NIL=
 22869 42997 61001 10082 20059 39989 40134 57009 83930 555 11010=
 22768 42897 30000 10063 20047 30081 40130 57008 555 10007=
 22798 41597 80101 10104 20099 30021 40130 57014 70282 8655/ 555
 11011=
 22375 NIL=
 23207 NIL=
 23215 42598 71505 10098 20064 30035 40121 57015 87500 555 11007=
 23219 NIL=
 22408 42799 81902 10080 20024 39942 40088 57026 8557/ 333   85650
 555   11007=
 22511 42998 72002 10081 20023 39980 40098 57023 86039 555   10006=
 22529 42599 21902 10033 20025 30111 40118 57014 82500 555   11003=
 22602 42977 22203 10077 20025 39893 40113 57025 8203/ 555   11007=
 22621 83/70 /2201 10031 20018 39991 40130 57013 555   1////=
 22619 42581 22503 10071 20033 39974 40130 57012 82500 555   11005=
 22721 42998 03201 10034 20027 30041 40139 57012 555   11004=
 22727 86/70 /1001 10044 20040 30102 40150 57009 555   1////=
 22717 83/70 /2502 10040 20024 39961 40153 57013 555   1////=
 22802 41998 10000 10025 20019 30132 40155 57015 71100 81030 555  
 11002=
 22820 42970 02403 10050 20035 30017 40152 57009 555   11003=
 22831 42998 20000 10009 20000 30094 40150 57007 82030 555   10004=
 22805 42998 02301 10047 20019 30141 40161 57013 555   10003=
 22912 42984 00901 11013 21019 30147 40162 57008 555   10002=
 
