00:31:00 MSK 17.12.2023
020 123456/=о000=2131
 уйту01 бтул 162100
 22686 41496 81602 11117 21134 39990 40094 57014 77172 8802/ 333 88516=
 22695 41597 81702 11119 21144 39926 40086 57012 77172 8652/=
 22996 41496 81802 11126 21135 39940 40135 57008 77172 8452/=
 23220 41599 81106 11112 21185 30017 40166 57022 73732 8257/ 333 91112=
 23226 41960 81710 11113 21175 39936 40162 57027 73632 8805/ 333 91014
 91114=
 23305 42/// /1804 11104 21117 30051 40080 57019=
 23320 86/// /1103 11101 21176 30059 40135 57015=
 23324 42984 61302 11098 21179 30059 40139 56017 82075=
 23405 41996 81504 11108 21121 39986 40089 57019 77172 
 8802/=
 23410 86/// /1606 11103 21161 30020 40120 57015 333 91110=
 23411 42/// /1907 11107 21122 30008 40101 57017=
 23412 42999 81805 11105 21139 30016 40117 57016 8805/ 333 91110=
 23416 NIL=
 23418 42965 81804 11112 21165 30057 40134 57012 8805/=
 23503 42/// /1704 11110 21134 30055 40108 57016=
 23507 86/// /1901 11134 21143 39775 40101 57013=
 23509 NIL=
 23514 41495 81703 11116 21134 39926 40133 57008 77373 8677/ 333 84713=
 23518 42/// /1405 11139 21193 30056 40153 57010=
 23606 41660 81705 11119 21143 39950 40125 57012 77072 8352/=
 23704 86/// /1602 11123 21129 39286 49401 58027=
 23701 42/// /1901 11120 21136 39982 40118 58012=
 23707 81597 81703 11126 21144 39980 40119 57009 77177 8652/ 333 86620=
 23708 42/// /1803 11133 21156 39980 40138 58008=
 23709 41997 81601 11121 21151 39947 40150 57010 77172 8802/=
 23711 42998 81703 11109 21152 39978 40156 57011 8805/=
 23803 41597 81803 11118 21151 39967 40157 56009 77172 8552/ 333 85627=
 23804 81497 82001 11148 21163 39976 40130 57007 70272 8652/ 333 86613=
 23807 42/// /1902 11144 21150 39966 40137 57007=
 23808 86/// /1302 11129 21138 39975 40152 58006=
 23812 42997 01601 11187 21212 30002 40178 57011 333 934//=
 23904 41558 81802 11127 21140 39982 40148 58008 77172 8252/=
 23905 41896 81602 11121 21141 39917 40157 57008 77172 8802/=
 23909 41497 81702 11119 21140 39913 40172 57007 77172 8752/ 333
 93601=
 23912 42898 81904 11095 21150 39983 40184 57006 8805/ 333 91110=
 23913 42999 02201 11208 21237 39965 40216 58013=
 23914 81896 81704 11118 21141 39917 40189 57006 77011 8802/=
 28013 41897 81602 11119 21142 39934 40177 57009 77172 8802/=
 28016 42/// /1702 11118 21131 39940 40177 57008=
 28029 42999 01804 11089 21152 39963 40192 57008=
 28116 41496 81902 11115 21139 39939 40182 57010 77172 8872/=
 28128 41596 81901 11098 21131 30037 40198 57008 77172 8802/=
 28134 42698 81801 11090 21161 39837 40203 57013 8451/=
 28138 43/// /0000 11186 21211 39632 40247 57014=
 28216 41896 81804 11118 21143 39879 40193 57007 77172 8802/=
 28222 42/// /1703 11093 21149 39995 40199 57011=
 28224 41818 81703 11101 21148 39977 40201 57011 77272 8802/=
 28234 42898 61603 11085 21170 39921 40212 57012 86020=
 28238 42999 02301 11253 21289 39913 40253 57013=
 28313 42/// /1803 11112 21135 39994 40197 57008=
 28319 41496 82002 11107 21132 30033 40207 57009 77177 8802/=
 28321 41896 81903 11108 21128 39984 40198 58009 77172 8802/=
 28324 42/// /1802 11101 21127 30077 40204 57008=
 28326 42998 32003 11078 21149 30015 40210 57009 80001=
 28413 41495 81802 11106 21131 30073 40202 57009 77372 8872/=
 28428 42598 82102 11099 21135 30021 40215 57008 885//=
 28429 42/// /2003 11092 21155 39790 40221 57013=
 22983 41558 80000 11118 21134 30014 40125 57006 77172 885// 333 91001
 91102=
 27083 41458 82002 11123 21141 39900 40135 57005 77172 8802/ 333 91003
 91104=
 27097 42/// /1602 11128 21135 39871 40147 57006 333 91004 91104=
 27185 42/// /1701 11119 21136 39956 40150 54001 333 91003 91103=
 27199 41996 81801 11118 21137 39951 40159 57003 77172 8802/ 333 91003
 91104=
 27281 41457 81901 11121 21135 39932 40150 57001 77172 8872/ 333 91002
 91102=
 27283 42497 81901 11116 21131 39990 40154 57001 885// 333 91002
 91103=
 27295 42/// /1701 11121 21141 39896 40162 54001 333 91003 91104=
 27296 42997 81601 11119 21143 39934 40164 57003 8807/ 333 91004
 91105=
 27385 415// 82202 11113 21133 30029 40165 52004 77072 8657/ 333 91004
 91105=
 27393 41496 81904 11115 21135 39992 40172 57004 77172 8672/ 333 91005
 91107=
 27480 41598 52001 11134 21160 30037 40174 52005 70272 85500 333 91003
 91104=
 28007 41499 81802 11125 21144 39884 40161 58004 70272 886// 333 88710
 91003 91104=
 28009 41997 81702 11117 21150 39946 40168 57005 77172 8802/ 333 91004
 91106=
 28105 41997 81802 11118 21153 39954 40163 57003 77172 8802/ 333 91003
 91105=
 28202 41596 81903 11122 21145 39935 40169 57008 77172 8802/ 333 91004
 91106=
 28302 41597 81602 11119 21143 39934 40176 57007 77172 885// 333 91004
 91105=
 28307 41496 81502 11111 21132 30021 40173 57002 77372 8802/ 333 91003
 91104=
 28402 41447 81903 11112 21134 39991 40180 57006 77172 8257/ 333 91005
 91105=
 28502 41597 81802 11106 21134 30078 40187 56005 70272 8802/ 333 91003
 91105=
 22550 81568 81502 11084 21087 30037 40048 57023 70282 885// 333
 88631=
 22778 41497 82402 11123 21142 30029 40102 57009 72682 8657/ 333
 86614=
 22889 42/// /1001 11119 21129 30032 40123 58007=
 22762 41996 81801 11151 21165 30057 40099 56013 77177 8007/=
 22638 46/// /1802 11094 21106 39822 40055 57038=
 22671 42/// /2102 11129 21145 39992 40075 57016=
 22456 41596 82201 11105 21129 39945 40036 58023 78582 889//=
 22583 42998 71901 11116 21133 39989 40073 57016 8707/=
 22749 NIL=
 22951 42/// /2301 11125 21135 39828 40124 58017=
 22887 41597 81502 11111 21131 30042 40115 57006 78582 8393/=
 22876 41496 80000 11108 21121 30032 40110 57008 78588 889// 333
 88918=
 22481 42/// /1703 11140 21155 39995 40051 56019=
 22854 42/// /2101 11138 21151 39810 40116 58018=
 22781 NIL=
 22676 NIL=
 22648 NIL=
 22559 42/// /1701 11109 21121 30047 40064 58021=
 22869 41498 62402 11152 21168 39968 40127 58007 70272 86500 333
 86619=
 22768 41497 82103 11148 21168 30051 40104 57016 78581 889// 333
 86914=
 22798 41997 81501 11125 21136 39997 40116 57009 77877 8802/=
 22375 46/// /1906 11131 21147 30010 40026 57023=
 23207 NIL=
 23215 NIL=
 23219 NIL=
 27095 86/// /1602 11126 21128 39917 40159 57005=
 22408 41321 81706 11043 21048 39764 49914 57072 77373 8872/ 333  
 88707 91110 93500=
 22511 41222 81605 11048 21059 39813 49935 57072 77373 8872/ 333  
 88704 91010 91110 93500 92982=
 22529 42498 81905 11070 21083 30006 40013 57053 889// 333   88913=
 22602 41258 81804 11041 21051 39721 49947 57072 77173 8872/ 333  
 88506 91110=
 22621 83261 /1706 11065 21073 39868 40010 57055 333   91110=
 22619 42397 81703 11053 21060 39842 40003 57058 886// 333   88707=
 22721 42397 81201 11073 21081 39940 40041 57054 887// 333   85707=
 22727 86370 /1505 11058 21072 30005 40054 57053=
 22717 83/56 /1903 11032 21037 39828 40027 57061=
 22802 41498 81904 11004 21017 39998 40021 57063 70282 889// 333  
 86911 91111=
 22820 42597 71602 11061 21077 39921 40060 57050 87500 333   87621
 555   51104=
 22831 42297 81501 11079 21091 30032 40089 57038 8872/ 333   88706=
 22805 825// 81910 10003 21009 30009 40033 57060 885// 333   91013
 91115=
 22912 42384 81804 11037 21045 30060 40075 57047 886// 333   88707=
 
