12:31:00 MSK 29.08.2023
010 111/=о000=0931
 уйту01 бтул 290900
 22686 82598 72701 10127 20061 30049 40145 57006 84231=
 22695 42598 60901 10142 20047 39981 40127 57011 84130=
 22996 82598 53602 10139 20089 39952 40129 57009 85900=
 23220 42599 73503 10144 20036 39998 40133 57007 87800=
 23226 42660 80601 10132 20050 39934 40140 58005 8395/=
 23305 42699 62002 10128 20072 30118 40145 57004 83530=
 23320 86/// /0501 10164 20058 30069 40138 57008=
 23324 42583 60601 10161 20062 30066 40139 57009 84301=
 23405 42575 71302 10136 20068 30047 40141 57005 83530=
 23410 86/// /3602 10142 20071 30049 40141 57004=
 23411 42599 71802 10154 20072 30059 40143 57005 85930=
 23412 42699 72402 10145 20089 30050 40142 57004 83030=
 23416 NIL=
 23418 42565 33602 10162 20059 30064 40134 58007 83900=
 23503 42598 63001 10144 20056 30096 40144 57004 83930=
 23507 86/// /1401 10125 20078 39842 40139 57008=
 23509 42498 71802 10155 20059 30067 40142 57006 85930 333 85917=
 23514 42597 73402 10141 20057 39950 40138 57004 85939=
 23518 42598 23602 10167 20052 30039 40126 58008 82200=
 23606 42662 60303 10158 20051 39976 40134 57005 83130=
 23701 82599 61001 10161 20081 30019 40142 57009 83980=
 23704 86/// /0301 10140 20093 39873 49983 51225=
 23707 82499 83303 10131 20090 30012 40139 57006 8595/=
 23708 42598 73402 10148 20066 39992 40134 57004 84830=
 23709 82598 40103 10163 20044 39944 40126 57005 84100=
 23711 42598 63502 10168 20074 39959 40119 57005 82980=
 23803 42699 60403 10155 20062 39955 40125 58003 83101=
 23804 82597 20101 10155 20081 39995 40133 58007 82230=
 23807 42498 50403 10155 20082 39980 40133 57009 85500=
 23808 86/// /3404 10161 20054 39969 40129 57007=
 23812 41597 60501 10160 20067 39957 40110 57002 72582 86900=
 23904 42670 40202 10163 20078 39978 40127 57010 84300=
 23905 82599 80102 10163 20068 39901 40116 57004 885//=
 23909 82598 60303 10162 20081 39873 40105 57002 86300=
 23912 82598 40304 10176 20078 39913 40093 57005 84200=
 23913 82599 40304 10176 20044 39866 40081 57002 84900 333 91110=
 23914 82499 50103 10163 20083 39849 40091 57001 85900=
 28013 82698 33605 10162 20070 39878 40096 57002 83200=
 28016 82599 73604 10158 20087 39886 40098 54001 87900=
 28029 82699 60204 10170 20079 39863 40068 57004 84531 333 91110=
 28116 82599 53605 10160 20086 39871 40088 54000 84109=
 28128 82599 53605 10170 20087 39924 40068 57005 84801 333 91110=
 28134 81597 80201 10121 20096 39735 40070 52009 76162 8655/=
 28138 41598 80206 10100 20082 39507 40049 52002 78082 883// 333 91010
 91112=
 28216 82599 63605 10161 20075 39789 40069 57003 86100 333 91011
 91112=
 28222 81597 80603 10153 20085 39880 40064 55000 78082 889// 333 91010
 91110=
 28224 81570 70204 10154 20084 39848 40049 57007 78011 87900 333
 91110=
 28234 81497 80102 10115 20087 39786 40052 53007 78182 8695/ 333
 91111=
 28238 81499 80305 10116 20064 39746 40035 52004 72582 889// 333 91010
 91114=
 28313 82598 63505 10171 20077 39883 40063 57006 86500 333 91110=
 28319 82599 30203 10173 20086 39898 40050 58005 83200=
 28321 82599 60105 10171 20074 39861 40052 54001 86200 333 91110=
 28324 82599 63605 10168 20073 39932 40045 57006 86900 333 91110=
 28326 81598 70503 10151 20090 39856 40032 57005 78082 87300=
 28413 82599 50105 10171 20075 39939 40054 57003 85200 333 91010
 91111=
 28428 82599 50404 10171 20073 39846 40019 57008 85900 333 91113=
 28429 82598 73604 10129 20084 39622 40011 57007 87900 333 91113=
 22983 42698 83601 10146 20074 30044 40144 57007 82235 333 91002
 91104=
 27083 42599 43603 10144 20077 39921 40133 57007 84100 333 91005
 91106=
 27097 42598 43603 10159 20082 39882 40130 56006 84200 333 91006
 91108=
 27185 42698 53603 10157 20068 39958 40132 56008 85200 333 91006
 91107=
 27199 42/98 60203 10153 20062 39933 40120 57006 86200 333 91006
 91108=
 27281 42582 60104 10160 20079 39937 40133 57007 85202 333 91007
 91107=
 27283 42598 50204 10158 20074 39978 40126 58008 85200 333 91007
 91109=
 27295 42998 60103 10158 20054 39879 40118 57007 86080 333 91008
 91108=
 27296 42598 53504 10169 20064 39906 40111 57007 85200 333 91007
 91109=
 27385 426// 50103 10173 20066 39998 40119 57007 85100 333 91006
 91108=
 27393 42598 50204 10166 20065 39948 40109 58004 85900 333 91009
 91109=
 27480 42598 50203 10180 20066 30002 40123 57007 85100 333 91006
 91108=
 28007 42699 60104 10160 20055 39871 40119 57006 86200 333 91007
 91109=
 28009 42498 63503 10158 20062 39915 40114 57002 85901 333 91006
 91107=
 28105 42598 50302 10170 20065 39931 40113 57005 85200 333 91005
 91107=
 28202 42583 60403 10160 20064 39892 40102 58003 86200 333 91008
 91108=
 28302 42598 53603 10164 20065 39879 40095 57002 85200 333 91007
 91109=
 28307 42498 63204 10175 20067 39963 40099 57005 86400 333 91008
 91109=
 28402 42698 73504 10167 20080 39919 40088 57002 87100 333 91008
 91110=
 28502 42598 60106 10183 20066 39981 40078 54000 86100 333 91010
 91111=
 22550 82597 71603 10148 20081 30097 40107 57015 82102=
 22778 42598 61502 10140 20063 30078 40144 57009 83530=
 22889 42/// /3102 10146 20086 30063 40146 57008=
 22762 82698 31502 10156 20083 30093 40130 57017 82101=
 22638 46/// /1702 10107 20099 39863 40080 57003=
 22671 42999 72102 10126 20059 30053 40129 58013 87030=
 22456 42598 71602 10146 20070 30020 40103 58016 87500=
 22583 42598 81802 10127 20069 30060 40137 57007 8687/=
 22749 NIL=
 22951 42598 82103 10144 20060 39869 40138 55005 82101=
 22887 42599 82801 10128 20074 30087 40154 58004 8355/=
 22876 42597 50301 10134 20067 30080 40150 57009 85500 333 85628=
 22481 41597 81803 10114 20104 30080 40131 57005 78082 889//=
 22854 42899 81804 10145 20063 39854 40129 57006 83057=
 22781 NIL=
 22676 42598 72102 10125 20051 30062 40137 57010 87500=
 22648 NIL=
 22559 82598 61803 10154 20070 30102 40118 57013 84201=
 22869 42597 61501 10147 20073 30004 40146 57014 83131=
 22768 42897 51803 10159 20055 30081 40128 57016 82031=
 22798 42598 71901 10148 20075 30034 40142 57011 82230=
 22375 46/// /2302 10109 20100 30110 40124 57006=
 23207 41599 81102 10120 20085 30115 40137 57005 71622 889//=
 23215 NIL=
 23219 NIL=
 27095 NIL=
 22408 41499 81706 10137 20123 39843 49984 57003 72582 8637/ 333  
 86914 91010 91112=
 22511 41471 81904 10143 20112 39887 40001 54000 76062 8772/ 333  
 87616 91111=
 22529 41599 81604 10132 20109 30047 40053 57010 70282 889// 333  
 88925=
 22602 41375 82304 10144 20105 39805 40018 52017 70285 889// 333  
 88909 91111=
 22621 83670 /1806 10161 20121 39912 40043 57001 333   91110=
 22619 42498 52103 10166 20109 39895 40044 52010 85500=
 22721 41598 82601 10162 20103 39973 40066 52004 70282 885// 333  
 88628=
 22727 86670 /2304 10176 20121 30031 40076 52003=
 22717 83/70 /2202 10143 20109 39891 40078 52015=
 22802 42599 72303 10174 20121 30060 40082 52016 86530 333   86630=
 22820 41670 72504 10181 20111 39951 40079 52004 70282 86330=
 22831 42298 81802 10122 20107 30051 40104 52002 88720 333   88706=
 22805 42598 22403 10190 20136 30070 40093 52015 82500 333   91111=
 22912 42599 32505 10187 20129 30086 40100 52012 82809=
 
