15:31:00 MSK 28.04.2023
020 123456/=о000=1231
 унту01 бтул 281200
 22686 42998 11103 10088 21103 30141 40239 57009 80001 555 1/015=
 22695 42998 01402 10074 21105 30079 40230 57007 555 1/014=
 22996 42999 70902 10086 21060 30031 40213 54000 83075 555 12012=
 23220 41496 73004 11063 21091 30071 40218 52027 78583 85930 333 91112 555 1/103=
 23226 41460 63509 11066 21094 39993 40215 52020 73683 81941 333 91012 
 91114 555 5/103=
 23305 42999 53605 11006 21064 30257 40285 52005 83035 555 1/000=
 23320 86/// /3604 11030 21067 30177 40251 52014=
 23324 41583 73304 11044 21093 30172 40252 52016 70282 87900 333 86628
 91110 555 1/101=
 23405 42580 83403 11005 21068 30177 40279 58003 8655/ 333
 86632 555 1/000=
 23410 86/// /3005 11023 21080 30162 40261 52010 555 51030 53010=
 23411 41599 83304 11006 21059 30178 40269 52004 70282 885// 555
 1/100=
 23412 41599 83305 11015 21077 30165 40264 52010 72687 8235/ 555 1/000=
 23416 NIL=
 23418 41565 73403 11008 21061 30186 40261 52007 72682
 87900 333 85930 555 1/101=
 23501 NIL=
 23503 42598 63403 10014 21090 30221 40272 58001 82531 555 1/000=
 23507 86/// /1101 10036 21075 39948 40259 57003=
 23509 42998 23502 10027 21081 30185 40264 54000 80001 555 1/000=
 23514 42697 33402 10018 21083 30061 40259 52002 83100 555 1/000=
 23518 42/// /3304 10006 21080 30161 40254 52006 555 1/000=
 23606 42962 03601 10038 21086 30087 40254 57002 555 1/000=
 23612 NIL=
 23701 42999 30302 10072 21085 30120 40248 57007 80001 555 11014=
 23704 86/// /1002 10080 21088 39926 40039 55004 555 53008=
 23707 82999 60303 10080 21100 30103 40233 57005 80004 555 11013=
 23708 42998 20102 10073 21096 30095 40243 57005 80001 555 12014=
 23709 42998 03502 10065 21108 30052 40243 57002 555 11018=
 23711 42998 00403 10041 21082 30073 40243 58001 555 13001=
 23803 42999 03602 10079 21110 30063 40241 58004 555 11009=
 23804 42997 20803 10082 21086 30086 40230 58005 80001 555 12013=
 23807 42/// /0505 10087 21047 30066 40225 57004 555 1/015=
 23808 86/// /3603 10082 21088 30066 40232 57003=
 23812 82997 00701 10047 21102 30076 40238 52002 555 1/008=
 23904 42970 60602 10101 21063 30064 40217 57004 80002 555 11016=
 23905 42999 50403 10087 21072 39997 40220 57002 80005 555 10016=
 23909 42998 30703 10082 21082 39981 40222 57001 80001=
 23912 42999 00103 10070 21074 30034 40224 54001 555 11015=
 23913 42999 03403 10066 21093 39992 40219 54000 555 12006=
 23914 82999 20404 10066 21077 39967 40221 54000 80004=
 28013 42998 50204 10072 21073 39991 40219 54000 80005 555 11018=
 28016 42999 80403 10094 21047 39991 40211 54001 80001 555 11018=
 28029 42999 20404 10094 21077 39986 40201 52002 80001 555 11018=
 28116 42999 50303 10108 21081 39975 40199 52001 80001=
 28128 42999 73604 10105 21042 30049 40198 52003 80001 555 11018=
 28134 42998 61501 10113 21049 39845 40185 54000 80005 555 11019=
 28138 42999 20502 10094 21079 39630 40183 54000 80001=
 28216 41899 70503 10087 21036 39901 40192 50002 72162 87040 555
 10017=
 28222 42598 83602 10119 21006 30000 40188 57002 83551 555 11018=
 28224 42670 80102 10097 20018 39978 40186 57001 8657/=
 28234 42898 53201 10117 21036 39910 40179 57003 85080 555 10022=
 28238 42599 60303 10125 21056 39880 40172 57005 83531 555 10026=
 28313 41598 80302 10089 20002 30002 40190 52003 70262 885// 555
 11014=
 28319 42598 80102 10072 20038 30029 40190 52012 885//=
 28321 41599 60602 10094 20037 39987 40186 52002 72186 82271=
 28324 41597 82103 10074 20043 30064 40182 52009 70282 889// 555
 51012=
 28326 42598 80101 10120 20048 39992 40173 52001 885// 555 10016=
 28413 42599 60104 10090 20041 30063 40183 52010 85530 555 10026=
 28428 41599 73602 10168 20078 39977 40152 52004 70298 87900 555
 11021=
 28429 41598 80502 10144 20092 39760 40152 52004 70282 889// 555
 11018=
 22983 42598 81402 10087 21035 30115 40219 57001 82535 333 91005 91106
 555 11015=
 27083 42999 81302 10065 21026 39991 40211 52002 8807/ 333 91004 91106
 555 11009=
 27097 41498 80702 10042 20008 39957 40218 52005 72586 889// 333 91004
 91107 555 12009=
 27185 42598 80402 10046 20030 30024 40207 50007 885// 333 91006 91106
 555 11008=
 27199 41496 80602 10049 20036 30014 40211 52010 75186 887// 333 91005
 91106 555 12009=
 27281 41482 80703 10084 20050 39987 40190 52003 70252 885// 333 91006
 91107 555 11015=
 27283 42498 80705 10061 20041 30046 40200 52005 885// 333 91007 91107
 555 11009=
 27295 41598 80203 10063 20035 39951 40200 52008 70252 885// 333 91005
 91105 555 11010=
 27296 41980 80703 10053 20021 39986 40202 52026 70262 8807/ 333 91005
 91106 555 12010=
 27385 425// 50403 10160 20094 30044 40167 57004 85500 333 91007 91107
 555 11023=
 27393 41598 80604 10081 20055 30028 40195 52007 70252 8647/ 333 91008
 91108 555 11015=
 27480 42498 50402 10203 20099 30034 40154 57009 85900 333 91003 91105
 555 11030=
 28007 42999 80602 10090 21064 39952 40209 52002 80005 333 91005 91105
 555 11012=
 28009 42998 80902 10110 21078 30003 40208 54000 80002 333 91005 91106
 555 11022=
 28105 41498 80301 10082 21011 30010 40206 50003 70252 885// 333 91002
 91104 555 11014=
 28202 41670 81201 10068 21014 39985 40204 52005 70282 889// 333 91002
 91105 555 1/011=
 28302 41598 80502 10056 20026 39974 40201 51009 70252 885// 333 91004
 91105 555 11010=
 28307 42498 23602 10159 20071 30036 40173 52004 81101 333 91006 91107
 555 10029=
 28402 42598 60103 10155 20080 30001 40172 52008 85201 333 91006 91107
 555 10029=
 28502 42598 83206 10200 20058 30062 40160 58002 83201 333 91009 91112
 555 10032=
 22550 82997 11303 10090 21059 30206 40216 57009 80002 555 12013=
 22778 42998 11203 10113 21080 30147 40214 57009 80001 555 11013=
 22889 42998 30804 10096 21061 30135 40220 57006 81039 555 12017=
 22762 42998 00803 10112 21091 30170 40208 57011 555 1/015=
 22638 46/// /1102 10120 21005 39933 40151 57011=
 22671 42/// /1904 10083 21065 30150 40228 57010 555 1/100=
 22456 42/// /1002 10061 21077 30151 40238 57009 555 1/000=
 22583 42998 00801 10073 21076 30170 40250 57009 555 1/000=
 22749 42998 61304 10144 21035 30040 40160 57009 80001 333 91110 555
 11018=
 22951 42998 81504 10134 21002 39889 40159 57008 80001 333 91111 555
 1/019=
 22887 42999 30903 10100 21036 30147 40216 57007 80001
 555 11019=
 22876 42997 00905 10099 21065 30145 40216 57007 555 11013=
 22481 42998 00603 10017 21069 30219 40273 57006 555 1/001=
 22854 42/// /1204 10130 21051 39887 40166 57007 333 91110 555 1/030=
 22781 NIL=
 22676 42998 01103 10095 21085 30152 40228 57010 555 11015=
 22648 42998 51205 10131 21032 30131 40176 57012 80001 333 91110 555
 11017=
 22559 42998 01103 10088 21079 30205 40221 57009 555 12006=
 22869 42997 11305 10116 21057 30050 40194 57008 80001 555 1/012=
 22768 42997 30805 10113 21050 30149 40198 57012 80008 333 91110 555
 11020=
 22798 42998 51103 10093 21098 30121 40232 57006 80001 555 11018=
 22375 NIL=
 23207 41599 73604 11014 21062 30265 40288 52005 70282 87500 555
 1/101=
 23215 41498 83504 11061 21093 30177 40270 52014 70282 885// 333 88614
 555 1/101=
 23219 NIL=
 27095 86/// /0602 10075 21025 39996 40222 52003=
 22408 42699 60904 10055 21028 30013 40161 57007 82531 333   91111
 555   1/000=
 22511 42698 80805 10055 21036 30032 40152 57006 8357/ 333   91111
 555   1/001=
 22529 42599 81004 10046 21008 30162 40169 57011 82505 555   12012=
 22602 41475 70801 10055 20023 39902 40124 52001 72582 86930 333  
 86913 555   1/001=
 22621 83/70 /1104 10107 21027 30008 40144 57008 555   1////=
 22619 41980 81103 10052 20012 39969 40126 57005 70272 8807/ 555  
 1/008=
 22721 42998 81301 10088 20012 30034 40130 57009 8807/ 555   1/000=
 22727 86670 /0000 10049 20028 30082 40129 57002 555   1////=
 22717 83/61 /2402 10041 20035 39935 40127 52009 555   1////=
 22802 41482 82803 10056 20032 30116 40139 52004 70282 8695/ 333  
 85916 555   12011=
 22820 41566 80901 10053 20035 39990 40125 57002 70282 8657/ 333  
 86624 91110 555   11008=
 22831 42998 81103 10127 20005 30077 40130 57008 8802/ 333   91110
 555   12011=
 22805 41598 73302 10043 20034 30124 40144 52003 70284 86531 555  
 11016=
 22912 41359 82803 10027 20020 30124 40139 52009 76162 8872/ 333  
 86708 555   12006=
 
