00:31:00 MSK 25.03.2023
020 123456/=о000=2131
 уйту01 бтул 242100
 22686 42498 82703 11048 21074 39891 49992 52011 885// 333 88617=
 22695 42498 83303 11043 21082 39819 49973 52015 885// 333 88618=
 22996 42/// /2601 10030 20030 39796 49978 52008=
 23220 42599 80405 11105 21134 39797 49941 57004 885//=
 23226 42960 60501 11217 21235 39735 49966 53001 86070=
 23305 42/// /3501 11159 21174 39950 49980 52013=
 23320 86/// /3602 11119 21146 39873 49948 52007=
 23324 42981 03603 11169 21190 39869 49950 53005=
 23405 41996 73102 11093 21105 39871 49973 52016 77172 87020=
 23410 86/// /3103 11137 21161 39855 49956 53008=
 23411 42999 00102 11132 21146 39874 49967 53014=
 23412 42999 83402 11131 21154 39859 49960 52011 8805/=
 23416 NIL=
 23418 41957 83302 11068 21080 39869 49943 58003 77172
 8802/=
 23503 NIL=
 23507 86/// /0103 11062 21073 39664 49977 52023=
 23509 42/// /3302 11046 21058 39883 49962 52030=
 23514 41397 83302 11061 21066 39749 49947 52021 77172 887// 333 86709=
 23518 42/// /0103 11039 21042 39834 49926 53009=
 23606 41460 83203 11015 21029 39777 49948 52021 
 77072 8552/ 333 85610=
 23704 86/// /3102 11015 21020 39926 40039 55004=
 23701 41580 73102 11020 21038 39849 49978 51022 70272 86530 333
 86630=
 23707 82998 32902 11019 21034 39843 49975 52015 82031=
 23708 42/// /2702 10003 21019 39822 49970 52016=
 23709 42/// /2403 10021 20001 39771 49960 53005=
 23711 42598 82102 10026 20012 39777 49942 52001 889// 333 86623=
 23803 42499 82602 10023 20004 39796 49972 52005 889// 333 88919=
 23804 82997 22701 10004 21012 39830 49974 52013 82030=
 23807 42/// /2801 10019 20019 39819 49977 52008=
 23808 86/// /2103 10025 20017 39812 49976 52006=
 23812 42597 82301 10027 20017 39805 49963 58002 889//=
 23904 41228 80000 10021 20021 39827 49981 52004 71022 886// 333 88706=
 23905 41596 82501 10029 20027 39755 49977 57003 71022 885//=
 23909 41496 82303 10030 20026 39742 49981 57005 76162 8872/=
 23912 41495 81901 10027 20024 39791 49979 57008 76162 8802/=
 23913 41597 80000 10026 20015 39760 49984 57007 76162 8872/=
 23914 81495 82502 10033 20027 39731 49982 57008 76386 8872/=
 28013 41397 82303 10032 20016 39759 49985 57008 76162 8872/=
 28016 42/// /2002 10037 20037 39768 49989 57009=
 28029 41597 82004 10040 20036 39783 49997 57012 76162 885//=
 28116 41497 82202 10042 20038 39769 49994 57014 76162 8872/=
 28128 41597 82102 10017 20010 39860 40011 57012 76162 8802/=
 28134 41497 82002 10048 20037 39675 40016 57011 76162 8872/=
 28138 43/// /2004 10041 20012 39480 40033 57003 333 91114=
 28216 41699 82005 10054 20017 39726 40015 57015 72162 885// 333
 91111=
 28222 42/// /1804 10057 20024 39833 40022 57009 333 91113=
 28224 41870 81903 10066 20018 39825 40032 57011 70282 8801/=
 28234 41598 81904 10050 20004 39772 40044 57007 72162 885// 333
 91112=
 28238 42899 82105 10048 20003 39759 40056 57005 8802/=
 28313 42/// /1904 10055 20014 39842 40029 57013=
 28319 42598 52202 10062 20018 39887 40046 57015 85500=
 28321 41899 81903 10050 20015 39836 40035 57011 70262 8802/=
 28324 42/// /1904 10061 20004 39926 40044 57014=
 28326 42598 62105 10050 20012 39870 40052 57013 86500 333 91110=
 28413 42599 51804 10061 20011 39925 40045 57016 85500 333 91111=
 28428 42999 01603 10022 21009 39892 40075 57016=
 28429 42/// /2103 10033 20003 39680 40086 57014=
 22983 41949 80000 10004 20002 39881 49985 52012 71022 82035 333 91001
 91102=
 27083 42584 82601 10031 20027 39762 49979 52005 885// 333 91003
 91103=
 27097 42/// /2601 10030 20030 39729 49986 5//// 333 91002 91103=
 27185 42/// /0000 10034 20034 39812 49992 52006 333 91000 91103=
 27199 41496 82501 10029 20027 39798 49991 54000 76162 8872/ 333 91002
 91104=
 27281 41440 82801 10038 20036 39796 49998 52008 76162 8872/ 333 91002
 91103=
 27283 41495 82801 10037 20035 39842 49997 53004 76162 8872/ 333 91002
 91104=
 27295 42/// /2103 10039 20030 39750 49996 57003 333 91005 91107=
 27296 41497 82101 10039 20025 39778 49991 57007 72162 8872/ 333 91002
 91105=
 27385 414// 82402 10038 20035 39879 40005 52002 76162 8872/ 333 91003
 91105=
 27393 41496 82205 10039 20034 39838 40005 57010 76162 8777/ 333 91007
 91109=
 27480 41398 82302 10044 20043 39889 40014 52004 70252 886// 333 91004
 91105=
 28007 41496 82301 10028 20020 39730 49987 57003 78086 883// 333 88919
 91002 91105=
 28009 41496 82601 10032 20020 39785 49990 57006 78082 889// 333 91001
 91104=
 28105 41497 82101 10035 20028 39792 49987 57005 76162 8872/ 333 91002
 91105=
 28202 41596 82303 10039 20027 39776 49992 57011 76162 8802/ 333 91005
 91107=
 28302 41597 81903 10049 20039 39781 40004 57015 76162 885// 333 91006
 91108=
 28307 41496 81601 10039 20027 39868 40009 57013 76162 8872/ 333 91003
 91106=
 28402 41459 82006 10049 20039 39843 40018 57017 76162 8872/ 333 91009
 91113=
 28502 41596 81904 10051 20027 39933 40034 58015 78022 889// 333 91005
 91109=
 22550 81460 81301 11080 21095 39956 49966 57008 78581 889// 333
 88918=
 22778 42998 00000 11073 21082 39920 49991 52002=
 22889 42/// /2601 11005 21007 39900 49986 51012=
 22762 42/// /1101 11035 21054 39947 49986 56004=
 22638 46/// /1702 11027 21035 39705 49929 57024=
 22671 42/// /0000 11166 21174 39903 49986 51011=
 22456 42/// /0000 11087 21158 39878 49968 58002=
 22583 41998 00000 11159 21174 39902 49987 51007 70208=
 22749 NIL=
 22951 42/// /2501 11032 21037 39706 49988 57003=
 22887 42597 50000 11012 21025 39917 49987 52010 81501=
 22876 42997 02501 11032 21036 39917 49990 51004=
 22481 42/// /0000 11243 21267 39930 49988 52003=
 22854 42/// /1701 11018 21034 39691 49979 52002=
 22781 NIL=
 22676 42498 81701 11056 21072 39910 49988 52001 885//=
 22648 NIL=
 22559 42/// /1801 11078 21087 39961 49978 52003=
 22869 42/// /0901 11011 21024 39842 49989 50004=
 22768 42897 31101 11032 21051 39935 49985 57001 82031=
 22798 42/// /0000 11015 21026 39869 49981 52013=
 22375 46/// /1600 11187 39960 49976 57002=
 23207 NIL=
 23215 NIL=
 23219 NIL=
 27095 86/// /0000 10026 20026 39768 49992 52003=
 22408 41315 80502 11057 21066 39742 49892 57018 77572 8872/ 333  
 88508=
 22511 41357 81301 11036 21046 39763 49884 57022 77172 8672/=
 22529 41598 81603 11038 21050 39905 49912 57030 72682 889// 333  
 88920=
 22602 41373 82102 10006 20002 39664 49885 57014 70272 885// 333  
 88608=
 22621 83260 /1803 11023 21030 39768 49907 57023=
 22619 41297 81802 10003 21004 39745 49901 57018 72272 886// 333  
 88706=
 22721 41397 81201 11011 21018 39824 49921 57020 70288 889// 333  
 86708=
 22727 86470 /1603 10021 20008 39883 49930 57016=
 22717 83/58 /2102 10021 20015 39731 49920 57013=
 22802 41296 81902 10023 20016 39894 49917 57018 71082 886// 333  
 88705=
 22820 41597 82303 10031 20016 39797 49931 57017 76062 8657/ 333  
 86621 555   50009=
 22831 42497 72201 10017 21015 39895 49949 57019 86930 333   86918=
 22805 414// 81604 10015 20015 39915 49935 57020 78082 889//=
 22912 42484 71603 10034 20022 39924 49939 57023 87500 333   87617=
 
