12:31:01 MSK 17.06.2023
010 111/=о000=0931
 уйту01 бтул 170900
 22686 82598 83103 10082 21005 30101 40198 52002 8457/=
 22695 41598 63105 10079 21016 30027 40177 52002 70282 85930 333 85922 91111=
 22996 82599 70103 10125 20020 39987 40166 52002 87900=
 23220 41597 72605 10065 20026 39920 40058 52007 78082 87900 333 91010 91110=
 23226 41660 83008 10068 20001 39845 40053 52007 72162 8555/ 333 85636 
 91010 91112=
 23305 42699 73305 10067 20016 30143 40171 52006 82430 333 91110=
 23320 86/// /3204 10093 20008 30038 40109 52006 333 91112=
 23324 41582 73005 10090 20024 30023 40098 52004 72582 84971 333 91113=
 23405 41575 83303 10074 20021 30075 40172 52004 70282 
 8495/=
 23410 86/// /2806 10084 20020 30030 40124 52003 333 91112=
 23411 42599 62905 10091 20017 30055 40141 52003 85901 333 91110=
 23412 41499 63203 10069 20040 30037 40132 52006 72582 85301 333 83919 91111=
 23416 NIL=
 23418 41565 73004 10072 20004 30065 40137 52005 72582 85930 
 333 85933 91110=
 23503 41598 83602 10076 20030 30112 40161 53004 72582 85931=
 23507 86/// /3302 10073 21008 39869 40174 57002=
 23509 42598 63004 10082 21016 30087 40163 58002 86900 333 86921=
 23514 41597 73003 10078 20026 39959 40151 52004 72582 85963 333 84926=
 23518 41697 73103 10087 20008 30046 40135 54000 78082 87900 333 85643=
 23606 42562 83302 10079 20003 30001 40164 52004 885// 333 88631=
 23701 42699 70103 10088 20002 30053 40180 54000 86481=
 23704 86/// /3302 10094 20009 39926 40039 55004=
 23707 82598 73004 10094 20005 30045 40174 52002 87900 333 85623=
 23708 41598 73004 10106 21000 30022 40167 54001 72582 84904=
 23709 41698 73303 10095 21022 39972 40160 54000 70282 87900 333 87937=
 23711 41498 73203 10082 20011 39983 40149 52004 70282 86940 333 84917=
 23803 41/// 636// 1//// 2//// 3//// 40157 54000 72522 86900=
 23804 82697 73002 10106 20013 30029 40169 54000 87500 333 87640=
 23807 42598 73402 10112 20022 30016 40172 51001 86530 333 86621=
 23808 NIL=
 23812 41597 73104 10092 21019 39987 40145 52001 70282 87900=
 23904 42670 83202 10123 20007 30015 40166 52002 885// 333 88644=
 23905 82599 70103 10120 20004 39938 40157 54000 87500 333 91110=
 23909 82598 53303 10124 20008 39913 40149 57001 85400=
 23912 82598 73205 10105 20006 39959 40145 52002 87500=
 23913 82599 83204 10103 21013 39915 40137 53005 889//=
 23914 82499 63502 10115 21001 39893 40141 52001 86500=
 28013 82598 63405 10124 21006 39920 40142 54001 86900 333 91110=
 28016 82599 73603 10143 20006 39926 40141 57003 87200 333 91110=
 28029 82699 50103 10132 20007 39918 40128 52001 85100=
 28116 82499 50104 10143 21001 39915 40135 57003 85500=
 28128 82599 20104 10139 20005 39985 40132 52001 82101 333 91110=
 28134 82598 33601 10141 21003 39783 40118 52001 83100=
 28138 42599 33103 10146 21035 39560 40098 52003 83100=
 28216 82599 13504 10147 21008 39841 40125 50003 81100 333 91110=
 28222 82598 50202 10158 20006 39937 40122 54001 82101=
 28224 82970 03505 10148 21003 39913 40116 52003 333 91110=
 28234 82999 03502 10167 21033 39841 40104 52003=
 28238 82899 23203 10166 21020 39808 40094 54001 82060=
 28313 82998 20103 10169 20003 39937 40118 52005 80001=
 28319 82998 00403 10183 20031 39951 40104 52004=
 28321 82999 00203 10169 20001 39921 40113 52003 333 91110=
 28324 82999 00205 10174 21008 39993 40106 52006 333 91110=
 28326 82998 03402 10191 20022 39920 40094 52005=
 28413 82999 03504 10196 20022 39987 40102 52005 333 91110=
 28428 82999 10403 10218 20020 39908 40079 52005 80001=
 28429 82698 20203 10199 20057 39692 40074 52006 81130=
 22983 42598 80301 10122 20009 30080 40181 57001 85835 333 91004
 91104=
 27083 42599 50102 10125 20006 39951 40166 57001 85200 333 91004
 91107=
 27097 42598 63602 10147 20022 39910 40160 57001 86100 333 91005
 91108=
 27185 42698 23603 10154 20007 39984 40160 57002 82100 333 91005
 91109=
 27199 42698 43402 10150 20008 39964 40152 54000 84100 333 91006
 91108=
 27281 42582 23504 10155 20008 39960 40157 52001 81105 333 91008
 91110=
 27283 42598 10404 10155 20026 30005 40154 54000 81100 333 91008
 91108=
 27295 42998 03503 10162 21019 39907 40145 52002 333 91006 91109=
 27296 42998 00204 10157 21011 39935 40142 52003 333 91007 91108=
 27385 429// 20103 10177 20030 30018 40140 52003 80001 333 91006
 91108=
 27393 42998 00103 10172 20008 39976 40138 52004 333 91007 91109=
 27480 42698 10102 10199 20061 30016 40137 52005 81100 333 91008
 91108=
 28007 42699 60104 10134 21003 39908 40159 52001 86200 333 91008
 91108=
 28009 42998 53502 10142 21014 39954 40155 54000 85030 333 91005
 91108=
 28105 42598 50302 10148 21004 39961 40152 52001 85200 333 91006
 91107=
 28202 42699 10403 10151 21006 39928 40139 52002 81100 333 91007
 91109=
 28302 42998 23503 10162 20005 39913 40130 52003 82030 333 91007
 91108=
 28307 42498 13204 10190 20015 39988 40123 52004 81100 333 91007
 91108=
 28402 42998 10203 10197 20026 39945 40113 52002 80001 333 91007
 91109=
 28502 42998 43607 10213 20027 30003 40100 52004 80005 333 91011
 91111=
 22550 82697 73303 10101 20017 30224 40234 52002 87500 333 87633=
 22778 42698 33503 10121 21008 30133 40201 57006 83800=
 22889 42/// /2904 10119 20015 30098 40182 57003=
 22762 82698 23302 10114 20002 30180 40218 57003 82100=
 22638 NIL=
 22671 41598 43403 10089 20023 30138 40216 54000 72581 84900=
 22456 41597 73602 10089 20034 30141 40227 52003 78082 87900=
 22583 41598 73402 10077 20019 30117 40196 52001 72522 87900=
 22749 NIL=
 22951 42598 43602 10156 20026 39926 40196 5//// 84200=
 22887 42599 83505 10128 20045 30118 40186 57003 84531 
 333 91110=
 22876 42597 42803 10124 20026 30122 40192 57004 84100=
 22481 41598 73103 10080 20026 30149 40201 52002 72582 87960=
 22854 42699 60302 10122 20009 39928 40208 54000 86801 333 84640=
 22781 NIL=
 22676 41598 73305 10092 20012 30131 40207 58002 70282 85930=
 22648 NIL=
 22559 82698 63203 10098 20010 30214 40231 57002 84931=
 22869 42597 73603 10130 20010 30056 40200 57004 83130=
 22768 42697 63403 10108 21004 30164 40213 57001 84530=
 22798 42598 73005 10106 20000 30076 40186 53003 86530 333 91110=
 22375 46/// /3506 10065 30197 40212 52008=
 23207 41499 83105 10054 20022 30150 40172 52008 71522 889//=
 23215 NIL=
 23219 NIL=
 27095 NIL=
 22408 42799 31803 10144 20021 30098 40242 54000 82101=
 22511 42698 20803 10143 20001 30123 40240 54000 81105=
 22529 42599 20303 10130 20013 30242 40249 52007 82202=
 22602 42999 21203 10145 20014 30009 40226 52002 80001=
 22621 83970 /0902 10127 20004 30104 40240 52001=
 22619 42483 50802 10128 20037 30077 40232 52002 82501=
 22721 42998 61001 10148 20006 30132 40227 54000 80001=
 22727 86/70 /0401 10154 20031 30175 40221 52003=
 22717 83/70 /0602 10165 20061 30024 40209 52002=
 22802 42999 10903 10201 20085 30175 40197 52003 80001=
 22820 42970 30903 10147 20051 30084 40215 52003 82081=
 22831 42998 30201 10169 20028 30155 40208 52001 80001=
 22805 42998 20805 10193 20071 30176 40195 52008 80001 333   91110=
 22912 42999 30703 10211 20076 30177 40191 52002 81031=
 
