21:31:00 MSK 22.07.2023
020 123456/=о000=1831
 унту01 бтул 221800
 22686 82598 51501 10141 20127 39904 49998 58001 81270=
 22695 42/// /0000 10160 20110 39848 49991 54001=
 22996 81598 61701 10121 20121 39865 40042 50006 70398 83901=
 23220 41497 80802 10162 20152 39866 49997 52010 78082 889//=
 23226 41660 70203 10164 20152 39796 49996 54000 70292 84970=
 23305 41699 80302 10181 20177 39955 49981 58003 72582 8423/=
 23320 66/// /1501 10173 20163 39923 49991 52006 60002 333 10241=
 23324 41375 71501 10175 20170 39922 49994 53004 70298 87600 333 87709=
 23405 41366 81902 10158 20144 39894 49986 52004
 72582 8695/ 333 85707=
 23410 66/// /1202 10172 20165 39895 49985 53003 60002 333 10214=
 23411 41597 83202 10172 20164 39900 49983 52002 78082 889//=
 23412 41398 81701 10177 20174 39896 49986 52003 78082 883// 333 84707=
 23416 NIL=
 23418 41665 70000 10173 20161 39923 49991
 52004 70292 83930=
 23501 NIL=
 23503 41598 72101 10155 20141 39946 49993 51007 70292 82935=
 23507 86/// /2401 10156 20123 39710 40000 52008=
 23509 42998 52002 10174 20121 39928 40001 51011 85500 333 85621=
 23514 41597 42202 10151 20138 39817 40001 52007 70181 82931=
 23518 81697 82101 10170 20161 39916 40001 52005 78082 86906 333
 83840 555 53009=
 23606 42962 22001 10139 20117 39853 40010 52010 82030=
 23612 NIL=
 23701 82699 30000 10138 20122 39893 40015 52004 81240=
 23704 66/// /1701 10163 20136 39926 40039 55004 60002 333 10216=
 23707 81498 52201 10153 20140 39891 40015 52002 70298 82931=
 23708 42598 51601 10144 20114 39884 40025 52007 83230=
 23709 82598 12001 10157 20112 39847 40027 52007 81300=
 23711 42598 32401 10148 20138 39861 40020 52006 82430=
 23803 42999 00000 10150 20083 39861 40030 52004=
 23804 81597 62501 10152 20116 39885 40021 52007 70282 82935=
 23807 82598 42402 10139 20115 39880 40033 51007 82439=
 23808 86/// /1903 10145 20104 39878 40036 52006=
 23812 42997 20000 10140 20123 39878 40032 52005 81031=
 23904 41570 22101 10141 20123 39897 40045 52005 70298 81331=
 23905 81599 12202 10154 20124 39830 40044 52007 70181 81900 555
 50166=
 23909 82698 42302 10145 20118 39813 40044 52004 81501=
 23912 82898 81201 10158 20132 39859 40039 52002 84035 555 50173=
 23913 82599 83001 10154 20132 39829 40044 52003 885// 555 50171=
 23914 81899 72403 10164 20134 39800 40040 54000 70282 87071=
 28013 81598 72102 10144 20119 39828 40046 54001 70282 85901 555
 50162=
 28016 82/// /2302 10144 20137 39840 40052 54001 555 50155=
 28029 82699 82501 10171 20136 39842 40047 52002 8652/ 555 50177=
 28116 81599 82101 10151 20145 39840 40057 52002 70382 86975=
 28128 81598 80000 10153 20149 39916 40060 52006 79198 8697/ 555
 50168=
 28134 82698 81701 10147 20139 39725 40055 52003 8653/ 555 50158=
 28138 43/// /2901 10133 20125 39518 40054 54000=
 28216 81599 62202 10144 20136 39785 40065 54001 70182 86900 555
 50156=
 28222 42/// /0000 10146 20140 39880 40064 52006 555 50162=
 28224 81650 80000 10153 20149 39865 40065 52005 78082 8591/=
 28234 81597 83101 10155 20133 39798 40060 52003 76062 884// 555
 50167=
 28238 81599 82401 10154 20119 39769 40054 52003 70282 885// 555
 50163=
 28313 42/// /1701 10138 20128 39890 40072 52002 555 50155=
 28319 81598 61701 10136 20133 39924 40078 52006 70198 86930=
 28321 81599 72201 10147 20138 39876 40068 52003 70182 86960=
 28324 42/// /2201 10155 20134 39958 40071 50003 555 50158=
 28326 82598 73202 10159 20145 39890 40065 52013 87500 555 50160=
 28413 81599 72001 10144 20117 39964 40080 50009 72998 86331 555
 50175=
 28428 82599 71601 10152 20127 39904 40079 51008 87900 555 50157=
 28429 42/// /2702 10145 20135 39687 40076 51013 555 50154=
 22983 41475 82201 10145 20127 39937 40036 52004 78098 8693/ 333 91003
 91104=
 27083 41599 61901 10121 20116 39839 40051 52006 70298 85930 333 91002
 91110=
 27097 41498 81401 10115 20113 39813 40063 51010 70292 86361 333 91001
 91106=
 27185 42/// /1801 10133 20119 39894 40069 51015 333 91002 91106=
 27199 42598 62502 10150 20107 39883 40069 52011 86400 333 91005
 91105=
 27281 41482 61501 10125 20118 39879 40076 52014 70298 82431 333 91002
 91113=
 27283 41498 62702 10152 20102 39927 40075 52014 70398 86900 333 91003
 91110=
 27295 41597 82203 10145 20103 39840 40065 52010 70298 8647/ 333 91007
 91107=
 27296 42981 21602 10147 20081 39867 40073 52008 80001 333 91003
 91108=
 27385 415// 50102 10160 20111 39963 40084 52012 70298 84530 333 91004
 91106=
 27393 42598 22304 10170 20106 39920 40081 52007 81530 333 91006
 91106=
 27480 41598 22201 10156 20117 39966 40087 52010 70291 81530 333 91002
 91106=
 28007 41599 52803 10146 20081 39812 40059 50007 70292 83301 333 91005
 91110=
 28009 41598 52202 10145 20131 39858 40056 57012 70298 82501 333 91003
 91102=
 28105 41598 52002 10147 20115 39881 40063 52007 70198 85300 333 91003
 91104=
 28202 41565 50000 10135 20123 39859 40069 52007 70298 81931 333 91000
 91103=
 28302 41998 22001 10130 20118 39860 40078 52005 70298 82030 333 91002
 91105=
 28307 42498 12001 10168 20096 39947 40083 52012 81500 333 91003
 91107=
 28402 41498 52002 10145 20115 39915 40085 52009 72998 82331 333 91002
 91106=
 28502 42997 12602 10150 20109 39994 40092 53010 80001 333 91003
 91110=
 22550 82997 70201 10181 20162 39967 49976 57001 87070=
 22778 41598 71702 10147 20138 39927 49992 57009 70282 86570=
 22889 41498 51901 10148 20119 39948 40029 50003 70192 84540=
 22762 82598 60000 10144 20133 39942 49979 54000 82960=
 22638 46/// /3601 10142 20137 39779 49992 52008=
 22671 42999 61801 10170 20136 39904 49977 52002 86030=
 22456 NIL=
 22583 42598 72501 10177 20160 39911 49986 52002 86870=
 22749 41498 82703 10143 20136 39864 49982 52005 72582 889// 333
 88916=
 22951 41497 82904 10120 20116 39744 40010 52004 78082 889//=
 22887 41597 81602 10144 20135 39953 40019 54000 78082 8393/=
 22876 41496 71903 10141 20136 39941 40012 58004 78082 87900 333
 87919=
 22481 41496 80000 10163 20163 39931 49980 54000 78082 889//=
 22854 41399 82503 10128 20124 39717 49990 52005 72582 889// 333
 86707=
 22781 NIL=
 22676 42598 71802 10158 20122 39911 49984 58004 83530=
 22648 41798 73101 10162 20160 39936 49979 52006 70282 86930 333
 86655=
 22559 82598 60000 10177 20136 39962 49978 54001 84331=
 22869 41497 81904 10138 20129 39862 40002 58008 78088 889// 333
 85917=
 22768 41497 72003 10144 20130 39932 49979 57005 70282 87900 333
 84615=
 22798 41498 32002 10153 20112 39910 40016 52004 70281 81931=
 22375 46/// /0506 10106 39984 49999 54000=
 23207 NIL=
 23215 41398 70403 10143 20140 39916 40000 50001 70282 86630 333
 85706=
 23219 NIL=
 27095 86/// /1701 10129 20129 39851 40069 51008=
 22408 11399 83501 10125 20118 39886 40028 52005 69962 70252 886//
 333   10137 88709=
 22511 11336 80301 10133 20123 39906 40021 52005 69902 75185 887//
 333   10139 88706=
 22529 12599 83501 10125 20114 39993 49999 52006 60002 885// 333  
 10157 88627=
 22602 11359 80101 10136 20130 39802 40015 52006 60142 76162 8872/
 333   10145 88506=
 22621 11362 83402 10122 20116 39875 40008 52004 69952 751// 886//
 333   10148 88708=
 22619 11280 83602 10136 20127 39855 40005 52008 69932 70282 886//
 333   10166 88704=
 22721 11498 83002 10147 20134 39909 40001 52007 60012 70282 887//
 333   10171 85712=
 22727 12670 82802 10143 20123 39968 40013 52006 69982 884// 333  
 10153 88636=
 22717 12598 82602 10129 20123 39844 40028 52005 60082 885// 333  
 10135 88620=
 22802 12599 80701 10159 20139 30010 40032 52002 69912 8297/ 333  
 10191=
 22820 11569 82703 10141 20123 39888 40017 52006 69952 70282 8453/
 333   10150 91110=
 22831 11324 82702 10131 20123 39952 40004 52005 60022 76062 8872/
 333   10138 88706=
 22805 11598 81701 10152 20137 30014 40033 52004 60012 72582 8753/
 333   10201=
 22912 12599 82602 10157 20126 30024 40038 52005 69902 8357/ 333  
 10191=
 
