12:31:00 MSK 15.01.2023
010 111/=о000=0931
 уйту01 бтул 150900
 22686 41498 82103 11014 21026 30021 40122 52007 70272 885// 333 88613=
 22695 42/// /2204 11021 21041 39956 40111 52007=
 22996 41597 82103 11039 21054 30022 40213 52003 77073 8552/ 333 91110=
 23220 41496 81805 11038 21045 39918 40061 57016 77173 8872/=
 23226 41326 81907 11046 21052 39838 40055 57015 77372 8572/ 333 85707 
 91110 93401=
 23305 42/// /2004 11019 21021 30024 40052 52007=
 23320 86/// /2307 11039 21075 39998 40072 57010 333 91012 91114=
 23324 41428 82206 11041 21053 39986 40064 56010 77373 8272/ 333 91010
 91111=
 23405 42468 82303 11019 21031 39974 40074 53010 
 8655/ 333 86613=
 23410 86/// /1806 11036 21048 39963 40061 56008 333 91111=
 23411 42/// /2305 11029 21029 39971 40061 53003 333 91110=
 23412 41496 82304 11033 21042 39964 40062 57005 77172 8872/ 333  93401=
 23416 NIL=
 23418 41431 81804 11036 21054 30018 40093 57004 77372 8652/
 333 86614=
 23503 42/// /2203 11024 21039 30039 40089 53006=
 23507 86/// /0000 11033 21033 39790 40104 52009=
 23509 42/// /2103 11023 21044 30029 40108 52005=
 23514 41497 82205 11039 21048 39903 40103 53001 73687 8695/ 333 84710=
 23518 NIL=
 23606 41462 82203 11033 21054 39954 40128 53001
 70272 8653/ 333 86611=
 23701 42/// /2305 11026 21036 30012 40143 52004=
 23704 86/// /2304 11026 21029 39926 40039 55004=
 23707 81496 82205 11027 21041 30023 40158 52002 78587 889// 333 86617 91110=
 23708 42/// /2005 11035 21050 30017 40170 54001=
 23709 NIL=
 23711 41497 82104 11042 21058 39986 40159 57004 78582 889// 333 88917=
 23803 41597 82304 11037 21062 30006 40190 57002 78583 889//=
 23804 81496 82103 11028 21047 30025 40173 54000 77172 8452/=
 23807 41396 82206 11034 21048 30027 40192 57002 77173 8572/ 333 85708
 91111=
 23808 86/// /1906 11039 21053 30030 40202 54001 333 91111=
 23812 42/// /2203 11055 21067 30028 40196 57004=
 23904 42470 82104 11044 21056 30058 40219 52001 885// 333 88611=
 23905 41599 82104 11053 21071 39988 40222 57002 77173 885// 333
 91110=
 23909 41497 82205 11058 21076 39978 40232 57004 77173 8652/ 333
 91111=
 23912 41494 81905 11061 21070 30033 40232 57005 77573 8802/ 333
 93401=
 23913 41597 83202 11073 21104 30005 40244 57008 77172 8872/ 333
 91110=
 23914 81495 82005 11064 21077 39973 40239 57004 78675 8592/ 333
 93602=
 28013 41598 82005 11061 21087 30005 40244 57003 73673 889// 333
 91110=
 28016 41499 72204 11063 21101 30024 40259 54001 70273 87700 333
 91110=
 28029 41599 82007 11107 21136 30048 40281 57003 73632 8452/ 333 91011
 91112=
 28116 41899 82304 11109 21148 30043 40287 52001 73673 86075=
 28128 42999 82103 11112 21150 30142 40305 57003 80004=
 28134 42998 21901 11111 21150 39934 40307 57007 80001=
 28138 41999 02105 11131 21172 39710 40317 57008 70271 333 91110=
 28216 42999 42106 11099 21173 30003 40319 57007 80005 333 91011
 91111=
 28222 42998 82103 11097 21178 30112 40318 57005 80001=
 28224 42969 62105 11085 21190 30102 40328 57006 80005 333 91110=
 28234 42998 32005 11111 21195 30040 40338 57006 80002=
 28238 42899 82304 11097 21185 30017 40339 57008 81041=
 28313 42998 81805 11112 21179 30137 40343 57007 80005=
 28319 42898 32303 11098 21183 30192 40367 58004 83030=
 28321 42999 31905 11118 21180 30124 40342 57005 80001 333 91010
 91110=
 28324 42798 61903 11097 21199 30232 40361 52003 80001=
 28326 42998 22203 11109 21193 30160 40359 57002 80001 333 91110=
 28413 42899 62003 11102 21186 30240 40371 58002 81035 333 91110=
 28428 42999 71904 11129 21209 30199 40399 57002 80001=
 28429 42998 62205 11115 21180 39954 40397 54000 80001=
 22983 41440 82202 11029 21044 30084 40191 57001 77172 8872/ 333 91005
 91106=
 27083 41559 82104 11052 21068 39989 40219 54000 77173 885// 333 91005
 91108=
 27097 41468 81704 11073 21082 39972 40245 54000 77032 8772/ 333 91007
 91111=
 27185 41598 81703 11072 21096 30065 40257 57004 73632 885// 333 91008
 91108=
 27199 42998 81902 11104 21136 30070 40280 57003 8807/ 333 91005
 91108=
 27281 41459 81705 11087 21110 30047 40265 57002 77172 8657/ 333 91007
 91110=
 27283 41498 81905 11107 21138 30104 40270 58002 73632 885// 333 91009
 91111=
 27295 42998 81804 11120 21154 30030 40300 57004 8805/ 333 91008
 91110=
 27296 42998 81904 11118 21160 30064 40297 57004 8807/ 333 91007
 91109=
 27385 429// 81904 11106 21141 30162 40299 57006 8807/ 333 91007
 91109=
 27393 41998 62008 11125 21165 30139 40323 58005 73631 82049 333 91011
 91111=
 27480 42598 81903 11102 21143 30173 40310 57005 885// 333 91007
 91108=
 28007 41499 81904 11101 21126 39987 40264 52002 73632 885// 333 88619
 91007 91110=
 28009 41598 82105 11097 21136 30048 40270 52001 73632 885// 333 91008
 91111=
 28105 41598 82004 11116 21153 30072 40284 52002 73673 885// 333 91007
 91109=
 28202 42999 62206 11120 21168 30068 40305 58004 82034 333 91009
 91111=
 28302 41998 81904 11108 21164 30078 40322 58007 73632 80001 333 91008
 91108=
 28307 42998 81503 11117 21174 30176 40331 58005 84035 333 91006
 91106=
 28402 41998 61905 11108 21171 30150 40342 58004 73632 80005 333 91009
 91111=
 28502 41998 81703 11119 21178 30254 40366 58006 70232 80001 333 91005
 91109=
 22550 81496 82004 10010 21004 30038 40048 52002 78582 889// 333
 88710=
 22778 41598 82103 11010 21027 30070 40140 52007 70282 8557/=
 22889 42/// /2103 11026 21040 30095 40184 52004=
 22762 41397 81803 10000 21004 30071 40111 52006 72272 8577/=
 22638 46/// /2103 10006 21001 39831 40055 52014=
 22671 41496 82003 11004 21006 30004 40086 52001 78582 889// 333
 85912=
 22456 41496 81902 11004 21005 39951 40039 52005 78582 889//=
 22583 41598 72202 11008 21020 30001 40082 52008 70228 875//=
 22749 NIL=
 22951 41498 82304 11019 21027 39863 40149 52006 70272 886//=
 22887 41499 81404 11020 21041 30104 40175 52009 70282 
 8595/ 333 85918=
 22876 41497 82006 11015 21032 30081 40154 54000 73683 889// 333 88917
 91011 91113=
 22481 42/// /2105 11005 21006 39998 40051 52010 333 91110=
 22854 42298 81904 11015 21019 39838 40130 52008 886// 333 88703
 91110=
 22781 NIL=
 22676 41496 82005 11005 21023 30025 40103 52004 77772 886// 333
 91110=
 22648 NIL=
 22559 41598 82005 10004 21009 30047 40064 52002 70282 85739 333
 85623=
 22869 42397 82003 11019 21030 30015 40166 52007 886// 333 88707=
 22768 42497 82205 11004 21022 30080 40130 52006 885// 333 88617
 91110=
 22798 41497 82104 11025 21036 30044 40159 52003 70283 889// 333 86914
 91110=
 22375 46/// /2206 11004 30008 40023 52009=
 23207 41999 82303 11019 21025 30006 40029 52007 72272 8802/=
 23215 NIL=
 23219 NIL=
 27095 86/// /1904 11059 21070 30011 40249 54000 333 91110=
 22408 41299 81603 10004 20001 39835 49983 52003 70272 886// 333  
 88705=
 22511 42398 81802 10010 20003 39871 49991 52008 886// 333   88706=
 22529 41599 82005 10015 20004 30015 40022 52010 72582 889// 333  
 88923=
 22602 41458 82003 10010 20010 39772 49995 52007 75152 886// 333  
 88710=
 22621 83470 /2006 10015 20001 39885 40023 52009 333   91110=
 22619 41480 81702 10016 20001 39864 40021 52008 70282 885// 333  
 88616=
 22721 42498 81501 10016 20007 39948 40046 52008 887// 333   86711=
 22727 86366 /1704 10015 20005 30014 40062 52002=
 22717 83/68 /1803 10013 20009 39850 40042 54000=
 22802 42599 81804 10023 20008 30004 40027 57011 889//=
 22820 41367 82004 10014 20002 39930 40066 52002 72162 8657/ 333  
 86607 91110=
 22831 42498 82103 10011 21006 30041 40096 52007 889// 333   88912=
 22805 42598 81511 10023 20015 30017 40036 58010 8653/ 333   91015
 91115=
 22912 42399 81706 10017 20001 30058 40073 57004 886// 333   88708
 91010 91110=
 
