15:31:00 MSK 21.02.2023
020 123456/=о000=1231
 унту01 бтул 211200
 22686 42998 50403 11119 21166 39972 40076 57007 80005 555 1/115=
 22695 42/// /0603 11128 21174 39904 40065 57007 555 1/114=
 22996 42/// /0502 11120 21156 39809 40002 57004 555 1/114=
 23220 42999 51004 11141 21181 39999 40149 52002 82039 555 1/118=
 23226 42960 20000 11195 21214 39925 40159 58001 81041 555 1/125=
 23305 42999 32301 11211 21234 30108 40138 57004 80005 555 1/123=
 23320 86/// /0101 11216 21253 30062 40141 57004=
 23324 42984 70201 11208 21234 30058 40143 58005 86042 555 1/124=
 23405 42968 70000 11177 21189 30016 40124 57008 85031 
 555 1/117=
 23410 86/// /0000 11202 21228 30031 40136 56003 555 51248 53002=
 23411 42999 73601 11201 21219 30038 40134 57005 82016 555 1/119=
 23412 42999 60000 11196 21220 30031 40136 57003 83031 555 1/120=
 23416 NIL=
 23418 42965 33001 11185 21211 30054 40134 57003 80001
 555 1/125=
 23501 NIL=
 23503 42998 53501 11155 21188 30066 40119 57007 80005 555 1/119=
 23507 86/// /3601 11132 21146 39773 40099 57006=
 23509 42998 00701 11119 21163 30021 40103 57008 555 1/119=
 23514 42997 81101 11104 21152 39908 40112 57004 83045 555 1/116=
 23518 42/// /1002 11096 21145 30023 40119 57005 555 1/111=
 23606 41960 80803 11120 21140 39913 40093 57010
 77072 8802/ 555 1/115=
 23612 NIL=
 23701 42999 70504 11137 21167 39935 40071 57013 84015 555 1/114=
 23704 86/// /0603 11124 21146 39926 40039 55004 555 53006=
 23707 82998 70406 11123 21158 39902 40040 57013 83035 555 1/113=
 23708 41984 30503 11119 21158 39898 40054 57012 70171 83070 555 1/114=
 23709 41597 80603 11108 21149 39858 40058 57014 77172 8211/ 555 1/112=
 23711 41498 60804 11107 21144 39905 40081 57016 70282 84970 555 1/113=
 23803 41997 80702 11106 21153 39862 40048 56012 77172 8802/ 555 1/114=
 23804 41997 70402 11121 21159 39879 40030 57011 70272 82031 555 1/115=
 23807 42/// /0504 11125 21141 39854 40022 56009 555 1/113=
 23808 86/// /0403 11118 21152 39854 40029 57009=
 23812 42/// /0602 11092 21149 39892 40060 57018 555 1/112=
 23904 41470 80603 11117 21153 39850 40013 57006 72271 8252/ 555 1/112=
 23905 41599 80703 11114 21153 39780 40016 57011 72687 889// 555
 1/112=
 23909 41598 80803 11112 21149 39765 40018 57015 73673 82575=
 23912 41598 80903 11086 21127 39836 40034 57017 72272 82529 555
 1/110=
 23913 41999 61305 11097 21170 39812 40049 57020 70272 81041 333 91110
 555 1/112=
 23914 81499 31004 11095 21148 39762 40026 57018 70171 81504=
 28013 42898 80804 11101 21157 39775 40013 57016 85015 555 1/111=
 28016 41896 80702 11105 21141 39774 40007 57016 77172 8802/ 555
 1/110=
 28029 41899 80705 11088 21146 39783 40007 57021 70231 8807/ 555
 1/110=
 28116 41895 80602 11112 21133 39757 49995 57019 77371 8807/=
 28128 41897 80603 11090 21113 39837 49994 57023 77172 8807/ 555
 1/109=
 28134 41697 80802 11106 21145 39645 40007 57022 77071 8652/ 555
 1/110=
 28138 41596 80606 11145 21172 39441 40034 57019 78583 883// 333 91010
 91111=
 28216 41896 80804 11107 21136 39674 49980 57012 77373 8802/ 555
 1/107=
 28222 41896 80903 11092 21123 39792 49992 58019 77172 8802/ 555
 1/109=
 28224 41523 80903 11093 21119 39764 49983 57018 77372 8802/=
 28234 41595 81102 11105 21143 39714 40000 57021 77372 885// 555
 1/109=
 28238 41497 80604 11104 21127 39696 40009 57021 77172 8802/ 555
 1/111=
 28313 41596 80602 11091 21124 39778 49975 56011 77172 8802/ 555
 1/105=
 28319 41496 80502 11073 21098 39799 49966 57011 77172 8802/=
 28321 41597 81002 11090 21121 39767 49975 57014 77172 8802/=
 28324 41897 80803 11080 21123 39844 49967 56014 77172 8802/ 555
 1/106=
 28326 41597 80903 11080 21105 39784 49975 57024 77172 8802/ 555
 1/107=
 28413 41496 80101 11082 21107 39837 49962 57007 77072 8672/ 555
 1/106=
 28428 41597 70502 11048 21085 39770 49956 57016 78587 87900 555
 1/103=
 28429 41896 80802 11076 21099 39547 49965 57020 77372 8802/ 555
 1/107=
 22983 42998 80502 11129 21174 39905 40015 57002 83035 333 91004 91105
 555 1/115=
 27083 42999 40602 11128 21174 39762 49993 57003 80005 333 91004 91105
 555 1/109=
 27097 41998 80302 11113 21147 39716 49987 57005 77072 86015 333 91004
 91106 555 1/111=
 27185 42998 80402 11106 21158 39786 49975 56003 8807/ 333 91003 91105
 555 1/111=
 27199 41997 80703 11121 21154 39774 49979 57004 77172 8807/ 333 91006
 91106 555 1/110=
 27281 41982 80502 11117 21159 39753 49967 57002 70272 87071 333 91004
 91106 555 1/112=
 27283 41950 80604 11127 21155 39800 49962 57003 77172 8807/ 333 91006
 91106 555 1/112=
 27295 41571 80203 11115 21155 39708 49966 57001 78582 889// 333 91005
 91105 555 1/109=
 27296 41996 80402 11125 21157 39743 49969 57002 77172 8807/ 333 91003
 91105 555 1/111=
 27385 414// 70702 11118 21155 39824 49957 54000 78587 84931 333 91003
 91105 555 1/111=
 27393 41496 80602 11113 21135 39791 49967 57002 77172 8672/ 333 91005
 91105 555 1/110=
 27480 42998 50702 11092 21157 39818 49949 52002 81031 333 91003 91104
 555 1/110=
 28007 41960 80702 11121 21157 39721 49993 57007 77172 8802/ 333 91005
 91106 555 1/111=
 28009 41942 80501 11116 21154 39782 49999 57012 77172 8801/ 333 91004
 91105 555 1/111=
 28105 41959 80502 11117 21156 39774 49981 57007 77172 8802/ 333 91005
 91106 555 1/109=
 28202 41950 80701 11110 21140 39744 49972 57009 77172 8807/ 333 91003
 91105 555 1/110=
 28302 41998 80602 11110 21147 39730 49966 57005 77172 8802/ 333 91004
 91105 555 1/110=
 28307 41497 82801 11096 21135 39810 49958 56001 77172 83501 333 91001
 91104 555 1/105=
 28402 41977 70602 11098 21139 39772 49955 57004 77072 85075 333 91003
 91104 555 1/111=
 28502 41996 81302 11089 21128 39848 49954 57003 77172 8807/ 333 91003
 91104 555 1/105=
 22550 82997 00202 11114 21152 30090 40101 52001 555 1/115=
 22778 42998 60303 11121 21163 39974 40046 57003 80002 555 1/113=
 22889 42497 50403 11130 21173 39934 40024 57003 81530 555 1/114=
 22762 42/// /0101 11100 21148 30022 40062 57004 555 1/115=
 22638 NIL=
 22671 42/// /0303 11123 21149 30001 40084 54001 555 1/114=
 22456 42/// /0301 11115 21153 30019 40111 57004 555 1/120=
 22583 42998 73201 11130 21163 30011 40095 57008 80002 
 555 1/118=
 22749 42/// /0402 11124 21164 39933 40064 52006 555 1/111=
 22951 42/// /0402 11127 21161 39743 40038 52005 555 1/109=
 22887 42999 70502 11139 21174 39954 40028 57005 
 80001 555 1/115=
 22876 42/// /0402 11134 21172 39957 40033 57005 555 1/112=
 22481 42/// /0000 11157 21177 30057 40114 57007 555 1/118=
 22854 42/// /3602 11131 21160 39749 40052 53003 555 1/111=
 22781 NIL=
 22676 42998 10702 11117 21165 39995 40076 57004 80001 555 1/118=
 22648 42998 03304 11130 21172 30036 40085 52003 555 1/114=
 22559 42/// /3402 11126 21160 30080 40098 54000 555 1/114=
 22869 42/// /0504 11122 21159 39873 40028 55001 555 1/111=
 22768 42897 20304 11122 21164 39997 40049 57003 81038 555 1/115=
 22798 42/// /0204 11120 21155 39924 40042 57011 555 1/113=
 22375 NIL=
 23207 41499 83601 11219 21244 30113 40138 57007 70272 82632 555
 1/123=
 23215 42/// /0603 11216 21243 30040 40138 57009 555 1/121=
 23219 NIL=
 27095 86/// /0303 11116 21146 39764 40001 57007=
 22408 42982 00000 11157 21185 39970 40130 52014 333   93500 555  
 1/116=
 22511 42998 00301 11137 21169 39994 40122 52012 333   93500 555  
 1/117=
 22529 42599 30501 11097 21133 30100 40107 52008 82502 555   1/112=
 22602 42999 03601 11126 21153 39871 40109 52013 555   1/109=
 22621 83/64 /3402 11109 21141 39959 40105 52012 555   1////=
 22619 42981 02901 11135 21159 39931 40099 52013 555   1/118=
 22721 42998 00000 11098 21147 39987 40089 52011 333   93500 555  
 1/116=
 22727 86/69 /3502 11106 21151 30031 40081 52011 555   1////=
 22717 83/63 /3602 11118 21145 39883 40086 52015 555   1////=
 22802 42999 00502 11090 21143 30056 40080 52016 555   1/108=
 22820 41965 03302 11123 21155 39933 40076 52011 70171 555   1/109=
 22831 42998 00202 11108 21155 30006 40064 52009 555   1/115=
 22805 42998 20102 11078 21117 30038 40059 52014 80070 555   1/102=
 22912 42999 00402 11084 21141 30045 40061 52013 555   1/112=
 
