18:31:00 MSK 18.03.2023
020 123456/=о000=1531
 уйту01 бтул 181500
 22686 12998 71501 11035 21114 30231 40335 57006 60002 80001 333 11002 555 51071 53007=
 22695 12998 62401 11027 21154 30167 40325 51002 60002 80001 333 11008
 555 51065 53009=
 22996 12999 20000 11018 21101 30172 40364 52002 60002 80001 333 10020
 555 51023 53007=
 23220 11496 72705 11118 21133 30051 40201 53041 60012 78587 87900 333 11071 91110 555 51172 53013=
 23226 11921 03209 11113 21127 39965 40191 53035 60012 70511 333 11092
 91013 91113 555 51181 53014=
 23305 11699 32503 11058 21102 30279 40308 51012 69902 70181 82430 333
 11021 555 51070 53011=
 23320 76/// /3105 11080 21134 30203 40279 52040 333 60002 91115 555 51142 53015=
 23324 11581 13104 11089 21124 30188 40269 52053 60012 73631 81900 333
 11061 91118 92980 555 51148 53018=
 23405 12964 03501 11067 21100 30215 40319 52004
 69902 333 11030 555 51076 53008=
 23410 76/// /2703 11073 21088 30191 40292 52025 333 60002 91112=
 23411 11599 73102 11051 21099 30210 40303 52018 69902 70283 83530 333
 11033 91111 555 51085 53012=
 23412 11499 83303 11061 21088 30195 40296 52022 69922 70282 887// 333 11038 85710 555 51099 53014=
 23416 NIL=
 23418 11565 12702 11066 21098 30227 40303 52021 69922
 70181 81500 333 11028 91110 555 51090 53011=
 23503 12998 02601 11070 21117 30267 40320 52008 69902 333 11032 555 51100 53008=
 23507 86/// /2401 11063 21115 30008 40333 52002 333 11037 555 51081 53009=
 23509 12/// /0000 11058 21119 30246 40328 52011 60002 333 11015
 555 53009=
 23514 12997 02801 11072 21118 30112 40318 52017 69902 333 11029 555 51087 53008=
 23518 12998 82902 11065 21120 30215 40311 53022 60002 81049 333 11025
 555 51086 53010=
 23606 11660 22802 11044 21119 30152 40331 52014 
 69902 70281 82400 333 11016 555 51066 53009=
 23701 12999 22501 11037 21129 30212 40347 51001 60002 80009 333 11008
 91110 555 51071 53010=
 23704 76/// /2501 11023 21112 39926 40039 55004 333 60002=
 23707 62998 62502 11029 21121 30211 40348 52003 60002 80001 333 11002 555 51059 53009 =
 23708 12984 52601 11031 21151 30195 40350 52005 60002 80031 333 11010
 555 51057 53010=
 23709 12998 22602 11043 21156 30147 40347 52011 60002 80001 333 11019
 91110 555 51055 53010=
 23711 12598 12601 11036 21139 30155 40335 52019 60002 81400 333 11005
 555 51049 53009=
 23803 12699 12801 11038 21148 30170 40358 51008 60002 81100 333 11009 555 51048 53009=
 23804 62997 50000 11030 21108 30203 40354 52003 60002 80001 333 10007 555 51041 53007=
 23807 12998 32701 11021 21088 30196 40363 52002 60002 80009 333 10001
 555 51035 53010=
 23808 66/// /2302 11025 21110 30188 40362 52007 60002 333 11005=
 23812 12597 23102 11032 21152 30166 40334 5//// 60002 82200 333 11012
 555 51/// 53009=
 23904 12970 33001 11029 21089 30206 40369 52006 60002 80001 333 10018
 555 51032 53008=
 23905 12999 02601 11027 21120 30128 40364 52010 60002 333 10004 555
 53008=
 23909 12998 12901 11040 21128 30105 40360 52014 60002 80001 333
 10005=
 23912 12998 13102 11048 21118 30146 40346 52017 69902 80001 333 11010
 555 53009=
 23913 11599 33002 11069 21089 30101 40342 52017 60002 70181 83200 333
 11016 555 53010=
 23914 12999 12803 11052 21109 30081 40350 52016 69902 80001 333
 11017=
 28013 12998 22802 11035 21116 30117 40357 52015 60002 80005 333 11004
 555 53010=
 28016 12999 03102 11031 21101 30129 40364 53011 69902 333 10002 555
 53009=
 28029 11699 10000 11051 21069 30123 40352 52015 69902 70181 81400 333
 11015 555 53009=
 28116 12999 12501 11055 21080 30123 40365 52012 60002 80001 333
 11005=
 28128 12999 50000 11063 21100 30201 40362 52015 60002 80001 333 11002
 555 53009=
 28134 12698 20000 11071 21098 39990 40359 52018 60002 82400 333 11018
 555 53008=
 28138 12999 03203 11056 21145 39754 40345 52029 69962 333 11012
 91112=
 28216 12999 13602 11035 21100 30057 40367 52013 69902 80005 333 11006
 555 53010=
 28222 12998 03001 11056 21099 30158 40362 52015 60002 333 10001 555
 53008=
 28224 11970 03501 11033 21104 30138 40359 52019 69902 70230 333
 11011=
 28234 12998 03602 11042 21136 30063 40353 52027 69902 333 10005 91110
 555 53011=
 28238 12999 03405 11026 21158 30026 40339 52032 69902 333 10009 91111
 555 53014=
 28313 12998 00101 11043 21101 30166 40367 52016 60002 333 10001 555
 53010=
 28319 12999 00302 11022 21095 30190 40360 52028 69902 333 10004=
 28321 12999 03502 11029 21096 30151 40362 52019 60002 333 11005=
 28324 12999 20102 11022 21096 30234 40359 52023 69902 80005 333 10004
 555 53011=
 28326 12998 23502 11033 21108 30154 40348 52026 69902 80001 333 10015
 555 53010=
 28413 12999 00202 11014 21089 30232 40358 53019 60002 333 10010 555
 53012=
 28428 12999 20302 11019 21147 30150 40342 52027 69942 80001 333 10023
 91110 555 53012=
 28429 12898 10103 11025 21137 39912 40337 53026 60012 81030 333 10007
 91110 555 53011=
 22983 12998 32001 11028 21081 30255 40364 57003 60002 80005 333 10025
 91002 91105 555 51032 53005=
 27083 12699 22601 11022 21094 30138 40368 57001 60002 81101 333 10006
 91001 91105 555 51034 53005=
 27097 12598 42901 11027 21099 30102 40374 52002 60002 82501 333 10017
 91001 91105 555 51029 53005=
 27185 12998 60000 11022 21097 30184 40375 54000 60002 80001 333 10017
 91000 91104 555 51022 53005=
 27199 12598 32301 11045 21088 30172 40379 52002 60002 82571 333 10012
 91001 91103 555 51025 53005=
 27281 12982 60201 11003 21117 30160 40373 54000 60002 81035 333 10014
 91002 91105 555 51023 53006=
 27283 12998 20000 11021 21099 30215 40379 52003 60002 82030 333 10005
 91000 91103 555 51029 53005=
 27295 12997 63601 11027 21088 30119 40381 52006 60002 80005 333 10008
 91001 91105 555 51024 53009=
 27296 12598 20501 11027 21081 30149 40376 52005 60002 82500 333 10005
 91001 91104 555 51023 53007=
 27385 129// 60301 11022 21087 30239 40373 52003 60002 80001 333 10006
 91002 91106 555 51023 53007=
 27393 12998 20302 11018 21077 30202 40379 52008 60002 80041 333 10002
 91003 91106 555 51012 53009=
 27480 12998 20302 11028 21091 30240 40373 52004 60002 81031 333 10002
 91004 91107 555 51022 53010=
 28007 12699 22901 11021 21118 30103 40374 52006 60002 81101 333 10008
 91001 91105 555 51025 53007=
 28009 12698 20000 11042 21080 30155 40375 52007 60002 82500 333 10013
 91000 91105 555 51023 53006=
 28105 12598 51601 11042 21070 30167 40376 52005 60002 82401 333 10019
 91001 91103 555 51016 53005=
 28202 12583 23201 11028 21106 30143 40374 52010 60002 81901 333 10003
 91002 91106 555 51015 53009=
 28302 12998 20401 11018 21087 30136 40373 52012 60002 82031 333 10007
 91002 91106 555 51011 53008=
 28307 12998 13402 11012 21090 30221 40370 52012 60002 80001 333 10011
 91004 91106 555 51005 53009=
 28402 12998 20202 11009 21098 30179 40364 52013 69902 80005 333 10012
 91005 91108 555 51003 53009=
 28502 12998 10202 11004 21086 30247 40354 53014 69902 81030 333 10018
 91003 91109 555 50009 53011=
 22550 12997 81705 10019 21098 30241 40252 57038 60002 8805/ 333 10029
 555 51068 53008=
 22778 12998 21701 11013 21099 30267 40338 57015 60002 81071 333 10021 555 51068 53005=
 22889 12998 00000 11027 21110 30272 40362 58003 60002 333 10014 555
 51032 53007=
 22762 12998 71502 10006 21110 30273 40313 57019 60002 80039 333 
 10039 555 51070 53008=
 22638 46/// /1904 10018 21089 39994 40222 57031=
 22671 12999 61702 11005 21074 30221 40302 57020 60002 84043 333 10016
 555 51066 53005=
 22456 12998 81502 11007 21077 30163 40253 57036 60002 84072 333 
 10002 555 51103 53008=
 22583 12998 40000 11042 21136 30232 40316 58009 60002 82071 333
 11010 555 51055 53008=
 22749 NIL=
 22951 12898 82204 10001 21119 30042 40331 57022 60002 83031 333 10019
 555 51071 53009=
 22887 12699 29901 11014 21086 30283 40355 56008 
 60002 81501 333 10026 555 51040 53006=
 22876 12997 21902 10002 21122 30275 40351 57021 60002 82030 333 10030
 555 51037 53006=
 22481 12998 71402 11053 21118 30241 40296 57018 60002 83039 333 
 11027 555 51076 53007=
 22854 12898 61804 10000 21114 30022 40318 57019 60002 84031 333 10018
 91110 555 51067 53010=
 22781 NIL=
 22676 NIL=
 22648 NIL=
 22559 12998 71702 10010 21095 30256 40273 57032 60002 86034 333 10017 91110 555 51065 53010=
 22869 12997 62002 10004 21119 30196 40349 57014 60002 80031 333 10022 555 51044 53006=
 22768 12897 61903 10006 21087 30276 40327 57015 60002 85031 333 10028
 555 51044 53009=
 22798 12998 50000 11025 21119 30234 40351 57002 60002 82031 333 10025 555 51055 53006=
 22375 46/// /1505 11061 30257 40272 57026=
 23207 12499 82603 11062 21085 30271 40295 52008 69922 885// 333 11028
 555 51067 53010=
 23215 NIL=
 23219 NIL=
 27095 76/// /0000 11016 21083 30143 40380 54001 333 60002 555 51027 53006=
 22408 21425 81705 11001 21007 39952 40102 57036 76987 8872/ 333  
 69992 88511 91110=
 22511 21459 81704 10007 21013 39998 40119 57037 77187 8772/ 333  
 60012 91112=
 22529 21599 81807 11001 21018 30184 40191 57032 72682 889// 333  
 69942 88921 91015 91116=
 22602 21258 81906 11003 21015 39898 40125 57033 77173 8872/ 333  
 60032 88506 91013 91113=
 22621 73669 /1606 10013 21067 30040 40181 57033 333   69912 91010
 91113=
 22619 21250 81703 10009 21021 30023 40183 57025 77072 8872/ 333  
 69902 86706 91112=
 22721 22498 81401 10020 21066 30113 40212 57023 887// 333   60002
 86710=
 22727 76969 /2006 10045 21093 30175 40223 57023 333   60002 91011
 91111=
 22717 73/70 /1804 10026 21080 30009 40204 57023 333   60002 91112=
 22802 22999 81706 10030 21040 30169 40193 57019 8807/ 333   69902
 91011 91112=
 22820 22969 72005 10043 21097 30090 40227 57026 87030 333   60002
 91011 91113=
 22831 22998 81802 10028 21118 30206 40262 57031 8802/ 333   60002=
 22805 22598 81510 10016 21020 30181 40201 57019 8652/ 333   60002
 91013 91116=
 22912 22999 61806 10040 21099 30223 40238 57022 86070 333   60002
 91010 91112=
 
