06:31:00 MSK 28.07.2023
020 123456/=о000=0331
 уйту01 бтул 280300
 22686 62498 83003 10148 20139 39983 40077 52021 69932 885// 333 20141 31013 55000 88611 555 53011 7017/=
 22695 12998 83004 10142 20126 39914 40058 52023 69942 8805/ 333 20138
 32013 555 53010 7016/=
 22996 62599 23201 10166 20163 39904 40078 51014 60002 81901 333 20139 32013 55062 555 53010 7008/ 91211=
 23220 12598 71801 10180 20159 39866 49997 57002 60002 86830 333 20139 31015 55010 555 53002 7000/=
 23226 12660 20101 10186 20159 39799 49997 57002 60002 81930 333 20141 
 30014 555 53004 7000/=
 23305 11599 73604 10157 20149 30019 40045 52014 60222 72582 85930 333
 20151 32015 91113 555 53013 7022/=
 23320 76/// /3301 10166 20145 39941 40009 52007 333 20140 60002 555 53002 7000/=
 23324 12984 72901 10169 20155 39939 40010 52006 60002 87070 333 20129
 55041 555 53005 7990/=
 23405 11570 50105 10150 20136 39947 40041 52014 60132
 70262 82531 333 20150 31016 55088 91011 91110 555 53011 7013/=
 23410 76/// /3002 10171 20146 39927 40017 52013 333 20116 60002 555 7000/=
 23411 12599 83205 10169 20146 39944 40027 52015 60002 8477/ 333 20158
 30016 555 53007 7000/=
 23412 12699 63501 10172 20143 39932 40022 52015 60002 85530 333 20135 31013 55108 85636 555 53004 7000/=
 23416 NIL=
 23418 11665 72802 10174 20159 39945 40013 52018 60032 
 70282 83930 333 20157 31015 55113 555 53006 7003/=
 23501 NIL=
 23503 11598 83502 10165 20149 39987 40034 53015 60102 70282 83935 333 20150 32016 555 53006 7010/ 91206=
 23507 66/// /3503 10155 20149 39754 40045 53020 60002 333 20136 555 53010 7000/=
 23509 11598 83401 10155 20147 39958 40031 52023 60162 70262 8652/ 333
 20148 32016 86617 555 53006 7017/=
 23514 11397 83402 10154 20152 39839 40023 52020 60042 70282 8695/ 333 20148 31015 55125 85707 555 53006 7004/=
 23518 12998 80102 10161 20153 39923 40008 52015 60062 8807/ 333 20150
 31016 55128 555 53005 50196 7006/ 91207=
 23606 11256 83603 10152 20152 39869 40025 52042 60112 78082 889// 333 20149 31017 55097 86704 555 53008 7011/=
 23612 11598 83502 10162 20161 39881 40007 52016 60032 70282 8297/ 333 20150 31017 555 53004 7003/=
 23701 11499 73303 10152 20143 39935 40057 52033 60012 70282 86930 333
 20146 31015 85914 555 53008 7009/=
 23704 NIL=
 23707 62498 72904 10157 20142 39937 40061 52033 69932 86930 333 20152 31015 55008 84916 555 53011 7010/=
 23708 11457 83003 10155 20139 39897 40037 53027 69942 75152 886// 333
 20151 88710 555 53009 7004/=
 23709 61397 82504 10157 20144 39839 40019 52020 69982 76162 8677/ 333
 20155 32016 86709 555 53009 7004/ 91209=
 23711 12598 72602 10176 20164 39839 49996 52016 60032 84570 333 20155 31017 55086 555 53007 7003/=
 23803 11497 82703 10153 20127 39860 40029 53016 69982 76162 8802/ 333
 20151 31015 55024 91110 555 53010 7016/=
 23804 12497 82902 10159 20138 39926 40062 52029 69902 8692/ 333 20158
 31015 55013 86918 555 53009 7011/=
 23807 12497 83103 10156 20140 39925 40077 51024 60002 885// 333 20156
 32014 55053 88617 555 53010 7012/=
 23808 66/// /2605 10161 20134 39902 40060 52025 60002 333 20157 555 7000/=
 23812 11496 72803 10167 20154 39857 40009 52009 69982 78082 87900 333
 20155 31014 555 53006 7002/=
 23904 12470 83001 10164 20142 39933 40080 52021 60002 885// 333 20160
 31014 88618 555 53009 7032/ 88032=
 23905 62599 82802 10160 20131 39853 40067 52021 60002 885// 333 20156
 31014 555 53009 7035/ 88035=
 23909 62598 82703 10159 20141 39824 40054 52015 60002 885// 333 20154
 31014 55037=
 23912 62498 82603 10167 20152 39853 40032 52011 69932 8655/ 333 20164
 31015 555 53006 7008/=
 23913 62599 82902 10178 20146 39812 40024 52009 60022 889// 333 20157
 31116 55052 555 53006 7005/=
 23914 62498 82704 10159 20149 39798 40038 52010 69932 889// 333 20158
 31015 55052=
 28013 62598 72604 10165 20138 39839 40055 52014 60052 87900 333 20159
 31015 555 53009 7009/=
 28016 62599 72803 10169 20158 39856 40067 52015 60072 87500 333 20158
 32015 555 53008 7007/=
 28029 62699 62803 10186 20153 39846 40050 52010 60002 86800 333 20181
 31017 55077 555 53007 7995/=
 28116 62999 42703 10187 20156 39855 40070 52011 60002 80005 333 20161
 31015 55091=
 28128 62999 62803 10193 20166 39924 40066 52012 60002 80001 333 20183
 31017 55108 555 53006 7998/=
 28134 62598 63001 10191 20160 39730 40055 52014 60012 86800 333 20179
 31018 555 53006 7001/=
 28138 12599 72805 10192 20156 39517 40041 52010 69912 87500 333 20177
 30016 55133 91110=
 28216 62999 22703 10184 20160 39808 40085 52015 60002 80005 333 20165
 31015 555 53009 7998/=
 28222 62998 82902 10205 20162 39890 40070 52015 60032 80001 333 20190
 31018 555 53006 7003/=
 28224 62670 13004 10200 20160 39877 40075 52016 69902 80100 333 20191
 30018 55109=
 28234 62599 63004 10200 20153 39805 40063 52017 60002 86200 333 20196
 30018 555 53009 7000/=
 28238 62599 82804 10205 20156 39775 40055 53013 60002 885// 333 20198
 30018 55117 555 53009 7000/=
 28313 62998 02902 10200 20161 39912 40090 51017 60002 333 20165 30015
 555 53007 7000/=
 28319 12998 02801 10207 20167 39943 40094 52018 60002 333 20175
 31016=
 28321 62599 23303 10206 20162 39894 40082 52016 60002 81201 333 20191
 30017=
 28324 62999 23002 10208 20165 39974 40085 52016 60002 80001 333 20182
 30017 555 53012 7998/=
 28326 62598 43103 10209 20169 39900 40073 52015 60002 84500 333 20187
 30017 55124 555 53008 7000/=
 28413 62999 02701 10201 20164 39986 40100 52017 60192 333 20182 31017
 555 53010 7019/=
 28428 61998 03102 10211 20181 39916 40087 52015 69952 70241 333 20176
 31017 555 53014 7995/=
 28429 62598 82802 10195 20182 39699 40081 52010 60022 885// 333 20176
 31017 555 53008 7002/=
 22983 12998 32501 10157 20147 39990 40089 52015 60002 82031 333 20116
 32012 55057 91002 91103 555 53009 7001/=
 27083 12999 00000 10157 20148 39876 40085 52012 60002 333 20132 31013
 91000 91102 555 52010 53005 7990/=
 27097 12998 12801 10173 20158 39845 40090 52010 60002 80001 333 20134
 32013 91002 91103 555 53006 7003/=
 27185 12998 00000 10179 20147 39920 40092 52003 60002 333 20123 31014
 91000 91101 555 53004 7999/=
 27199 12998 00000 10191 20156 39911 40094 52008 60022 333 20133 30012
 55093 91001 91102 555 52012 53008 7002/=
 27281 12982 01201 10162 20151 39897 40092 52004 60002 333 20122 30013
 91002 91102 555 53006 7990/=
 27283 12998 01701 10168 20149 39950 40097 52006 60002 333 20116 31013
 91002 91102 555 53008 7002/=
 27295 12998 01601 10170 20141 39865 40102 52007 60002 333 20125 31012
 91002 91102 555 53009 7000/=
 27296 12998 00000 10181 20139 39895 40099 52009 60002 333 20142 30014
 55099 91001 91102 555 53006 7990/=
 27385 129// 00000 10161 20157 39975 40096 52002 60002 333 20121 30012
 91000 91101 555 53003 7000/=
 27393 12998 22302 10154 20143 39948 40110 52010 60002 333 20134 30014
 55105 91002 91103 555 53009 7000/=
 27480 12998 01302 10186 20174 39972 40092 57002 60002 333 20126 30015
 91003 91105 555 53005 7000/=
 28007 12999 22802 10170 20145 39843 40089 52013 60002 80001 333 20148
 31015 55104 91003 91105 555 53008 7996/=
 28009 12498 32602 10175 20154 39885 40082 52014 69902 81401 333 20155
 31014 91004 91105 555 52016 53005 7002/=
 28105 12998 12501 10174 20153 39910 40091 51010 60002 80001 333 20148
 31014 91002 91104 555 53006 7003/=
 28202 12963 23202 10186 20147 39885 40092 52012 60002 80001 333 20168
 30015 91003 91106 555 53009 7001/=
 28302 12998 00000 10180 20155 39885 40099 51010 60002 333 20143 31014
 91000 91101 555 53007 7007/=
 28307 12998 00000 10177 20138 39970 40105 52008 60002 333 20133 30013
 91000 91101 555 53008 7001/=
 28402 12998 02201 10188 20165 39936 40103 52008 60002 333 20167 30016
 91002 91103 555 53007 7000/=
 28502 12998 50000 10200 20161 30008 40105 52008 60002 80006 333 20165
 31016 55127 91000 91103 555 53009 7009/=
 22550 61/92 90000 10128 20127 30071 40081 52009 60002 74544 333 20086
 31011 55073 555 53006 7993/=
 22778 11/93 90000 10131 20128 30021 40087 52018 69942 74342 333 20107
 31012 55043 555 53007 7004/=
 22889 12498 22801 10157 20149 30004 40086 51016 60002 82500 333 20121
 32012 555 53008 7002/=
 22762 62/97 /0000 10142 20142 30048 40085 51011 60002 333 20098 31011
 555 53005 7011/ 91209=
 22638 NIL=
 22671 11/91 90000 10123 20122 30006 40081 51017 60002 74542 333 20098
 31010 55012 555 53004 7028/=
 22456 12997 00000 10107 20107 39998 40082 53013 60002 333 20066 31009
 555 53004 7006/=
 22583 12498 12901 10161 20143 39995 40071 52019 60052 81600 333 20136 
 31013 55004 555 53006 7028/=
 22749 NIL=
 22951 11898 81603 10149 20144 39800 40066 57003 69992 72162 8807/ 333
 20105 32013 555 53005 7999/=
 22887 12999 33002 10161 20151 30017 40083 52013 
 60002 81031 333 20112 31010 55057 555 53009 7002/=
 22876 12997 22501 10158 20152 30021 40090 52017 60002 80001 333 20128
 31012 555 50179 53009 7000/ 91212=
 22481 12998 13101 10155 20151 30024 40074 52013 69912 81030 333 20122
 31011 555 53006 7998/=
 22854 12899 81101 10149 20145 39795 40067 58002 60002 8805/ 333 20124
 32013 55060 555 53004 7998/=
 22781 NIL=
 22676 11/93 92901 10137 20137 30010 40085 52017 60002 74542 333 20125
 32011 555 53009 7034/ 88034=
 22648 NIL=
 22559 61392 80000 10121 20117 30068 40048 51011 60002 74642 886// 333
 20101 31011 88708 555 53005 7008/=
 22869 11996 70601 10131 20129 39947 40088 52007 60002 72841 80070 333
 20113 31013 555 53006 7998/ 91211=
 22768 12697 50401 10140 20137 30036 40083 52006 60002 82531 333 20109
 31012 55085 555 53007 7008/=
 22798 12598 72602 10160 20140 39969 40075 52026 69902 87500 333 20152
 31015 555 53009 7012/=
 22375 NIL=
 23207 11999 62902 10152 20144 30032 40053 52012 60102 70282 86040 333
 20141 55116 555 53007 7010/=
 23215 NIL=
 23219 NIL=
 27095 76/// /0000 10161 20161 39883 40099 52011 333 20119 60002 555 53006 7000/=
 22408 22999 63601 10132 20126 39909 40051 52001 86030 333   20093
 55111 60002 555   7000/=
 22511 22698 50000 10137 20131 39934 40049 54000 82579 333   20103
 60002 555   7990/=
 22529 21599 70000 10110 20106 30054 40061 52001 70241 81532 333  
 20068 60002 555   7000/=
 22602 22476 70302 10152 20149 39825 40037 57007 86530 333   20113
 55122 69902 86618 555   7990/=
 22621 73957 /0801 10158 20150 39919 40050 57004 333   20123 55109
 60002 555   7000/=
 22619 22975 71202 10156 20150 39892 40042 57005 83035 333   20133
 55138 60002 555   7000/=
 22721 22298 80000 10152 20146 39956 40049 57005 85605 333   20133
 60002 85705 555   7000/=
 22727 76970 /0000 10147 20136 39996 40041 57009 333   20129 60002
 555   7000/=
 22717 73/70 /0401 10150 20145 39850 40033 57011 333   20139 60022
 555   7002/=
 22802 21680 72501 10160 20146 39999 40021 57013 72582 85931 333  
 20129 55124 69932 85943 555   7993/=
 22820 22970 81002 10157 20139 39909 40037 57009 8803/ 333   20137
 55129 60002 555   7000/=
 22831 22698 70000 10152 20138 39991 40043 57012 82531 333   20124
 55111 60002 555   7000/=
 22805 22598 83501 10164 20156 39997 40016 57009 884// 333   20160
 55123 69932 555   7994/=
 22912 22999 80902 10166 20141 30002 40016 57014 8807/ 333   20147
 60002 555   7000/=
 
