00:31:00 MSK 09.10.2023
020 123456/=о000=2131
 уйту01 бтул 082100
 22686 81497 83604 10020 20013 39782 49879 57010 75052 886// 333 85611=
 22695 41496 80203 10015 21001 39711 49859 57009 76162 8772/=
 22996 42498 80701 10033 20033 39625 49804 57004 8457/=
 23220 43/// /1004 10041 20025 39778 49915 57019=
 23226 42960 80202 10027 20019 39720 49928 57013 8801/=
 23305 42/// /0205 10027 20018 39904 49931 57010 333 91111=
 23320 86/// /0803 10050 20049 39823 49893 57018=
 23324 42976 60602 10033 20028 39829 49904 57019 82071=
 23405 41297 80206 10017 20012 39810 49908 57013 70252 886// 333 88706
 91011 91111=
 23410 86/// /3403 10044 20036 39802 49895 57016=
 23411 42/// /0205 10020 20020 39818 49905 57015=
 23412 41298 80304 10036 20032 39805 49899 57015 76162 8872/ 333 85705=
 23416 NIL=
 23418 41656 83402 10063 20056 39810 49881 57022 76162
 8652/ 333 86639=
 23503 42/// /0203 10032 20024 39838 49886 57013=
 23507 NIL=
 23509 NIL=
 23514 41397 80302 10059 20059 39679 49867 57017 76162 8672/ 333 85707=
 23518 42/// /0102 10056 20050 39775 49863 57021=
 23606 41260 80504 10065 20063 39689 49852 57014 72162 8872/ 333 86705=
 23704 86/// /0203 10045 20045 39663 49775 57047=
 23701 42/// /0204 10028 20023 39727 49852 57010=
 23707 81497 80205 10051 20048 39696 49822 57006 76166 8872/ 333 86710=
 23708 42/// /0602 10066 20054 39685 49827 57011=
 23709 82498 80201 10060 20047 39647 49830 57011 885// 333 86711=
 23711 41498 80101 10058 20053 39672 49834 57020 76262 889// 333 88615=
 23803 42599 61201 10051 20032 39657 49828 57005 86900=
 23804 81496 80501 10061 20058 39676 49814 57006 78082 8692/ 333 86913=
 23807 42/// /0502 10060 20060 39657 49810 57005=
 23808 NIL=
 23812 42597 80000 10035 20032 39671 49827 57018 8255/=
 23904 42662 80000 10030 20030 39661 49812 56004 885// 333 88634=
 23905 42599 80601 10041 20031 39596 49814 57006 885//=
 23909 41297 80801 10033 20030 39583 49818 57009 78082 8737/=
 23912 41597 81101 10043 20034 39642 49826 57013 78082 8595/=
 23913 41597 81501 10036 20032 39613 49833 57011 78082 889//=
 23914 81495 81202 10033 20030 39578 49825 57013 78082 889//=
 28013 41397 80801 10032 20021 39594 49816 57010 76162 887//=
 28016 42/// /1201 10035 20035 39597 49813 57008=
 28029 41497 81603 10038 20032 39614 49825 57007 76162 8872/=
 28116 41497 82001 10033 20027 39595 49816 57002 76162 8872/=
 28128 41597 82103 10058 20046 39683 49829 52001 76062 8802/ 333
 91110=
 28134 41497 82002 10039 20032 39504 49841 52001 76162 8872/=
 28138 43/// /2103 10030 20024 39308 49854 52002=
 28216 41699 82005 10043 20028 39549 49835 52009 70265 885// 333
 91110=
 28222 42/// /2003 10055 20041 39653 49839 52005=
 28224 41570 51902 10047 20032 39646 49850 52011 70182 85900=
 28234 41597 82004 10051 20030 39592 49859 52010 70262 885// 333
 91110=
 28238 41599 82202 10049 20028 39577 49868 53010 70262 885//=
 28313 42/// /1904 10045 20027 39662 49846 52011=
 28319 42998 02103 10042 20028 39705 49862 52009=
 28321 42599 62104 10044 20030 39654 49849 52010 82570=
 28324 42/// /2002 10040 20019 39744 49860 52010=
 28326 42998 52003 10044 20032 39688 49867 52014 80001=
 28413 42599 71903 10051 20017 39746 49863 52009 86530=
 28428 42598 62004 10047 20021 39702 49880 52008 86500=
 28429 42/// /2103 10039 20028 39493 49890 52010=
 22983 41471 80000 10056 20052 39715 49815 57001 78082 889// 333 91002
 91104=
 27083 42984 80000 10021 20018 39590 49805 57001 8807/ 333 91000
 91101=
 27097 42/// /0000 10028 20028 39555 49807 54000 333 91000 91102=
 27185 42/// /1901 10020 20018 39634 49812 52004 333 91003 91103=
 27199 41496 82301 10008 20004 39622 49814 52004 76862 8671/ 333 91002
 91103=
 27281 41456 82201 10004 20001 39616 49817 52006 77172 8872/ 333 91002
 91102=
 27283 41496 82301 10005 20002 39665 49816 52006 78082 889// 333 91002
 91103=
 27295 42/// /2202 10017 20008 39576 49820 52007 333 91003 91106=
 27296 41496 82303 10022 20008 39607 49817 52005 76086 8802/ 333 91004
 91104=
 27385 424// 82203 10026 20011 39706 49830 52010 8375/ 333 91007
 91108=
 27393 41998 82306 10036 20021 39668 49832 52009 70282 8697/ 333 91010
 91110=
 27480 42497 82203 10029 20014 39715 49839 52007 889// 333 91005
 91106=
 28007 41497 80000 10024 20015 39557 49809 57001 78085 8635/ 333 86913
 91000 91102=
 28009 41496 81702 10030 20014 39610 49812 57003 78082 889// 333 91004
 91104=
 28105 41497 82002 10019 20013 39623 49809 52002 76162 8872/ 333 91003
 91103=
 28202 41596 82501 10023 20011 39601 49815 52005 76162 8802/ 333 91003
 91105=
 28302 42997 82103 10037 20022 39606 49826 52007 8807/ 333 91007
 91107=
 28307 42498 81902 10035 20013 39699 49838 52009 885// 333 91005
 91105=
 28402 42584 32105 10029 20013 39673 49846 52009 81535 333 91007
 91108=
 28502 42697 82206 10036 20009 39761 49862 52009 885// 333 91008
 91108=
 22550 82970 03402 10012 21004 39960 49970 57001=
 22778 41598 80204 10024 20008 39801 49869 57001 72522 885// 333
 91110=
 22889 42/// /2902 10050 20049 39735 49817 57006=
 22762 41597 83502 10020 21005 39874 49912 54000 70262 8557/=
 22638 46/// /3502 10008 21014 39763 49985 52006=
 22671 42/// /0302 10020 20001 39843 49920 57003=
 22456 42997 43501 11005 21005 39888 49975 57004 80001=
 22583 42598 80202 10030 20008 39835 49913 57010 8657/=
 22749 NIL=
 22951 42/// /0102 10000 21001 39624 49901 52018=
 22887 41496 83303 10039 20037 39762 49829 58005 78082 889//
 333 86711=
 22876 41496 83302 10030 20029 39777 49847 57002 78082 889// 333
 88915=
 22481 43/// /3502 10002 21010 3//// 4//// 5////=
 22854 42/// /0105 10004 21001 39630 49913 52008 333 91010 91111=
 22781 NIL=
 22676 42598 83604 10020 21001 39822 49897 57007 885//=
 22648 NIL=
 22559 42/// /0101 10023 20001 39942 49958 54001=
 22869 42298 80104 10025 20015 39724 49868 52007 889// 333 85705=
 22768 41497 80105 10014 20000 39841 49889 52003 72582 889// 333 85913
 91110=
 22798 41496 83504 10036 20034 39723 49831 57006 76162 8802/=
 22375 46/// /0104 10009 20000 39963 49978 57005=
 23207 NIL=
 23215 NIL=
 23219 NIL=
 27095 86/// /0000 10031 20031 39597 49817 54001=
 22408 42984 73303 10006 21006 39913 40062 57001 8707/=
 22511 42984 33403 10022 20001 39929 40049 54000 82031=
 22529 41598 80104 10051 20016 39997 40004 54000 70282 889// 333  
 88922=
 22602 41473 83302 10008 21001 39830 40054 52003 72682 889// 333  
 88913=
 22621 83470 /3303 10022 20007 39879 40017 52003=
 22619 42498 83107 10029 20006 39857 40014 52003 885// 333   88614
 91111=
 22721 42497 83003 10032 20011 39903 40000 52006 889// 333   85915=
 22727 86470 /3502 10034 20017 39945 49992 52011 333   91110=
 22717 83/70 /3403 10017 21014 39824 40019 52010=
 22802 42998 83203 10031 20000 30013 40036 52009 8805/=
 22820 42598 63403 10034 20005 39852 49986 52012 86500 333   86631
 91010 91110 555   50022=
 22831 41496 83101 10012 20003 39903 49957 52011 78382 889// 333  
 88910=
 22805 425// 83504 10048 20016 30004 40028 52011 885// 333   91112=
 22912 42984 73403 10043 20000 39975 49990 52019 87030 333   91110=
 
