18:31:00 MSK 24.05.2023
020 123456/=о000=1531
 уйту01 бтул 241500
 22686 62598 72202 10256 20046 30095 40187 57008 60002 82969 333 10273 555 50197 53010=
 22695 12598 62103 10260 20019 30036 40177 57009 69902 83931 333 10267
 555 50197 53014=
 22996 12998 71901 10261 20061 30034 40205 57012 60002 82086 333 10282
 555 50197 53009=
 23220 12999 00702 10099 20021 30110 40249 57008 60002 333 10139 555 50084 53009=
 23226 12960 01505 10124 20029 30041 40249 57008 60002 333 10142 
 555 50097 53009=
 23305 11599 71906 10157 20105 30176 40203 53005 69932 72682 84231 333
 10254 91011 91113 555 50182 53013=
 23320 76/// /2003 10218 20034 30159 40227 57010 333 60002 555 50178 53007=
 23324 12988 01303 10193 20061 30158 40231 57010 60002 333 10217 555
 50163 53007=
 23405 61463 70903 10153 20141 30102 40196 52001 60032 79598 85370 333
 10256 85916 91110 555 50180 53010=
 23410 76/// /1304 10226 20039 30120 40210 57014 333 60002=
 23411 12999 72202 10227 20047 30116 40199 57011 60002 87030 333
 10240 555 50178 53008=
 23412 12699 21404 10213 20063 30118 40209 57012 60002 82130 333 10230 555 50167 53008=
 23416 NIL=
 23418 12665 21303 10232 20053 30146 40214 57011 60002
 82100 333 10242 555 50174 53006=
 23503 12598 82301 10246 20043 30154 40201 57008 60002 82931 333 10269
 555 50177 53008=
 23507 66/// /1501 10204 20123 39907 40198 58003 60002 333 10260 91112 555 50170 53012=
 23509 11497 82106 10214 20078 30147 40220 53007 60002 78082
 85903 333 10270 85915 91011 91111 555 53011=
 23514 12697 72002 10235 20046 30025 40208 57009 69902 82119 333 10256 555 50177 53006=
 23518 12598 21202 10227 20065 30135 40221 57011 60002 81109 333
 10238=
 23606 12662 81901 10239 20078 30054 40209 57010 60002 82531 333 10270 555 50178 53011=
 23701 12699 72001 10249 20061 30082 40202 57010 69902 82405 333 10272
 555 50183 53009=
 23704 76/// /2102 10266 20054 39926 40039 55004 333 60002=
 23707 62498 82002 10258 20055 30075 40197 57011 60002 84935 333 10272 555 50192 53009 =
 23708 12598 71602 10257 20041 30073 40211 57011 60002 85901 333 10276
 85826 555 50177 53009=
 23709 12598 30000 10258 20053 30042 40220 57012 60002 82130 333 10266
 555 50173 53009=
 23711 12698 62701 10250 20062 30063 40220 57007 60002 81101 333 10266 555 50175 53007=
 23803 12699 81202 10254 20052 30059 40225 57009 69902 83201 333 10271 555 50184 53005=
 23804 62597 81901 10260 20052 30069 40202 57011 60002 82135 333 10281 555 50185 53008=
 23807 12998 52104 10265 20100 30058 40207 57011 60002 80009 333 10281
 91111 555 50196 53011=
 23808 66/// /1801 10262 20055 30063 40218 57011 60002 333 10283 91110=
 23812 12597 62802 10234 20062 30079 40230 57005 60002 82132 333 10262
 555 50169 53008=
 23904 12970 71902 10259 20044 30071 40216 57010 60002 82035 333 10287
 555 50197 53009=
 23905 12599 72203 10266 20036 30012 40222 57009 60002 83401 333 10277
 555 53007=
 23909 12698 80000 10251 20095 30003 40230 57009 60002 82405 333
 10277=
 23912 11598 60000 10255 20088 30059 40237 56016 69902 70182 81449 333
 10263 555 53011=
 23913 11599 70000 10161 20127 30036 40255 58009 69972 70282 84531 333
 10259 555 53010=
 23914 62499 51202 10222 20091 30001 40241 57003 60002 82401 333
 10270=
 28013 12698 82001 10258 20036 30018 40232 57008 60002 84201 333 10275
 555 53006=
 28016 12599 82302 10265 20040 30026 40234 57007 60002 83501 333 10286
 555 53008=
 28029 12999 22102 10260 20060 30035 40239 57008 60002 80001 333 10278
 555 53007=
 28116 12599 62101 10263 20049 30024 40238 57008 60002 81139 333
 10283=
 28128 12999 81701 10253 20079 30102 40245 57008 60002 80001 333 10270
 555 53005=
 28134 12998 50000 10240 20068 39920 40247 57006 60002 80005 333 10273
 555 53009=
 28138 12599 22902 10242 21002 39715 40243 57004 60002 82100 333
 10264=
 28216 12899 42003 10263 20025 39967 40243 57008 60002 82035 333 10282
 555 53007=
 28222 12998 82101 10263 20055 30066 40246 57007 60002 80001 333 10293
 555 53005=
 28224 12970 82502 10267 20018 30049 40246 57006 60002 80005 333
 10284=
 28234 12899 23401 10261 21006 39989 40248 57006 60002 82030 333 10286
 555 53007=
 28238 12599 13102 10254 20027 39965 40247 57006 60002 81500 333 10281
 555 53008=
 28313 12898 61601 10263 20038 30067 40245 57009 60002 82031 333 10286
 555 53008=
 28319 12998 10901 10257 20108 30098 40249 57010 60002 80001 333
 10284=
 28321 12999 71801 10259 20056 30058 40247 57009 60002 80001 333
 10287=
 28324 12998 50000 10272 20034 30137 40249 57009 60002 80009 333 10288
 555 53007=
 28326 12898 72601 10268 20034 30073 40245 57008 60002 83031 333 10295
 555 53008=
 28413 12599 21601 10273 20026 30132 40245 57010 60002 81105 333 10295
 555 53010=
 28428 12998 81701 10263 20035 30079 40251 57008 60002 80001 333 10290
 555 53007=
 28429 12598 32501 10251 20051 39868 40251 57005 60002 81501 333 10281
 555 53005=
 22983 12498 81702 10267 20032 30100 40197 57013 60002 82965 333 10285
 91005 91106 555 50199 53008=
 27083 12599 61703 10249 20049 39995 40201 57010 60002 86900 333 10268
 91005 91108 555 50191 53009=
 27097 12498 81603 10245 20065 39969 40212 57011 60002 86949 333 10269
 91006 91109 555 50185 530//=
 27185 12698 61302 10254 20070 30030 40200 57013 60002 83541 333 10283
 91004 91108 555 50194 53010=
 27199 12998 61402 10268 20064 30033 40215 57012 60002 86030 333 10283
 91005 91106 555 50203 53009=
 27281 11482 81405 10247 20075 30000 40192 57010 69902 72522 85935 333
 10270 91007 91113 555 50202 53013=
 27283 12598 61603 10261 20050 30061 40205 57011 60002 82530 333 10276
 91007 91109 555 50204 53010=
 27295 12998 61302 10260 20033 39980 40212 57012 60002 80009 333 10284
 91006 91110 555 50218 53010=
 27296 12680 51603 10261 20031 30016 40217 57011 60002 82201 333 10279
 91005 91107 555 50203 53010=
 27385 114// 71302 10242 20086 30082 40202 57007 69902 72522 85930 333
 10283 91006 91109 555 50195 53011=
 27393 12998 51604 10259 20052 30066 40224 57013 60002 82035 333 10278
 91007 91109 555 50203 53012=
 27480 12598 71504 10263 20074 30075 40194 57007 60002 82531 333 10283
 91008 91110 555 50210 53012=
 28007 12999 61701 10265 20017 39981 40223 57009 60002 82031 333 10281
 91002 91109 555 50210 53009=
 28009 12698 62302 10261 20023 30038 40233 57010 60002 83101 333 10282
 91004 91107 555 50197 53008=
 28105 12998 51601 10253 20028 30040 40226 56012 60002 84031 333 10281
 91002 91107 555 50195 53010=
 28202 12981 52003 10260 20035 30025 40230 56009 60002 82039 333 10291
 91004 91108 555 50205 53010=
 28302 12998 81602 10270 20043 30020 40231 57010 60002 82031 333 10281
 91003 91108 555 50210 53009=
 28307 12498 51202 10267 20040 30088 40221 57012 60002 81531 333 10292
 91004 91111 555 50203 53011=
 28402 12998 11502 10260 20074 30063 40229 57010 60002 80001 333 10285
 91004 91108 555 50214 53010=
 28502 12998 21602 10276 20024 30132 40228 57010 60002 80009 333 10294
 91005 91108 555 50201 53011=
 22550 62597 32801 10236 20070 30159 40169 57011 60002 83200 333 10240
 555 50184 53008=
 22778 12598 80301 10220 20120 30133 40198 57004 60002 82572 333 10267
 91110 555 50192 53010=
 22889 12998 71702 10263 20041 30121 40200 57010 60002 87070 333 10284
 555 50188 53008=
 22762 11597 80401 10195 20179 30154 40190 58002 60032 70298 83977 333
 10249 91113 555 50163 53013=
 22638 NIL=
 22671 12699 72302 10230 20094 30109 40183 56008 69902 82931 333 10239
 555 50175 53006=
 22456 12998 12403 10216 20063 30085 40167 57001 69902 80001 333 10222
 91111 555 50167 53012=
 22583 12998 70000 10227 20094 30108 40183 57009 60002 87070
 333 10239 555 50173 53007=
 22749 NIL=
 22951 12598 81602 10194 20107 39917 40182 57008 69902 82571 333 10215
 555 50174 53009=
 22887 12699 72201 10265 20095 30130 40194 57011 60002 82131 333 
 10280 555 50196 53010=
 22876 12997 70000 10242 20082 30130 40199 57008 60002 87030 333 10276
 555 50189 53010=
 22481 12598 32104 10220 20114 30117 40166 57008 69902 82442 333 10227
 91111 555 50177 53014=
 22854 12599 81803 10214 20093 39905 40175 58012 60002 83531 333 10226
 555 50170 53010=
 22781 NIL=
 22676 11597 82904 10171 20131 30123 40197 53005 60012 79598 889// 333
 10245 91111 555 50174 53012=
 22648 NIL=
 22559 12798 61701 10226 20108 30160 40176 57007 69902 86900 333 10243
 86655 555 50182 53009=
 22869 12697 70703 10239 20069 30038 40176 57023 69902 83481 333 10251
 555 50199 53007=
 22768 12897 81501 10221 20090 30141 40188 57014 60002 8807/ 333 10256
 91110 555 50192 53012=
 22798 12598 82103 10266 20033 30094 40198 56010 60002 82231 333 10283
 555 50192 53009=
 22375 46/// /2804 10167 30147 40161 57001=
 23207 11599 72305 10220 20086 30146 40167 57015 69942 71592 83941 333
 10255 91113 555 50180 53013=
 23215 NIL=
 23219 NIL=
 27095 76/// /1703 10258 20056 30010 40222 56011 333 60002 555 50182 53010=
 22408 22699 82303 10209 20052 39980 40120 57009 87801 333   60002
 87636 91112=
 22511 22698 62105 10228 20035 30015 40127 57010 85405 333   60002
 91111=
 22529 22599 12004 10233 20023 30146 40152 57010 81200 333   60002=
 22602 22699 22205 10215 20023 39928 40139 57009 82101 333   60002
 91111=
 22621 73/70 /2005 10229 20035 30022 40152 57012 333   60002=
 22619 22482 21801 10169 20070 30000 40151 57014 82800 333   60002=
 22721 22698 21201 10189 20037 30069 40162 57015 82100 333   60002=
 22727 76/70 /1703 10193 20095 30122 40167 57014 333   60002=
 22717 73/70 /2402 10228 20065 39978 40159 57013 333   60002=
 22802 22699 22102 10191 20073 30150 40172 57011 81101 333   60002=
 22820 22968 70703 10190 20090 30039 40168 57013 84031 333   60002=
 22831 22998 52601 10231 20101 30114 40165 57009 80001 333   60002=
 22805 22598 21303 10127 20090 30158 40177 57015 81101 333   60002=
 22912 22599 22802 10207 20075 30157 40171 57007 81431 333   60002=
 
