15:31:00 MSK 14.09.2023
020 123456/=о000=1231
 унту01 бтул 141200
 22686 82998 01905 10208 20087 30080 40173 57010 333 91110 555 10022=
 22695 42999 12004 10203 20069 30025 40168 57007 80001 333 91111 555
 10025=
 22996 82599 52001 10216 20108 30043 40217 57010 85100 555 10021=
 23220 42599 82804 10169 20110 39998 40132 52012 885// 333 91112 555 11015=
 23226 41344 82708 10136 20121 39926 40130 53019 75052 886// 333 85707 
 91012 91114 555 10014=
 23305 42599 80000 10145 20124 30126 40153 51002 87530 555 10016=
 23320 86/// /2305 10190 20113 30087 40155 51006 333 91113=
 23324 42983 82303 10177 20116 30077 40149 52009 8805/ 333 91111 555
 10016=
 23405 42773 22103 10213 20123 30059 40151 58001
 82100 555 10024=
 23410 86/// /2503 10193 20113 30063 40153 52007 333 91110 555 50120 53011=
 23411 42599 25002 10186 20123 30071 40155 52008 87500 333 91111 555
 10019=
 23412 42699 72504 10193 20122 30064 40155 53008 85530 333 85639 555 10019=
 23416 NIL=
 23418 42665 21905 10214 20090 30100 40168 54000
 82100 333 91110 555 10025=
 23501 NIL=
 23503 42998 22204 10214 20088 30119 40166 57002 80005 555 10027=
 23507 86/// /2303 10192 20083 39879 40171 57003=
 23509 42998 02503 10210 20104 30112 40186 54000 555 10028=
 23514 42997 02203 10198 20084 39995 40179 57002 555 10023=
 23518 42/// /2204 10199 20088 30100 40186 57004 555 1/025=
 23606 42962 01803 10198 20104 30032 40192 58003 555 10025=
 23612 NIL=
 23701 42999 02203 10205 20097 30078 40199 57006 555 10026=
 23704 86/// /2002 10207 20116 30225 40337 51183 555 53008=
 23707 82999 22004 10204 20101 30078 40203 57008 80001 555 10023=
 23708 42998 22103 10208 20073 30072 40212 57008 80001 555 11023=
 23709 82998 02403 10209 20065 30034 40215 57008 555 10025=
 23711 42999 02202 10207 20087 30045 40204 57007 555 10025=
 23803 42999 82102 10243 20045 30050 40217 58008 80001 555 10030=
 23804 42997 21902 10207 20107 30074 40210 57009 80001 555 10023=
 23807 42/// /2303 10201 20114 30066 40218 57009 555 1/022=
 23808 86/// /2003 10213 20090 30066 40224 57008=
 23812 42997 02602 10202 20069 30067 40220 57008 555 11020=
 23904 42670 52301 10209 20107 30077 40225 57009 82531 555 10022=
 23905 82999 02102 10203 20095 30013 40227 57009 555 10025=
 23909 82998 23002 10205 20090 39999 40230 57008 80001=
 23912 82999 02702 10199 20085 30047 40228 57009 555 10030=
 23913 82999 03201 10205 20073 30010 40225 57008 555 10025=
 23914 82999 12702 10196 20078 39987 40229 57008 80001=
 28013 82998 02401 10206 20077 30012 40229 57009 555 10023=
 28016 82999 42401 10218 20098 30019 40230 57008 80001 555 10028=
 28029 82999 12901 10202 20089 30022 40229 57007 80001 555 11026=
 28116 82599 23501 10216 20085 30013 40229 57008 81101=
 28128 82999 11401 10199 20107 30090 40235 57008 80001 555 10028=
 28134 82998 03101 10187 20078 39898 40230 57006 555 10028=
 28138 42999 02703 10195 20054 39684 40218 57004=
 28216 82999 20801 10218 20078 39950 40229 57007 80005 555 10025=
 28222 82998 22801 10214 20087 30049 40232 57008 80001 555 10026=
 28224 82970 10202 10210 20095 30029 40229 57008 80001=
 28234 82998 13401 10209 20060 39965 40227 57008 80001 555 10030=
 28238 82999 23302 10208 20046 39936 40222 57007 80001 555 10028=
 28313 82598 32401 10228 20080 30050 40230 57008 81501 555 10022=
 28319 82998 21101 10218 20094 30080 40233 57008 80001=
 28321 82699 13101 10222 20080 30039 40230 57007 81100=
 28324 82999 20101 10225 20065 30116 40229 57009 80001 555 10036=
 28326 82998 33601 10219 20084 30051 40225 57008 80001 555 10030=
 28413 82599 33001 10220 20061 30118 40232 57009 82531 555 10027=
 28428 82999 13001 10230 20057 30051 40224 57009 80001 555 10031=
 28429 82698 23102 10207 20083 39837 40224 57006 81130 555 10025=
 22983 42698 62503 10210 20099 30113 40212 57010 83231 333 91007 91107
 555 11028=
 27083 42599 51803 10205 20091 30006 40216 57010 85200 333 91006 91106
 555 10029=
 27097 42598 52001 10190 20105 39979 40227 57008 83201 333 91002 91105
 555 10021=
 27185 42698 71901 10210 20095 30053 40226 57007 86805 333 91002 91104
 555 10021=
 27199 42698 82201 10216 20082 30045 40230 57008 84101 333 91003 91104
 555 10034=
 27281 42582 62002 10210 20084 30031 40226 57006 83105 333 91004 91105
 555 10031=
 27283 42598 62201 10206 20089 30081 40228 57008 83201 333 91002 91104
 555 10025=
 27295 42998 61001 10202 20069 39993 40231 57006 84085 333 91001 91104
 555 10021=
 27296 42698 81001 10224 20060 30025 40229 57006 83101 333 91002 91103
 555 10030=
 27385 425// 70000 10220 20083 30105 40228 57006 85501 333 91000 91104
 555 10025=
 27393 42598 50901 10205 20075 30075 40236 57005 82971 333 91003 91104
 555 10026=
 27480 42698 80701 10222 20066 30104 40225 57008 82204 333 91003 91104
 555 10031=
 28007 42699 51701 10214 20079 39984 40230 57009 82101 333 91002 91104
 555 10020=
 28009 42698 82001 10216 20069 30036 40234 57009 85801 333 91002 91103
 555 10028=
 28105 42598 51801 10216 20070 30049 40230 57008 83401 333 91002 91104
 555 10025=
 28202 42699 60000 10218 20067 30021 40229 57009 81104 333 91000 91103
 555 10020=
 28302 42598 81602 10217 20061 30015 40230 57007 82201 333 91003 91104
 555 10030=
 28307 42498 80901 10215 20063 30093 40229 57008 81131 333 91003 91105
 555 10029=
 28402 42698 70801 10208 20088 30061 40230 57006 82135 333 91002 91104
 555 10024=
 28502 42698 80604 10232 20062 30129 40226 57008 82101 333 91005 91107
 555 10034=
 22550 81797 70501 10168 20160 30095 40105 57018 70182 87500 333 87655
 555 11018=
 22778 42698 12004 10208 20079 30112 40177 57012 81100 555 10023=
 22889 42598 52003 10206 20092 30131 40212 57009 85100 333 85824 555
 11022=
 22762 82998 01503 10209 20083 30115 40152 57008 555 10020=
 22638 46/// /2002 10151 20138 39875 40089 57008=
 22671 42/// /2104 10212 20108 30062 40136 57006 555 1/022=
 22456 41497 80601 10104 20107 30040 40133 58008 78082 889// 555
 11012=
 22583 42698 22103 10213 20111 30068 40143 57004 82100
 555 10019=
 22749 42598 62004 10201 20105 30010 40127 57010 86500 333 91114 555
 10024=
 22951 42998 02004 10193 20070 39901 40166 57009 333 91112 555 1/023=
 22887 42699 21604 10202 20120 30136 40202 57010 82100 555 
 10027=
 22876 42597 11903 10208 20100 30127 40196 57011 81100 555 11022=
 22481 42/// /0501 10118 20112 30085 40136 57008 555 1/012=
 22854 42/// /1905 10195 20074 39877 40148 57009 333 91011 91114 555
 1/025=
 22781 NIL=
 22676 42998 11906 10204 20075 30079 40152 57008 333 91111 555 10023=
 22648 42598 51806 10214 20111 30066 40109 58012 82231 333 91012 91112
 555 10027=
 22559 82598 51905 10214 20104 30099 40113 58013 82201 333 91010 91111
 555 11021=
 22869 42697 11903 10202 20094 30049 40189 57012 81100 333 91110 555
 11020=
 22768 42997 12006 10208 20078 30112 40159 57012 80001 333 91010 91111
 555 10025=
 22798 42998 22004 10203 20090 30097 40203 57009 80001 555 10022=
 22375 46/// /0804 10111 20103 30130 40145 57001=
 23207 41497 80503 10103 20097 30134 40156 52009 78082 889// 333
 11011=
 23215 41298 83502 10112 20112 30063 40149 52022 72165 886// 333 88705
 555 11012=
 23219 NIL=
 27095 NIL=
 22408 41459 83603 10098 20090 39999 40144 52006 78082 883// 333  
 88916 555   11012=
 22511 41698 80000 10117 20096 30022 40139 52006 70262 8697/ 333  
 86645 555   11014=
 22529 41467 83603 10109 20103 30099 40106 57010 76162 8872/ 333  
 88518 91110 555   13012=
 22602 41459 63302 10116 20088 39919 40137 52006 78082 86930 333  
 86915 555   11016=
 22621 83357 /3502 10098 20092 39975 40110 52003 555   1////=
 22619 41496 83404 10101 20096 39950 40104 52006 78082 889// 333  
 88914 555   12011=
 22721 41396 83002 10114 20109 39998 40092 52008 78182 889// 333  
 86707 555   11014=
 22727 86760 /1702 10156 20150 30046 40091 52003 555   1////=
 22717 83/58 /3202 10108 20106 39913 40103 52022 555   1////=
 22802 41599 73403 10133 20112 30095 40117 52022 70282 86930 333  
 86922 555   12017=
 22820 41562 82202 10161 20135 39963 40092 52005 78082 8697/ 333  
 86626 91110 555   12016=
 22831 42698 61802 10194 20114 30056 40108 57004 83931 555   10021=
 22805 41498 83503 10127 20122 30087 40111 52024 72186 887// 333  
 91111 555   11017=
 22912 41599 81703 10171 20133 30081 40095 52001 72582 8237/ 555  
 11017=
 
