21:31:00 MSK 12.05.2023
020 123456/=о000=1831
 унту01 бтул 121800
 22686 82998 70000 10079 20048 30050 40148 57006 87030=
 22695 42/// /3001 10091 20026 39985 40134 54001=
 22996 81598 71801 10139 20041 39954 40136 57005 70282 86930=
 23220 42599 51109 11001 21045 39995 40137 57027 85500 333 91013 91113=
 23226 42660 61407 11012 21055 39935 40151 57016 86500 333 86646 91012 
 91113=
 23305 41461 82802 10024 20024 30099 40127 58003 76165 885//=
 23320 66/// /1402 10028 20015 30042 40115 57018 60002 333 10091=
 23324 41457 81502 10023 20012 30041 40117 57018 76062 8872/ 333 85711=
 23405 41360 83002 10033 20025 30035 40133 58004
 70262 886// 333 88709=
 23410 66/// /2501 10028 20023 30013 40109 57011 60002 333 10040=
 23411 41/93 93401 10035 20035 30025 40113 57007 76164 333 96047=
 23412 41/93 93201 10025 20024 30014 40110 57009 74554=
 23416 NIL=
 23418 41/05 91201 10040 20028 30038 40110 57011 74764=
 23501 NIL=
 23503 41598 83202 10051 20020 30076 40125 52006 70282 8395/=
 23507 86/// /3203 10068 20031 39834 40138 52002=
 23509 41997 63203 10085 20032 30046 40122 53008 76062 8001/=
 23514 41497 83501 10074 20074 39918 40109 57005 78082 8695/ 333 85918=
 23518 41697 81801 10041 20039 30021 40112 57017 70262 8852/ 333 85635
 555 53007=
 23606 41960 83103 10103 20035 39954 40115 57003 76062 8802/=
 23612 NIL=
 23701 82599 73501 10092 20037 30016 40142 54001 82445=
 23704 66/// /3101 10112 20053 39926 40039 55004 60002 333 10179=
 23707 81498 73203 10119 20041 30010 40137 52008 70282 81970=
 23708 41483 83203 10128 20052 39986 40129 53002 70282 8295/=
 23709 42798 80000 10113 20047 39938 40123 56007 8657/ 333 86656=
 23711 41698 82201 10103 20057 39950 40114 57016 70282 885// 333 88645=
 23803 42599 82102 10123 20045 39956 40129 57010 889// 333 88927=
 23804 81496 83102 10135 20056 39992 40131 53007 78082 8595/ 333 85919=
 23807 42597 83604 10150 20073 39977 40130 55000 8655/=
 23808 86/// /1101 10125 20069 39968 40129 57010=
 23812 41497 80000 10078 20063 39974 40132 57013 72582 889//=
 23904 42580 71501 10104 20052 39984 40136 57005 82341=
 23905 42599 32102 10129 20021 39915 40133 57008 83500 555 50114=
 23909 NIL=
 23912 42598 61601 10099 20004 39954 40140 57010 83530 555 50088=
 23913 42599 51901 10026 21001 39930 40158 57005 82501 555 50067=
 23914 42498 51401 10116 21066 39895 40143 57009 86500=
 28013 42999 31902 10134 21046 39918 40139 57009 80002=
 28016 42/// /1901 10116 21005 39927 40144 57006 555 50103=
 28029 42999 00000 10097 21015 39933 40146 57008 555 50106=
 28116 NIL=
 28128 42999 00502 10087 21005 39998 40147 57006 555 50103=
 28134 42998 00000 10055 21039 39809 40155 57006 555 50092=
 28138 43/// /1202 10089 21030 39608 40159 57004=
 28216 42497 50302 10132 21020 39856 40141 57003 85600 555 50120=
 28222 42/// /0601 10087 21014 39957 40146 57005 555 50106=
 28224 42870 20000 10096 21003 39933 40140 57005 82080=
 28234 42898 51302 10123 21012 39879 40147 57004 85080 555 50117=
 28238 42899 60401 10107 21009 39861 40154 57003 86080 555 50097=
 28313 42/// /3401 10108 20014 39954 40140 54001 555 50103=
 28319 NIL=
 28321 NIL=
 28324 42/// /1801 10109 20009 30032 40149 53009 333 91110 555 50107=
 28326 42598 72102 10123 21003 39968 40148 52006 87500 555 50123=
 28413 42599 51701 10102 20022 30032 40151 53010 85500 555 50121=
 28428 42897 81202 10104 20013 39969 40148 57005 8805/ 555 50112=
 28429 42/// /1405 10097 20022 39752 40151 58005 555 50106=
 22983 42498 83201 10142 20055 30047 40147 52008 84965 333 91001
 91105=
 27083 42584 62101 10116 20042 39926 40141 57005 84810 333 91001
 91103=
 27097 42998 82301 10123 20053 39895 40147 57004 86031 333 91001
 91102=
 27185 42/// /0000 10120 20064 39976 40153 57003 333 91000 91101=
 27199 42598 40000 10107 20028 39959 40150 57001 84400 333 91000
 91104=
 27281 42984 70000 10130 20044 39957 40156 57002 86072 333 91000
 91108=
 27283 42498 63301 10104 20053 30003 40154 57002 86900 333 91002
 91103=
 27295 42997 53001 10127 20011 39910 40151 54000 83071 333 91002
 91104=
 27296 42997 20000 10110 20024 39935 40145 57003 82030 333 91000
 91106=
 27385 425// 60000 10103 20052 30030 40155 52004 82531 333 91000
 91107=
 27393 42998 20000 10118 21002 39986 40151 57001 82035 333 91000
 91105=
 27480 41598 70000 10109 20068 30033 40158 52003 70281 82530 333 91000
 91103=
 28007 42999 23301 10125 20007 39894 40146 57002 81031 333 91002
 91104=
 28009 42698 30000 10092 20014 39943 40147 57005 83500 333 91000
 91102=
 28105 42598 21201 10099 20010 39951 40145 57004 82500 333 91001
 91103=
 28202 42697 50000 10120 21015 39928 40142 57003 85400 333 91000
 91102=
 28302 42997 20000 10095 21029 39924 40147 57001 82030 333 91000
 91103=
 28307 42498 12601 10099 20010 30006 40146 52002 81500 333 91001
 91105=
 28402 42984 20000 10118 21045 39967 40140 52001 81031 333 91001
 91104=
 28502 42997 00000 10086 21005 30039 40141 52005 333 91000 91107=
 22550 82997 63104 10098 20043 30152 40162 52001 82031 333 91110=
 22778 42998 61301 10106 20060 30082 40149 57005 84075=
 22889 42598 63403 10152 20048 30067 40149 52010 83480=
 22762 42/// /2702 10174 20005 30111 40148 57003=
 22638 NIL=
 22671 42598 80000 10129 20051 30059 40135 55009 8497/=
 22456 42597 83601 10096 20031 30069 40154 53016 8354/=
 22583 41598 80000 10076 20048 30061 40140 57007 78082 8697/=
 22749 42598 62901 10170 20013 30049 40168 52003 86500=
 22951 42898 13102 10158 21013 39903 40172 53003 81030=
 22887 42597 60401 10148 20061 30085 40152 53007 83531=
 22876 42997 32001 10103 20055 30082 40153 54001 83040=
 22481 41492 70000 10051 20051 30093 40145 57003 78084 86970 333
 96044=
 22854 42699 23002 10159 21008 39893 40168 53008 82500=
 22781 NIL=
 22676 42598 71802 10113 20043 30064 40139 57013 85540 333 91110=
 22648 42498 63104 10154 20035 30132 40176 53013 83931 333 91111=
 22559 42998 62903 10111 20032 30139 40155 51005 80034 333 91110=
 22869 42997 40000 10163 20039 30014 40155 54000 80030=
 22768 42697 63201 10170 20006 30104 40151 52001 83531=
 22798 42598 80000 10116 20044 30037 40145 52004 885//=
 22375 NIL=
 23207 NIL=
 23215 42598 81501 10022 20006 30021 40109 57012 885// 333 88625=
 23219 NIL=
 27095 66/// /0000 10101 20047 39933 40155 57006 60002 333 10206=
 22408 12699 63501 10126 20036 30083 40228 52012 60002 86500 333  
 10178 86641=
 22511 11998 70301 10114 20034 30105 40223 52015 69902 70381 87070
 333   10190=
 22529 12599 63602 10094 20042 30196 40202 52017 60002 83532 333  
 10220=
 22602 12999 20201 10139 20046 30001 40218 52010 60002 8203/ 333  
 10208=
 22621 12998 03502 10144 20029 30073 40207 52019 60002 333   10221=
 22619 12980 23004 10112 20037 30048 40203 52010 60002 82030 333  
 10210=
 22721 11498 73102 10170 20018 30102 40196 52010 69902 72511 83930
 333   10235=
 22727 12970 83301 10188 20024 30147 40192 54000 60002 8803/ 333  
 10232=
 22717 12598 22902 10185 20045 30020 40204 52002 60002 81131 333  
 10218=
 22802 12999 42701 10189 20047 30192 40214 52001 60002 82031 333  
 10228=
 22820 12970 72502 10189 20007 30064 40194 57001 60002 87030 333  
 10218 91110=
 22831 12998 52802 10156 20000 30132 40185 54000 60002 83031 333  
 10226=
 22805 12598 23202 10116 20023 30199 40218 57004 60002 81501 333  
 10171=
 22912 12999 22502 10130 20017 30201 40216 57002 60002 80001 333  
 10206=
 
