06:31:00 MSK 22.08.2023
020 123456/=о000=0331
 уйту01 бтул 220300
 22686 62498 82704 10077 20062 39966 40063 57007 60012 8557/ 333 20062 31006 55003 85618 555 53006 7003/=
 22695 11597 82804 10071 20051 39895 40043 57007 69902 76062 8652/ 333
 20069 31007 555 53007 7999/=
 22996 62498 82701 10081 20081 39897 40077 57005 60022 889// 333 20069 32008 55076 555 53006 7002/ 91210=
 23220 11499 70603 10113 20098 39936 40071 57002 60012 72582 87900 333 20089 31009 55103 555 53007 7001/=
 23226 12960 71004 10116 20084 39871 40076 54000 69932 87030 333 20094 
 31008 555 53009 7997/=
 23305 11699 70403 10060 20057 30038 40065 52005 69902 72162 87500 333
 20049 31005 555 53005 7003/=
 23320 76/// /0701 10084 20076 39987 40057 57005 333 20057 60002 555 53002 7000/=
 23324 11980 70701 10098 20096 39985 40060 57003 69992 72162 87040 333
 20058 55033 555 53004 7004/=
 23405 11230 80701 10065 20061 39955 40051 53006
 60042 71082 886// 333 20047 31007 55038 88704
 555 53003 7006/=
 23410 76/// /0502 10074 20061 39964 40058 57002 333 20040 60002 555 7000/=
 23411 12/// /0202 10062 20059 39971 40058 54001 60002 333 20056
 3/006 555 53005 7000/ 91207=
 23412 12699 80702 10072 20064 39964 40058 57002 60002 885// 333 20054 31004 55048 88641 555 53005 7990/=
 23416 NIL=
 23418 11360 81201 10178 20069 39980 40051 54000 69902
 76062 8672/ 333 20072 31006 55035 86707 555 53005 7003/=
 23501 NIL=
 23503 11496 81101 10062 20057 39999 40048 54001 69912 71082 83631 333 20043 31007 555 53002 7994/ 91206=
 23507 66/// /0000 10056 20056 39744 40046 57003 60002 333 20044 555 53003 7000/=
 23509 11995 60000 10036 20034 39970 40047 57009 69972 72842 86030 333
 2///6 31003 555 53002 7003/=
 23514 12297 81101 10074 20074 39851 40041 57004 60022 886// 333 20060 31008 55035 88705 555 53003 7003/=
 23518 12498 81402 10081 20066 39985 40046 57003 60002 889// 333 20070
 31008 55042 84710 555 53004 7997/ 91208=
 23606 11158 80000 10060 20060 39881 40043 57003 60022 72842 886// 333 20054 31008 55026 86702 555 53005 7003/=
 23612 11498 81501 10072 20072 39915 40045 57005 69902 72582 889// 333 20060 31009 84911 555 53004 7996/=
 23701 11583 72701 10074 20068 39930 40055 57004 60022 70282 86980 333
 20069 31009 86930 555 53007 7003/=
 23704 76/// /2801 10074 20074 39528 49638 53004 333 20069 60002 555 50086 7000/=
 23707 62498 72903 10077 20067 39930 40058 57004 69942 85932 333 20070 31008 55015 85918 555 53007 7003/=
 23708 11470 82703 10077 20061 39910 40055 57006 69942 76162 8677/ 333
 20070 86710 555 53005 7003/=
 23709 61597 82601 10075 20056 39865 40052 57008 60012 78082 889// 333
 20068 31008 88921 555 53005 7001/ 91206=
 23711 11497 82801 10078 20070 39878 40042 57008 69962 72582 889// 333 20065 31009 55030 84915 555 53003 7001/=
 23803 11599 83202 10078 20053 39882 40055 57010 60012 70282 889// 333
 20070 31006 55062 555 53004 7003/=
 23804 61397 82901 10081 20076 39920 40060 57004 60012 70282 887// 333 20073 31009 55018 87709 555 53004 7004/=
 23807 61496 82702 10078 20078 39914 40070 57006 69952 71022 8583/ 333
 20069 31008 55024 555 53004 7995/=
 23808 NIL=
 23812 11497 82801 10077 20068 39892 40049 57008 69982 72582 8692/ 333
 20068 31009 555 53002 7001/=
 23904 12570 82601 10079 20079 39924 40076 57006 60012 8257/ 333 20046
 31007 555 53005 7003/=
 23905 62599 82401 10073 20067 39850 40071 57005 69952 885// 333 20066
 31008 555 53004 7998/=
 23909 61498 82802 10076 20070 39830 40068 57006 60012 70282 883// 333
 20071 31009 55069=
 23912 61395 82302 10079 20074 39873 40058 57009 60012 75165 886// 333
 20078 31010 555 53003 7002/=
 23913 61597 80701 10078 20077 39840 40062 57006 60022 78081 889// 333
 20046 31007 55054 555 53002 7006/ 28238 61599 71601 10050 20040
 39795 40093 55000 69902 74041 87500 333 20022 30004 55094 555 53006
 7990/=
 23914 61498 82402 10079 20073 39812 40060 57010 60022 72582 889// 333
 20074 31010 55051=
 28013 61598 82703 10075 20059 39844 40068 56008 69952 70282 889// 333
 20070 31009 555 53005 7995/=
 28016 62599 72602 10075 20069 39856 40074 56008 69932 87900 333 20062
 30009 555 53004 7993/=
 28029 61599 82302 10096 20066 39858 40069 57005 69942 78082 8794/ 333
 20083 31009 55105 555 53005 7999/=
 28116 61499 72201 10064 20049 39855 40080 57009 60002 72111 87500 333
 20044 30006 55077=
 28128 62599 72401 10100 20067 39933 40081 57005 60002 82530 333 20079
 30008 55127 555 53005 7998/=
 28134 61998 21801 10086 20080 39740 40079 57003 60002 70281 80001 333
 20052 31005 555 53001 7004/=
 28138 11596 72101 10053 20046 39532 40085 57001 60002 71022 87300 333
 20035 30002 55090=
 28216 62699 22402 10078 20042 39805 40094 57005 60002 81530 333 20052
 31004 555 53003 7004/=
 28222 62898 62701 10113 20068 39898 40085 54001 60002 83031 333 20081
 31008 555 53005 7003/=
 28224 62670 20000 10097 20068 39885 40090 54000 60002 82500 333 20054
 31005 55085=
 28234 62897 81801 10075 20062 39819 40090 54000 60002 8808/ 333 20061
 30007 555 53003 7000/=
 28238 61599 71601 10050 20040 39795 40093 55000 60002 74041 87500 333
 20022 30004 55094 555 53006 7000/=
 28313 62998 20000 10067 20038 39916 40104 57002 60002 80001 333 20014
 30003 555 53005 7000/=
 28319 62899 20000 10099 20055 39946 40103 53001 60002 82050 333 20050
 30008=
 28321 62999 22401 10081 20051 39900 40098 54001 60002 80001 333 20055
 30005=
 28324 62899 22501 10100 20060 39983 40099 52003 60002 82080 333 20036
 30004 555 53006 7000/=
 28326 62898 60000 10066 20061 39913 40095 54000 60002 86030 333 20017
 30003 55092 555 53005 7000/=
 28413 62999 52901 10114 20051 39986 40104 57002 60002 80009 333 20101
 30011 555 53005 7000/=
 28428 62599 70000 10083 20058 39919 40099 54001 60002 87500 333 20052
 30006 555 53004 7000/=
 28429 62898 71601 10103 20069 39700 40096 57003 60002 86031 333 20037
 30006 555 53008 7000/=
 22983 12598 83001 10085 20078 39985 40087 57003 69902 8355/ 333 20065
 31008 55049 91003 91103 555 52005 53006 7990/=
 27083 12599 62501 10081 20076 39869 40085 57005 69902 86500 333 20066
 31006 91002 91102 555 52004 53007 7990/=
 27097 12998 82501 10081 20081 39837 40091 57006 69942 8803/ 333 20067
 30008 91002 91103 555 52003 53005 7997/=
 27185 12698 70000 10082 20072 39920 40099 56007 60002 85531 333 20069
 30009 91000 91102 555 52006 53005 7000/=
 27199 12598 82602 10095 20070 39909 40099 57002 60002 885// 333 20054
 30006 55085 91004 91104 555 52004 53004 7000/=
 27281 12482 82401 10085 20071 39905 40106 57008 60002 885// 333 20070
 30008 91002 91103 555 52005 53004 7000/=
 27283 12498 72601 10097 20068 39949 40100 57009 60002 87900 333 20044
 30007 91003 91103 555 52003 53005 7000/=
 27295 12598 82101 10070 20055 39864 40110 57007 60002 885// 333 20047
 30005 91002 91102 555 52001 53004 7000/=
 27296 12581 72501 10095 20059 39891 40102 57008 60002 87900 333 20063
 30007 55121 91003 91103 555 52000 53004 7000/=
 27385 119// 50000 10057 20055 39989 40116 57008 60002 74241 85030 333
 20025 30006 91000 91101 555 52001 53004 7000/=
 27393 12598 82601 10060 20050 39948 40116 57006 60002 885// 333 20033
 30005 91002 91105 555 52002 53005 7000/=
 27480 11998 21801 10067 20067 39994 40120 57008 60002 71100 80001 333
 20037 30006 91001 91101 555 52001 53002 7000/=
 28007 12499 82803 10084 20069 39835 40089 57001 60002 886// 333 20072
 30009 55064 91005 91106 555 52004 53006 7000/=
 28009 11498 72701 10069 20055 39882 40087 57003 69972 70282 85931 333
 20044 31006 91003 91103 555 52002 53004 7997/=
 28105 12998 52502 10086 20063 39905 40092 57004 60002 85070 333 20049
 30008 91004 91104 555 52001 53004 7000/=
 28202 12981 22901 10085 20049 39879 40094 57005 60002 82031 333 20046
 30006 91003 91103 555 52003 53005 7990/=
 28302 12598 62401 10054 20045 39882 40107 57006 60002 82930 333 20026
 30003 91002 91102 555 52001 53005 7000/=
 28307 12998 20000 10052 20038 39973 40115 57005 60002 80001 333 20037
 30005 91000 91102 555 52001 53006 7000/=
 28402 12998 22202 10083 20060 39937 40111 57005 60002 81031 333 20050
 30008 91002 91103 555 52003 53006 7000/=
 28502 12998 52601 10098 20063 30014 40115 57001 60002 80001 333 20059
 30008 55081 91002 91105 555 52005 53006 7990/=
 22550 12997 23301 10051 20049 30115 40125 58002 69952 80002 333 20038
 31005 55031 555 53008 7998/=
 22778 12498 23302 10063 20054 30029 40097 52002 69902 81505 333 20063
 30007 55054 555 53008 7990/=
 22889 12497 83003 10090 20087 30000 40083 57002 60012 886// 333 20077
 32010 88712 555 53006 7001/=
 22762 62997 82901 10066 20064 30075 40113 52003 60002 8007/ 333 20065
 31007 555 53007 7993/ 91209=
 22638 46/// /0200 10052 20052 39919 40141 54000=
 22671 12398 83202 10070 20058 30012 40089 57002 60002 886// 333 20054
 31005 55001 88709 555 53006 7996/=
 22456 11497 83202 10076 20076 30028 40114 57002 60002 78082 889// 333
 20049 31004 555 53007 7002/=
 22583 11598 83302 10076 20067 39978 40056 53004 69972 72582 889//
 333 20071 31008 55032 555 53009 7004/=
 22749 NIL=
 22951 12598 23501 10071 20067 39847 40122 57002 60002 82500 333 20048
 31006 555 53002 7002/=
 22887 12499 73002 10094 20084 30019 40087 56001 60002 85530 
 333 20076 30007 55051 85616 555 53006 7993/=
 22876 11597 32701 10089 20085 30022 40092 54000 69902 70281 82930 333
 20086 31010 555 50117 53005 7990/ 91208=
 22481 11598 63502 10078 20068 30027 40078 52010 60042 70282 84330 333
 20073 31007 555 53009 7007/=
 22854 12899 63501 10076 20062 39840 40121 56001 60002 86030 333 20040
 30005 55104 555 53005 7000/=
 22781 NIL=
 22676 12498 62904 10069 20055 30002 40078 57004 60002 82630 333 20060
 31006 555 53007 7001/=
 22648 NIL=
 22559 62598 23303 10069 20053 30105 40121 54000 69912 82130 333 20052
 31006 55035 53007 7991/=
 22869 12997 20000 10078 20073 39966 40111 54000 60002 80030 333 20057
 31007 555 53005 7990/ 91209=
 22768 11597 63503 10092 20081 30061 40110 52003 69932 70282 86930 333
 20086 31009 55095 84625 555 53006 7993/=
 22798 12497 82801 10083 20071 39960 40069 57003 60002 889// 333 20071
 31009 555 53004 7002/=
 22375 46/// /0104 10075 20069 30083 40098 52007=
 23207 11/91 90402 10054 20053 30056 40078 52009 69942 74744 333 20026
 55033 555 53006 7004/=
 23215 NIL=
 23219 NIL=
 27095 76/// /2801 10080 20070 39877 40111 57005 333 20051 60002 555 53003 7000/=
 22408 22999 63401 10065 20058 30002 40149 57001 80031 333   20059
 55094 60002 555   7000/=
 22511 21998 20000 10054 20048 30028 40148 52001 71100 82030 333  
 20045 60002 555   7000/=
 22529 22599 62501 10039 20037 30134 40141 52001 82832 333   20021
 60002 555   7000/=
 22602 21475 70602 10123 20112 39913 40130 54000 70282 85930 333  
 20122 55094 60022 85914 555   7002/=
 22621 73/70 /3501 10067 20063 30008 40145 57001 333   20046 55092
 60002 555   7000/=
 22619 22483 21003 10119 20080 39979 40132 57004 82500 333   20114
 55095 60002 555   7000/=
 22721 22698 33001 10064 20058 30043 40140 57001 83500 333   20064
 60002 555   7000/=
 22727 76970 /0801 10118 20089 30085 40131 52002 333   20112 69962
 555   7996/=
 22717 73/70 /1001 10093 20090 39933 40125 57003 333   20072 60002
 555   7000/=
 22802 22680 70000 10146 20141 30091 40113 57008 82571 333   20138
 55138 60002 555   7000/=
 22820 21560 70902 10129 20093 39996 40127 57001 76161 84570 333  
 20103 55122 69932 555   7993/=
 22831 22698 50000 10064 20058 30076 40130 52001 85500 333   20045
 55118 60002 85641 555   7000/=
 22805 22598 80902 10169 20147 30088 40111 57009 885// 333   20162
 55130 60002 555   7003/=
 22912 22999 70901 10107 20101 30102 40117 57008 87070 333   20066
 60002 555   7000/=
 
