21:31:00 MSK 28.02.2023
020 123456/=о000=1831
 унту01 бтул 281800
 22686 41495 83404 11064 21082 39741 49841 52009 77373 8872/ 333 85512 91114=
 22695 41496 83205 11087 21114 39670 49824 52020 77173 8652/ 333 86615
 91114=
 22996 41498 62903 11044 21075 39716 49901 52022 73683 86900 333 91112=
 23220 41598 30605 11221 21250 39694 49845 57007 73683 83500=
 23226 41960 20401 11230 21256 39632 49860 52001 70271 82010=
 23305 41984 63502 11226 21250 39824 49854 52016 70271 86070=
 23320 66/// /0402 11210 21240 39748 49825 56006 60002 333 11125=
 23324 42981 00302 11257 21284 39752 49835 57006=
 23405 41997 03505 11196 21208 39735 49843 52014 70271=
 23410 66/// /0302 11185 21210 39720 49821 54000 60002 333 11131=
 23411 42999 53604 11178 21194 39733 49826 52007 8503/=
 23412 41997 70503 11157 21176 39721 49821 53002 77172 87070=
 23416 NIL=
 23418 41430 80602 11106 21119 39727 49801 57003 77372
 8652/ 333 86614=
 23501 NIL=
 23503 41998 83602 11143 21164 39766 49818 52018 70272 8801/=
 23507 86/// /3402 11145 21157 39517 49836 52027=
 23509 41997 83101 11117 21133 39729 49809 53025 77172 8802/=
 23514 41497 83602 11111 21123 39595 49793 53012 77173 8577/ 333 85712=
 23518 41996 80901 11100 21111 39696 49788 57004 77172 8801/ 555
 53008=
 23606 41460 83102 11088 21108 39627 49799 53025 
 77172 8552/ 333 85610=
 23612 NIL=
 23701 41430 72901 11067 21075 39699 49829 51014 78587 84910 333 91113=
 23704 66/// /2705 11047 21066 39926 40039 55004 60002 333 11028 91012 91112=
 23707 81598 82606 11050 21090 39714 49845 52019 77173 8652/ 333 86629 91114  92980=
 23708 41584 82704 11054 21072 39681 49830 52026 70273 885// 333 88625
 91112=
 23709 41598 82606 11061 21094 39624 49815 53024 70272 889// 333 88924 91111=
 23711 41495 82202 11069 21081 39612 49781 57005 78582 889// 333 86712=
 23803 41496 82702 11053 21073 39655 49834 53023 77373 8802/ 333 88513 91112=
 23804 81997 22702 11062 21093 39715 49860 52025 70287 82030 333 91110=
 23807 41497 72905 11046 21081 39720 49880 52021 72687 83930 333 91010
 91115=
 23808 86/// /2605 11046 21070 39698 49865 53024 333 91111=
 23812 41496 72203 11062 21074 39644 49806 57010 77172 87720=
 23904 41680 72903 11043 21066 39734 49890 52022 70283 86530 333 86637=
 23905 41595 82503 11046 21060 39647 49873 52015 77373 8802/ 333 91110
 555 51071=
 23909 41496 82306 11054 21070 39623 49867 52003 77187 8652/ 333
 91113=
 23912 42/// /2205 11060 21071 39656 49848 57006 333 91010 91110 555
 51074=
 23913 41596 81901 11062 21084 39629 49858 58003 77172 8872/ 555
 51064=
 23914 81494 82408 11063 21077 39599 49855 57008 78687 889// 333 91014
 91114=
 28013 41397 82306 11058 21084 39646 49877 55000 78587 889// 333 91010
 91112 555 51073=
 28016 42/// /2404 11055 21080 39667 49893 57002 555 51068=
 28029 41496 82206 11057 21080 39677 49896 57001 77173 8802/ 333 91114
 555 51062=
 28116 41496 72504 11057 21079 39678 49909 57004 78587 85920=
 28128 41898 82307 11052 21074 39764 49918 57003 73673 8807/ 333 91010
 91114 555 51054=
 28134 41496 82102 11060 21078 39565 49917 57001 77172 8872/ 333 91110
 555 51060=
 28138 43/// /2306 11070 21083 39351 49921 57001 333 91010 91113=
 28216 41596 72404 11062 21082 39638 49938 57005 77173 87720 333 91111
 555 51051=
 28222 42/// /2403 11054 21066 39735 49930 57003 555 51046=
 28224 41567 82305 11050 21076 39725 49939 57007 77173 8802/ 333
 91111=
 28234 41596 82404 11053 21071 39660 49940 57005 77173 885// 333 91111
 555 51039=
 28238 41496 82307 11053 21078 39637 49941 57008 77173 8802/ 333 91011
 91112 555 51032=
 28313 42/// /2103 11054 21069 39756 49949 57010 555 51040=
 28319 41496 82404 11048 21063 39801 49965 57014 77173 8802/ 333
 91112=
 28321 41596 72404 11051 21074 39743 49947 57009 77173 84530 333
 91110=
 28324 42/// /2406 11043 21074 39837 49958 57015 333 91112 555 51025=
 28326 41596 82305 11048 21064 39767 49954 57011 77173 8802/ 333 91010
 91110 555 51027=
 28413 41596 82104 11044 21064 39848 49971 58017 78583 8635/ 333 91111
 555 51027=
 28428 41595 82305 11046 21074 39799 49985 57013 77373 8802/ 333 91113
 555 51028=
 28429 42/// /2306 11060 21071 39570 49986 58007 333 91114 555 51042=
 22983 41984 52903 11053 21088 39812 49918 52014 70273 85030 333 91006
 91109=
 27083 41999 83002 11050 21091 39700 49923 52020 73673 80005 333 91007
 91110=
 27097 41498 72905 11037 21060 39660 49921 52009 73683 87900 333 91010
 91110=
 27185 42/// /2402 11039 21049 39757 49941 52003 333 91005 91107=
 27199 41496 82504 11049 21061 39735 49933 57005 77173 8672/ 333 91007
 91109=
 27281 41457 82703 11044 21056 39748 49956 57001 77172 8872/ 333 91005
 91108=
 27283 41496 82704 11046 21062 39792 49951 57004 77173 8872/ 333 91006
 91110=
 27295 41596 82204 11057 21071 39697 49951 57011 77173 8802/ 333 91007
 91108=
 27296 41697 82504 11052 21076 39723 49942 57009 70273 884// 333 91008
 91109 92980=
 27385 414// 82503 11047 21071 39840 49970 57011 77173 8677/ 333 91007
 91109=
 27393 41496 82406 11052 21072 39793 49965 57009 77173 8677/ 333 91008
 91111=
 27480 41498 82602 11045 21077 39858 49987 57009 70282 885// 333 91005
 91106=
 28007 41497 82703 11051 21064 39652 49914 53002 77173 8802/ 333 88510
 91005 91109=
 28009 41497 82504 11050 21080 39700 49910 54000 78583 8695/ 333 91006
 91109=
 28105 41997 82504 11051 21071 39724 49924 57004 77173 8802/ 333 91008
 91114=
 28202 41596 82502 11058 21077 39710 49933 57008 77172 8802/ 333 91005
 91108=
 28302 41596 82404 11058 21076 39722 49952 57008 78573 889// 333 91006
 91108=
 28307 41497 72403 11049 21072 39825 49970 57011 77187 86530 333 91007
 91107=
 28402 41457 82504 11049 21069 39789 49969 57013 77173 8672/ 333 91007
 91108=
 28502 41996 82406 11040 21064 39881 49985 57014 77173 8802/ 333 91009
 91113=
 22550 81571 63205 11042 21072 39930 49940 52009 73683 83530 333 91010
 91111=
 22778 41597 82806 11053 21080 39832 49902 57011 73683 885// 333 91010
 91112=
 22889 41498 82705 11047 21091 39818 49905 50011 73673 8653/ 333 86615
 91115=
 22762 41496 82803 11051 21059 39885 49924 57004 77187 8377/ 333
 91113=
 22638 46/// /3304 11047 21084 39781 40009 54000=
 22671 41394 83403 11052 21052 39799 49877 53013 78683 889// 333 86706
 91111=
 22456 41596 83203 11052 21070 39832 49920 52015 78582 8697/=
 22583 41998 23302 11124 21146 39778 49861 52026 70288 82070=
 22749 41598 53005 11059 21091 39864 49990 57006 70232 85900 333
 91111=
 22951 42498 43003 11069 21096 39715 40001 58001 84600=
 22887 41997 22504 11056 21098 39846 49916 51010 70183 80001 333
 91114=
 22876 41597 22505 11053 21086 39838 49911 58002 73630 82500 333 91011
 91111=
 22481 41998 33203 11149 21156 39833 49888 52033 70281 83030=
 22854 41398 82804 11069 21094 39696 49990 58004 78582 889// 333 87709
 91010 91110=
 22781 NIL=
 22676 41496 73007 11048 21061 39778 49855 58005 78583 87900 333 91011
 91115 92982=
 22648 42/// /3005 11044 21044 39931 49977 57002 333 91110=
 22559 41597 83106 11048 21078 39912 49928 52009 73683 885// 333 88627
 91010 91114=
 22869 41598 82804 11061 21096 39813 49963 50003 70283 885// 333 88624
 91111=
 22768 41497 62905 11048 21087 39888 49938 57006 73683 85930 333 84915
 91110=
 22798 41997 62501 11063 21092 39750 49863 52006 70283 86030=
 22375 46/// /3503 11165 39889 49905 52028=
 23207 NIL=
 23215 41198 80702 11223 21250 39752 49847 52004 72272 886// 333
 88702=
 23219 NIL=
 27095 66/// /2902 11039 21039 39695 49923 53012 60002 333 11039 91112=
 22408 11684 83106 11030 21093 39914 40065 57002 60002 73632 885//
 333   11024 88640 91011 91113=
 22511 11584 73004 11030 21104 39930 40052 57005 60002 70332 83510
 333   11024 91112=
 22529 11598 73104 11036 21068 30004 40011 52006 60002 70232 87500
 333   11028 87629 91112=
 22602 11976 63105 11041 21109 39856 40085 57004 60002 70231 8603/
 333   11022 91113=
 22621 11798 83005 11042 21077 39896 40038 52001 69952 736// 885//
 333   11030 88655 91010 91113=
 22619 11498 72910 11040 21090 39886 40047 52001 69922 73683 87500
 333   11029 91014 91115=
 22721 11997 83004 11029 21100 39941 40040 57001 60002 73631 80005
 333   11014 91111=
 22727 12970 03204 11032 21102 30008 40057 52001 69922 333   11012
 91111=
 22717 12998 13004 11038 21109 39890 40087 52005 60002 80001 333  
 11015 91113=
 22802 12998 03105 11026 21109 30088 40112 52002 60002 333   10000
 91110=
 22820 11998 83004 11029 21117 39923 40061 52005 69902 70273 8803/
 333   11014 91115 92980=
 22831 11697 73004 11045 21081 39976 40032 54000 60002 70231 83530
 333   11020=
 22805 125// 23306 11014 21072 30093 40113 57001 60002 81530 333  
 11004 91110=
 22912 12984 33104 11027 21115 30070 40085 57001 60002 83030 333  
 10000=
 
