00:31:00 MSK 13.12.2023
020 123456/=о000=2131
 уйту01 бтул 122100
 22686 41497 81403 11135 21158 30174 40281 53003 77172 8552/ 333 85613=
 22695 41597 81602 11145 21176 30113 40278 53003 77172 8552/=
 22996 41995 81803 11162 21178 30147 40350 54000 77373 8802/ 333 91110=
 23220 41396 62403 11182 21207 30143 40298 57002 78583 85930 333 85909=
 23226 41450 82105 11194 21220 30063 40299 53006 77172 885// 333 88614=
 23305 42/// /1904 11141 21157 30242 40272 52004=
 23320 86/// /2305 11167 21188 30231 40310 54001 333 91111=
 23324 41457 82204 11166 21195 30219 40303 56001 77172 8272/=
 23405 41996 81702 11150 21170 30174 40282 53004 
 77172 8802/=
 23410 86/// /1606 11179 21207 30196 40302 55000=
 23411 42/// /2004 11153 21168 30191 40287 53003=
 23412 41397 81904 11168 21192 30195 40301 53002 77172 8577/ 333 85708=
 23416 NIL=
 23418 41313 81703 11177 21203 30242 40323 53001 77572
 8872/ 333 86709=
 23503 42/// /1803 11149 21175 30244 40298 52002=
 23507 86/// /2002 11155 21168 39959 40295 52003=
 23509 NIL=
 23514 41497 82003 11169 21191 30104 40317 53002 77173 8652/ 333 86619=
 23518 42/// /2006 11185 21211 30243 40344 57003 333 91110=
 23606 41532 82004 11159 21187 30143 40324 54000 77372 8552/ 333 85626=
 23704 86/// /1803 11150 21161 39166 49281 57006=
 23701 NIL=
 23707 81497 81804 11149 21174 30179 40322 52003 77177 8652/ 333 86617=
 23708 42/// /1904 11159 21187 30182 40345 54000=
 23709 41996 81803 11170 21203 30150 40361 57002 77172 8807/=
 23711 41496 82003 11186 21215 30178 40364 57004 77187 86720 333 85712=
 23803 41497 81804 11166 21202 30176 40373 56002 77173 8802/ 333 88516=
 23804 81596 81903 11153 21182 30178 40335 53004 77173 8652/ 333 85620=
 23807 42/// /1905 11154 21173 30169 40345 54001=
 23808 86/// /1605 11161 21177 30186 40370 54001=
 23812 41496 82004 11202 21237 30219 40399 57004 77172 8472/ 333 91110
 934//=
 23904 41928 81804 11168 21188 30199 40371 52001 77373 8802/=
 23905 41899 81803 11177 21209 30140 40391 52002 73673 8802/=
 23909 41898 81904 11191 21221 30141 40413 57002 73673 8807/ 333 91111
 93606=
 23912 41597 81806 11211 21240 30219 40434 56011 77173 8352/ 333 91010
 91113=
 23913 42999 53102 11190 21234 30196 40451 57012 80005=
 23914 NIL=
 28013 41897 81805 11199 21238 30174 40432 57004 77173 8802/ 333 91010
 91111=
 28016 42/// /1804 11192 21221 30188 40438 57002=
 28029 42999 01805 11212 21255 30230 40477 57010 333 91112=
 28116 41496 81903 11202 21238 30202 40460 57009 77173 8872/=
 28128 42599 81902 11206 21248 30317 40490 57010 885//=
 28134 42898 81903 11219 21268 30108 40504 57012 86015=
 28138 NIL=
 28216 41899 81806 11219 21264 30153 40490 57007 73673 8802/ 333 91010
 91112=
 28222 42/// /1704 11221 21260 30282 40503 57010=
 28224 NIL=
 28234 42898 21804 11228 21288 30215 40531 57012 82040 333 91110=
 28238 42999 01801 11343 21388 30200 40562 56012=
 28313 42/// /1806 11212 21262 30285 40502 57010 333 91111=
 28319 42998 01902 11219 21258 30335 40521 57009=
 28321 42899 31904 11225 21265 30281 40512 57008 83070=
 28324 42/// /1803 11220 21272 30385 40523 57010=
 28326 42998 52003 11221 21272 30323 40535 57010 80001=
 28413 42999 21604 11210 21276 30374 40512 57008 80001 333 91111=
 28428 42998 00000 11284 21317 30339 40555 57008=
 28429 NIL=
 22983 41565 81602 11140 21167 30205 40318 52001 77172 885// 333 91004
 91106=
 27083 41459 81705 11160 21203 30100 40342 54000 77173 8802/ 333 91010
 91111=
 27097 42/// /1605 11176 21199 30085 40373 54000 333 91009 91111=
 27185 42/// /1503 11165 21206 30168 40369 54000 333 91005 91108=
 27199 41998 81604 11181 21220 30181 40400 57004 73632 8807/ 333 91007
 91109=
 27281 41984 61606 11158 21207 30134 40360 52003 73632 86070 333 91009
 91111=
 27283 41997 81704 11171 21221 30211 40382 54000 73632 8807/ 333 91008
 91111=
 27295 42/// /1404 11182 21230 30126 40405 54001 333 91008 91109=
 27296 41997 81605 11190 21240 30172 40414 57004 73632 8807/ 333 91009
 91111=
 27385 415// 71605 11166 21226 30250 40394 54000 73632 84530 333 91009
 91111=
 27393 41597 81907 11186 21236 30245 40435 57003 73632 8657/ 333 91009
 91112=
 27480 42598 21504 11163 21229 30248 40390 52002 82500 333 91008
 91109=
 28007 41999 81804 11190 21219 30113 40403 57002 73632 8805/ 333 91007
 91108=
 28009 41998 81705 11188 21244 30187 40420 57003 73673 8802/ 333 91009
 91110=
 28105 41998 51703 11187 21236 30199 40413 57003 73632 85010 333 91007
 91109=
 28202 41996 82008 11185 21237 30189 40435 57005 73873 8807/ 333 91011
 91112=
 28302 41997 71605 11196 21244 30196 40451 57002 73632 87030 333 91008
 91110=
 28307 41998 81404 11183 21241 30276 40436 57003 73632 8805/ 333 91011
 91111=
 28402 41984 81706 11186 21246 30259 40459 57003 73632 8807/ 333 91009
 91111=
 28502 42697 81404 11193 21250 30356 40473 57005 885// 333 91006
 91109=
 22550 81456 81302 11113 21126 30193 40204 57002 77187 8802/ 333
 88515=
 22778 41496 81504 11114 21137 30184 40258 52001 77172 8872/ 333
 86711=
 22889 42/// /1403 11137 21165 30224 40317 57004 333 91110=
 22762 41396 81302 11107 21119 30189 40230 54000 77177 8672/=
 22638 46/// /1301 11108 21123 39939 40176 57001=
 22671 42/// /1602 11117 21132 30151 40235 54000=
 22456 NIL=
 22583 41598 81401 11137 21156 30174 40261 52002 70288 8657/=
 22749 NIL=
 22951 42/// /1704 11098 21114 39915 40211 54000=
 22887 41497 81404 11126 21153 30215 40290 54000 77177 8672/ 
 333 86712 =
 22876 41996 81403 11118 21137 30201 40278 52002 77173 8802/=
 22481 42/// /1402 11136 21152 30186 40242 52002=
 22854 42/// /1603 11101 21115 39904 40208 54001=
 22781 NIL=
 22676 41495 81403 11119 21143 30167 40250 52001 77372 8872/=
 22648 NIL=
 22559 42/// /1402 11109 21125 30198 40216 58002=
 22869 41997 81604 11106 21130 30096 40253 52002 77177 8002/=
 22768 41597 71703 11100 21125 30175 40228 54000 77187 83570=
 22798 41496 81602 11144 21164 30190 40312 54000 77177 8802/=
 22375 46/// /1703 11201 21222 30214 40230 52001=
 23207 NIL=
 23215 NIL=
 23219 NIL=
 27095 NIL=
 22408 41457 80301 11126 21140 30029 40188 57003 77172 8872/ 333  
 88514 93500=
 22511 41465 80000 11130 21146 30054 40183 57004 77172 8772/ 333  
 87616 93501=
 22529 41598 70000 11195 21214 30173 40180 57001 70282 87900 333  
 87923=
 22602 41457 80402 11145 21162 39927 40168 57002 77072 885// 333  
 88613=
 22621 83960 /3601 11138 21152 30026 40175 57001=
 22619 41496 80601 11123 21137 39993 40161 57001 78582 889// 333  
 88911=
 22721 41497 71201 11102 21114 30059 40162 52002 70282 87900 333  
 85916=
 22727 86470 /0901 11067 21078 30101 40151 52003=
 22717 83/67 /0701 11095 21109 39935 40141 57001=
 22802 41496 80604 11075 21089 30099 40123 57003 78582 889// 333  
 88917=
 22820 42598 60901 11099 21110 30005 40148 52001 83530 555   51093=
 22831 41996 81001 11083 21098 30108 40166 52001 77172 8802/=
 22805 815// 80904 11045 21052 30090 40116 57002 70272 885//=
 22912 41656 81003 11071 21087 30111 40127 57001 77172 8802/ 333  
 88535=
 
