21:31:00 MSK 15.05.2023
020 123456/=о000=1831
 унту01 бтул 151800
 22686 82998 80000 10135 20075 30113 40209 53003 85089=
 22695 42/// /0000 10153 20003 30050 40196 52004=
 22996 82998 70000 10126 20017 30037 40217 52007 80005=
 23220 42598 82607 11009 21030 30002 40144 52007 885// 333 91011 91113=
 23226 41460 83210 11014 21034 39924 40139 52011 70282 8695/ 333 86917 
 91014 91117=
 23305 42999 70000 10076 20036 30189 40216 53007 87070=
 23320 66/// /2903 10019 21012 30122 40195 51006 60002 333 10059 91110=
 23324 41580 73103 10011 21020 30110 40188 52008 70282 87500 333 87632=
 23405 42968 79901 10084 20004 30117 40214 53007 87030=
 23410 66/// /2702 10033 21002 30108 40204 52006 60002 333 10061=
 23411 42599 73302 10064 20029 30125 40213 52007 87500=
 23412 42999 82901 10041 20007 30111 40208 52007 8805/=
 23416 NIL=
 23418 42565 72801 10058 21008 30136 40209 52003 87500
 333 87632=
 23501 NIL=
 23503 42998 81801 10083 20033 30166 40215 52008 8807/=
 23507 86/// /3101 10103 20002 39914 40217 52008=
 23509 42/// /0000 10101 20041 30138 40214 52008=
 23514 42697 70000 10061 20012 30021 40215 52006 83570=
 23518 42998 83102 10047 20003 30118 40209 52005 8805/ 555 53011=
 23606 42960 80000 10102 20022 30051 40213 52010 8805/=
 23612 NIL=
 23701 82999 60000 10103 20042 30090 40216 53007 84035=
 23704 66/// /0000 10118 20053 39926 40039 55004 60002 333 10201=
 23707 82998 80601 10129 20024 30081 40208 52008 82035=
 23708 42984 80101 10137 20018 30068 40212 52008 86034=
 23709 42998 83201 10129 20013 30024 40210 52014 8805/=
 23711 12998 83501 10111 20000 30043 40208 52011 8805/=
 23803 42999 33602 10126 20006 30041 40215 53010 83030=
 23804 82997 82301 10116 20050 30070 40211 52009 82031=
 23807 42998 82402 10147 20038 30058 40213 52005 82039=
 23808 86/// /0000 10088 20029 30051 40216 52005=
 23812 82997 70000 10124 20004 30047 40204 52018 87030=
 23904 42980 80000 10080 20040 30067 40222 52007 80005=
 23905 42899 52901 10087 20002 39996 40219 52008 82045 555 50103=
 23909 42998 22401 10075 20022 39975 40217 52007 80001=
 23912 42898 21201 10077 20011 30015 40204 52006 81041 555 50091=
 23913 42599 70000 10081 20028 39974 40199 52003 87500 555 50077=
 23914 82899 22802 10124 21010 39954 40202 52005 81071=
 28013 42999 22602 10139 21024 39986 40208 52006 80001 555 50121=
 28016 42/// /2601 10110 20018 39997 40216 52005 555 50109=
 28029 42999 00000 10100 20012 39993 40207 52008 555 50107=
 28116 42999 20401 10105 21011 39991 40216 52009 80005=
 28128 42999 60201 10067 20024 30063 40215 52009 80001 555 50096=
 28134 42898 61701 10070 21006 39870 40216 52009 84011 555 50101=
 28138 43/// /3101 10079 21037 39655 40211 52009=
 28216 42999 22101 10136 21021 39926 40213 52008 80005 555 50118=
 28222 42/// /0401 10077 20017 30022 40214 52007 555 50103=
 28224 42970 21601 10085 20022 30005 40214 52008 80005=
 28234 42898 20000 10108 21025 39941 40212 52011 82070 555 50106=
 28238 42899 52202 10082 21000 39914 40212 52011 82021 555 50098=
 28313 42/// /0000 10071 20016 30031 40221 52010 555 50123=
 28319 42899 20000 10063 20024 30059 40220 53010 82030=
 28321 42999 22701 10140 21016 30016 40212 52009 80001=
 28324 42/// /2702 10077 20024 30097 40216 52011 555 50118=
 28326 42998 00000 10061 20001 30030 40214 52011 555 50109=
 28413 42999 02201 10115 20038 30097 40216 52010 555 50135=
 28428 42999 13102 10100 20048 30031 40212 52012 80001 555 50135=
 28429 42/// /0401 10081 20043 39814 40218 52011 555 50118=
 22983 42998 60000 10105 20039 30120 40223 52007 82035 333 91001
 91103=
 27083 42984 20000 10106 20028 30004 40221 52008 80009 333 91000
 91103=
 27097 42998 80000 10095 20031 39970 40227 52009 80005 333 91000
 91104=
 27185 42/// /0000 10105 20037 30037 40211 57007 333 91000 91103=
 27199 42998 62401 10100 20038 30034 40227 52012 80001 333 91001
 91101=
 27281 42984 80000 10126 20029 30025 40226 52009 80007 333 91001
 91104=
 27283 42998 70000 10086 20035 30074 40228 58008 85031 333 91000
 91102=
 27295 42997 60000 10104 20034 39985 40230 52011 80005 333 91000
 91103=
 27296 42998 60000 10104 20037 30013 40225 52011 85032 333 91001
 91105=
 27385 429// 20000 10084 20042 30102 40228 52009 82030 333 91000
 91102=
 27393 42998 20000 10118 20033 30064 40230 53010 80009 333 91000
 91103=
 27480 42998 10000 10082 20046 30104 40231 52009 80001 333 91000
 91102=
 28007 42999 83301 10138 21031 39969 40222 53009 83035 333 91002
 91103=
 28009 42998 80000 10100 21002 30019 40225 52009 80001 333 91000
 91102=
 28105 42998 30000 10090 20010 30027 40223 52009 83040 333 91000
 91102=
 28202 42997 53001 10139 21003 30003 40217 53009 80001 333 91002
 91103=
 28302 42997 20000 10117 20013 30000 40222 52010 80001 333 91000
 91103=
 28307 42998 32701 10100 20040 30083 40224 52011 82071 333 91002
 91103=
 28402 42984 20000 10130 20028 30045 40219 52009 80005 333 91001
 91103=
 28502 42997 21301 10122 20044 30114 40215 52012 80001 333 91001
 91105=
 22550 82997 21001 10156 20047 30189 40199 57003 81081=
 22778 42998 20000 10116 20050 30152 40219 52002 80001=
 22889 42898 22601 10106 20070 30137 40221 53006 82040=
 22762 82998 00000 10121 20053 30175 40213 55000=
 22638 46/// /2201 10155 20027 39988 40204 57001=
 22671 42998 30000 10127 20078 30127 40203 52002 83030=
 22456 NIL=
 22583 42598 70000 10134 20052 30127 40205 53003 86571=
 22749 42598 32201 10137 20046 30092 40213 54000 82501=
 22951 42998 23201 10126 20036 39951 40223 53003 80001=
 22887 42999 60000 10125 20071 30150 40218 53002 
 80001=
 22876 42997 62501 10114 20053 30150 40221 53003 80004=
 22481 42998 40000 10098 20068 30153 40205 52003 81031=
 22854 42899 20000 10147 20032 39941 40219 54000 81031=
 22781 NIL=
 22676 42598 51601 10141 20069 30131 40206 53001 82530=
 22648 42998 12502 10183 20000 30164 40208 57001 81040=
 22559 42598 21001 10172 20018 30188 40204 54000 82500=
 22869 42997 21701 10161 20003 30079 40221 52002 80001=
 22768 42897 31001 10124 20044 30165 40213 52002 82031=
 22798 42998 23501 10116 20021 30103 40212 57004 82030=
 22375 NIL=
 23207 NIL=
 23215 41598 82906 10006 21028 30106 40196 53014 70282 885// 333 88620
 91010 91112=
 23219 NIL=
 27095 66/// /0000 10108 20033 30009 40233 52008 60002 333 10202=
 22408 12699 81301 10152 20046 30030 40173 57003 60002 83235 333  
 10214=
 22511 12598 81702 10170 20049 30063 40178 54000 60002 83932 333  
 10233=
 22529 12599 32002 10168 20046 30186 40192 52001 60002 83500 333  
 10234=
 22602 11478 51602 10152 20068 39967 40183 57003 60002 70292 82530
 333   10206=
 22621 12698 61802 10151 20033 30060 40194 57002 60002 83530 333  
 10219=
 22619 12482 62603 10160 20043 30039 40191 57001 60002 84501 333  
 10198=
 22721 12598 61001 10113 20008 30109 40205 57003 60002 82409 333  
 10167=
 22727 12970 01501 10107 20045 30162 40209 57004 60002 333   10190=
 22717 12998 02201 10145 20035 30017 40203 57007 69902 333   10214=
 22802 12999 22001 10113 20048 30181 40204 57006 60002 80001 333  
 10190=
 22820 12568 12402 10107 20038 30075 40209 57004 60002 81400 333  
 10167=
 22831 12998 20000 10133 20057 30158 40212 57004 60002 82030 333  
 10222=
 22805 12598 21103 10120 20047 30187 40206 57008 60002 81501 333  
 10142=
 22912 12999 10101 10145 20073 30190 40205 57006 60002 80001 333  
 10216=
 
