21:31:00 MSK 04.01.2023
020 123456/=о000=1831
 унту01 бтул 041800
 22686 41997 83202 11246 21273 39957 40067 52004 77172 86025=
 22695 42998 83604 11238 21278 39879 40046 51002 8805/=
 22996 41597 70901 11182 21208 39836 40035 57001 78582 82330=
 23220 41496 80903 11136 21169 39927 40075 54000 77187 8372/=
 23226 41659 80807 11129 21156 39861 40085 52004 77172 8352/ 
 333 91111=
 23305 41962 80203 11161 21179 30052 40082 53006 77172 8807/=
 23320 66/// /0503 11154 21179 39982 40059 54001 60002 333 11154=
 23324 41434 80504 11156 21178 39990 40072 54000 77372 8372/=
 23405 41997 80102 11212 21231 39967 40075 52003 77172 8802/=
 23410 66/// /3602 11178 21201 39958 40061 54001 60002 333 11177=
 23411 41999 70302 11188 21202 39973 40069 52002 70272 8707/=
 23412 41997 80402 11174 21195 39960 40063 52001 77172 8807/=
 23416 NIL=
 23418 41965 60000 11242 21267 39985 40066 53003 70272
 86030=
 23501 NIL=
 23503 41998 80101 11270 21303 30014 40069 53005 77172 8802/=
 23507 NIL=
 23509 41997 73501 11222 21247 39971 40056 52005 77172 87070=
 23514 41997 80401 11220 21242 39845 40059 52003 77172 8802/ 333  93609=
 23518 42997 80102 11290 21321 39958 40060 50001 8805/ 555 53003=
 23606 41960 80602 11221 21247 39856 40043 52003 
 77172 8807/=
 23612 NIL=
 23701 41960 70101 11248 21271 39905 40047 52004 77171 84075=
 23704 66/// /0000 11288 21307 39926 40039 55004 60002 333 11275=
 23707 81996 82501 11289 21317 39892 40040 52001 77171 84026=
 23708 42984 81901 11323 21362 39870 10038 52003 80001=
 23709 41998 50000 11273 21291 39818 40031 52004 77172 85020 333 936//=
 23711 41996 80301 11233 21259 39856 40040 54000 77171 87075=
 23803 41999 00000 11282 21300 39838 40037 51004 70271=
 23804 81997 82801 11270 21296 39879 40040 52003 70272 85031=
 23807 41996 82502 11259 21284 39867 40045 52002 77071 86025=
 23808 86/// /2301 11272 21299 39860 40046 52005=
 23812 41996 80000 11238 21269 39861 40038 54000 77172 8802/ 333 934//=
 23904 42981 60000 11287 21311 39876 40051 52004 80005=
 23905 41999 02301 11240 21264 39797 40045 52007 70170 555 51192=
 23909 41597 72501 11189 21210 39775 40036 52007 77172 83570 333
 93608=
 23912 42/// /1901 11191 21210 39832 40037 54000 555 51207=
 23913 42999 12801 11279 21315 39814 40068 54001 80001 555 51259=
 23914 81896 81502 11212 21235 39763 40039 54000 77172 8802/ 333
 93606=
 28013 41897 82202 11181 21208 39790 40036 52005 77172 8807/ 555
 51194=
 28016 NIL=
 28029 41896 81702 11218 21241 39810 40047 52001 77171 86079 555
 51197=
 28116 41896 62201 11201 21224 39803 40050 52009 77071 86070=
 28128 41896 82201 11210 21233 39887 40053 52003 77171 8802/ 555
 51212=
 28134 42898 80000 11254 21279 39682 40067 52003 8807/ 555 51211=
 28138 83/// /0000 11213 21241 39455 40065 52006=
 28216 41896 82501 11176 21198 39740 40057 52004 77171 8802/ 555
 51163=
 28222 42/// /1601 11184 21204 39845 40053 52002 555 51174=
 28224 41825 81401 11184 21205 39829 40057 52004 77172 84025=
 28234 42997 01401 11213 21243 39763 40064 52005 555 51161=
 28238 42899 62401 11239 21267 39739 40071 52008 86080 555 51145=
 28313 42/// /1701 11230 21255 39858 40068 52002 555 51213=
 28319 42898 72101 11198 21219 39896 40073 52006 87050=
 28321 42899 32102 11224 21247 39843 40064 52004 83030=
 28324 42/// /0000 11237 21271 39937 40069 52005 555 51183=
 28326 42898 60000 11235 21260 39862 40066 52006 86030 555 51172=
 28413 41896 80000 11170 21193 39942 40073 52006 77072 8807/ 555
 51151=
 28428 42998 03002 11210 21238 39868 40068 52012 555 51143=
 28429 42/// /0501 11205 21225 39624 40067 51010=
 22983 41965 80000 11176 21195 39925 40037 57002 77172 8807/ 333 91000
 91100=
 27083 42984 80000 11208 21231 39796 40035 57005 8801/ 333 91000
 91100=
 27097 41997 82101 11175 21187 39765 40044 57007 77172 8802/ 333 91002
 91103=
 27185 42/// /2001 11147 21165 39857 40051 57007 333 91003 91104=
 27199 41497 82401 11163 21182 39848 40058 57006 77171 8451/ 333 91003
 91103=
 27281 41947 82402 11143 21159 39842 40060 57010 77171 8802/ 333 91004
 91104=
 27283 41996 82201 11147 21164 39886 40051 58008 77171 8807/ 333 91003
 91105=
 27295 42997 52001 11205 21231 39807 40078 57002 85070 333 91001
 91102=
 27296 42997 61801 11181 21205 39834 40067 57002 86030 333 91002
 91103=
 27385 419// 60000 11209 21231 39943 40082 57005 70271 86030 333 91000
 91101=
 27393 42998 22304 11187 21207 39901 40085 52002 80030 333 91005
 91105=
 27480 42598 61902 11151 21173 39953 40089 57004 84530 333 91002
 91103=
 28007 42999 82601 11189 21213 39771 40055 58001 80005 333 91002
 91103=
 28009 41997 60000 11229 21265 39827 40056 52005 77172 86010 333 91000
 91101=
 28105 42998 02002 11196 21222 39843 40058 54001 333 91003 91103=
 28202 41997 22401 11200 21226 39829 40067 52008 70281 80001 333 91002
 91105=
 28302 42997 20000 11197 21222 39828 40075 52005 80001 333 91000
 91101=
 28307 42998 21501 11217 21242 39929 40086 52004 80001 333 91001
 91104=
 28402 42980 32402 11167 21185 39891 40082 52010 80005 333 91003
 91104=
 28502 42997 22703 11205 21228 39977 40090 52012 80001 333 91004
 91104=
 22550 82971 00101 11223 21245 30104 40115 52007=
 22778 41998 03301 11264 21290 39990 40067 52005 70271=
 22889 41996 80601 11221 21241 39950 40044 54001 77172 8802/=
 22762 41997 03201 11254 21273 30046 40089 52007 70271=
 22638 46/// /0401 11148 21166 39879 40118 52022=
 22671 41996 73601 11252 21268 39998 40085 52002 77172 87070=
 22456 41596 80000 11292 21322 30025 40124 52005 78582 82901=
 22583 41984 73201 11232 21259 39993 40081 52004 70288 87070=
 22749 41998 20502 11196 21217 39960 40095 51010 70171 82010=
 22951 41897 63402 11161 21177 39775 40075 52007 77172 86020=
 22887 41597 63102 11198 21210 39971 40046 52005 78588 83930=
 22876 41996 83001 11210 21230 39975 40054 52007 77177 8802/=
 22481 41596 73501 11186 21201 30040 40097 52002 78581 86970=
 22854 41998 03602 11201 21224 39775 40087 52007 70171=
 22781 NIL=
 22676 41896 73202 11278 21307 39993 40079 52005 77071 87070=
 22648 42/// /0102 11203 21217 30060 40111 52012=
 22559 42998 03402 11226 21249 30090 40109 52004=
 22869 41997 63302 11186 21203 39905 40064 52014 77172 80010=
 22768 41997 13001 11230 21252 30025 40080 52011 70187 80001=
 22798 41996 80000 11253 21278 39924 40048 52003 77172 8802/=
 22375 46/// /0610 11131 30100 40116 52004 333 91116=
 23207 NIL=
 23215 41298 80507 11174 21202 39999 40095 55001 73632 886// 333 88703
 91011 91113=
 23219 NIL=
 27095 66/// /1301 11200 21212 39809 40055 57004 60002 333 11150=
 22408 11559 83603 11053 21074 30028 40182 52004 69942 78581 889//
 333   11052 88931 93502=
 22511 11468 73603 11053 21079 30037 40162 54000 69952 78587 84930
 333   11052 93501=
 22529 11598 40601 11093 21109 30121 40128 52010 69972 70287 84500
 333   11057=
 22602 12975 63501 11084 21084 39929 40164 52001 60002 8603/ 333  
 11082 93501=
 22621 11496 83601 11076 21088 39987 40132 52011 60022 785// 889//
 333   11068 86912=
 22619 11498 53204 11092 21107 39965 40131 52007 60022 72682 85500
 333   11080=
 22721 11997 23201 11084 21108 30018 40120 52008 69972 70187 82030
 333   11078=
 22727 11364 83403 11098 21111 30066 40116 57005 60002 77100 8872/
 333   11089 88709=
 22717 12998 03002 11127 21142 39935 40139 5//// 60002 333   11101=
 22802 11998 03102 11119 21136 30125 40150 57002 69902 70281 333  
 11071=
 22820 11696 82803 11115 21134 39972 40115 57005 69932 77071 8652/
 333   11104 86646=
 22831 11496 60000 11140 21157 30033 40091 57007 69972 78581 84931
 333   11087 84912=
 22805 125// 63603 11072 21084 30124 40164 57002 60002 86500 333  
 11042=
 22912 12984 03202 11127 21144 30108 40124 54000 60002 333   11081=
 
