18:31:00 MSK 08.11.2023
020 123456/=о000=1531
 уйту01 бтул 081500
 22686 11497 81902 10009 20004 39893 49992 52009 69942 75065 886// 333
 10045 86612 555 50038 53006=
 22695 11496 82202 10006 21007 39829 49980 52008 69942 75152 886// 333
 10052 555 50036 53007=
 22996 12498 72702 10012 20012 39856 40040 52014 69932 87900 333 10048 87912 555 50046 53007=
 23220 12599 81104 10019 20002 39866 40005 54000 60002 8453/ 333 10021 555 50015 53007=
 23226 12960 52101 10008 21006 39795 40007 57005 60002 85030 333 10021 
 555 50011 53007=
 23305 11210 81501 10022 20022 39946 49973 52003 60002 71022 886// 333
 10032 555 50023 53006=
 23320 76/// /1902 10024 20024 39933 40005 54000 333 60002 555 50018 53004=
 23324 12374 81601 10024 20022 39929 40005 57002 60022 886// 333 10030
 88708 555 50020 53004=
 23405 11/93 91401 10030 20030 39878 49975 52004
 69942 76164 333 10032 96061 555 50026 53006=
 23410 76/// /1603 10018 20012 39898 49993 54000 333 60002=
 23411 11/93 91902 10018 20018 39896 49984 54000 69952 74742 333 10021
 555 50018 53005=
 23412 11294 81602 10019 20019 39897 49992 54000 60052 76162 8872/ 333 10021 86705 555 50016 53006=
 23416 NIL=
 23418 11259 81702 10025 20020 39925 49996 54000 60072
 76162 8872/ 333 10031 86706 555 50023 53006=
 23503 11296 81702 10031 20027 39935 49984 52002 69932 75052 886// 333 10034 88703 555 50030 53006=
 23507 66/// /2201 10009 20009 39678 49983 52007 60002 333 10032 555 50025 53004=
 23509 12698 81801 10030 20022 39911 49987 52003 69902 885// 333 10036
 88634 555 50030 53003=
 23514 11/92 91802 10022 20022 39801 49994 52003 60042 76164 333 10025  96045 555 50021 53005=
 23518 11396 81802 10024 20021 39919 40009 54001 69942 71022
 886// 333 10031 86707=
 23606 11460 82002 10023 20023 39834 49997 52007 60012 70264 885// 333 10036 88611 555 50029 53004=
 23701 11475 72403 10015 20011 39876 40004 52009 69942 72582 86970 333
 10049 86915 555 50040 53006=
 23704 76/// /2202 10017 20017 39685 49798 58053 333 60002=
 23707 61498 82403 10015 20007 39879 40009 52010 60012 70282 8695/ 333 10055 83916 555 50042 53011 7002/=
 23708 11482 82202 10021 20013 39867 40014 52006 69972 70282 8495/ 333
 10051 555 50039 53008=
 23709 11598 62302 10022 20014 39828 40018 52008 60072 70264 85330 333
 10036 85923 555 50030 53006=
 23711 11/93 91801 10020 20019 39844 40011 54000 69942 75154 333 10027 555 50024 53005=
 23803 12999 82201 10016 21001 39848 40026 51004 60022 8805/ 333 10050 555 50036 53008=
 23804 62597 82202 10017 20006 39874 40017 52009 69932 8295/ 333 10059 555 50046 53006=
 23807 11496 82603 10017 20017 39870 40030 52011 69912 71022 889// 333 10055 85915 555 50045 53009=
 23808 66/// /2002 10021 20021 39863 40029 52005 60002 333 10055=
 23812 12497 81901 10020 20016 39860 40020 54000 69902 889// 333 10030
 555 50029 53006=
 23904 11476 82702 10027 20021 39883 40038 52009 69932 70282 883// 333
 10055 85914 555 50046 53006=
 23905 11497 82202 10018 20014 39808 40032 52003 69942 75065 886// 333
 10053 555 53009=
 23909 11396 82702 10027 20024 39792 40033 52009 60022 71065 886// 333
 10045=
 23912 11496 81801 10020 20012 39840 40029 54001 69902 75052 886// 333
 10033 555 53006=
 23913 12999 81501 11010 21010 39810 40039 54000 60002 8803/ 333 11000
 555 53002=
 23914 61/93 91701 10014 20012 39776 40030 52001 69922 75052 333 10020
 96047=
 28013 11395 82601 10031 20021 39802 40028 52003 60032 76162 8872/ 333
 10032 555 53005=
 28016 11497 82802 10034 20033 39816 40036 52008 60042 76162 8802/ 333
 10043 555 53007=
 28029 11597 71901 10029 20016 39816 40032 52001 69952 76162 86520 333
 10041 555 53004=
 28116 11496 82301 10031 20029 39809 40036 52004 60062 76162 8872/ 333
 10031=
 28128 11597 82001 10019 20017 39888 40040 52003 60022 76162 8802/ 333
 10038 555 53004=
 28134 11898 82201 10015 20004 39694 40041 54000 69942 72162 86071 333
 10041 555 53003=
 28138 12599 81801 11003 21031 39487 40050 57001 60002 885// 333
 10028=
 28216 11596 82202 10027 20024 39750 40043 52005 60072 76162 8872/ 333
 10027 555 53005=
 28222 11497 81801 10028 20019 39849 40041 52002 69952 70282 886// 333
 10047 555 53004=
 28224 11363 81801 10029 20016 39832 40042 52005 69902 75065 886// 333
 10044=
 28234 12898 81601 10036 21015 39770 40043 54001 60002 8805/ 555 53005
 333 10063=
 28238 11599 80000 10003 21020 39751 40052 52002 69902 70262 885// 333
 10025 555 53002=
 28313 11596 81802 10027 20020 39859 40048 52006 60072 76362 8802/ 333
 10027 555 53003=
 28319 11496 82401 10027 20025 39895 40056 52009 60042 76166 8802/ 333
 10039=
 28321 11597 82402 10023 20019 39844 40045 52004 69982 76162 8802/ 333
 10042=
 28324 11697 82402 10031 20022 39931 40050 52007 69942 76162 885// 333
 10052 555 53003=
 28326 11597 82002 10025 20016 39863 40046 52006 69942 76162 8802/ 333
 10061 555 53004=
 28413 11497 82602 10048 20037 39939 40058 52011 60082 76162 8872/ 333
 10048 555 53005=
 28428 11596 81501 10017 20008 39874 40057 52007 60022 76362 8802/ 333
 10048 555 53006=
 28429 12598 82101 10013 20002 39650 40058 52004 60002 885// 333 10045
 555 53004=
 22983 11484 62602 10006 20001 39939 40044 52011 69942 72622 84935 333
 10036 91004 91107 555 50039 53007=
 27083 11584 82803 10022 21001 39828 40048 52013 69932 70252 885// 333
 10050 91005 91109 555 50044 53009=
 27097 11598 82402 10032 20026 39795 40053 52011 69962 70282 885// 333
 10047 91004 91106 555 50049 53007=
 27185 12598 81801 10031 20029 39881 40062 52010 69972 885// 333 10058
 91001 91103 555 50058 53004=
 27199 11598 72702 10050 20035 39868 40061 52009 69942 70262 87500 333
 10063 91004 91105 555 50055 53007=
 27281 12984 82501 10042 20026 39866 40070 52010 69902 8805/ 333 10066
 91003 91104 555 50057 53006=
 27283 12497 82601 10050 20031 39914 40066 52012 60002 885// 333 10062
 91002 91105 555 50059 53006=
 27295 12597 82202 10045 20034 39822 40069 52007 69902 885// 333 10055
 91003 91105 555 50052 53008=
 27296 12598 82502 10048 20030 39851 40064 52007 60002 885// 333 10063
 91004 91104 555 50051 53008=
 27385 114// 82401 10054 20051 39952 40078 52009 69902 76062 8577/ 333
 10069 91001 91103 555 50064 53006=
 27393 12598 82404 10051 20034 39908 40075 52005 60002 885// 333 10063
 91005 91106 555 50054 53009=
 27480 11398 82101 10065 20064 39957 40083 52006 69902 72052 886// 333
 10074 91002 91103 555 50064 53004=
 28007 11496 82602 10034 20025 39792 40050 52007 69902 71052 886// 333
 10053 88710 91004 91104 555 50046 53007=
 28009 11498 82302 10033 20022 39842 40049 52005 69962 78082 889// 333
 10057 91003 91103 555 50045 53007=
 28105 12498 82302 10037 20030 39864 40054 52007 60002 885// 333 10056
 91004 91104 555 50050 53007=
 28202 12597 82701 10033 20014 39839 40057 52007 60012 889// 333 10057
 91002 91104 555 50048 53010=
 28302 12597 82401 10037 20023 39841 40066 52007 69992 885// 333 10056
 91002 91105 555 50050 53007=
 28307 12498 82001 10054 20031 39934 40075 51006 60002 885// 333 10070
 91003 91105 555 50058 53009=
 28402 12584 82202 10044 20034 39899 40076 52007 60032 8651/ 333 10069
 91003 91104 555 50053 53010=
 28502 12597 82804 10061 20036 39981 40083 52011 60002 889// 333 10078
 91005 91105 555 50062 53011=
 22550 11568 83203 10011 20007 30006 40016 52013 69952 70282 8653/ 333
 10015 86620 555 50007 53009=
 22778 11498 82603 10011 20000 39950 40019 52010 69962 70282 885// 333
 10018 88618 555 50027 53008=
 22889 12498 82404 10016 20002 39951 40037 52012 69902 885// 333 10038
 88617 555 50043 53009=
 22762 11396 82502 10006 20005 39981 40020 52013 60012 71062 8677/ 333
 10015 555 50020 53007=
 22638 46/// /3301 11011 21017 39838 40064 52008=
 22671 11496 82501 10001 21002 39900 49978 52008 69902 78582 889// 333
 10014 555 50020 53005=
 22456 11596 80000 11001 21001 39916 40000 52013 60062 77172 8802/ 333
 10001 555 51000 53000=
 22583 11598 81801 10008 20006 39891 49970 52006 60012 72582 8697/
 333 10041 555 50026 53009=
 22749 NIL=
 22951 11495 83601 10001 21002 39777 40058 52005 60002 71022 886// 333
 10011 555 50004 53009=
 22887 11497 72202 10010 21004 39964 40034 52013 69902 72682 
 85931 333 10035 85919 555 50038 53008=
 22876 11497 72302 10004 20002 39961 40035 52012 69952 70282 87900 333
 10027 87919 555 50032 53008=
 22481 11/93 92201 10005 20003 39909 49961 52007 60022 74764 333 10022
 555 50014 53005=
 22854 11296 82801 11014 21014 39768 40058 52009 69982 71022 886// 333
 11004 88703 555 51004 53009=
 22781 NIL=
 22676 11498 82202 10006 21002 39906 49983 52008 69942 70252 8557/ 333
 10024 555 50026 53005=
 22648 NIL=
 22559 11597 83105 10009 21002 39992 40008 52013 69902 77876 8252/ 333
 10011 555 50008 53009=
 22869 12398 82902 10001 21011 39903 40051 51008 69972 886// 333 10010
 86708 555 50022 53007=
 22768 11497 62403 10004 21004 39980 40030 52010 69962 78582 86900 333
 10019 85913 555 50021 53007=
 22798 12598 82203 10014 20009 39903 40014 52010 69992 885// 333 10052
 555 50041 53007=
 22375 NIL=
 23207 11294 80601 10010 20010 39941 49963 52003 60022 75285 886// 333
 10016 555 50008 53003=
 23215 NIL=
 23219 NIL=
 27095 76/// /2902 10028 20028 39834 40060 53012 333 60002 555 50049 53007=
 22408 22984 20302 11031 21041 39945 40097 52007 82031 333   60002=
 22511 22584 23501 11036 21041 39968 40091 52008 82530 333   69902=
 22529 22598 83201 11011 21018 30060 40067 52008 885// 333   69952
 88627=
 22602 22475 70602 11011 21022 39851 40078 52006 87500 333   60002
 87613=
 22621 73/66 /3401 11005 21010 39936 40076 52007 333   69942=
 22619 21598 80502 10004 21009 39910 40069 52006 70282 885// 333  
 69952 88624=
 22721 21597 42901 11009 21012 39973 40072 52008 70171 83501 333  
 69902=
 22727 76370 /0302 10005 21004 30021 40069 52007 333   60002=
 22717 73/70 /0602 11009 2//// 39865 4//// 52005 333   69992=
 22802 21396 80703 10017 20014 30027 40050 52006 72582 889// 333  
 60032 85909=
 22820 21296 80401 10002 20000 39928 40065 52006 77174 8872/ 333  
 69952 88504=
 22831 22297 80201 11004 21012 30009 40064 52008 8872/ 333   60002
 88706=
 22805 214// 80803 10033 20033 30020 40045 52005 72162 886// 333  
 60032=
 22912 21357 80702 10029 20022 30031 40046 52003 76162 8872/ 333  
 60052 87707=
 
