18:31:00 MSK 12.08.2023
020 123456/=о000=1531
 уйту01 бтул 121500
 22686 62998 11502 10273 20100 30142 40234 57011 60002 80001 333 10290
 555 50205 53007=
 22695 12999 21401 10267 20086 30086 40227 57011 60002 80001 333 10284
 555 50214 53007=
 22996 62999 00901 10264 20144 30067 40239 57008 60002 333 10296 555 50220 53004=
 23220 12599 21801 10197 20101 30117 40251 57010 60002 81530 333 10212 555 50122 53005=
 23226 12960 20000 10210 20099 30048 40250 57008 60002 81041 333 10217 
 555 50133 53005=
 23305 12999 01802 10263 20112 30211 40237 57016 60002 333 10272 555
 50201 53009=
 23320 76/// /1601 10224 20138 30191 40260 57010 333 60002 555 50153 53003=
 23324 12985 11701 10223 20117 30184 40256 57010 60002 81040 333 10243
 555 50159 53004=
 23405 12973 01602 10245 20140 30147 40239 57014
 60002 333 10266 555 50202 53007=
 23410 76/// /1101 10239 20090 30163 40253 57013 333 60002=
 23411 12999 02402 10248 20136 30164 40246 57016 60002 333 10257 555
 50193 53006=
 23412 12999 01302 10229 20123 30163 40254 57013 60002 333 10255 555 50185 53004=
 23416 NIL=
 23418 12965 00000 10255 20110 30188 40257 57013 60002
 333 10264 555 50180 53005=
 23503 12998 01801 10256 20120 30200 40246 57017 60002 333 10276 555 50167 53006=
 23507 66/// /1902 10261 20114 39954 40240 56013 60002 333 10272 555 50189 53006=
 23509 12998 02001 10256 20135 30178 40251 57013 60002 333 10280 555
 50215 53004=
 23514 12997 01901 10237 20123 30069 40252 57013 60002 333 10259 555 50172 53005=
 23518 12998 02401 10245 20123 30174 40259 57008 60002 333 10258 555
 50169 53004=
 23606 12962 01501 10219 20125 30097 40253 57013 60002 333 10258 555 50174 53006=
 23701 62999 01701 10273 20126 30129 40248 56012 60002 333 10286
 555 53005=
 23704 76/// /1701 10284 20136 30335 40445 58038 333 60002=
 23707 62998 01702 10261 20130 30121 40243 57010 60002 333 10276 555 50209 53004 7000/=
 23708 12998 00801 10263 20093 30114 40252 57011 60002 333 10285 555
 50195 53003=
 23709 62998 00101 10259 20069 30078 40256 57007 60002 333 10268 555 50184 53006=
 23711 12998 00000 10186 20130 30101 40262 57008 60002 333 10254 555 50171 53004=
 23803 12999 00000 10257 20107 30087 40253 56005 60002 333 10296 555
 50188 53002=
 23804 62997 02101 10262 20133 30110 40245 57011 60002 333 10275 555 50198 53004=
 23807 12998 00000 10263 20139 30097 40246 57010 60002 333 10280 555
 50206 53004=
 23808 66/// /1701 10273 20131 30096 40251 57010 60002 333 10282=
 23812 12997 00101 10248 20065 30106 40257 57005 60002 333 10264 555
 50172 53006=
 23904 12970 00601 10252 20161 30103 40248 57007 60002 333 10289 555
 50192 53004=
 23905 62999 00000 10245 20114 30038 40249 57007 60002 333 10283 555
 53005=
 23909 62998 00301 10243 20115 30026 40254 57005 60002 333 10270=
 23912 62998 00302 10237 20113 30076 40255 55003 60002 333 10257 555
 53005=
 23913 62999 00000 10215 20076 30038 40253 57002 60002 333 10259 555
 53006=
 23914 62999 03202 10235 20122 30014 40254 57004 60002 333 10247=
 28013 62998 00602 10238 20095 30038 40253 56004 60002 333 10262 555
 53006=
 28016 62999 00401 10245 20126 30044 40253 57005 60002 333 10267 555
 53005=
 28029 62999 03301 10233 20125 30041 40246 57006 60002 333 10254 555
 53006=
 28116 62999 00202 10241 20129 30035 40249 57005 60002 333 10268=
 28128 62999 00000 10244 20160 30106 40248 57007 60002 333 10262 555
 53004=
 28134 62998 00000 10194 20127 39919 40251 57005 60002 333 10247 555
 53006=
 28138 12999 00402 10198 20063 39712 40248 52001 60002 333 10233=
 28216 62999 03502 10253 20097 39971 40247 57004 60002 333 10268 555
 53006=
 28222 62998 00501 10234 20099 30066 40248 57007 60002 333 10270 555
 53006=
 28224 62966 00101 10241 20094 30048 40246 57004 60002 333 10263=
 28234 62998 03402 10237 20075 39983 40243 56004 60002 333 10263 555
 53007=
 28238 62899 11003 10217 20073 39957 40239 52010 60002 81030 333 10251
 555 53011=
 28313 62998 00201 10263 20081 30067 40245 56004 60002 333 10282 555
 53006=
 28319 62997 01101 10254 20116 30094 40245 57007 60002 333 10268=
 28321 62999 03401 10266 20091 30055 40243 57006 60002 333 10277=
 28324 62999 03602 10257 20063 30131 40243 57006 60002 333 10278 555
 53005=
 28326 62998 00000 10254 20101 30066 40239 57008 60002 333 10279 555
 53006=
 28413 62999 00000 10259 20076 30131 40245 57005 60002 333 10272 555
 53006=
 28428 62999 00101 10252 20053 30068 40240 57005 60002 333 10274 555
 53006=
 28429 62998 03501 10222 20087 39856 40242 57003 60002 333 10243 555
 53009=
 22983 12998 20000 10281 20190 30138 40234 57009 60002 80001 333 10291
 91001 91103 555 50219 53004=
 27083 12999 01001 10270 20165 30028 40233 57009 60002 333 10291 91002
 91104 555 50216 53004=
 27097 12998 00801 10264 20170 39998 40239 57009 60002 333 10285 91002
 91103 555 50214 53004=
 27185 12698 21801 10275 20161 30068 40237 56007 60002 82100 333 10292
 91002 91104 555 50218 53005=
 27199 12998 00901 10267 20148 30059 40241 57006 60002 333 10288 91003
 91104 555 50222 53004=
 27281 12982 21701 10267 20153 30045 40236 57005 60002 81035 333 10283
 91002 91106 555 50226 53006=
 27283 12598 12802 10275 20172 30093 40238 57008 60002 81200 333 10294
 91003 91105 555 50219 53005=
 27295 12998 30601 10276 20135 30006 40236 57007 60002 83080 333 10294
 91002 91105 555 50232 53005=
 27296 12979 00702 10267 20131 30039 40240 57006 60002 333 10293 91004
 91104 555 50217 53005=
 27385 125// 21201 10279 20142 30115 40233 57004 60002 81501 333 10293
 91003 91107 555 50226 53007=
 27393 12598 10901 10267 20147 30084 40242 57007 60002 81100 333 10294
 91003 91105 555 50220 53005=
 27480 12998 21202 10275 20119 30113 40231 57006 60002 80001 333 10298
 91003 91107 555 50221 53008=
 28007 12999 00000 10261 20108 30006 40249 57007 60002 333 10286 91000
 91103 555 50217 53004=
 28009 12998 03601 10255 20105 30059 40255 57005 60002 333 10282 91002
 91104 555 50203 53004=
 28105 12998 01601 10256 20121 30068 40246 57005 60002 333 10277 91002
 91104 555 50211 53005=
 28202 12999 00801 10255 20102 30040 40246 57005 60002 333 10275 91003
 91104 555 50211 53005=
 28302 12998 01101 10259 20102 30031 40243 57006 60002 333 10278 91002
 91105 555 50210 53007=
 28307 12498 11601 10259 20140 30105 40238 56006 60002 81100 333 10295
 91001 91105 555 50216 53005=
 28402 12998 00502 10267 20131 30072 40238 57007 60002 333 10287 91004
 91105 555 50219 53005=
 28502 12998 40101 10284 20101 30140 40235 56007 60002 81086 333 10295
 91002 91105 555 50212 53005=
 22550 11597 83601 10207 20204 30188 40198 52004 60082 71798 8693/ 333 10292 86929 555 50220 53009=
 22778 12998 51602 10273 20169 30158 40221 57010 60002 80001 333 10293 555 50228 53007=
 22889 12598 11201 10276 20194 30158 40237 57008 60002 81400 333 10292 555 50208 53004=
 22762 62698 61501 10277 20193 30176 40211 57007 60002 82205 333 
 10303 555 50227 53008=
 22638 46/// /2901 10182 20172 39989 40203 52002=
 22671 12999 62002 10275 20155 30136 40208 57009 60002 80005 333 10302
 555 50238 53008=
 22456 11598 82604 10217 20171 30120 40202 53011 60002 71792 889// 333
 10297 91012 91112 555 50223 53012=
 22583 12698 31701 10277 20149 30147 40221 57013 60002 82101 
 333 10299 555 50207 53006=
 22749 NIL=
 22951 12998 81902 10264 20166 39947 40206 57009 60002 80001 333 10281
 555 50217 53008=
 22887 12699 31301 10282 20198 30169 40233 57007 60002 81101
 333 10298 555 50224 7000/=
 22876 12997 21301 10272 20185 30162 40231 57009 60002 80001 333 10294
 555 50218 53006=
 22481 12/98 71703 10264 20152 30157 40205 57013 60002 81132 333 
 10299 91110 555 50207 53010=
 22854 12998 81402 10266 20177 39936 40201 57009 60002 80007 333 10285
 555 50234 53008=
 22781 NIL=
 22676 NIL=
 22648 NIL=
 22559 61598 81701 10277 20177 30180 40195 57011 60002 71792 84931 333 10296 555 50239 53010=
 22869 12997 61502 10265 20166 30086 40223 57005 60002 80002 333 10296 555 50236 53008=
 22768 12597 61702 10287 20185 30168 40214 57007 60002 82971 333 10310 555 50241 53008=
 22798 12998 01501 10267 20131 30138 40242 56010 60002 333 10289 555 50201 53006=
 22375 46/// /2004 10267 20167 30173 40187 57013=
 23207 12999 21802 10260 20154 30198 40219 57014 60002 80001 333 10280
 555 50189 53009=
 23215 NIL=
 23219 NIL=
 27095 NIL=
 22408 22699 62303 10216 20124 30033 40173 52004 83230 333   69902=
 22511 22598 22303 10232 20122 30061 40173 52002 82800 333   60012=
 22529 21580 81801 10170 20155 30190 40196 57006 72582 889// 333  
 60052 88923=
 22602 22599 32503 10220 20094 39971 40182 52002 82130 333   60002=
 22621 73/69 /1902 10188 20139 30067 40199 57003 333   60112=
 22619 22583 21501 10191 20148 30047 40197 57003 82400 333   60052=
 22721 21698 80000 10162 20150 30113 40207 57004 70282 8455/ 333  
 60092=
 22727 76870 /1601 10166 20156 30164 40210 54000 333   60072=
 22717 NIL=
 22802 22699 21802 10207 20159 30180 40202 57001 82200 333   60002=
 22820 21668 80701 10164 20155 30077 40207 57004 70262 8553/ 333  
 60162=
 22831 22998 73101 10223 20192 30145 40196 57007 83031 333   69972=
 22805 22498 21403 10198 20166 30182 40206 57002 82130 333   69902=
 22912 21599 80302 10178 20161 30188 40202 57004 70262 8257/ 333  
 60012=
 
