06:31:01 MSK 10.06.2023
020 123456/=о000=0331
 уйту01 бтул 100300
 22686 61498 83106 10040 20013 30025 40124 53015 60032 70262 8757/ 333 20029 31004 55018 91010 91111 555 53012 7010/=
 22695 11497 82905 10026 20005 39944 40095 52014 60042 76165 8652/ 333
 20023 32004 86617 91111 555 53013 7016/=
 22996 62598 73204 10050 20025 39964 40147 52021 60042 87900 333 20044
 32010 55102 555 53009 7007/=
 23220 12599 71604 10113 20005 39968 40104 57014 60002 87530 333 20035 31004 55086 555 53008 7000/=
 23226 12960 81607 10101 20015 39897 40105 57014 60002 8805/ 333 20046 
 31005 91111 555 53011 7000/=
 23305 11461 83607 10055 20049 30023 40050 53010 60052 76162 8802/ 333
 20055 31007 91012 91114 555 53014 7009/=
 23320 76/// /1404 10121 21006 39981 40050 58026 333 20086 60002 91111 555 53011 7000/=
 23324 12983 81304 10119 20005 39990 40064 57022 60002 8807/ 333 20094
 55149 555 53009 7000/=
 23405 11460 83407 10067 20060 39941 40036 53008 60032 
 78086 8595/ 333 20067 31008 55077 85912 91012 555 
 53012 7008/=
 23410 76/// /0904 10081 20058 39936 40029 57019 333 20074 60002 555 7000/=
 23411 11497 81302 10077 20075 39931 40017 57014 60042 76162
 8772/ 333 20075 32008 555 53014 7004/ 91214=
 23412 11398 81203 10078 20067 39932 40025 57019 60052 76162 8872/ 333 20071 32007 55142 86709 555 53009 7005/=
 23416 NIL=
 23418 11959 81403 10083 20072 39959 40030 57009 60032 76162 8802/
 333 20082 31007 55146 555 53009 7003/=
 23501 NIL=
 23503 12398 82802 10092 20075 39976 40024 57002 60022 887// 333 20078 31009 85707 555 53010 7002/ 91211=
 23507 66/// /3204 10027 20022 39755 40060 52012 60002 333 20027 555 53008 7000/=
 23509 12598 82602 10089 20071 39958 40033 54001 60032 889// 333
 20081 32008 86913 555 50116 53011 7003/ 91213=
 23514 11497 82502 10085 20081 39839 40028 57005 60052 70262 889// 333 20075 31008 55113 555 53007 7005/=
 23518 11496 82003 10087 20083 39951 40039 56003 60072 78082 889// 333
 20083 31009 55130 85712 555 53013 7007/ 91213=
 23606 11360 82603 10072 20072 39885 40046 52007 60102 78082 889// 333 20071 31011 55089 85707 555 53008 7010/=
 23612 11498 81902 10083 20083 39916 40045 57001 60072 72582 8695/ 333 20080 32010 84913 555 53011 7007/=
 23701 11566 82803 10037 20023 39965 40093 52015 60012 78082 8397/ 333
 20035 31006 91110 555 53010 7006/=
 23704 76/// /2802 10038 20038 39926 40039 55004 333 20038 60002 555 50103 7000/=
 23707 61497 82805 10043 20032 39977 40108 52016 69912 78082 889// 333
 20038 31005 55033 84914 555 53010 7006/=
 23708 12482 82705 10050 20028 39946 40093 52020 69912 8850/ 333 20050
 88613 555 53010 7991/ 91214=
 23709 61597 82404 10080 20058 39889 40076 53009 60082 78082 889// 333
 20080 32009 88923 555 53010 7008/ 91211=
 23711 11598 72002 10099 20084 39894 40057 53002 60052 70282 84930 333 20079 31009 55140 555 53009 7005/=
 23803 12499 73203 10082 20058 39910 40084 53010 60062 87900 333 20076 31007 55127 555 53009 7006/=
 23804 61497 82902 10041 20027 39972 40115 52020 60052 70282 8695/ 333 20040 32008 55061 86914 555 53009 7011/=
 23807 11496 82704 10044 20029 39974 40133 5//// 60072 78082 8695/ 333
 20044 32006 55099 84916 555 53009 7010/=
 23808 66/// /2705 10060 20046 39949 40114 52022 60002 333 20060 555 7000/=
 23812 11497 82701 10094 20086 39918 40074 53005 60072 72582 889// 333
 20090 31010 555 53008 7007/=
 23904 11450 83004 10052 20045 39983 40138 52022 60042 78082 883// 333
 20052 31008 86919 555 53009 7004/=
 23905 62599 82603 10070 20054 39896 40118 52016 60022 885// 333 20070
 31007 555 53011 7002/=
 23909 62498 62603 10106 20064 39869 40105 52012 69982 86800 333 20091
 31010 55114=
 23912 61598 82203 10107 20102 39907 40092 53002 60042 72582 8695/ 333
 20097 31011 555 53008 7004/=
 23913 61597 80901 10099 20079 39884 40105 55003 60052 78082 889// 333
 20059 31001 55101 555 53007 7005/=
 23914 61497 72604 10106 20094 39849 40096 52003 60052 72582 87900 333
 20098 31011 55114=
 28013 61598 32703 10119 20077 39883 40104 53009 69982 70281 83900 333
 20103 31011 555 53009 7998/=
 28016 62599 72503 10121 20079 39896 40111 52011 69932 87900 333 20107
 30012 555 53009 7993/=
 28029 61598 82003 10104 20095 39897 40109 57006 60032 77982 889// 333
 20103 31011 55132 555 53009 7003/=
 28116 62599 63103 10122 20081 39895 40116 52011 69902 86900 333 20117
 30011 55085=
 28128 61599 82306 10132 20093 39970 40117 52002 60002 72122 885// 333
 20130 31011 55109 91110 555 53011 7000/=
 28134 61597 81803 10102 20071 39785 40124 57009 69982 78182 889// 333
 20097 31007 555 53008 7998/=
 28138 12599 61803 10109 20046 39593 40139 57010 60002 86500 333 20069
 30006 55123=
 28216 61597 82402 10118 20080 39841 40127 53007 60002 78082 889// 333
 20113 31010 555 53008 7000/=
 28222 62598 81902 10126 20084 39935 40121 55005 69932 888// 333 20122
 31009 555 53009 7993/=
 28224 61570 71903 10121 20073 39920 40125 57008 69932 70282 86530 333
 20104 31009=
 28234 12599 81803 10119 20049 39872 40139 56007 60002 8557/ 333 20094
 31007 555 53007 7000/=
 28238 62899 51902 10121 20049 39857 40149 57009 60002 85080 333 20068
 31006 55096 555 53004 7000/=
 28313 62598 72202 10136 20084 39945 40128 52004 60002 87900 333 20104
 30009 555 53006 7000/=
 28319 11899 62403 10148 20094 39977 40133 57002 69902 70161 86030 333
 20111 30012=
 28321 62599 61902 10131 20085 39930 40125 55003 60002 82930 333 20111
 30010=
 28324 62599 62103 10153 20067 30015 40130 56008 60002 81489 333 20101
 30009 555 53006 7000/=
 28326 62598 72003 10133 20071 39957 40136 57007 60002 87300 333 20083
 31008 55086 555 53007 7000/=
 28413 62899 62402 10155 20086 30023 40139 52008 60002 83084 333 20129
 30012 555 53008 7000/=
 28428 62599 81702 10137 20075 39968 40145 57006 60002 82501 333 20076
 30007 555 53004 7000/=
 28429 62598 72203 10126 20062 39759 40155 57005 60002 84530 333 20073
 31005 555 53006 7000/=
 22983 12498 73003 10056 20030 30058 40161 52014 60032 87900 333 20041
 32005 55078 91006 91106 555 52002 53010 7008/=
 27083 12599 83003 10050 20025 39943 40164 52015 60032 888// 333 20039
 31005 91005 91108 555 52001 53012 7009/=
 27097 12498 82904 10052 20032 39908 40167 52018 60052 889// 333 20044
 32006 91007 91110 555 52004 53010 7009/=
 27185 12598 83002 10062 20043 39997 40179 52017 69952 883// 333 20051
 31007 91004 91104 555 52004 53007 7007/=
 27199 12598 53202 10067 20026 39975 40169 52024 60022 85500 333 20067
 31008 55117 91006 91106 555 52007 53010 7005/=
 27281 12982 83303 10068 20037 39979 40183 52018 69962 8805/ 333 20056
 31007 91005 91106 555 52005 53008 7004/=
 27283 12498 23504 10072 20043 30023 40176 52023 60022 82930 333 20059
 31007 91006 91108 555 52005 53008 7005/=
 27295 12598 83203 10066 20029 39926 40174 52025 69962 885// 333 20066
 31009 91007 91108 555 52007 53012 7996/=
 27296 12598 83304 10079 20049 39948 40161 52022 60042 889// 333 20079
 31008 55111 91008 91107 555 52007 53009 7004/=
 27385 124// 63602 10082 20056 30052 40179 52023 60022 86700 333 20079
 31008 91004 91106 555 52005 53009 7002/=
 27393 12598 63402 10108 20064 30000 40165 52023 69902 83470 333 20102
 30010 55135 91004 91107 555 53009 7000/=
 27480 12598 60102 10099 20079 30056 40181 52023 60122 86900 333 20079
 32009 91006 91106 555 52007 53010 7018/=
 28007 12499 83205 10048 20014 39898 40157 52025 60012 885// 333 20048
 31008 55117 88617 91008 91110 555 52005 53012 7001/=
 28009 11458 83103 10076 20048 39933 40139 52017 69932 78082 889// 333
 20076 31009 91006 91107 555 52007 53009 7993/=
 28105 12598 83202 10062 20030 39961 40157 52023 60042 888// 333 20062
 31009 91006 91107 555 52006 53008 7004/=
 28202 12581 73204 10094 20058 39929 40144 52018 69972 87900 333 20094
 30010 91008 91108 555 52009 53009 7997/=
 28302 12598 82902 10112 20066 39929 40150 52021 60002 85931 333 20104
 30010 91004 91105 555 52007 53007 7000/=
 28307 12498 73003 10120 20082 30021 40160 52020 60002 85531 333 20111
 30011 91005 91107 555 52009 53007 7000/=
 28402 12598 63303 10133 20092 39976 40148 52015 60002 82539 333 20120
 30012 91004 91106 555 52010 53006 7000/=
 28502 12598 83104 10149 20106 30048 40147 52012 60002 82131 333 20122
 30013 55134 91006 91106 555 52012 53009 7000/=
 22550 12497 83403 10048 20013 30205 40215 52017 69902 885// 333 20045
 31005 55030 88619 91110 555 53014 7007/=
 22778 12598 73104 10043 20010 30107 40176 52016 69902 82570 333 20025
 31003 55041 555 53011 7007/=
 22889 12498 82804 10058 20029 30067 40152 52013 60012 885// 333 20046
 32006 88617 555 53011 7007/=
 22762 62597 83002 10049 20021 30155 40194 52015 69952 8657/ 333 20036
 31003 555 53010 7005/ 91211=
 22638 NIL=
 22671 12498 73202 10042 20026 30091 40170 53014 60032 86930 333 20018
 31002 55004 86916 555 53009 7009/=
 22456 11597 83402 10026 20026 30113 40201 52016 60022 70282 889// 333
 20026 31004 555 53009 7004/=
 22583 11598 73104 10033 20008 30043 40123 52021 60042 70228 87500
 333 20029 31004 55000 91113 555 53013 7018/=
 22749 NIL=
 22951 22498 83102 10037 20013 39949 40231 52012 885// 333 20027 60002 555 53009 7004/ 91211=
 22887 12699 62904 10058 20018 30092 40161 52011 69902 82501
 333 20054 30006 55032 91111 555 53014 7003/=
 22876 12597 72901 10053 20016 30098 40172 52015 69932 87500 333 20040
 31005 87624 555 53012 7004/=
 22481 12598 63205 10040 21000 30096 40148 52014 69902 86800 333 20031
 31003 91010 91111 555 53013 7012/=
 22854 12499 83103 10034 20022 39934 40223 52011 60002 886// 333 20021
 31002 55053 86710 555 53011 7002/=
 22781 NIL=
 22676 12598 73206 10035 20010 30080 40157 52015 60012 87500 333 20027
 32003 555 53013 7013/=
 22648 NIL=
 22559 62598 83305 10049 20014 30188 40204 52014 60002 8597/ 333 20038
 32005 91110 555 53013 7011/=
 22869 12497 82903 10047 20023 30053 40201 52012 69932 889// 333 20040
 31005 85916 555 53011 7009/ 91211=
 22768 11497 83203 10052 20025 30145 40195 52012 69902 72581 889// 333
 20036 31003 55039 85915 555 53011 7001/=
 22798 12498 82803 10042 20026 30015 40126 52016 60012 885// 333 20039
 31007 555 53011 7008/=
 22375 NIL=
 23207 11999 83607 10034 20010 30072 40094 52012 60122 70262 8807/ 333
 20023 55046 91012 91112 555 53013 7015/=
 23215 NIL=
 23219 NIL=
 27095 76/// /3104 10048 20042 39934 40160 52023 333 20048 60002 555 53014 7000/=
 22408 22999 03501 10057 20011 30139 40289 52010 333   21006 55059
 60002 555   7990/=
 22511 22998 13301 10073 20014 30162 40282 52013 81030 333   20036
 60002 555   7998/=
 22529 22599 73402 10061 20016 30254 40261 52014 87902 333   20053
 60002 87921 555   7000/=
 22602 22999 23102 10080 21010 30064 40288 52010 8203/ 333   20065
 55050 60002 555   7990/=
 22621 73770 /3303 10069 20015 30131 40270 52012 333   20044 55078
 60002 555   7003/=
 22619 22482 63104 10072 20028 30114 40272 52013 86500 333   20050
 55083 60002 555   7994/=
 22721 22698 73002 10059 20035 30169 40267 52009 87500 333   20025
 69962 87646 555   7002/=
 22727 76770 /3002 10052 20021 30227 40275 52011 333   20020 69912
 555   7991/=
 22717 73/70 /2701 10033 20009 30095 40290 52014 333   21006 60002
 555   7000/=
 22802 22999 22901 10070 20026 30272 40295 52014 82030 333   20014
 55085 60002 555   7000/=
 22820 22970 22702 10051 20010 30140 40277 52013 82030 333   20022
 55087 69912 555   7999/=
 22831 22998 53001 10047 20020 30203 40258 52013 84031 333   20010
 55055 60002 555   7990/=
 22805 22598 10000 10075 20024 30277 40297 52014 81500 333   20039
 55086 60002 555   7000/=
 22912 22999 03201 10057 20024 30267 40282 52014 333   20006 60002
 555   7994/=
 
