12:31:00 MSK 13.01.2023
010 111/=о000=0931
 уйту01 бтул 130900
 22686 41498 81904 11076 21097 30024 40128 54000 73632 8657/ 333 86615 91110=
 22695 42/// /2104 11084 21112 39961 40119 52002=
 22996 41597 82104 11058 21076 30021 40213 57004 77172 8252/=
 23220 41494 80706 11151 21170 39942 40092 57011 77573 8872/ 333 91111=
 23226 41311 81609 11132 21145 39861 40087 57011 77373 887// 333 86706 
 91012 91113 92982=
 23305 42/// /2004 11076 21094 30036 40065 52005=
 23320 86/// /2307 11101 21124 30019 40095 54001 333 91012 91113=
 23324 41322 82205 11101 21117 30007 40088 57004 77373 8872/ 333 86708
 91010 91111=
 23405 42571 82002 11077 21099 39986 40088 53008 8257/=
 23410 86/// /1806 11098 21117 39985 40085 52002 333 91111=
 23411 NIL=
 23412 41497 82204 11095 21111 39986 40086 53005 77172 8477/=
 23416 NIL=
 23418 41441 81804 11093 21118 30037 40113 57003
 77173 8652/ 333 86617=
 23503 42/// /2104 11084 21106 30051 40103 52007=
 23507 86/// /0000 11095 21101 39791 40113 51006=
 23509 42/// /2103 11083 21107 30041 40122 52005=
 23514 41497 82204 11096 21112 39917 40121 53004 77073 887// 333 85714=
 23518 41496 82106 11101 21116 30046 40141 54001 77187 8677/ 333
 85710 91110=
 23606 41560 82202 11090 21115 39962 40141 53004 
 77172 8652/ 333 86621=
 23701 42/// /2204 11085 21103 30020 40154 54001=
 23704 86/// /2204 11084 21091 39926 40039 55004=
 23707 81598 82104 11079 21100 30031 40169 57001 72272 885// 333 88620=
 23708 42/// /2105 11083 21107 30023 40178 54001 333 91110=
 23709 NIL=
 23711 41497 82103 11090 21111 39995 40172 57001 78582 889// 333 88919=
 23803 41597 82304 11080 21102 30013 40200 52001 78583 889//=
 23804 81596 82103 11073 21097 30031 40182 58003 77172 8452/=
 23807 41496 82206 11068 21084 30030 40197 58005 78587 8697/ 333 85915
 91111=
 23808 NIL=
 23812 42/// /2203 11093 21112 30035 40205 54001=
 23904 41430 82003 11061 21075 30058 40221 58004 77372 8652/ 333 86613
 93401=
 23905 41599 82104 11071 21088 39991 40227 54000 77172 885//=
 23909 41497 82204 11074 21093 39982 40237 52002 77072 8652/=
 23912 41495 82004 11098 21109 30039 40241 52002 77372 8802/ 333
 91110=
 23913 41597 80102 11104 21138 30013 40255 54000 77172 8872/=
 23914 81497 82005 11098 21115 39977 40247 57001 77187 8802/ 333
 93603=
 28013 41597 82004 11082 21109 30007 40249 57003 78587 889//=
 28016 41599 82203 11071 21106 30022 40258 57003 70272 885//=
 28029 41598 81906 11100 21125 30045 40276 54000 77172 8357/ 333
 91111=
 28116 41897 82203 11082 21112 30034 40276 52002 77173 8807/=
 28128 41597 82205 11104 21132 30136 40299 52004 77173 81079 333
 91111=
 28134 41697 81902 11110 21138 39930 40303 57003 77072 8257/=
 28138 41598 72305 11131 21158 39706 40313 52001 73683 87500 333
 91110=
 28216 41899 22106 11112 21144 39996 40313 54001 70173 82030 333
 91111=
 28222 41598 62103 11105 21143 30105 40312 55001 70287 81130=
 28224 41870 72205 11093 21149 30092 40318 57003 73632 87070 333
 91111=
 28234 41598 22004 11107 21164 30030 40327 55003 70171 82502=
 28238 41899 82305 11103 21162 30004 40326 56006 73673 83041 333
 91110=
 28313 42898 62005 11110 21156 30129 40334 53002 84034=
 28319 42598 62305 11103 21160 30184 40359 53003 84550=
 28321 42899 62004 11103 21150 30114 40331 55001 86030 333 91110=
 28324 42599 62105 11090 21173 30222 40350 52003 82549=
 28326 41898 62206 11093 21167 30145 40344 52001 73632 83039 333 91010
 91111=
 28413 42599 72205 11108 21178 30239 40370 51007 83530 333 91110=
 28428 42999 72105 11105 21193 30192 40391 52005 80001 333 91111=
 28429 42898 72307 11128 21176 39944 40388 52002 81036 333 91011
 91112=
 22983 41966 82102 11063 21079 30084 40193 57007 77172 8807/ 333 91004
 91106=
 27083 41599 82305 11059 21079 39985 40215 57006 73632 885// 333 91009
 91110=
 27097 41498 81906 11067 21076 39968 40241 58006 73632 889// 333 91009
 91110=
 27185 41598 81802 11061 21082 30059 40251 57007 73632 8457/ 333 91006
 91108=
 27199 41998 82204 11064 21087 30063 40269 57003 73632 8807/ 333 91007
 91109=
 27281 41482 82006 11063 21083 30041 40257 57005 70272 886// 333 91010
 91111=
 27283 41498 82105 11065 21087 30096 40259 57005 73632 887// 333 91010
 91110=
 27295 41598 81805 11077 21096 30020 40283 57002 73632 885// 333 91009
 91114=
 27296 41565 82206 11065 21092 30055 40283 52001 73632 885// 333 91011
 91111=
 27385 415// 82105 11061 21087 30157 40291 57004 73632 8357/ 333 91009
 91111=
 27393 41597 82110 11092 21110 30131 40312 54000 73632 8452/ 333 91014
 91114=
 27480 41498 81903 11072 21102 30168 40303 57006 70232 885// 333 91006
 91109=
 28007 41499 82104 11068 21092 39981 40254 57003 73632 885// 333 88614
 91009 91110=
 28009 41460 82204 11063 21096 30041 40259 57002 77173 8802/ 333 91009
 91110=
 28105 41598 82205 11064 21093 30062 40270 57001 73632 885// 333 91009
 91110=
 28202 41662 82206 11090 21117 30058 40291 53004 77172 885// 333 91009
 91111=
 28302 41997 82004 11100 21123 30075 40318 52001 77173 8807/ 333 91009
 91111=
 28307 41497 81504 11104 21129 30177 40331 57003 77172 885// 333 91007
 91110=
 28402 41450 82106 11104 21116 30155 40346 58001 77173 886// 333 91009
 91111=
 28502 41698 82006 11135 21174 30263 40376 57004 73632 8655/ 333 91009
 91111=
 22550 81597 81804 11032 21054 30025 40035 57002 70232 886// 333
 88620=
 22778 41598 81705 11072 21094 30065 40136 57008 72622 8697/=
 22889 42/// /2102 11063 21086 30099 40189 58006=
 22762 42497 81503 11063 21074 30055 40095 58011 8677/=
 22638 46/// /1903 11043 21057 39795 40023 57008=
 22671 42497 81904 11057 21066 30004 40087 54000 886// 333 85710=
 22456 41496 81902 11042 21043 39935 40024 57003 77072 8872/=
 22583 41598 81701 11065 21082 30000 40083 52003 70228 8657/=
 22749 NIL=
 22951 41496 82206 11072 21083 39829 40119 57020 77173 8772/ 333 91011
 91111 92982=
 22887 41599 81603 11067 21091 30100 40173 57006 70282 8695/
 333 86920=
 22876 41597 81904 11061 21086 30085 40160 58002 70282 889// 333
 88931=
 22481 41598 71906 11052 21059 39989 40043 52004 73673 85570 333
 91111=
 22854 41397 81805 11068 21078 39799 40095 58024 77172 8872/ 333 87707
 91010 91111=
 22781 NIL=
 22676 41498 81805 11064 21086 30024 40103 57001 70232 885// 333
 91111=
 22648 NIL=
 22559 41697 81804 11043 21059 30034 40051 58003 77873 8252/ 333
 91111=
 22869 41497 81904 11068 21083 30001 40154 58013 70282 889// 333 85914=
 22768 41597 82005 11064 21090 30060 40111 57015 73673 885// 333 88625
 91111=
 22798 41497 81904 11078 21099 30051 40168 57002 70287 8695/=
 22375 46/// /2008 11048 39995 40011 52002=
 23207 41498 82103 11065 21083 30012 40035 52007 72452 886//=
 23215 NIL=
 23219 NIL=
 27095 86/// /1905 11063 21070 30009 40247 57004 333 91110=
 22408 42399 82105 10011 21004 39800 49947 52009 886// 333   88709=
 22511 41498 81903 10005 21019 39839 49959 52006 70272 886// 333  
 88614=
 22529 41599 72105 11027 21053 39988 49995 57003 70232 83532 333  
 91111=
 22602 42475 82003 11013 21013 39748 49972 52008 885// 333   88614=
 22621 83570 /1805 11034 21054 39858 49999 57001=
 22619 41357 81601 11035 21049 39836 49996 54000 78582 889// 333  
 88909=
 22721 41393 81201 11031 21035 39913 40012 57008 78682 889// 333  
 85708=
 22727 86547 /1504 11021 21034 39973 40021 57005=
 22717 83/57 /1803 11021 21032 39809 40003 57003=
 22802 41496 82101 11001 21005 39976 49999 52007 72682 889//=
 22820 41456 62105 11019 21043 39883 40020 57007 78087 85930 333  
 91010 91112=
 22831 41422 81903 11036 21051 39997 40053 57005 78582 889// 333  
 88910=
 22805 41496 82106 10014 20013 39989 40009 53016 71072 886// 333  
 91010 91112=
 22912 41481 82007 11008 21021 30016 40031 52002 73673 8802/ 333  
 88516 91012 91112=
 
