15:31:00 MSK 02.05.2023
020 123456/=о000=1231
 унту01 бтул 021200
 22686 82498 32405 10115 21044 30092 40188 51018 83100 333 91110 555 11013=
 22695 42698 52505 10104 21069 30028 40177 52018 85100 333 85843 91111
 555 1/015=
 22996 42599 63601 10121 20000 30032 40213 51011 83106 555 12019=
 23220 41597 81806 10043 20003 39974 40114 52020 70282 885// 333 91114
 555 1/001=
 23226 41450 81812 10026 20007 39884 40096 53011 76062 885// 333 88614 
 91016 91118 555 1/100=
 23305 41799 52406 10059 21011 30115 40142 52041 70282 82231 333 91012
 91115 555 1/000=
 23320 86/// /2405 10048 20032 30070 40142 53046 333 91112=
 23324 41456 82404 10042 20034 30054 40130 52039 75052 886// 333 88713
 555 1/000=
 23405 41580 52404 10074 21042 30065 40162 52035 
 70282 85100 333 85830 91010 91111 555 1/000=
 23410 86/// /2307 10063 21010 30046 40141 52044 333 91013 91114 555 50050 53014=
 23411 41499 52508 10068 21030 30057 40144 51040 70286 85900 333
 91013 91114 555 1/001=
 23412 42699 72706 10058 21006 30051 40146 52047 83530 333 91011 91114 555 1/000=
 23416 NIL=
 23418 41665 62404 10079 21003 30091 40163 52041 70262
 86500 333 86638 91111 555 1/102=
 23501 NIL=
 23503 42598 62803 10075 21033 30125 40174 51039 84930 333 91112 555 1/001=
 23507 86/// /2804 10072 21031 39875 40180 51030 333 91111=
 23509 42598 42604 10084 21033 30109 40185 53034 84200 333 91111 555
 1/000=
 23514 41697 72504 10079 21007 39985 40177 52035 70282 86801 333 84840 91111 555 1/000=
 23518 42/// /2704 10076 20008 30087 40177 51038 555 1/004=
 23606 41662 72803 10088 21004 30031 40194 52029 70282 86501 333 86638 555 1/003=
 23612 NIL=
 23701 41699 32504 10108 21012 30078 40204 52022 70281 83200 555
 11017=
 23704 86/// /2503 10103 20015 39926 40039 55004 555 53009=
 23707 82598 62403 10110 21004 30077 40205 52020 84404 555 12014=
 23708 42584 82602 10097 20008 30067 40213 51019 83231 555 12014=
 23709 42598 82803 10077 20009 30027 40216 52028 889// 333 85928 555 12011=
 23711 42498 72602 10094 20022 30030 40196 52033 85970 333 85917 555
 1/011=
 23803 42599 83103 10077 20003 30047 40224 51028 8696/ 333 86926 555 12008=
 23804 82697 83002 10109 20005 30067 40208 52016 84101 555 12013=
 23807 42/// /3002 10117 20010 30056 40212 51013 555 1/017=
 23808 86/// /3402 10091 20017 30054 40219 51017=
 23812 41596 83203 10113 20045 30033 40191 53033 78082 889// 555 1/009=
 23904 42670 80202 10112 20019 30063 40215 51011 8151/ 555 11017=
 23905 41599 83203 10110 20026 39989 40210 52022 70262 82519 555
 11016=
 23909 41598 83102 10129 20076 39962 40198 52018 72582 8635/=
 23912 41597 83402 10111 20085 30010 40196 53039 78082 8695/ 333 91113
 555 11011=
 23913 41599 83501 10129 20114 39955 40175 51027 72598 889// 333 93202
 555 12007=
 23914 81498 83204 10122 20080 39940 40188 52032 78082 8792/ 333
 91111=
 28013 41598 83202 10116 20083 39976 40199 51028 72582 889// 555
 11013=
 28016 41598 83203 10122 20096 39985 40202 53025 72582 889// 555
 11014=
 28029 41599 63203 10169 20135 39963 40170 52019 72581 85570 333 91118
 91827 555 12020=
 28116 41498 83304 10144 20127 39972 40192 52027 78082 8691/=
 28128 42599 82903 10220 20100 30026 40169 52013 82939 555 11023=
 28134 42698 82402 10257 20061 39831 40153 54000 84285 555 10026=
 28138 42999 31805 10234 20020 39639 40164 57003 80001=
 28216 41599 72902 10198 20142 39893 40172 50013 72998 83901 333 91114
 555 11025=
 28222 42598 82501 10256 20080 39981 40161 52005 8685/ 555 11023=
 28224 42770 72205 10268 20019 39962 40157 52002 85589=
 28234 42997 22004 10278 21047 39906 40161 56007 80001 333 91012 91112
 555 10033=
 28238 42999 22205 10268 21026 39889 40168 57004 80001 333 91113 555
 10037=
 28313 42598 62302 10258 20069 39985 40162 50004 83831 555 10032=
 28319 42898 52003 10263 20029 30012 40162 58002 85050=
 28321 42599 72104 10262 20049 39973 40160 54001 83131=
 28324 42798 62005 10272 21029 30052 40163 54001 80005 333 91111 555
 10034=
 28326 42898 32305 10268 21028 39994 40165 54000 82031 333 91111 555
 10033=
 28413 42599 82003 10271 21008 30047 40159 54001 81545 555 10037=
 28428 42998 82106 10268 21042 30003 40173 57002 80001 333 91010 91112
 555 10034=
 28429 42998 72004 10256 21014 39798 40178 57003 80001 333 91110 555
 10036=
 22983 42598 62802 10133 21033 30109 40211 52005 82465 333 91004 91107
 555 12022=
 27083 42599 60502 10116 21007 39995 40211 52006 82109 333 91003 91107
 555 12016=
 27097 42598 83502 10114 20021 39960 40215 52006 81109 333 91004 91105
 555 12016=
 27185 42698 80202 10119 20031 30040 40219 52005 86505 333 91004 91106
 555 11017=
 27199 41598 83501 10127 20042 30021 40212 52011 70262 8651/ 333 91003
 91108 555 11015=
 27281 42482 70602 10113 20037 30021 40223 52008 85571 333 91003 91108
 555 12017=
 27283 42598 83403 10121 20037 30068 40219 52012 8517/ 333 91004 91108
 555 11015=
 27295 42598 83501 10119 20025 39970 40215 52009 885// 333 91003 91107
 555 11012=
 27296 41559 80202 10110 20062 39997 40208 52009 78082 889// 333 91004
 91107 555 11013=
 27385 425// 80302 10135 20032 30085 40210 52008 8455/ 333 91004 91108
 555 11016=
 27393 41497 80201 10102 20087 30048 40214 52009 76162 8672/ 333 91002
 91107 555 11012=
 27480 42598 80604 10145 20044 30086 40210 52009 8753/ 333 91006 91107
 555 11022=
 28007 41599 83603 10116 20030 39957 40212 51010 70282 8632/ 333 88922
 91005 91107 555 11014=
 28009 41598 83402 10088 20059 30012 40218 52023 70286 885// 333 91004
 91105 555 11012=
 28105 41498 80401 10110 20044 30016 40211 51012 70265 885// 333 91004
 91105 555 11014=
 28202 41575 83602 10106 20081 39989 40204 51014 70282 8697/ 333 91005
 91107 555 11013=
 28302 41598 83502 10137 20072 39977 40197 51007 70262 889// 333 91004
 91105 555 10019=
 28307 41498 82801 10113 20088 30067 40207 53009 78082 889// 333 91003
 91105 555 11014=
 28402 41598 83204 10150 20097 30016 40187 57004 70286 86871 333 91006
 91107 555 11022=
 28502 42598 83404 10183 20097 30080 40179 57005 82931 333 91007 91108
 555 11028=
 22550 82597 72004 10107 21032 30130 40140 52004 85271 333 91110 555
 11012=
 22778 42598 52103 10130 21029 30128 40195 52005 85500 555 12017=
 22889 42598 22902 10130 21034 30127 40211 51007 82104 555 12022=
 22762 42698 32203 10134 21053 30138 40176 54001 83100 333 91110 555
 1/017=
 22638 46/// /2002 10052 20020 39906 40129 57006=
 22671 42/// /2203 10108 21020 30089 40166 52011 555 1/000=
 22456 42598 62504 10091 21025 30048 40133 51017 86501 333 91111 555
 1/100=
 22583 42598 52505 10093 21037 30087 40166 51024 85800 333 91112 555 1/000=
 22749 42598 72007 10126 21039 30035 40155 57011 86970 333 91011 91114
 555 11012=
 22951 42998 42205 10130 21047 39908 40180 52003 80002 555 1/017=
 22887 42699 62302 10126 21014 30140 40208 52007 83501 555 10022=
 22876 42597 42303 10138 21037 30132 40202 52004 84100 555 12020=
 22481 42598 32303 10082 21031 30087 40139 52027 82101=
 22854 42/// /2004 10121 21041 39890 40170 57010 333 91111 555 1/019=
 22781 NIL=
 22676 42498 52504 10108 21043 30100 40176 52011 85200 333 91112 555
 11012=
 22648 42498 81906 10108 21037 30102 40147 58006 8697/ 333 86910 91114
 555 11010=
 22559 42598 62404 10119 21046 30135 40151 50005 83201 333 91111 555
 12015=
 22869 42697 22003 10130 21041 30058 40201 54001 82100 555 12014=
 22768 42697 32104 10127 21042 30135 40183 57002 83800 555 11020=
 22798 42598 32601 10122 21015 30098 40207 52016 82801 555 11015=
 22375 NIL=
 23207 41499 82507 10045 20002 30088 40110 52043 70282 885// 333 91012
 91115 555 1/000=
 23215 41698 72208 10021 21002 30012 40101 52037 70286 87400 333 87634
 91010 91111 555 1/001=
 23219 NIL=
 27095 86/// /2903 10119 20017 30000 40222 51008=
 22408 42599 81403 10064 21016 39939 40085 57006 8697/ 333   86928
 555   1/000=
 22511 42598 81503 10060 21009 39968 40087 57005 8791/ 555   1/000=
 22529 41568 81704 10059 20019 30109 40116 52003 78082 889// 333  
 88928 91112 555   12007=
 22602 41358 81202 10026 20016 39856 40079 57009 76162 8872/ 333  
 88509 555   1/001=
 22621 83470 /1504 10045 20029 39965 40103 57009 555   1////=
 22619 41980 81502 10045 20032 39936 40093 57011 70282 8807/ 555  
 1/008=
 22721 41598 81301 10036 20015 30011 40109 57012 78082 8791/ 333  
 85921 555   11008=
 22727 86/70 /1306 10102 20035 30061 40107 57024 555   1////=
 22717 83/70 /1804 10103 20032 39895 40082 57020 333   91011 91111
 555   1////=
 22802 41699 71604 10100 20034 30045 40068 57023 70282 82534 555  
 12015=
 22820 41970 71806 10129 20019 39976 40107 57022 70262 82031 333  
 91011 91111 555   11018=
 22831 41698 71402 10073 20041 30093 40147 57009 72582 82930 555  
 12010=
 22805 42598 81408 10045 20017 30054 40074 57021 8551/ 333   91112
 555   11013=
 22912 41599 71905 10148 20029 30090 40104 57022 70286 81431 333  
 91110 555   12014=
 
