21:31:00 MSK 09.12.2023
020 123456/=о000=1831
 унту01 бтул 091800
 22686 42998 00000 11286 21315 30392 40508 57005=
 22695 42/// /0000 11273 21314 30324 40501 57002=
 22996 42/// /2001 11204 21219 30284 40493 57005=
 23220 41596 80000 11148 21165 30302 40457 52004 77172 887// 333 84621=
 23226 41460 83601 11128 21141 30223 40455 52006 70282 885// 333 88614=
 23305 42984 31802 11271 21300 30470 40502 58001 80005=
 23320 66/// /2202 11141 21150 30389 40468 52002 60002 333 11137=
 23324 41476 81101 11133 21149 30381 40465 53004 70272 886// 333 88714=
 23405 42997 00000 11286 21310 30392 40508 57002=
 23410 66/// /2603 11137 21160 30370 40475 54001 60002 333 11135=
 23411 41998 82701 11161 21176 30391 40490 54000 77172 8802/=
 23412 41998 83202 11140 21157 30374 40480 52002 77172 8807/=
 23416 NIL=
 23418 41460 80000 11147 21160 30402 40483 52002 77172 
 8652/ 333 86615=
 23501 NIL=
 23503 41998 30000 11315 21352 30447 40506 57003 70271 82031=
 23507 NIL=
 23509 41398 33201 11173 21207 30414 40500 58001 80001=
 23514 41597 82901 11168 21186 30274 40491 53001 77172 885// 333 88632=
 23518 41596 80000 11182 21208 30382 40484 54000 77172 885// 333 88631
 555 53004=
 23606 41560 83001 11169 21190 30311 40496 57003 77172 8652/ 333 86632=
 23612 NIL=
 23701 41977 60000 11208 21230 30364 40510 57002 72222 82025=
 23704 66/// /3601 11191 21204 39024 49139 57006 60002 333 11181=
 23707 81598 80000 11182 21202 30348 40495 57001 77172 8651/ 333 86630  93628=
 23708 42984 80101 11171 21195 30333 40499 57001 8007/=
 23709 41597 82401 11174 21202 30282 40496 57002 77172 885// 333 88627=
 23711 41597 80000 11163 21184 30296 40483 58003 77072 8657/ 333 86630=
 23803 41497 80000 11186 21220 30305 40506 54000 77172 8802/ 333 88515=
 23804 41596 80000 11180 21200 30333 40495 57002 77172 8652/ 333 86629=
 23807 41996 81301 11197 21208 30319 40500 57002 77172 8802/=
 23808 86/// /1301 11194 21206 30317 40506 54001=
 23812 41496 80000 11190 21216 30308 40489 58003 77172 8672/ 333 934//=
 23904 41574 81001 11204 21224 30327 40504 57004 70272 885// 333 88623=
 23905 42899 80000 11208 21231 30250 40506 57001 8802/ 555 51217=
 23909 41497 82701 11206 21229 30227 40503 57003 77172 8652/ 333
 93605=
 23912 41598 80000 11205 21229 30277 40493 57004 77172 8252/ 555
 51233=
 23913 42999 80101 11223 21260 30234 40493 57005 8802/ 555 51241=
 23914 81497 83002 11201 21223 30202 40490 57005 77172 8652/=
 28013 41897 82702 11208 21238 30239 40499 57005 77172 8802/ 555
 51232=
 28016 42/// /3101 11209 21227 30251 40504 57003 555 51227=
 28029 42899 30000 11256 21283 30242 40494 57005 83020 555 51254=
 28116 41496 83501 11218 21242 30240 40501 57003 77172 8872/=
 28128 41896 63301 11262 21290 30325 40502 57002 77172 86020 555
 51256=
 28134 42998 00000 11303 21333 30093 40503 57002 555 51285=
 28138 43/// /0000 11259 21292 39834 40482 52001=
 28216 41896 80101 11235 21265 30163 40502 57004 77172 8802/ 555
 51269=
 28222 42/// /0000 11285 21316 30276 40503 57002 555 51266=
 28224 41534 60000 11276 21305 30254 40501 57003 77171 86510 333
 93604=
 28234 42997 01501 11301 21344 30176 40501 54000 555 51280=
 28238 41999 82401 11294 21332 30143 40496 54001 70371 80001 555
 51302=
 28313 42/// /3601 11234 21264 30282 40501 57003 555 51288=
 28319 41896 80000 11249 21276 30313 40501 58004 77172 8802/=
 28321 41896 83401 11243 21271 30267 40499 57004 77172 8807/=
 28324 42/// /0000 11288 21321 30361 40501 57004 555 51317=
 28326 42998 20000 11305 21338 30283 40502 57002 80001 555 51296=
 28413 41597 80000 11227 21260 30356 40495 57002 70272 8557/ 555
 51279=
 28428 41596 80000 11259 21292 30283 40496 57004 77172 8802/ 555
 51326=
 28429 42/// /0201 11303 21337 30023 40504 58003 555 51290=
 22983 41980 80000 11202 21224 30373 40492 57009 77872 8805/ 333 91001
 91101=
 27083 42984 80000 11205 21229 30237 40488 57007 8807/ 333 91000
 91101=
 27097 41597 80000 11202 21215 30200 40495 57005 77172 885// 333 91000
 91102=
 27185 42/// /0000 11225 21249 30284 40493 57008 333 91000 91102=
 27199 41596 81001 11220 21244 30273 40497 57003 77172 8252/ 333 91002
 91102=
 27281 42984 71101 11262 21289 30252 40491 57006 87030 333 91003
 91104=
 27283 42497 80000 11234 21259 30316 40494 57006 885// 333 91000
 91100=
 27295 42997 80601 11212 21240 30208 40493 57005 8805/ 333 91002
 91103=
 27296 42997 80000 11225 21256 30247 40494 57003 8807/ 333 91001
 91102=
 27385 429// 00301 11284 21315 30341 40494 57005 333 91002 91103=
 27393 42598 70000 11238 21266 30305 40500 57005 85570 333 91000
 91103=
 27480 42998 80501 11263 21298 30332 40480 57004 80005 333 91002
 91103=
 28007 42999 80000 11224 21249 30206 40503 57006 80005 333 91000
 91102=
 28009 41997 80000 11225 21262 30267 40506 57006 77172 8802/ 333 91001
 91101=
 28105 42998 80601 11233 21266 30281 40501 57003 8802/ 333 91001
 91102=
 28202 41596 80000 11232 21262 30245 40497 58005 77172 885// 333 91000
 91101=
 28302 42997 80401 11221 21251 30235 40494 57003 8802/ 333 91001
 91102=
 28307 42498 80000 11246 21278 30330 40497 57004 885// 333 91000
 91101=
 28402 41963 80401 11247 21274 30288 40494 57005 77172 8807/ 333 91001
 91102=
 28502 42997 00000 11354 21400 30377 40501 55002 333 91000 91102=
 22550 82970 01304 11235 21261 30405 40417 57011=
 22778 42998 01401 11262 21290 30406 40486 57004=
 22889 42997 00801 11255 21279 30397 40497 57007=
 22762 42997 71301 11255 21280 30420 40465 57003 8003/=
 22638 46/// /1402 11221 21245 30119 40371 57008=
 22671 42998 01701 11255 21282 30382 40473 57002=
 22456 42997 61702 11229 21270 30326 40424 57009 80001=
 22583 42998 00000 11290 21320 30405 40499 57004=
 22749 42498 21402 11214 21234 30266 40406 55009 82500=
 22951 42998 01202 11231 21253 30107 40425 57010=
 22887 42697 80000 11210 21228 30416 40494 57003 8655/ 333 86614=
 22876 42997 80000 11221 21239 30405 40488 57008 8805/=
 22481 42998 21201 11308 21338 30413 40475 57006 82030=
 22854 42998 01102 11226 21249 30101 40427 58011=
 22781 NIL=
 22676 42898 71202 11239 21268 30394 40483 57008 87070=
 22648 42998 01403 11224 21244 30356 40408 57010=
 22559 42998 21201 11232 21258 30419 40438 57009 80001 333 93537=
 22869 42998 00902 11245 21272 30304 40474 57005=
 22768 42997 10701 11283 21314 30401 40460 57003 80001=
 22798 42497 80000 11199 21218 30374 40500 57005 885//=
 22375 46/// /1806 11232 21258 30422 40439 57011=
 23207 NIL=
 23215 41398 82703 11114 21135 30370 40467 5//// 70287 886//=
 23219 NIL=
 27095 NIL=
 22408 11557 81302 11173 21191 30147 40311 57014 69932 78582 883//
 333   11169 88922 93505=
 22511 11258 81402 11161 21180 30180 40312 57014 69942 77172 8672/
 333   11161 86705 93506=
 22529 /1301 11194 21216 30344 40352 57008 60002 333   11188=
 22602 11458 81302 11140 21156 30053 40296 57014 69942 77072 885//
 333   11140 88614 93503=
 22621 12298 81202 11176 21195 30187 40341 57004 69962 886// 333  
 11176 88706=
 22619 NIL=
 22721 11396 81303 11167 21184 30233 40341 57009 69982 77187 8872/
 333   11158 85708=
 22727 12466 81406 11102 21117 30274 40325 57006 60002 886// 333  
 11087 88710 91010 91112=
 22717 12598 80901 11162 21183 30092 40307 57014 69922 885// 333  
 11154 88632=
 22802 11496 80806 11128 21144 30254 40279 57018 69922 78587 8692/
 333   11127 86911=
 22820 12798 71105 11176 21204 30177 40327 57009 60002 80030 333  
 11151=
 22831 12997 20902 11206 21233 30304 40366 57005 60002 82030 333  
 11195=
 22805 115// 81312 11063 21066 30243 40269 57016 60012 73732 885//
 333   11051 91015 91115=
 22912 12984 31103 11163 21187 30288 40305 57010 60002 83030 333  
 11142=
 
