03:31:00 MSK 09.04.2023
020 123456/=о000=0031
 унту01 бтул 090000
 22686 42998 00000 11066 21091 30164 40268 52003 555 1/109=
 22695 42998 02801 11019 21134 30092 40249 53002 555 1/109=
 22996 42998 01901 11036 21097 30094 40291 57004 555 1/107=
 23220 41598 81905 11036 21049 39937 40081 57041 70273 885// 555 1/104=
 23226 41457 81909 11050 21060 39858 40075 57034 73873 885// 333 88615 
 91013 91114 92985 555 1/106=
 23305 42/// /2705 10014 20006 30153 40181 55002 333 91110 555 1/100=
 23320 86/// /2404 11008 21086 30054 40127 57018=
 23324 42680 82403 10002 21052 30031 40108 57023 885// 333 88636 555
 1/102=
 23405 42497 82703 10019 21015 30101 40200 57004 885//
 333 88618 555 1/101=
 23410 86/// /2507 10012 21041 30045 40141 57013 333 91014 91114 555 53014=
 23411 42599 82705 10019 21016 30071 40160 57012 885// 333 91113
 555 1/000=
 23412 42999 72806 10014 21030 30047 40144 57013 87030 333 91110 555 1/101=
 23416 NIL=
 23418 42665 72603 10012 21080 30097 40171 57012 87500
 333 87641 555 1/103=
 23503 42/// /2803 10012 21053 30148 40198 58006 555 1/102=
 23507 86/// /3003 11005 21058 39917 40232 57002=
 23509 42/// /2201 11045 21095 30138 40219 54000 555 1/109=
 23514 42597 62502 11016 21112 30000 40200 56003 82531 555 1/106=
 23518 42/// /2602 11010 21096 30093 40186 56012 555 1/105=
 23606 42960 22602 11023 21092 30057 40227 57002 82030 555 1/106=
 23612 NIL=
 23701 42/// /1901 11048 21115 30125 40259 57002 555 1/110=
 23704 86/// /2301 11051 21096 39926 40039 55004 555 53007=
 23707 82998 02602 11035 21114 30127 40263 57004 555 1/109=
 23708 42/// /2502 11024 21148 30105 40258 57005 555 1/108=
 23709 42998 02504 11012 21148 30053 40250 57007 555 1/106=
 23711 42998 22703 10004 21130 30049 40221 57010 80001 555 1/106=
 23803 42999 02601 11031 21156 30081 40266 58007 555 1/111=
 23804 82997 02301 11008 21127 30118 40267 58005 555 1/109=
 23807 42/// /2002 11053 21085 30112 40280 57006 555 1/108=
 23808 86/// /0000 11075 21099 30104 40281 57007=
 23812 42997 02602 11023 21123 30074 40240 57012 555 1/107=
 23904 42973 00000 11076 21085 30125 40290 57005 555 14102=
 23905 42999 02602 11031 21139 30048 40282 57006 555 1/109=
 23909 42998 12402 11007 21154 30027 40278 57006 80001=
 23912 42998 11401 11061 21080 30068 40268 57007 80001 555 1/108=
 23913 42999 30000 11056 21077 30030 40268 57010 83040 555 1/107=
 23914 82899 22703 10008 21135 30003 40263 57009 81041=
 27095 86/// /1201 11060 21078 30071 40310 57002=
 28013 42898 22503 10003 21157 30041 40276 57005 82070 555 1/101=
 28016 42/// /0000 11043 21085 30056 40289 57003 555 1/105=
 28029 42999 01501 11031 21073 30048 40274 57005 555 1/104=
 28116 42999 00000 11038 21094 30052 40290 57003=
 28128 42999 02101 11043 21063 30128 40287 57002 555 1/106=
 28134 42998 01701 11043 21088 39923 40286 57004 555 1/106=
 28138 43/// /2301 11034 21112 39700 40283 57003=
 28216 42999 02502 10007 21137 39991 40294 57002 555 14102=
 28222 42/// /1701 11021 21091 30088 40288 57003 555 1/103=
 28224 42970 01801 11032 21107 30069 40289 57004=
 28234 42998 01401 11011 21148 30001 40286 57003 555 14105=
 28238 42999 00000 11052 21097 39975 40290 57002 555 1/105=
 28313 42/// /0000 11056 21077 30103 40303 54000 555 1/102=
 28319 42999 00000 11045 21086 30134 40304 54000=
 28321 42999 32402 11029 21081 30086 40296 54000 80001=
 28324 42/// /0000 11066 21098 30173 40300 54000 555 1/104=
 28326 42998 20000 11063 21096 30100 40295 54000 80001 555 14103=
 28413 42999 00000 11036 21097 30178 40305 54001 555 14103=
 28428 42999 00000 11052 21098 30108 40301 54001 555 14102=
 28429 42/// /0501 11051 21103 39877 40305 54001 555 1/105=
 22983 42984 30000 11077 21090 30179 40290 57003 80005 333 91000 91101
 555 1/109=
 27083 42984 00000 11061 21077 30062 40294 57004 333 91000 91101 555
 14102=
 27097 42/// /0000 11056 21087 30030 40303 57002 333 91000 91101 555
 1/101=
 27185 42/// /0000 11060 21079 30114 40306 57002 333 91000 91101 555
 1/101=
 27199 42998 32601 11033 21118 30101 40305 57001 80001 333 91001 91101
 555 14107=
 27281 42984 50000 11036 21085 30091 40306 57001 80001 333 91000 91102
 555 14104=
 27283 42997 01801 11046 21070 30144 40306 54000 333 91001 91101 555
 14101=
 27295 42/// /0000 11037 21097 30050 40311 54001 333 91000 91101 555
 1/101=
 27296 42997 02001 11048 21076 30080 40306 57001 333 91001 91102 555
 14100=
 27385 429// 60000 11056 21070 30173 40307 54000 86030 333 91000 91101
 555 14102=
 27393 42998 22302 11038 21097 30136 40313 54000 80001 333 91002 91102
 555 1/106=
 27480 42998 60000 11050 21079 30175 40309 54000 80001 333 91000 91102
 555 14101=
 28007 42999 02602 10010 21145 30030 40297 57002 333 91004 91104 555
 1/100=
 28009 42998 02701 11040 21106 30084 40301 57001 333 91001 91102 555
 14104=
 28105 42998 00000 11064 21088 30096 40305 57002 333 91000 91100 555
 14105=
 28202 42997 02302 11024 21095 30075 40303 58001 333 91003 91103 555
 1/106=
 28302 42997 00000 11049 21088 30072 40310 54000 333 91000 91101 555
 14101=
 28307 42998 11401 11048 21082 30160 40310 52001 80001 333 91001 91102
 555 14103=
 28402 42984 22101 11018 21137 30122 40306 52001 80001 333 91001 91102
 555 14103=
 28502 42997 00000 11066 21102 30201 40310 52003 333 91000 91102 555
 14106=
 22550 82973 52701 11055 21063 30270 40281 52002 80001 555 1/108=
 22778 42998 00000 11085 21097 30210 40283 52002 555 1/110=
 22889 42/// /0000 11079 21081 30196 40287 57003 555 1/107=
 22762 42998 00000 11059 21079 30241 40282 54001 555 1/106=
 22638 46/// /0301 11082 21097 30062 40300 52003=
 22671 42/// /0000 11079 21083 30191 40274 52003 555 1/114=
 22456 NIL=
 22583 42998 02702 11002 21051 30166 40248 54000 555 1/104=
 22749 42/// /0000 11073 21088 30160 40291 54000 555 1/110=
 22951 42/// /0000 11064 21096 30005 40300 57002 555 1/111=
 22887 42997 21402 11034 21062 30216 40289 52002 80001 555 1/105=
 22876 42/// /2401 11014 21103 30203 40278 57003 555 1/101=
 22481 42/// /2602 10005 21027 30190 40244 52002 555 1/101=
 22854 42/// /0000 11058 21093 39997 40298 54000 555 1////=
 22781 NIL=
 22676 42998 00000 11070 21087 30192 40273 52003 555 1/109=
 22648 42998 11001 11049 21063 30244 40292 52003 81030 555 1/106=
 22559 42/// /2301 11046 21069 30266 40284 52003 555 1/102=
 22869 42998 00000 11037 21090 30138 40292 57002 555 1/110=
 22768 42997 02201 11067 21085 30232 40284 52001 555 1/109=
 22798 42998 00000 11079 21112 30155 40273 58004 555 1/110=
 22375 NIL=
 23207 NIL=
 23215 42/// /2510 11007 21014 39996 40086 57030 333 91016 91116 555
 1/101=
 23219 NIL=
 22408 42984 33302 11041 21062 30152 40307 52009 83030 555   1/110=
 22511 42984 60000 11067 21076 30175 40302 52007 84031 555   1/112=
 22529 42598 12401 11076 21086 30281 40288 52004 81500 555   1/110=
 22602 42977 02301 11074 21087 30067 40304 52006 555   1/113=
 22621 83970 /3601 11034 21057 30149 40294 52003 555   1////=
 22619 42998 63001 11041 21074 30125 40291 52004 80005 555   1/103=
 22721 42997 33002 11047 21068 30189 40291 52004 80002 555   1/107=
 22727 86/70 /0000 11050 21065 30238 40288 52002 555   1////=
 22717 83/70 /0000 11046 21075 30087 40288 52001 555   1////=
 22802 42998 60000 11039 21053 30254 40278 54000 81032 555   1/107=
 22820 42998 01602 11046 21073 30145 40287 52002 555   1/102=
 22831 42997 00000 11065 21080 30227 40285 52001 555   1/109=
 22805 425// 53501 10004 21047 30258 40278 54000 82501 555   1/105=
 22912 42984 00000 11049 21059 30256 40272 54000 555   1/107=
 
