18:31:00 MSK 27.08.2023
020 123456/=о000=1531
 уйту01 бтул 271500
 22686 61598 73202 10100 20075 39972 40068 53012 60022 70282 82975 333 10123 555 50082 53007=
 22695 12598 73503 10104 20037 39903 40050 52012 60002 86531 333 10121
 555 50084 53010=
 22996 61598 33602 10084 20079 39848 40027 52013 60042 70181 82960 333 10104 555 50084 53008=
 23220 12599 70000 10098 20062 39893 40029 52010 60002 82530 333 10119 555 50087 53008=
 23226 12660 82302 10095 20070 39822 40028 52011 69902 8395/ 333 
 10110 555 50086 53010=
 23305 12699 83404 10111 20092 30027 40053 52008 60012 8553/ 333 10117
 555 50089 53008=
 23320 76/// /0000 10095 20074 39961 40031 52008 333 60002 555 50082 53007=
 23324 12584 52401 10095 20067 39957 40031 52011 60002 82972 333 10115
 555 50083 53007=
 23405 11570 83101 10099 20093 39960 40056 52010
 69932 72582 8295/ 333 10123 555 50082 53008=
 23410 76/// /1702 10090 20081 39933 40026 52004 333 60002=
 23411 11499 83303 10094 20084 39948 40034 52007 60022 72582 889// 333
 10110 555 50075 53007=
 23412 11499 82401 10098 20094 39935 40028 52005 60022 70262 887// 333 10100 85710 555 50074 53006=
 23416 NIL=
 23418 12965 23002 10106 20049 39963 40034 52005 69902 82030
 333 10122 555 50087 53005=
 23503 11598 83301 10102 20087 39996 40044 52005 69952 78082 8695/ 333 10119 86921 555 50086 53006=
 23507 66/// /3602 10089 20068 39758 40057 52011 60002 333 10110 555 50073 53009=
 23509 12598 63601 10107 20067 39971 40047 52010 69982 83930 333 10124
 555 50094 53004=
 23514 12597 63201 10069 20050 39852 40043 52008 69952 82489 333 10114 555 50075 53007=
 23518 62598 33402 10099 20061 39944 40032 52010 69952 83100 333
 10131=
 23606 11662 53602 10080 20080 39881 40041 52017 69982 72582 82930 333 10118 555 50083 53009=
 23701 11699 70103 10096 20062 39928 40052 52018 69992 72581 86930 333
 10120 86941 91110 555 50087 53010=
 23704 76/// /3601 10100 20090 39733 49844 58035 333 60002 91112=
 23707 61498 63603 10094 20074 39911 40038 52016 60022 72582 82930 333 10119 555 50085 53010=
 23708 11498 63602 10086 20070 39887 40031 52015 60032 70282 82930 333
 10109 555 50082 53007=
 23709 61598 73503 10098 20068 39841 40025 52012 60032 70282 86330 333 10105 555 50081 53006=
 23711 11498 60101 10097 20079 39863 40025 52009 60022 70282 84980 333 10120 555 50081 53004=
 23803 11599 70000 10105 20071 39849 40020 53015 60042 70282 87900 333
 10108 555 50081 53005=
 23804 61497 73502 10085 20073 39890 40030 52016 60032 70282 82931 333 10111 555 50085 53006=
 23807 61497 63402 10086 20079 39877 40032 53014 60032 70282 83930 333 10108 555 50081 53009=
 23808 66/// /3202 10086 20072 39859 40020 52010 60002 333 10099=
 23812 21597 70000 10090 20076 39866 40022 52010 60022 70282 83535 333
 10117 555 50085 53004=
 23904 11570 73402 10093 20087 39871 40021 52010 60042 70282 86302 333
 10103 86924 555 50076 53006=
 23905 61599 83201 10082 20072 39795 40014 52007 60032 70262 85401 333
 10091 555 53005=
 23909 61497 80000 10081 20073 39775 40010 52004 60082 78082 883// 333
 10098=
 23912 61597 80601 10084 20076 39832 40017 52005 60042 72582 84931 333
 10114 555 53006=
 23913 61599 80000 10093 20083 39799 40018 55001 60072 70282 889// 333
 10120 555 53005=
 23914 61499 70901 10091 20073 39767 40013 52001 69932 70282 85945 333
 10108=
 28013 61397 80802 10087 20073 39785 40006 54000 69982 76186 8872/ 333
 10108 555 53004=
 28016 61598 71601 10088 20080 39788 40003 57002 60022 70282 87900 333
 10105 555 53004=
 28029 61598 80501 10094 20084 39798 40008 57001 60022 78082 889// 333
 10128 555 53005=
 28116 61497 81801 10086 20077 39781 40002 57006 60012 76162 8872/ 333
 10120=
 28128 61599 82701 10103 20067 39862 40008 57002 69952 70262 8302/ 333
 10137 555 53005=
 28134 61597 80000 10093 20081 39677 40013 57002 60032 78022 889// 333
 10125 555 53005=
 28138 12899 81801 10085 20059 39476 40020 52001 60032 8802/ 333
 10109=
 28216 61596 82101 10079 20069 39721 40007 57007 60042 76162 8872/ 333
 10132 555 53007=
 28222 61598 80000 10098 20077 39824 40010 57003 60002 72522 889// 333
 10146 555 53006=
 28224 61665 80000 10098 20086 39806 40009 57006 60052 78082 889// 333
 10141=
 28234 61497 81501 10096 20076 39750 40016 57002 60032 78082 889// 333
 10129 555 53005=
 28238 61899 80000 10089 20073 39729 40020 57003 60042 72582 8802/ 333
 10141 555 53007=
 28313 61597 80000 10087 20074 39825 40010 57009 60062 78082 889// 333
 10141 555 53005=
 28319 61496 82601 10092 20085 39858 40015 57005 60052 76186 8802/ 333
 10141=
 28321 61598 82001 10092 20082 39814 40009 57009 60062 76186 884// 333
 10136=
 28324 61697 83501 10095 20080 39897 40013 56008 60062 76186 8655/ 333
 10146 555 53006=
 28326 61597 72301 10102 20084 39833 40011 57006 60032 78182 87300 333
 10155 555 53009=
 28413 61497 82202 10102 20076 39897 40014 58006 60032 76162 8772/ 333
 10151 91110 555 53010=
 28428 61599 82001 10115 20065 39837 40013 57009 60002 70282 889// 333
 10160 555 53007=
 28429 62598 81801 10108 20077 39625 40018 57007 69952 86901 333 10146
 555 53007=
 22983 11498 63301 10102 20075 39951 40052 52016 60032 70282 83965 333
 10123 91003 91106 555 50088 53006=
 27083 11599 63403 10082 20068 39823 40038 52013 60062 70282 86900 333
 10096 91005 91107 555 50081 53007=
 27097 11498 83203 10079 20074 39781 40034 52010 60062 70282 8693/ 333
 10089 91005 91106 555 50081 53008=
 27185 11598 63102 10084 20070 39865 40043 52010 60072 70282 84301 333
 10101 91004 91108 555 50087 53008=
 27199 11598 73101 10086 20070 39839 40029 52007 60082 70282 86330 333
 10096 91003 91105 555 50090 53006=
 27281 11482 63102 10101 20077 39850 40049 52008 60042 72522 85969 333
 10106 91004 91108 555 50088 53008=
 27283 11498 63203 10087 20073 39889 40039 53008 60052 72582 86900 333
 10102 91006 91109 555 50087 53009=
 27295 11598 83103 10081 20062 39791 40034 52006 60052 70262 885// 333
 10108 91007 91107 555 50088 53009=
 27296 11564 73102 10078 20061 39816 40026 52004 60042 78082 87900 333
 10109 91004 91109 555 50088 53009=
 27385 114// 73203 10102 20071 39921 40044 52008 60072 70282 86730 333
 10122 91005 91109 555 50092 53009=
 27393 11598 63204 10085 20064 39867 40031 53004 60042 72582 86970 333
 10124 91007 91107 555 50094 53010=
 27480 11598 73101 10107 20088 39929 40052 52007 60012 70282 86530 333
 10147 91003 91106 555 50102 53007=
 28007 11599 43403 10075 20059 39769 40022 52007 60072 72581 82301 333
 10090 91006 91107 555 50080 53007=
 28009 11457 83301 10078 20066 39812 40015 52005 60082 78082 889// 333
 10098 91002 91104 555 50078 53005=
 28105 11598 63301 10077 20067 39833 40019 53007 60072 72586 83963 333
 10096 91002 91106 555 50086 53007=
 28202 11559 83302 10077 20063 39796 40009 54000 60072 76162 8802/ 333
 10108 91005 91106 555 50090 53006=
 28302 11598 83002 10077 20066 39793 40014 57005 60042 76162 8802/ 333
 10117 91006 91106 555 50094 53007=
 28307 11498 63004 10088 20059 39889 40028 52001 60052 72586 84901 333
 10133 91007 91110 555 50101 53010=
 28402 11456 83304 10088 20081 39842 40014 57013 60072 76162 886// 333
 10136 91007 91107 555 50097 53007=
 28502 11596 82603 10105 20083 39924 40023 58005 60032 78082 889// 333
 10156 91004 91108 555 50109 53011=
 22550 12697 73502 10125 20080 30098 40108 52006 60002 87900 333 10140
 87643 555 50110 53007=
 22778 12598 73302 10121 20078 30007 40073 52010 60022 83571 333 10135
 555 50093 53010=
 22889 11498 73502 10097 20073 39970 40053 53017 60032 72582 86880 333
 10125 86819 555 50085 53011=
 22762 62/// /3201 10120 20088 30055 40092 52009 69982 333 10140 555
 50099 53007=
 22638 46/// /0301 10108 20084 39904 40122 52007=
 22671 12798 70101 10113 20070 30011 40087 52013 69952 86530 333 10136
 86650 555 55093 53007=
 22456 12597 70601 10102 20078 30025 40110 52013 69952 87500 333 10128
 555 50091 53006=
 22583 11598 73202 10104 20060 30001 40078 52009 69992 70228 86570 
 333 10119 555 50085 53008=
 22749 NIL=
 22951 11498 60101 10114 20083 39829 40099 52006 69952 70282 86130 333
 10128 555 50097 53010=
 22887 11699 53101 10099 20078 39991 40058 52016 60022 72582 82531 
 333 10127 555 50092 53010 =
 22876 12597 23102 10118 20063 39997 40069 52012 60032 82401 333 10132
 555 50094 53008=
 22481 11596 73502 10099 20077 30039 40090 52012 69932 78082 86970 333
 10129 555 50088 53007=
 22854 12599 70102 10120 20063 39824 40101 52008 69912 87500 333 10129
 87633 555 50100 53007=
 22781 NIL=
 22676 12598 73503 10107 20060 30009 40085 52022 69982 83841 333 10130 555 50084 53012=
 22648 NIL=
 22559 62598 70401 10130 20070 30088 40104 52007 69932 84930 333 10136
 555 50104 53008=
 22869 12697 33202 10109 20081 39945 40088 52012 69962 81231 333 10129
 555 50091 53008=
 22768 11597 33502 10129 20080 30041 40089 52007 60032 70181 82501 333
 10131 555 50095 53010=
 22798 11598 33301 10092 20065 39941 40049 52017 69982 70181 82530 333
 10125 555 50088 53009=
 22375 46/// /3604 10096 20056 30088 40102 54010=
 23207 11497 83404 10091 20083 30044 40066 52011 69932 75052 886// 333
 10119 555 50082 53008=
 23215 NIL=
 23219 NIL=
 27095 76/// /3402 10086 20086 39819 40040 53011 333 60002 555 50077 53007=
 22408 22999 71403 10165 20108 39981 40122 57001 87009 333   60002=
 22511 22798 70301 10160 20092 30007 40122 57003 81101 333   60002=
 22529 22599 23502 10133 20085 30122 40129 52006 82502 333   60002=
 22602 22999 60501 10174 20085 39901 40114 57002 80001 333   60002=
 22621 73570 /0401 10130 20087 39992 40126 54000 333   60002=
 22619 22598 70401 10154 20098 39962 40113 54000 82439 333   60002=
 22721 22998 53201 10152 20089 30023 40117 52002 85030 333   60002=
 22727 76970 /0402 10165 20105 30067 40112 52003 333   60002=
 22717 73/70 /0201 10184 20100 39925 40110 57001 333   60002=
 22802 22699 72101 10196 20112 30093 40115 57002 82535 333   60002=
 22820 22770 70301 10168 20107 39982 40111 52001 82531 333   60002=
 22831 22698 70000 10147 20107 30056 40109 52002 83530 333   60002=
 22805 22598 22402 10202 20106 30096 40119 57003 81131 333   60002=
 22912 22599 62902 10184 20107 30098 40112 57001 82341 333   60002=
 
