09:31:00 MSK 21.10.2023
020 123456/=о000=0631
 унту01 бтул 210600
 22686 42498 82506 11010 21036 39991 40091 57027 885// 333 88618 91010 91112=
 22695 42698 82606 11016 21049 39917 40070 57028 8655/ 333 91013 91113=
 22996 41499 72703 11028 21040 39970 40159 57009 70282 85570 333 21033 85613=
 23220 41395 82507 11008 21012 39702 49840 57009 77373 8872/ 333 86707 91012 91114=
 23226 41660 82810 11015 21029 39618 49828 57006 72687 8295/ 333 
 21018 91015 91121 92990=
 23305 41499 82807 10002 20002 39925 49953 56010 72687 883// 333 20000
 91011 91114=
 23320 66/// /2405 11006 21006 39835 49907 57012 60002 333 21012 91113=
 23324 41457 82406 10000 21004 39807 49883 57013 77173 8272/ 333 91010
 91113=
 23405 41470 82604 10002 21009 39885 49984 57016 72672
 889// 333 88914 91012 91113=
 23410 66/// /2305 11004 21014 39826 49921 57011 60002 333 21010 91113=
 23411 41496 82605 10000 21001 39850 49938 57014 77172 8802/ 333 91112=
 23412 41397 82707 11002 21006 39828 49923 57012 77173 8872/ 333 85707 91011 91114=
 23416 NIL=
 23418 41456 82706 11005 21017 39887 49960 57028 77172
 8872/ 333 21010 85713 91012 91112=
 23501 NIL=
 23503 41497 82705 11001 21011 39938 49987 56016 77172 8572/ 333 21008
 85710 91010 91112=
 23507 86/// /2905 11023 21034 39722 40032 58022 333 91114=
 23509 41995 82704 11007 21025 39939 40017 56023 77371 8802/=
 23514 41295 82505 11017 21020 39800 49996 57020 77373 8772/ 333 87705 91010 91112=
 23518 41496 82406 11013 21019 39897 49988 57027 77172 8852/ 333
 84619 91011 91113 555 53013=
 23606 41457 82505 11014 21041 39867 40038 57033 78582 889// 333 85918 91111=
 23701 42599 72505 11019 21039 39959 40089 57030 82960 333 91011
 91111=
 23704 66/// /2505 11021 21029 39416 49528 52015 60002 333 21033=
 23707 82598 82406 11021 21041 39976 40110 57027 885// 333 88621 91010 91111=
 23708 41498 82306 11029 21047 39954 40105 58027 70272 885// 333 88619
 91110=
 23709 41397 82405 11034 21053 39903 40099 57023 70272 886// 333 88708
 91010 91110=
 23711 42698 82404 1//// 2//// 39883 40058 57028 8657/ 333 86637 91111=
 23803 41599 82803 11032 21060 39936 40118 58030 70272 884//=
 23804 82497 82602 11026 21040 39983 40130 57017 8452/=
 23807 41497 82603 11031 21036 39983 40148 58015 70282 8595/ 333 21037
 84614=
 23808 86/// /2304 11030 21048 39968 40139 58016 333 21036=
 23812 82497 82504 11027 21045 39926 40090 58021 8555/=
 23904 41470 72802 11027 21046 39996 40155 57010 70272 87500 333 21031
 87613=
 23905 42599 82702 11027 21055 39913 40144 57009 885// 333 21027=
 23909 41498 82802 11018 21043 39888 40135 57013 70287 883//=
 23912 41598 72604 11023 21043 39927 40121 57013 72687 87900 333
 21025=
 23913 41599 72802 11018 21051 39885 40116 57013 70282 87900 333
 21023=
 23914 81497 72804 11029 21047 39865 40125 57012 78572 87900 333
 21031=
 28013 41398 82803 11020 21047 39902 40135 58010 77072 8872/ 333
 21025=
 28016 41599 73003 11014 21032 39915 40142 57008 70381 87900 333
 21019=
 28029 41599 82703 10000 21052 39908 40129 57010 70282 885//=
 28116 42499 73002 11003 21023 39907 40139 57007 87500=
 28128 42599 73001 10006 21008 39983 40137 57007 85530=
 28134 41598 83501 11009 21036 39780 40133 57008 70272 8653/ 333
 93716=
 28138 42599 82903 11029 21049 39556 40126 5//// 885// 333 21033=
 28216 41598 83502 11001 21009 39844 40143 57004 77172 887// 333
 21004=
 28222 42598 80601 10000 21022 39943 40139 56007 885// 333 21022=
 28224 41570 70202 10011 21023 39924 40137 57004 70272 86580 333
 20002=
 28234 41898 60102 11001 21028 39857 40137 57004 70172 80030 333 21006
 93402=
 28238 41599 83103 10007 21013 39827 40130 57004 72276 885//=
 28313 41598 80102 10009 21004 39948 40141 57003 77172 885//=
 28319 41596 70000 10027 20023 39971 40133 57007 71011 87500=
 28321 41599 80402 10010 21004 39933 40137 57004 70276 8802/ 333
 20004=
 28324 42597 80401 10032 20017 30010 40130 57006 889//=
 28326 41598 70401 10021 20008 39946 40133 57003 70282 87500=
 28413 42597 82601 10032 20020 30010 40131 57008 885//=
 28428 41/93 90000 10011 21003 39949 40134 57008 74542 333 20005=
 28429 42698 52101 10038 20009 39722 40129 57011 82201 333 20006=
 22983 41498 72703 11023 21041 30062 40169 57012 70282 87900 333 91005
 91106=
 27083 41599 83003 11033 21055 39943 40170 57006 70272 885// 333 21035
 91006 91106 93702=
 27097 41498 73003 11028 21031 39904 40171 57005 72271 87900 333 91006
 91106=
 27185 42698 83001 11015 21028 39989 40176 56001 8652/ 333 91002
 91105=
 27199 42598 63101 11010 21031 39966 40166 57005 85570 333 91002
 91104=
 27281 41482 70103 11020 21033 39965 40176 57001 72272 87500 333 91004
 91106=
 27283 41498 80103 11016 21025 30012 40171 57002 72682 889// 333 91004
 91105=
 27295 42598 80103 11026 21036 39913 40169 52002 885// 333 21029 91005
 91105=
 27296 41460 83403 11029 21040 39945 40167 52001 71011 886// 333 21032
 91005 91106=
 27385 414// 80202 11021 21035 30034 40165 52005 77072 8677/ 333 21027
 91005 91107=
 27393 42598 60503 11009 21030 39987 40160 53001 83541 333 21010 91005
 91106=
 27480 42598 80303 11008 21031 30030 40160 52008 885// 333 21013 91006
 91108=
 28007 42599 73302 11022 21042 39897 40163 57007 87500 333 87624 91004
 91105=
 28009 41498 83102 11016 21053 39945 40158 57007 70282 889// 333 91004
 91105=
 28105 42598 80202 11022 21048 39967 40163 58004 885// 333 91003
 91105=
 28202 41563 83602 11019 21035 39933 40157 53001 77111 885// 333 21025
 91004 91105=
 28302 42998 70102 10006 21021 39920 40149 54000 87030 333 91004
 91105=
 28307 42498 83402 10011 21009 30001 40145 50000 885// 333 20010 91005
 91105=
 28402 41498 80102 10014 20004 39959 40138 57003 70262 886// 333 20011
 91005 91106=
 28502 41396 80503 10015 20006 30021 40125 58008 71042 886// 333 91004
 91104=
 22550 82497 82603 10005 21016 30106 40116 57015 886// 333 88710=
 22778 41598 82503 11027 21043 30082 40153 57022 70272 885//=
 22889 42498 72504 11021 21037 30074 40162 57014 87500 333 87616=
 22762 42598 62503 11019 21048 30109 40148 57025 86500=
 22638 46/// /2702 11037 21047 39952 40183 57012=
 22671 41396 82702 11013 21025 30018 40097 57018 78582 889// 333
 86707=
 22456 41497 82802 10010 20010 39998 40086 57008 70282 886//=
 22583 41596 82605 11004 21012 39966 40046 56016 78588 889// 333 91112=
 22749 42998 32503 11035 21040 30062 40190 58015 80002=
 22951 42498 82701 11031 21045 39927 40216 57005 886// 333 21043=
 22887 42499 72403 11029 21036 30096 40167 57011 8653/ 
 333 21029 85712 =
 22876 41497 82403 11024 21035 30089 40163 58018 70282 885// 333 21035
 88617=
 22481 41495 82704 10005 20000 39981 40034 56007 78582 889// 333
 91111=
 22854 42399 52502 11034 21037 39906 40202 57012 82630=
 22781 NIL=
 22676 42498 82605 11014 21045 30023 40101 57020 8667/ 333 91111=
 22648 42698 72703 11026 21028 30123 40170 57017 82530=
 22559 42598 82704 10001 21026 30105 40122 58015 8352/=
 22869 41397 82803 11037 21048 30047 40200 57008 70272 886// 333
 85708=
 22768 42697 62305 11019 21037 30113 40164 57022 83530=
 22798 41498 82303 11022 21040 30011 40125 58024 70282 889//=
 22375 46/// /3307 10030 21010 30006 40021 57006 333 91120=
 23207 41599 62805 10007 21014 39917 49940 57004 71682 85930 333
 91114=
 23215 41498 22607 11011 21021 39780 49867 50002 70281 82900 333 21012
 91011 91114=
 23219 NIL=
 27095 66/// /3202 11027 21027 39946 40179 57005 60002 333 21030=
 22408 12999 23103 11051 21069 30054 40209 57001 60002 82031 333  
 21055=
 22511 12998 12701 11038 21059 30079 40203 57002 60002 80002 333  
 21044=
 22529 12599 10000 11020 21048 30163 40170 57008 60002 81500 333  
 21034 47003=
 22602 12479 42803 11035 21046 39992 40224 57009 60002 82531 333  
 21062=
 22621 12998 02705 11034 21052 30053 40196 57008 69922 333   21055=
 22619 12982 12606 11033 21047 30044 40207 57009 60002 80005 333  
 21046=
 22721 12998 23003 11035 21048 30106 40207 57011 60002 80001 333  
 21055 42997=
 22727 12970 03101 11031 21043 30177 40226 57007 60002 333   21042=
 22717 12998 12601 11057 21273 30036 40241 57005 60002 80001 333  
 21071 45998=
 22802 12999 02401 11044 21049 30224 40248 54000 60002 333   21065=
 22820 12970 22503 11033 21052 30090 40230 57006 60002 80001 333  
 21045=
 22831 12998 20000 11057 21068 30158 40215 57008 60002 80001 333  
 21081=
 22805 12598 20101 10001 21018 30222 40248 52001 60002 82500 333  
 21020=
 22912 12999 03301 11049 21057 30225 40241 52002 60002 333   21087=
 
