00:31:00 MSK 11.12.2023
020 123456/=о000=2131
 уйту01 бтул 102100
 22686 41498 81404 11199 21225 30335 40447 58015 73673 8257/=
 22695 41598 81404 11201 21235 30272 40443 57009 70272 8555/=
 22996 42998 71202 11201 21217 30261 40469 57010 87070=
 23220 41496 81801 11151 21168 30332 40487 57002 77072 887// 333 88617=
 23226 41360 82103 11152 21165 30249 40486 57001 77172 887// 333 86708=
 23305 42/// /1502 11192 21211 30419 40450 57012=
 23320 86/// /2103 11164 21182 30419 40500 54000=
 23324 42580 81902 11138 21163 30408 40493 56001 885// 333 88622=
 23405 42997 31304 11185 21204 30349 40461 57007 83030=
 23410 86/// /1505 11169 21196 30381 40488 57004=
 23411 NIL=
 23412 42999 81503 11167 21187 30378 40485 57006 8805/=
 23416 NIL=
 23418 41560 81501 11200 21219 30418 40501 57004 77172
 8652/ 333 86628=
 23503 42/// /1601 11188 21212 30426 40482 57004=
 23507 NIL=
 23509 NIL=
 23514 41597 81602 11167 21185 30281 40499 57002 77172 885// 333 88625=
 23518 NIL=
 23606 42560 81703 11163 21188 30309 40493 54000 885// 333 88627=
 23704 86/// /1302 11195 21209 39006 49121 58012=
 23701 NIL=
 23707 81998 81604 11201 21223 30333 40481 57001 77177 8802/ 333  93628=
 23708 42/// /1601 11245 21274 30332 40503 54000=
 23709 42598 80000 11179 21208 30290 40504 57003 885// 333 88629=
 23711 42998 31401 11251 21277 30324 40519 53003 82035=
 23803 42999 00000 11250 21292 30307 40513 57002=
 23804 42597 81502 11193 21219 30322 40485 57003 885// 333 88620=
 23807 42/// /1703 11198 21212 30304 40485 57005=
 23808 86/// /1501 11208 21220 30312 40502 57004=
 23812 42997 00000 11289 21325 30334 40523 53004 333 934//=
 23904 42581 40000 11253 21273 30313 40493 57004 84500=
 23905 41899 80000 11233 21257 30243 40502 57003 70272 8802/=
 23909 42998 21002 11217 21239 30230 40507 52001 80001 333 93605=
 23912 42998 01601 11249 21273 30299 40519 52008=
 23913 42999 00000 11322 21363 30276 40547 53013=
 23914 82998 01202 11211 21235 30224 40514 52006 333 93608=
 28013 42998 00000 11230 21263 30247 40510 52003=
 28016 42/// /2001 11244 21265 30253 40510 52004=
 28029 42999 21201 11234 21258 30262 40512 52010 80001=
 28116 42999 00000 11278 21307 30246 40514 52007=
 28128 41998 53201 11295 21325 30340 40520 52010 70172 80001=
 28134 42/98 00000 11286 21315 30119 40527 52013=
 28138 43/// /0000 11282 21319 39876 40532 52010=
 28216 42999 01102 11250 21281 30170 40511 52009=
 28222 42/// /0000 11277 21309 30294 40520 53010=
 28224 41961 02701 11269 21297 30270 40516 52010 77671 333 93604=
 28234 42998 01501 11316 21360 30204 40532 52014=
 28238 42999 02401 11336 21379 30176 40536 52012=
 28313 42/// /0000 11348 21385 30292 40522 52012=
 28319 42998 01001 11327 21359 30322 40517 52010=
 28321 42999 02701 11316 21352 30279 40519 52011=
 28324 42/// /0000 11370 21411 30374 40520 53012=
 28326 42998 20000 11325 21358 30299 40520 52009 80001=
 28413 42998 01201 11268 21304 30361 40502 51008=
 28428 42897 20101 11312 21348 30291 40508 53008 82030=
 28429 42/// /0402 11264 21294 30034 40508 52009=
 22983 41982 81202 11197 21222 30336 40454 57012 70272 8805/ 333 91004
 91105=
 27083 42584 80000 11214 21237 30203 40453 57011 885// 333 91000
 91104=
 27097 42/// /1204 11205 21219 30172 40466 57009 333 91006 91107=
 27185 42/// /1302 11189 21213 30252 40457 57003 333 91003 91108=
 27199 41998 01202 11216 21239 30253 40476 52002 77672 333 91003
 91105=
 27281 41959 81305 11203 21227 30219 40451 57002 77172 8807/ 333 91007
 91109=
 27283 42497 81602 11192 21217 30290 40465 53003 885// 333 91005
 91106=
 27295 42/// /1201 11214 21242 30189 40473 55001 333 91002 91106=
 27296 42997 81302 11218 21247 30230 40476 52001 8807/ 333 91004
 91107=
 27385 429// 30601 11228 21255 30314 40460 57002 80001 333 91002
 91104=
 27393 41598 50801 11224 21250 30289 40483 58001 70272 82575 333 91002
 91104=
 27480 42998 51103 11218 21253 30307 40452 57002 80001 333 91004
 91106=
 28007 42999 00000 11228 21256 30193 40490 57003 333 91000 91102=
 28009 42998 00000 11260 21299 30259 40502 57006 333 91000 91101=
 28105 42998 01001 11225 21255 30266 40486 53001 333 91002 91103=
 28202 42997 01402 11241 21273 30240 40493 53003 333 91002 91103=
 28302 42997 01101 11251 21282 30231 40493 52002 333 91001 91101=
 28307 41998 30901 11233 21261 30312 40476 58001 70271 80001 333 91003
 91104=
 28402 41977 50803 11241 21267 30278 40483 52003 70272 80005 333 91004
 91104=
 28502 42997 80000 11244 21275 30360 40479 52002 80002 333 91000
 91103=
 22550 81958 81405 11160 21189 30312 40323 57019 77173 8801/ 333 91010
 91113=
 22778 42598 81406 11181 21209 30335 40412 57008 8657/ 333 86620 91011
 91111=
 22889 42/// /0903 11200 21218 30365 40468 58007=
 22762 41996 81404 11175 21196 30328 40371 58017 77172 8007/=
 22638 46/// /1503 11158 21182 30034 40277 54010=
 22671 42/// /1603 11185 21208 30299 40386 57019=
 22456 42997 71503 11173 21214 30239 40336 58018 87070=
 22583 42598 71402 11183 21205 30330 40419 57014 875//=
 22749 NIL=
 22951 42/// /1503 11165 21184 30026 40334 57007=
 22887 41597 81003 11184 21210 30361 40439 57006 78588 8695/
 333 86921=
 22876 42997 81204 11183 21206 30348 40429 57007 8805/=
 22481 42/// /1504 11185 21208 30331 40390 57018 333 91110=
 22854 42/// /1404 11167 21188 30016 40332 58016 333 91110=
 22781 NIL=
 22676 NIL=
 22648 NIL=
 22559 42/// /1403 11166 21191 30328 40346 57019=
 22869 42397 81304 11174 21201 30227 40391 57011 8672/ 333 86707
 91110=
 22768 41497 81503 11164 21194 30314 40369 57014 78582 889// 333
 86914=
 22798 41497 81403 11191 21213 30345 40471 57004 77172 885//=
 22375 46/// /1810 11182 21207 30337 40353 54020 333 91114=
 23207 NIL=
 23215 NIL=
 23219 NIL=
 27095 NIL=
 22408 41459 81303 11158 21175 30069 40230 57007 77172 8872/ 333  
 88510 93505=
 22511 41249 81502 11153 21172 30104 40235 57007 77172 8772/ 333  
 87705 93503=
 22529 41496 81603 11141 21168 30259 40266 57009 77172 8872/ 333  
 88516=
 22602 41459 81001 11168 21187 39987 40231 57005 77172 885// 333  
 88612=
 22621 83/47 /1202 11155 21171 30106 40257 57005=
 22619 42998 81501 11159 21178 30077 40249 57002 8805/=
 22721 41396 81501 11134 21150 30150 40256 57006 77172 8872/ 333  
 86709=
 22727 86769 /1402 11147 21177 30208 40260 57002=
 22717 83/64 /1201 11171 21193 30032 40247 57007=
 22802 41496 80804 11121 21134 30194 40219 57007 78583 889// 333  
 88911=
 22820 41997 81502 11159 21190 30109 40257 57005 70272 8807/ 555  
 51161=
 22831 41996 81302 11143 21165 30220 40280 57006 77072 8802/=
 22805 414// 81507 11065 21075 30191 40217 57006 77173 8872/ 333  
 91010 91112=
 22912 41584 81203 11154 21176 30226 40242 57008 70272 885// 333  
 88628=
 
