00:31:00 MSK 16.06.2023
020 123456/=о000=2131
 уйту01 бтул 152100
 22686 82998 13405 10101 21001 30041 40137 53039 80005 333 91112=
 22695 42998 23305 10095 21016 39967 40115 53039 80001 333 91113=
 22996 42/// /2201 10133 20070 39939 40117 57011=
 23220 43/// /2303 10029 20018 39827 49965 57012=
 23226 41460 62404 10016 20005 39754 49965 57015 70362 85930 333 85915=
 23305 42/// /3009 10052 21000 30061 40088 55001 333 91016 91118=
 23320 86/// /2903 10036 21011 39947 40018 54000 333 91112=
 23324 41581 72805 10043 20001 39926 40001 56008 70282 87900 333 86630
 91010 91111=
 23405 42672 73104 10054 21007 30005 40103 52007
 83530 333 91010 91112=
 23410 86/// /2607 10043 21019 39940 40035 57007 333 91012 91115=
 23411 42/// /2804 10038 21001 39975 40063 54001 333 91116=
 23412 42699 32907 10048 21008 39945 40040 57007 82530 333 91012 91112=
 23416 NIL=
 23418 41665 73108 10064 21007 39984 40056 53012 70282
 87500 333 87646 91014 91114=
 23503 NIL=
 23507 86/// /3504 10053 21007 39814 40119 53021 333 91112=
 23509 42/// /3304 10071 21008 30021 40097 55001 333 91113=
 23514 41597 33203 10067 20012 39886 40077 52022 70181 82930 333 91111=
 23518 NIL=
 23606 42960 73404 10099 20022 39924 40084 52029 87060 333 91111=
 23704 86/// /2702 10142 20069 39926 40039 55004=
 23701 42/// /3404 10135 20032 39976 40099 53013 333 91111=
 23707 82998 32703 10136 20062 39957 40083 57013 82041=
 23708 42/// /2304 10138 20044 39935 40077 57020=
 23709 42698 22303 10129 20036 39888 40072 57026 81901=
 23711 42498 62303 10143 20043 39882 40042 57027 82930=
 23803 42999 22402 10117 20074 39916 40088 57022 80005=
 23804 82997 22601 10140 20060 39955 40093 57012 81035=
 23807 42/// /2504 10106 20072 39955 40110 57012=
 23808 86/// /2105 10135 20056 39944 40104 57015=
 23812 42997 02502 10116 20023 39920 40076 56027=
 23904 42980 12001 10059 20056 39969 40123 57010 80001=
 23905 82999 22503 10120 20042 39895 40114 57014 80001=
 23909 82998 12003 10121 20043 39879 40114 57017 80001=
 23912 82998 01301 10053 20037 39921 40110 57018=
 23913 82999 00000 10013 20003 39890 40118 57015=
 23914 82999 02203 10103 20038 39862 40110 57019=
 28013 82998 02003 10117 20032 39896 40118 57013=
 28016 42/// /2101 10078 20059 39909 40128 57010=
 28029 82899 31701 10080 20053 39909 40123 57010 83010=
 28116 82999 20000 10080 20054 39909 40134 57007 80005=
 28128 82999 00301 10062 20058 39983 40133 57006=
 28134 82998 00000 10050 20037 39791 40137 57005=
 28138 43/// /0000 10051 20013 39580 40137 57006=
 28216 82699 60000 10146 20054 39848 40132 57003 86500=
 28222 42/// /0000 10076 20062 39945 40135 57004=
 28224 82870 61301 10092 20058 39927 40134 57002 87070=
 28234 82998 01401 10084 20041 39865 40136 57002=
 28238 82999 12302 10062 20034 39841 40138 54001 80001=
 28313 42/// /0000 10103 20080 39949 40134 54001=
 28319 82898 40401 10099 20087 39974 40131 57002 84050=
 28321 82899 41601 10127 20084 39936 40131 57002 84070=
 28324 42/// /0000 10088 20059 30014 40132 54000=
 28326 82998 41401 10075 20059 39953 40136 57001 80001=
 28413 82999 21201 10130 20081 30013 40130 57002 80001=
 28428 82999 03601 10103 20077 39954 40132 52002=
 28429 42/// /0401 10090 20071 39741 40141 54000=
 22983 42984 00000 10086 20077 30022 40124 57005 333 91000 91102=
 27083 42984 02001 10096 20081 39914 40130 57009 333 91001 91101=
 27097 42/// /0000 10084 20080 39884 40139 57006 333 91000 91101=
 27185 42/// /0000 10095 20080 39965 40144 57002 333 91000 91101=
 27199 42998 00000 10102 20076 39949 40140 57003 333 91000 91101=
 27281 42984 23201 10116 20078 39945 40145 57003 80005 333 91001
 91101=
 27283 42997 13301 10077 20072 39990 40143 57003 80001 333 91001
 91101=
 27295 42/// /0000 10108 20072 39900 40144 57010 333 91000 91102=
 27296 42998 00000 10102 20070 39928 40138 57002 333 91000 91101=
 27385 419// 00000 10100 20093 30018 40143 52001 71100 333 91000
 91101=
 27393 42998 00000 10139 20080 39977 40140 58003 333 91000 91102=
 27480 41998 20201 10107 20105 30019 40143 52001 71111 80001 333 91001
 91101=
 28007 42999 02702 10138 20063 39882 40132 57006 80000 333 91003
 91103=
 28009 42998 03001 10088 20069 39930 40135 57008 333 91001 91101=
 28105 42998 00000 10083 20067 39943 40138 57005 333 91000 91101=
 28202 42998 00000 10130 20073 39922 40134 58003 333 91000 91101=
 28302 42997 20000 10115 20081 39916 40136 57002 80001 333 91000
 91103=
 28307 42998 22701 10142 20080 39998 40136 51001 80001 333 91001
 91102=
 28402 42584 30000 10140 20094 39961 40132 57002 82401 333 91001
 91102=
 28502 42997 22501 10110 20069 30031 40131 57002 81031 333 91003
 91104=
 22550 82997 00402 10060 20035 30179 40189 52024=
 22778 42998 13602 10148 20065 30060 40126 52008 80005=
 22889 42/// /0000 10078 20077 30035 40120 57007=
 22762 82998 00402 10129 20047 30119 40157 53028=
 22638 NIL=
 22671 42/// /3602 10063 21002 30093 40171 51019=
 22456 42997 00000 10016 21000 30107 40195 52011=
 22583 42598 33202 10057 20004 30071 40151 52016 83500 333 91110=
 22749 NIL=
 22951 42/// /0000 10085 20074 39884 40159 54001=
 22887 42997 22102 10150 20089 30051 40118 57010 
 81031=
 22876 42997 12302 10154 20069 30046 40115 57010 81030=
 22481 42/// /3104 10053 20005 30106 40158 52003 333 91112=
 22854 42/// /0101 10150 20060 39875 40150 52003=
 22781 NIL=
 22676 42998 03404 10079 20015 30080 40156 52030 333 91110=
 22648 NIL=
 22559 42/// /0502 10087 20028 30171 40187 51025=
 22869 42997 00000 10125 20084 39996 40139 57003=
 22768 42897 20201 10161 20051 30091 40138 52012 82031=
 22798 42598 60000 10130 20054 39989 40097 56008 83501=
 22375 NIL=
 23207 NIL=
 23215 NIL=
 23219 NIL=
 27095 86/// /1601 10106 20100 39928 40149 57004=
 22408 42999 10000 10165 20076 30047 40189 52010 81030=
 22511 42998 11101 10140 20058 30069 40185 52011 80030=
 22529 42999 20000 10066 20057 30174 40181 52011 80002=
 22602 42979 23201 10106 20042 39959 40179 52006 80001=
 22621 83/70 /3601 10106 20048 30047 40183 52010=
 22619 42982 00702 10143 20054 30022 40175 52020=
 22721 42998 00000 10170 20045 30075 40169 52014=
 22727 86/70 /0301 10135 20114 30113 40159 52002=
 22717 83/70 /2602 10148 20046 39982 40168 52001=
 22802 42999 00000 10112 20088 30149 40172 52001=
 22820 42998 02302 10167 20082 30030 40160 52003 555   50189=
 22831 42998 00000 10102 20086 30105 40159 52001=
 22805 42998 03201 10149 20036 30155 40174 54000=
 22912 42984 10000 10085 20073 30155 40170 54000 80001=
 
