18:31:00 MSK 26.07.2023
020 123456/=о000=1531
 уйту01 бтул 261500
 22686 61598 60902 10193 20167 39953 40045 53003 60022 70282 81289 333 10241 555 50166 53007=
 22695 12598 62902 10202 20112 39894 40035 53004 60002 85931 333 10242
 555 50172 53008=
 22996 62598 21901 10226 20133 39883 40054 57006 60002 82100 333 10246 555 50171 53005=
 23220 11599 72501 10172 20147 39892 40024 57008 69962 70262 86530 333 10217 555 50177 53004=
 23226 11560 80401 10193 20149 39831 40029 57007 69902 72162 8257/ 333 
 10224 555 50190 53007=
 23305 12699 71901 10233 20110 30012 40037 53001 60002 82270 333 10245
 555 50195 53007=
 23320 76/// /1001 10179 20155 39968 40036 54001 333 60002 555 50184 53004=
 23324 12980 80000 10182 20160 39966 40038 56003 69972 8807/ 333 10193
 555 50175 53005=
 23405 11580 71502 10200 20126 39951 40044 52001 69902
 70292 84330 333 10225 84930 555 50172 53009=
 23410 76/// /0603 10208 20134 39939 40028 57002 333 60002=
 23411 11599 72903 10205 20132 39946 40028 54000 60002 71792 86901 333
 10251 555 50193 53007=
 23412 12499 60701 10207 20155 39940 40029 53001 60002 83331 333 10256 555 50199 53006=
 23416 NIL=
 23418 12665 72502 10232 20119 39960 40027 55000 60002
 82161 333 10261 555 50198 53007=
 23503 11598 62801 10198 20128 39995 40041 52004 69962 71792 83933 333 10235 555 50167 53008=
 23507 66/// /2602 10195 20137 39756 40043 52003 60002 333 10214 555 50158 53006=
 23509 12598 32302 10217 20114 39972 40044 53003 60022 82930 333 10224
 555 50167 53006=
 23514 11697 52401 10200 20144 39858 40040 54000 60032 70282 83203 333 10226 555 50164 53005=
 23518 61598 80401 10195 20137 39951 40036 53004 60072 72582
 85969 333 10251=
 23606 12662 22601 10193 20124 39891 40045 52004 60012 82200 333 10223 555 50167 53006=
 23701 11699 42303 10213 20134 39935 40054 52008 60032 70281 81230 333
 10223 555 50183 53005=
 23704 76/// /0000 10193 20190 39926 40039 55004 333 60002=
 23707 62599 52002 10223 20123 39929 40050 57002 60002 83101 333 10227 555 50165 53006=
 23708 12984 62701 10221 20106 39921 40058 52002 60002 80031 333 10221
 555 50175 53007=
 23709 62598 32503 10213 20096 39881 40058 52005 60002 83200 333 10222 555 50173 53007=
 23711 12598 52701 10212 20123 39890 40046 53006 69932 81240 333 10230 555 50168 53006=
 23803 12699 62502 10218 20123 39896 40061 53004 60002 82161 333 10225
 555 50169 53004=
 23804 62697 51801 10221 20127 39922 40055 57002 69902 82101 333 10229 555 50171 53004=
 23807 62598 32001 10211 20152 39909 40058 55005 60002 82430 333 10232 555 50162 53006=
 23808 66/// /1902 10228 20120 39910 40064 57002 60002 333 10229=
 23812 12597 70000 10206 20135 39903 40053 52005 60002 86232 333 10239
 555 50173 53009=
 23904 12670 22402 10223 20117 39917 40061 57003 60002 82370 333 10244
 555 50163 53006=
 23905 62599 22601 10221 20123 39855 40065 57003 60002 82400 333 10228
 555 53006=
 23909 62598 32801 10218 20123 39843 40069 52002 60002 81401 333
 10225=
 23912 62598 42702 10202 20132 39886 40064 52005 60002 81131 333 10227
 555 53009=
 23913 61599 22903 10213 20097 39849 40060 53005 60002 70181 82901 333
 10231 555 53007=
 23914 62499 62703 10205 20116 39829 40067 52007 60002 82541 333
 10222=
 28013 62699 53001 10214 20109 39857 40071 52005 60002 82105 333 10223
 555 53008=
 28016 62599 23101 10220 20126 39864 40071 54000 60002 81401 333 10232
 555 53007=
 28029 62699 62802 10218 20119 39865 40068 52007 60012 81141 333 10242
 555 53008=
 28116 62599 23302 10227 20115 39860 40072 52002 60002 81101 333
 10234=
 28128 62999 23101 10233 20118 39932 40072 52003 69932 80001 333 10244
 555 53006=
 28134 62698 83101 10209 20108 39746 40071 52005 60002 82404 333 10233
 555 53006=
 28138 12599 32503 10199 20116 39542 40067 52003 60002 83100 333
 10214=
 28216 62599 23002 10228 20116 39800 40074 54000 60002 81205 333 10242
 555 53007=
 28222 62698 83201 10231 20121 39893 40072 52002 69932 82201 333 10250
 555 53005=
 28224 62662 43302 10233 20126 39877 40072 52003 60002 82330 333
 10252=
 28234 62599 33001 10232 20126 39815 40070 55001 60002 82203 333 10240
 555 53007=
 28238 62899 72202 10211 20146 39792 40072 54000 60002 87020 333 10237
 555 53010=
 28313 62598 23201 10242 20122 39899 40075 54000 60002 82100 333 10254
 555 53006=
 28319 62598 22801 10253 20142 39929 40078 54000 60002 82100 333
 10258=
 28321 62699 33002 10244 20120 39886 40073 52002 60002 83200 333
 10258=
 28324 62599 32701 10246 20138 39964 40074 54001 60002 83200 333 10254
 555 53006=
 28326 62598 52703 10242 20128 39900 40071 52005 60082 85800 333 10259
 555 53013=
 28413 62599 22801 10260 20123 39964 40075 57003 60002 82200 333 10267
 555 53006=
 28428 62599 22702 10249 20137 39907 40076 55002 60002 82900 333 10263
 555 53006=
 28429 62598 22502 10226 20148 39702 40081 52002 60002 82200 333 10242
 555 53007=
 22983 12598 81301 10228 20131 39952 40048 57005 82465 333 10242 91003
 91106 555 50162 53006=
 27083 12599 31703 10222 20128 39845 40049 57006 60002 82101 333 10231
 91004 91106 555 50161 53006=
 27097 12998 21702 10223 20143 39818 40059 57006 60002 82031 333 10233
 91004 91106 555 50162 53006=
 27185 12998 31402 10237 20140 39883 40051 57010 60002 80001 333 10249
 91003 91106 555 50169 53006=
 27199 12698 /2001 10244 20133 39883 40063 57005 60002 333 10250 91002
 91104 555 50181 53005=
 27281 12582 61704 10227 20169 39857 40047 57010 60002 83435 333 10244
 91007 91107 555 50181 53007=
 27283 12598 61702 10234 20153 39912 40055 57009 60002 82131 333 10252
 91004 91105 555 50181 53005=
 27295 12998 61501 10245 20131 39830 40059 57009 60002 83081 333 10260
 91003 91105 555 50183 53005=
 27296 12698 21802 10246 20109 39866 40065 57005 60002 82200 333 10252
 91004 91104 555 50188 53005=
 27385 119// 61701 10237 20179 39941 40059 57005 69932 70282 86030 333
 10256 91003 91105 555 50185 53005=
 27393 12598 52203 10246 20133 39914 40070 57005 60002 83430 333 10267
 91004 91106 555 50186 53006=
 27480 12998 71402 10246 20191 39939 40056 57012 60002 83039 333 10250
 91006 91106 555 50189 53006=
 28007 12699 11901 10234 20109 39827 40067 57004 60002 81200 333 10248
 91003 91104 555 50173 53005=
 28009 12698 53001 10236 20096 39877 40071 57005 60002 85500 333 10239
 91002 91104 555 50179 53007=
 28105 12598 41901 10233 20126 39889 40066 57007 60002 83201 333 10241
 91002 91104 555 50180 53006=
 28202 12983 12201 10229 20129 39865 40069 57006 60002 80001 333 10245
 91002 91105 555 50181 53005=
 28302 12998 02101 10246 20112 39862 40071 56005 60002 333 10252 91002
 91104 555 50184 53005=
 28307 12498 62101 10241 20147 39938 40070 55002 60002 83831 333 10272
 91002 91106 555 50188 53006=
 28402 12598 41803 10248 20154 39908 40072 57004 60002 82839 333 10260
 91004 91105 555 50198 53006=
 28502 12998 82502 10256 20149 39981 40076 55001 60002 86085 333 10279
 91003 91107 555 50201 53007=
 22550 12597 71602 10196 20141 30007 40016 54000 69902 84932 333 10223
 555 50164 53006=
 22778 12698 61503 10232 20101 39963 40026 57011 60002 81131 333 10240
 555 50176 53007=
 22889 12598 21601 10232 20119 39971 40050 57006 60002 82400 333 10249
 555 50167 53006=
 22762 61597 80000 10195 20166 39988 40024 57004 60002 72162 8557/ 333
 10232 555 50171 53006=
 22638 46/// /2101 10185 20132 39790 40000 54000=
 22671 12699 31602 10220 20122 39952 40025 56008 69902 82931 333 10227
 555 50159 53007=
 22456 11597 82001 10194 20120 39932 40013 54000 69902 71792 85391 333
 10222 555 50158 53007=
 22583 11698 71702 10204 20117 39966 40040 53005 69902 70229 86971
 333 10243 555 50171 53006=
 22749 NIL=
 22951 12498 81402 10202 20158 39737 49995 57011 69932 83931 333 10212
 555 50152 53008=
 22887 12699 31703 10227 20144 39975 40039 57009 
 60002 81530 333 10240 555 50172 53008=
 22876 12597 21603 10226 20133 39969 40038 57006 60002 81130 333 10241
 555 50178 53007=
 22481 12598 62703 10220 20131 39979 40028 53001 69902 86303 333 10233
 555 50164 53009=
 22854 11899 70902 10175 20160 39734 40002 57010 60072 70282 87070 333
 10189 555 50159 53008=
 22781 NIL=
 22676 11598 71201 10210 20130 39959 40031 57002 69902 70282 82230 333
 10227 555 50168 53006=
 22648 NIL=
 22559 61598 63201 10185 20163 30006 40021 57004 60322 70298 82830 333
 10229 555 50165 53014=
 22869 12997 71302 10212 20144 39886 40023 56011 60002 80047 333 10226
 555 50172 53009=
 22768 11597 71301 10216 20133 39972 40018 57009 69902 70282 86930 333
 10238 84626 555 50186 53006=
 22798 12598 22002 10224 20119 39946 40049 57004 60002 82101 333 10238
 555 50169 53006=
 22375 46/// /1603 10183 20152 30012 40027 52003=
 23207 11599 73601 10233 20131 30009 40030 57001 60002 71522 86901 333
 10252 555 50177 53005=
 23215 NIL=
 23219 NIL=
 27095 NIL=
 22408 22699 51602 10202 20108 39861 49999 57001 83230 333   69902=
 22511 22598 51202 10195 20116 39885 49997 54000 83802 333   69902=
 22529 22599 70902 10169 20139 30001 40007 52004 87900 333   60002
 87920=
 22602 21499 62302 10186 20121 39786 49995 52005 72522 85930 333  
 69902 85919=
 22621 73970 /0000 10188 20140 39868 49997 54000 333   60002=
 22619 22480 50802 10204 20126 39842 49989 57001 82450 333   60002=
 22721 22598 61401 10198 20145 39902 49993 57003 82231 333   60002=
 22727 76970 /1403 10166 20145 39950 49995 57003 333   60002=
 22717 NIL=
 22802 21665 71301 10181 20156 39968 49990 52011 78082 86931 333  
 69932 85937=
 22820 21109 81003 10148 20144 39866 49994 54000 75052 886// 333  
 69902 88702=
 22831 22398 80701 10164 20151 39941 49993 57007 889// 333   60022
 88909=
 22805 21598 82901 10203 20162 39965 49984 52005 76062 8743/ 333  
 60002=
 22912 21599 80501 10193 20159 39968 49982 54000 70285 8247/ 333  
 60032=
 
