00:31:00 MSK 08.06.2023
020 123456/=о000=2131
 уйту01 бтул 072100
 22686 82998 82901 10046 20021 30074 40173 52005 8805/=
 22695 42998 83101 10050 21006 30006 40157 53005 8805/=
 22996 NIL=
 23220 42599 83101 10036 20015 39975 40114 52008 885//=
 23226 42960 83402 10025 20012 39903 40115 52006 8805/=
 23305 42/// /3304 10048 21018 30132 40159 52004=
 23320 86/// /3101 10041 20014 30061 40133 52004=
 23324 42983 83102 10045 20016 30054 40130 52005 8807/=
 23405 42970 83402 10049 21020 30064 40163 52007 8805/=
 23410 86/// /2802 10043 20002 30045 40140 52007=
 23411 42/// /3103 10034 20003 30062 40151 52006=
 23412 42999 83203 10048 20002 30047 40143 52006 8805/=
 23416 NIL=
 23418 41665 83001 10049 20032 30067 40140 52005 70282
 8695/ 333 84641=
 23503 42/// /0000 10024 20012 30109 40159 52006=
 23507 86/// /3601 10039 20014 39857 40165 52004=
 23509 42/// /0000 10048 20013 30082 40160 52007=
 23514 42697 83001 10039 20011 39959 40154 52007 885// 333 88636=
 23518 NIL=
 23606 42960 83601 10055 20012 39990 40154 52006 8807/=
 23704 86/// /0000 10046 20046 39926 40039 55004=
 23701 NIL=
 23707 82998 80103 10061 20026 30025 40155 52005 86071=
 23708 42/// /0501 10052 20011 30009 40157 52005=
 23709 42998 83401 10069 20001 39961 40150 52006 8805/=
 23711 42998 83101 10060 20014 39977 40144 52008 8805/=
 23803 42999 80000 10077 20004 39974 40149 53009 8805/=
 23804 42697 83501 10072 20023 30008 40150 52003 8355/=
 23807 42/// /0402 10070 20046 39991 40149 54000=
 23808 86/// /0000 10033 20024 39987 40154 50004=
 23812 42597 83601 10077 20011 39977 40135 52007 885//=
 23904 42977 60000 10049 20047 39993 40148 57001 86040=
 23905 82999 03001 10042 20038 39924 40149 52001=
 23909 82598 62701 10076 20047 39902 40142 52005 86500=
 23912 82598 80501 10073 20057 39942 40130 52005 83531=
 23913 82999 23201 10036 20024 39904 40131 52007 82030=
 23914 82499 73102 10091 20044 39879 40128 52002 87500=
 28013 82599 82803 10096 20042 39911 40135 52004 889//=
 28016 42/// /3002 10079 20053 39923 40142 52004=
 28029 82699 62801 10113 20074 39912 40123 52003 82510=
 28116 82499 33001 10074 20056 39916 40142 52005 81531=
 28128 82599 83202 10109 20090 39983 40131 52001 885//=
 28134 NIL=
 28138 43/// /2802 10090 20071 39574 40122 52001=
 28216 82699 12701 10076 20055 39856 40147 52004 81400=
 28222 42/// /2701 10108 20087 39946 40133 52003=
 28224 82870 61201 10081 20071 39929 40136 52003 84044=
 28234 82598 81501 10084 20073 39862 40133 52004 8358/=
 28238 41599 52401 10065 20052 39835 40132 55000 74022 85400=
 28313 42/// /0000 10066 20045 39961 40150 52006=
 28319 82598 30000 10080 20049 39991 40150 52007 83500=
 28321 82999 23202 10095 20054 39944 40141 52006 80001=
 28324 NIL=
 28326 82598 60000 10078 20071 39955 40138 52005 86500=
 28413 82599 72301 10117 20067 30033 40151 52003 82550=
 28428 82899 22701 10089 20063 39965 40145 52006 82030=
 28429 42/// /2701 10074 20066 39743 40145 55001=
 22983 42584 80401 10087 20032 30038 40140 52001 83535 333 91001
 91101=
 27083 41559 80000 10086 20075 39913 40129 57004 8711/ 91000 91102=
 27097 42/// /3301 10088 20078 39878 40132 57007 333 91001 91102=
 27185 42/// /0000 10094 20091 39947 40125 58008 333 91000 91102=
 27199 41597 70000 10112 20057 39940 40130 57012 78022 87300 333 91001
 91103=
 27281 41458 82101 10094 20085 39916 40116 57011 78082 8695/ 333 91002
 91105=
 27283 41496 80701 10096 20086 39974 40125 57010 78082 889// 333 91002
 91103=
 27295 42/// /0000 10106 20050 39886 40130 55014 333 91000 91103=
 27296 42597 80000 10101 20046 39916 40126 57017 889// 333 91001
 91103=
 27385 414// 72101 10107 20087 30001 40125 57014 72582 86730 333 91002
 91108=
 27393 42598 60000 10079 20051 39969 40136 58020 84540 333 91001
 91102=
 27480 42598 82602 10132 20094 30010 40133 57007 87501 333 91004
 91106=
 28007 42999 61501 10075 20055 39883 40139 57007 83041 333 91001
 91102=
 28009 42998 30401 10052 20037 39941 40149 57005 83030 333 91001
 91102=
 28105 42598 70000 10056 20046 39941 40137 57010 87500 333 91000
 91102=
 28202 42997 82201 10069 20046 39924 40141 58009 80004 333 91001
 91102=
 28302 42997 50000 10059 20035 39921 40146 57007 80001 333 91000
 91102=
 28307 42498 80901 10073 20041 39997 40139 57016 86501 333 91001
 91102=
 28402 42984 31802 10092 20034 39971 40145 57009 81035 333 91002
 91103=
 28502 42997 82401 10080 20047 30050 40152 57006 81031 333 91002
 91102=
 22550 82973 50000 10012 20005 30168 40178 54000 85070=
 22778 42998 70302 10067 20012 30103 40171 52009 87070=
 22889 42/// /0601 10081 20033 30064 40149 52002=
 22762 82997 60000 10040 20037 30138 40177 52003 80040=
 22638 NIL=
 22671 42/// /0000 10041 20028 30097 40176 52002=
 22456 42597 80000 10029 20016 30088 40176 58001 885//=
 22583 41598 83102 10053 20009 30094 40174 52004 70228 8657/=
 22749 NIL=
 22951 42/// /3201 10055 20051 39908 40187 52012=
 22887 42697 80101 10092 20027 30079 40147 52002 8355/=
 22876 42597 80201 10088 20022 30088 40159 52009 885// 333 88628=
 22481 42/// /0000 11021 21022 30124 40178 52004=
 22854 42/// /3201 10038 20031 39896 40184 51008=
 22781 NIL=
 22676 42698 80000 10048 20028 30098 40175 52003 885//=
 22648 NIL=
 22559 42/// /3202 10063 20014 30161 40177 54001=
 22869 42997 63503 10074 20027 30020 40166 52006 80030=
 22768 42897 20000 10036 20021 30125 40175 52007 82030=
 22798 42598 83401 10050 20005 30048 40160 52002 82501=
 22375 NIL=
 23207 NIL=
 23215 NIL=
 23219 NIL=
 27095 86/// /0701 10072 20072 39926 40150 58004=
 22408 41599 81501 10065 20048 30012 40159 57005 72582 8697/ 333  
 86932=
 22511 42598 82002 10096 20011 30042 40160 57004 885// 333   88623=
 22529 42599 12201 11003 21012 30172 40179 57003 81500=
 22602 42477 62302 10082 20042 39948 40169 57003 85930 333   85914=
 22621 83970 /1601 10081 20013 30042 40179 57003=
 22619 42598 81601 10081 20059 30018 40174 57003 885// 333   88620=
 22721 42998 80000 10073 20061 30087 40184 54000 8805/=
 22727 86970 /1201 10083 20066 30140 40187 54000=
 22717 83/70 /1901 10081 20075 39994 40184 57002=
 22802 42598 30000 10058 20045 30164 40187 52001 82532=
 22820 42998 82101 10085 20053 30053 40187 54000 8803/ 555   50086=
 22831 42998 70000 10046 20039 30135 40190 52005 87030=
 22805 42598 60000 10065 20035 30172 40192 54000 86500=
 22912 41982 51101 10063 20054 30174 40189 52003 71122 85030=
 
