21:31:00 MSK 12.12.2023
020 123456/=о000=1831
 унту01 бтул 121800
 22686 41496 81503 11130 21154 30171 40278 57001 77173 8652/ 333 86619=
 22695 42/// /1702 11139 21168 30110 40275 54001=
 22996 42/// /1804 11161 21176 30147 40350 58005 333 91110=
 23220 41596 74004 10179 21205 30145 40301 58003 70283 85900 333 85909=
 23226 41446 82105 11188 21214 30057 40291 57007 77172 885// 333 88611=
 23305 41456 81804 11132 21149 30238 40268 56002 77172 8802/=
 23320 66/// /2305 11167 21188 30230 40309 57010 60002 333 11167 91111=
 23324 41458 82304 11169 21197 30220 40304 57007 77173 8172/=
 23405 41995 81703 11138 21158 30170
 40278 57004 77372 8802/=
 23410 66/// /1606 11178 21207 30196 40301 57007 60002 333 11178=
 23411 41496 82005 11152 21167 30188 40285 57007 77173 8802/=
 23412 41397 81904 11171 21194 30193 40299 57007 77172 8677/ 333 86707=
 23416 NIL=
 23418 41311 81904 11176 21202 30241 40322 57008 77572
 8872/ 333 86707=
 23501 NIL=
 23503 41997 81903 11146 21169 30241 40296 57004 77173 8802/=
 23507 86/// /2002 11161 21174 39956 40292 54000=
 23509 41997 81802 11150 21192 30223 40308 57003 77173 8802/=
 23514 41396 82003 11170 21192 30102 40315 57010 77173 8772/ 333 87709=
 23518 41996 82006 11184 21212 30246 40347 57008 77373 8802/ 333 91010
 91111 555 53011=
 23606 41642 82005 11161 21191 30143 40324 57003 77173 8552/ 333 85640  91110=
 23612 NIL=
 23701 41426 81903 11147 21165 30176 40316 57002 77373 8802/ 333 88512
 91110=
 23704 66/// /1803 11148 21159 39173 49287 57006 60002 333 11142=
 23707 81496 81804 11148 21173 30176 40319 57002 77177 8652/ 333 86618=
 23708 41465 81805 11162 21190 30182 40345 57005 77173 8872/ 333 87710=
 23709 41997 81703 11178 21213 30152 40364 56010 77172 8807/=
 23711 41497 81904 11190 21221 30182 40369 57008 78587 8692/ 333 85711
 91111=
 23803 41496 81704 11172 21209 30178 40376 57010 77373 8802/ 333 88515=
 23804 81496 82003 11156 21184 30174 40332 57006 77173 8652/ 333 86612 91110=
 23807 41496 81905 11158 21175 30168 40344 57006 77172 8572/ 333 85710=
 23808 86/// /1505 11167 21181 30185 40369 57007 333 91111=
 23812 41996 82004 11206 21242 30223 40405 57016 77172 8802/ 333 934//=
 23904 41950 81803 11167 21189 30198 40370 57005 77173 8802/ 333 91110=
 23905 41895 81704 11175 21202 30138 40388 57009 77373 8802/ 555
 51205=
 23909 41896 81805 11199 21226 30143 40416 57015 77173 8802/ 333 91112
 93606=
 23912 41897 81805 11218 21251 30230 40446 57018 77173 8807/ 333 91110
 555 51249=
 23913 42999 60000 11227 21259 30208 40467 57019 80005 555 51316=
 23914 81496 81705 11225 21250 30163 40453 57016 77173 8802/ 333
 93610=
 28013 41897 81705 11211 21248 30178 40437 57017 77173 8802/ 333 91112
 555 51251=
 28016 42/// /1704 11206 21230 30190 40442 57015 555 51249=
 28029 42999 01806 11224 21270 30240 40489 57011 333 91111 555 51251=
 28116 41496 81903 11213 21250 30211 40470 57010 77172 8872/=
 28128 42599 81903 11215 21259 30327 40501 57010 885// 555 51257=
 28134 42898 71902 11236 21283 30120 40520 57009 83015 555 51281=
 28138 43/// /1901 11261 21299 39891 40543 57012=
 28216 41896 71907 11225 21269 30161 40498 57011 77173 87010 333 91010
 91112 555 51264=
 28222 42/// /1704 11232 21275 30292 40514 57009 555 51262=
 28224 42970 41704 11229 21275 30278 40521 57012 80001=
 28234 42898 21804 11239 21295 30227 40545 56007 82030 555 51270=
 28238 42999 01301 11346 21390 30211 40575 57006 555 51370=
 28313 42/// /1804 11220 21269 30295 40513 57009 555 51271=
 28319 42998 01802 11234 21269 30344 40532 57012=
 28321 42899 31804 11243 21281 30289 40522 57007 83070=
 28324 42/// /1701 11243 21289 30395 40534 57011 555 51279=
 28326 42998 52003 11228 21278 30333 40546 57008 80001 555 51298=
 28413 42999 31604 11221 21282 30381 40520 57012 80001 555 51242=
 28428 42998 00000 11275 21310 30346 40561 57008 555 51317=
 28429 NIL=
 22983 41569 81702 11140 21170 30204 40318 57003 77173 885// 333 91004
 91106=
 27083 41458 81605 11157 21190 30100 40342 57001 77173 8802/ 333 91009
 91110=
 27097 41997 81605 11174 21192 30085 40373 57001 77073 8802/ 333 91009
 91111=
 27185 42/// /1502 11162 21199 30167 40368 54000 333 91005 91108=
 27199 41998 81604 11181 21223 30185 40403 57002 73673 8801/ 333 91008
 91110=
 27281 41984 51606 11150 21197 30131 40357 57002 73673 85070 333 91009
 91111=
 27283 41997 81705 11173 21221 30211 40383 57003 73673 8807/ 333 91009
 91112=
 27295 41597 81403 11187 21232 30127 40406 57003 70273 885// 333 91008
 91110=
 27296 41995 81604 11193 21242 30176 40419 57001 73673 8807/ 333 91008
 91110=
 27385 415// 71605 11164 21224 30250 40394 57004 73632 83530 333 91009
 91111=
 27393 41597 71806 11191 21242 30248 40438 57009 73673 84571 333 91009
 91112=
 27480 41598 81504 11160 21230 30246 40387 57005 70232 8653/ 333 91008
 91111=
 28007 41999 81803 11186 21211 30115 40405 57001 73673 8805/ 333 91007
 91108=
 28009 41996 81705 11189 21238 30190 40424 57004 77173 8802/ 333 91009
 91110=
 28105 41998 81804 11188 21235 30202 40416 56005 73673 8802/ 333 91008
 91110=
 28202 41996 81907 11197 21248 30194 40441 57010 77173 8801/ 333 91011
 91112=
 28302 41597 81605 11203 21253 30198 40455 57013 73632 8457/ 333 91009
 91110=
 28307 41998 81306 11186 21250 30279 40440 57010 70273 8807/ 333 91011
 91114=
 28402 41984 81606 11187 21251 30262 40462 57008 73632 8807/ 333 91009
 91111=
 28502 42597 71506 11186 21253 30361 40477 57008 87400 333 91009
 91111=
 22550 81458 71202 11114 21128 30195 40206 57001 78587 87900 333
 87711=
 22778 41496 81404 11116 21139 30183 40257 57003 77172 8872/ 333
 85517=
 22889 41496 81504 11137 21167 30222 40315 57004 77173 8872/ 333 88512
 91110 92982=
 22762 42/// /1402 11109 21121 30189 40231 54001=
 22638 46/// /1101 11111 21124 39940 40177 57004=
 22671 41996 81702 11120 21135 30151 40235 54000 77172 8802/=
 22456 41496 81301 11122 21152 30124 40217 52001 77172 8872/=
 22583 41597 81501 11133 21151 30172 40258 53002 78588 8697/=
 22749 41496 81502 11097 21110 30060 40191 57004 77172 8872/ 333
 88711=
 22951 41496 81604 11101 21115 39915 40211 57002 77172 8802/=
 22887 41497 81405 11123 21150 30215 40290 57003 77177 8672/ 
 333 86712 91110 =
 22876 41997 81603 11117 21139 30199 40276 57003 73673 8802/=
 22481 41698 71402 11144 21159 30183 40240 54000 70281 83570=
 22854 41897 81502 11102 21121 39903 40208 57005 77172 8802/=
 22781 NIL=
 22676 41496 81502 11120 21146 30166 40248 54000 77172 8872/=
 22648 41396 81403 11098 21099 30146 40195 57002 77177 8872/ 333
 88709=
 22559 41597 61302 11116 21132 30200 40218 54001 78587 83930=
 22869 41998 71604 11107 21132 30094 40251 57003 77177 80010=
 22768 41497 71703 11105 21136 30175 40228 57004 78583 87900 333
 84917=
 22798 41496 81702 11142 21165 30190 40311 55001 77173 8802/=
 22375 46/// /1703 11201 21221 30213 40229 57001=
 23207 NIL=
 23215 41970 62006 11176 21197 30172 40269 57005 73632 86070 333
 91111=
 23219 NIL=
 27095 NIL=
 22408 11465 80302 11128 21142 30032 40191 57002 69902 72682 883//
 333   11127 88914 93505=
 22511 11467 80000 11135 21152 30058 40187 57002 69922 77172 8772/
 333   11135 87614 93501=
 22529 11596 80000 11199 21225 30174 40181 57005 69952 78582 889//
 333   11144 88920=
 22602 11458 80401 11144 21162 39929 40170 57004 69952 77172 885//
 333   11144 88614=
 22621 11497 80101 11137 21152 30027 40176 57006 69902 771// 886//
 333   11132 88610=
 22619 11496 70702 11123 21137 39994 40162 57004 69972 78587 87900
 333   11121=
 22721 11496 81101 11097 21109 30057 40160 57005 69992 78582 889//
 333   11095 86917=
 22727 11460 80000 11074 21082 30098 40148 57007 69992 77100 8872/
 333   11071 88715=
 22717 12398 80501 11094 21108 39936 40142 57005 69962 886// 333  
 11094 88708=
 22802 11596 80602 11079 21091 30102 40126 57007 60012 78582 889//
 333   11079 85921=
 22820 11698 81302 11084 21106 30004 40146 57005 69922 70272 8455/
 333   11077=
 22831 11996 81001 11083 21098 30107 40165 57005 60012 77172 8802/
 333   11082=
 22805 125// 80904 11048 21055 30092 40117 57008 69992 885// 333  
 11047=
 22912 12984 81003 11076 21092 30112 40128 57007 60002 8807/ 333  
 11064 93400=
 
