03:31:00 MSK 21.07.2023
020 123456/=о000=0031
 унту01 бтул 210000
 22686 82998 81101 10166 20160 39812 49904 52008 8807/ 555 11017=
 22695 42998 70903 10164 20148 39759 49900 52006 87030 555 11016=
 22996 42/// /1902 10148 20148 39753 49926 52005 555 1/017=
 23220 43/// /3601 10166 20148 39844 49975 54000 555 1/017=
 23226 42960 60000 10177 20162 39780 49978 58001 83081 555 10018=
 23305 42/// /0801 10176 20173 39920 49946 52004 555 1/017=
 23320 86/// /1901 10149 20139 39897 49965 52004=
 23324 42980 50601 10146 20140 39894 49966 53001 82042 555 11016=
 23405 42973 71202 10184 20167 39847 49938 52003 87030 555 11018=
 23410 86/// /0402 10142 20130 39869 49960 52004 555 53007=
 23411 42/// /1102 10173 20165 39870 49953 52004 555 1/017=
 23412 42699 71202 10164 20152 39869 49959 52005 82501 555 11016=
 23416 NIL=
 23418 42965 71301 10182 20160 39889 49957 58001 
 87030 555 10018=
 23503 42/// /1201 10176 20159 39898 49944 52004 555 1/018=
 23507 86/// /1101 10137 20137 39643 49933 50005=
 23509 42/// /1301 10164 20150 39868 49940 52006 555 1/015=
 23514 42697 71501 10163 20160 39765 49947 52001 82581 555 10016=
 23518 42/// /0901 10163 20154 39872 49957 52002 555 1/017=
 23606 41358 51301 10139 20139 39787 49942 52007 71011 82601 555 11014=
 23612 NIL=
 23701 42/// /1201 10159 20142 39806 49925 52005 555 1/016=
 23704 86/// /1402 10163 20160 39926 40039 55004 555 53009=
 23707 82598 81302 10155 20143 39794 49916 52006 8695/ 333 85623 555
 11016=
 23708 42/// /1602 10137 20122 39798 49937 52005 555 1/014=
 23709 82998 61401 10136 20124 39769 49949 52004 86030 555 11013=
 23711 41394 81001 10148 20146 39797 49955 52005 71022 8663/ 333 86707 555 11016=
 23803 42999 01502 10131 20104 39777 49946 52004 555 11012=
 23804 42997 61601 10147 20137 39786 49921 52006 86030 555 11015=
 23807 42/// /1803 10153 20153 39774 49924 52005 555 1/016=
 23808 86/// /1302 10137 20131 39784 49941 52005=
 23812 82597 21501 10138 20132 39813 49965 52008 82501 555 11012=
 23904 42570 81602 10155 20147 39792 49938 52004 883// 333 86620 555
 11016=
 23905 82599 31902 10135 20130 39736 49949 52002 83500 555 11013=
 23909 82598 61802 10141 20132 39732 49961 52003 86500=
 23912 82498 41702 10147 20134 39791 49970 52002 82530 555 11014=
 23913 81594 70000 10140 20131 39769 49983 52004 71041 87900 555
 11011=
 23914 82498 61903 10143 20131 39733 49973 52004 85531=
 27095 86/// /2102 10143 20143 39737 49951 52004=
 28013 82598 61602 10134 20119 39752 49968 52003 85530 555 10014=
 28016 82/// /1601 10144 20136 39758 49968 52002 555 1/016=
 28029 82699 61902 10150 20131 39776 49981 52004 85510 555 10014=
 28116 82499 72001 10142 20127 39761 49977 52003 87500=
 28128 82899 82306 10171 20135 39843 49986 52002 87031 333 91110 555
 11016=
 28134 82698 81901 10135 20122 39665 49995 52001 82501 555 11012=
 28138 43/// /1903 10120 20113 39469 40004 57001=
 28216 82599 72103 10133 20111 39716 49997 52007 87900 555 11013=
 28222 42/// /2102 10158 20122 39812 49993 53003 555 1/014=
 28224 82870 21902 10135 20113 39802 40002 52004 82030=
 28234 82898 31702 10129 20108 39744 40007 51003 83040 555 11012=
 28238 82599 32302 10118 20097 39726 40014 52004 82430 555 11010=
 28313 42/// /2102 10133 20111 39826 40007 52010 555 1/013=
 28319 82598 62303 10157 20109 39863 40016 52009 84550=
 28321 82899 21901 10130 20111 39813 40005 52007 82032=
 28324 42/// /2302 10146 20094 39900 40014 52009 555 1/014=
 28326 82598 22102 10114 20104 39837 40015 52005 82500 555 10010=
 28413 82699 62303 10155 20092 39909 40024 52010 81530 555 10014=
 28428 82598 21502 10110 20086 39856 40032 51009 82500 555 10010=
 28429 42/// /2402 10120 20094 39645 40036 51007 555 1/011=
 22983 41458 82201 10153 20149 39815 49912 52008 78082 889// 333 91003
 91105 555 12016=
 27083 41599 82002 10140 20134 39720 49928 52005 72582 889// 333 91003
 91105 555 11015=
 27097 42/// /2103 10137 20134 39700 49945 52005 333 91007 91107 555
 1/015=
 27185 42/// /1902 10132 20127 39786 49959 52007 333 91004 91107 555
 1/015=
 27199 41497 82302 10139 20131 39782 49967 52006 76162 8672/ 333 91005
 91107 555 11015=
 27281 41438 82404 10127 20120 39779 49974 52010 76362 8872/ 333 91008
 91109 555 12014=
 27283 41458 82403 10132 20124 39825 49972 52008 78082 889// 333 91009
 91109 555 11014=
 27295 42/// /2103 10134 20112 39745 49982 52005 333 91008 91108 555
 1/014=
 27296 41580 82304 10144 20107 39775 49979 52006 70282 889// 333 91007
 91109 555 11014=
 27385 415// 62302 10139 20120 39878 40000 52008 70282 85530 333 91005
 91108 555 11013=
 27393 42598 62205 10138 20114 39839 40000 52007 85540 333 91007 91110
 555 11012=
 27480 42598 62102 10132 20117 39891 40012 52007 84501 333 91003 91106
 555 11012=
 28007 41457 82002 10141 20129 39710 49955 52003 76182 8872/ 333 88710
 91005 91105 555 11016=
 28009 42498 71903 10150 20129 39766 49962 52003 87900 333 91005 91105
 555 11015=
 28105 41598 82303 10142 20130 39784 49965 52004 72162 888// 333 91006
 91106 555 12015=
 28202 42571 82402 10143 20118 39771 49979 52007 889// 333 91005 91107
 555 10015=
 28302 42598 72002 10129 20108 39782 49998 52010 87900 333 91005 91106
 555 11014=
 28307 42598 31802 10128 20102 39872 40009 52009 82530 333 91004 91106
 555 10012=
 28402 42998 22204 10127 20114 39846 40016 52010 82031 333 91006 91107
 555 11012=
 28502 42998 52601 10121 20099 39933 40032 52009 82031 333 91002 91106
 555 10011=
 22550 81470 80102 10161 20152 39878 49887 57005 70282 886// 333 88711
 555 11017=
 22778 41598 81402 10168 20163 39821 49885 52010 72582 885// 555
 12018=
 22889 42/// /2001 10160 20158 39828 49908 52004 555 1/017=
 22762 82/// /0901 10170 20170 39829 49865 54001 555 1/018=
 22638 46/// /3402 10129 20127 39693 49904 54010=
 22671 42/// /1302 10175 20171 39803 49875 52012 555 1/018=
 22456 41496 80301 10135 20118 39823 49905 58006 71082 886// 555
 11015=
 22583 42598 71001 10175 20172 39838 49913 52012 87500 333 91118 555 11019=
 22749 42/// /2803 10156 20156 39765 49880 57005 555 1/016=
 22951 42/// /2803 10132 20128 39640 49903 57002 555 1/014=
 22887 41497 81602 10162 20151 39833 49897 52005 
 78082 8695/ 333 85712 555 11017=
 22876 42497 71802 10160 20155 39824 49891 52004 87900 333 87917 555
 11016=
 22481 43/// /0802 10181 20181 39867 49916 52007 555 1/018=
 22854 42/// /2703 10149 20149 39613 49881 57005 555 1/015=
 22781 NIL=
 22676 41397 81303 10173 20166 39810 49882 52011 70241 886// 555
 12018=
 22648 41398 83103 10148 20146 39839 49882 57007 72598 889// 333 88907
 555 13015=
 22559 42/// /0201 10177 20167 39860 49875 57009 555 1/018=
 22869 41/93 92002 10146 20143 39751 49889 52002 78084 333 96047 555
 11016=
 22768 43/// /1602 10165 20162 39820 49866 57001 555 1/017=
 22798 42598 81101 10162 20154 39805 49909 52006 885// 555 11017=
 22375 46/// /0509 10114 20102 39925 49939 54000 333 91115=
 23207 NIL=
 23215 42698 50901 10160 20154 39878 49961 54001 82539 555 11015=
 23219 NIL=
 22408 41358 83502 10142 20137 39830 49970 54000 76162 8872/ 333  
 88507 555   12015=
 22511 41457 80302 10152 20142 39844 49957 57005 71062 8392/ 555  
 11015=
 22529 42599 63301 10119 20109 39918 49924 52001 83532 555   12012=
 22602 41358 83002 10143 20134 39750 49961 57003 76186 8872/ 333  
 88507 555   11015=
 22621 83969 /3503 10129 20114 39799 49930 57008 555   1////=
 22619 41570 83003 10142 20136 39786 49935 57007 70262 885// 333  
 91110 555   11015=
 22721 41298 83004 10152 20142 39828 49920 57016 70282 887// 333  
 86706 555   11015=
 22727 86967 /2903 10145 20139 39894 49939 57013 555   1////=
 22717 83/70 /2603 10147 20111 39779 49960 57007 555   1////=
 22802 42999 71901 10137 20119 39953 49975 57006 85072 555   11013=
 22820 41697 82603 10139 20124 39818 49946 57010 76162 8452/ 555  
 11013=
 22831 41397 82803 10144 20134 39864 49916 57011 78186 889// 333  
 88907 555   12014=
 22805 42598 82805 10149 20134 39958 49977 57006 885// 555   11014=
 22912 42584 82503 10154 20122 39959 49973 57006 8257/ 555   11014=
 
