09:31:00 MSK 18.10.2023
020 123456/=о000=0631
 унту01 бтул 180600
 22686 41497 81501 10020 20018 39698 49795 53005 76076 8652/ 333 86614=
 22695 41597 80702 10011 21004 39635 49783 54000 76162 8652/ 333 20011=
 22996 41995 82204 10005 20005 39689 49870 52027 77376 8372/ 333 20001 91112=
 23220 42599 81308 10052 20032 39787 49923 57012 8353/ 333 91012 91112=
 23226 42960 81302 10053 20036 39721 49927 57021 8807/=
 23305 41699 70603 10042 20042 39808 49835 57019 70262 87530=
 23320 66/// /1403 10076 20041 39817 49886 58011 60002 333 20035=
 23324 42983 71104 10062 20047 39819 49893 56016 87040=
 23405 41464 71103 10031 20023 39737 49832 53003 72586 
 85930 333 20029 85917=
 23410 66/// /1405 10063 20040 39776 49868 57011 60002 333 20039=
 23411 41499 71706 10060 20048 39767 49852 57009 70262 87900=
 23412 41399 71603 10063 20047 39774 49867 57009 70262 87730 333 84709=
 23416 NIL=
 23418 42665 71903 10064 20023 39805 49876 53003 
 87500 333 87646 91110=
 23501 NIL=
 23503 41998 81203 10044 20024 39792 49840 50002 76062 8802/ 333 20041=
 23507 86/// /1302 10011 20011 39508 49808 57013 333 20010=
 23509 NIL=
 23514 42697 81404 10044 21015 39657 49845 57008 8655/ 333 20042 86644=
 23518 42698 81706 10062 21025 39791 49879 50004 885// 333 20062
 88649 91010 91115 555 53015=
 23606 41460 81305 10019 20008 39664 49829 57008 76176 8802/ 333 20017 88512 91010 91111=
 23701 41463 81602 10016 20010 49801 56001 76076 8872/ 333 20007 86510=
 23704 66/// /1402 10011 20011 39538 49650 56039 60002 333 20010=
 23707 81397 82004 10010 20007 39668 49796 52008 76162 8872/ 333 20005 86709=
 23708 41461 81707 10012 21003 39678 49823 52006 76876 8572/ 333 20008 85712 91011 91112=
 23709 81497 81705 10015 21005 39669 49856 52005 76876 8572/ 333 20008 85710 91012 91112=
 23711 42598 81806 10037 21011 39713 49876 52002 8397/ 333 20036 91011 91115=
 23803 41597 82105 10018 21001 39684 49859 53008 78082 889// 333 20015
 91010 91112=
 23804 81496 82004 10009 20003 39673 49814 53019 78586 8692/ 333 86918=
 23807 41496 82108 10008 20008 39680 49837 52028 77172 889// 333 84912 91013 91113=
 23808 NIL=
 23812 41597 82008 10053 21043 39752 49908 53006 70282 8695/ 333 20052
 91016 91116=
 23904 41222 82005 10007 20006 39726 49879 51027 77372 8772/ 333 20007
 87705 91010 91111=
 23905 41598 81904 10010 20003 39674 49896 52022 77176 8802/ 333 20006
 91010 91112=
 23909 41497 81906 10017 20006 39689 49928 52019 78082 883// 333 20009
 91010 91116=
 23912 42598 82108 10051 21031 39757 49943 52012 8655/ 333 20050 91015
 91117=
 23913 42599 71604 10054 21043 39751 49973 51008 87900 333 91113=
 23914 82499 71906 10045 21032 39704 49953 52013 87500 333 91013
 91117=
 28013 41598 81908 10038 21026 39722 49946 53009 72582 889// 333 20038
 91014 91117=
 28016 42599 82007 10038 21005 39735 49954 52017 885// 333 20034 91014
 91115=
 28029 42599 81909 10052 21032 39776 49989 52014 885// 333 20050 91014
 91116=
 28116 42499 82105 10042 21024 39753 49977 52016 889// 333 20038 91010
 91116=
 28128 42599 81903 10046 20005 39855 40005 52014 8852/ 333 20046
 91115=
 28134 42698 82003 10034 21028 39677 40021 52013 885// 333 20034
 91110=
 28138 42599 72106 10023 21048 39484 40042 52010 87300 333 91013
 91114=
 28216 41599 82006 10031 21021 39721 40013 52012 72622 889// 333 20031
 91011 91113=
 28222 42598 82005 10042 21014 39832 40022 52015 885// 333 20041 91010
 91111=
 28224 41670 81905 10035 21018 39826 40035 52014 72782 8691/ 333 20026
 91011 91113=
 28234 42598 82107 10039 21039 39773 40046 52012 885// 333 20038 91014
 91114=
 28238 42599 82108 10047 21029 39756 40053 52006 884// 333 20035 91012
 91115=
 28313 42598 82005 10042 21014 39838 40026 52014 885// 333 20036 91013
 91113=
 28319 42599 52205 10048 21010 39890 40050 52015 83550 333 20033
 91110=
 28321 41599 82005 10039 21008 39832 40031 52013 70282 8598/ 333 20035
 91011 91112=
 28324 42599 82107 10045 21028 39933 40051 52015 8696/ 333 20036 91012
 91112=
 28326 42598 72205 10042 21011 39876 40060 52017 87500 333 20037
 91112=
 28413 42599 71904 10039 21011 39935 40055 52016 87500 333 20033
 91110=
 28428 42599 62106 10050 21009 39894 40076 51012 85530 333 91111=
 28429 42598 72205 10028 21010 39678 40085 52013 87900 333 91111=
 22983 41456 82506 10008 20005 39752 49854 52027 78582 889// 333 91010
 91111=
 27083 41459 82204 10006 21001 39674 49891 52024 77172 8872/ 333 91007
 91110 93702=
 27097 41464 82304 10005 21001 39660 49919 52025 77187 8872/ 333 91008
 911//=
 27185 41598 82103 10019 20012 39764 49944 52016 72176 885// 333 91008
 91108=
 27199 41497 82203 10023 20013 39763 49957 52016 76176 8677/ 333 91009
 91111=
 27281 41458 82305 10017 20008 39759 49963 52016 76176 8872/ 333 91009
 91110=
 27283 41498 82304 10025 20010 39809 49962 52015 70282 885// 333 91008
 91110=
 27295 41570 82004 10020 20006 39729 49977 52013 76162 8802/ 333 91008
 91110=
 27296 41597 82204 10022 20005 39761 49975 52014 72582 889// 333 91006
 91110=
 27385 414// 72203 10025 20015 39868 49995 52017 70276 86730 333 91007
 91113=
 27393 41497 82208 10030 20006 39830 49997 52011 76062 8872/ 333 91013
 91113=
 27480 41498 82303 10030 20019 39882 40008 52016 72582 889// 333 91006
 91108=
 28007 41499 82105 10012 20001 39676 49932 52020 77172 8872/ 333 88711
 91011 91113=
 28009 41459 82005 10022 20001 39741 49947 52020 78082 889// 333 20014
 91010 91111=
 28105 41459 82205 10020 20007 39763 49952 52017 76162 8872/ 333 91009
 91111=
 28202 41561 82207 10024 20003 39758 49975 52014 78082 889// 333 91011
 91111=
 28302 41598 82004 10021 20002 39775 40000 52014 78082 889// 333 20016
 91007 91112=
 28307 41498 81804 10033 20004 39868 40009 52013 78082 889// 333 91008
 91110=
 28402 41598 82006 10031 20006 39844 40020 52013 72582 8697/ 333 20025
 91009 91112=
 28502 42598 82207 10043 21003 39939 40041 52010 889// 333 91010
 91113=
 22550 82597 73305 10039 20022 39907 49917 57001 87600 333 87621=
 22778 41496 83005 10003 21003 39768 49836 52017 78582 889// 333 91010
 91111=
 22889 41496 82305 10009 20008 39750 49834 52028 76862 8702/ 333 20004
 87513 91110=
 22762 41596 82904 10017 20012 39844 49882 52006 76076 8657/ 333
 91110=
 22638 46/// /3302 10004 20001 39766 49989 52012=
 22671 41294 83504 10002 20002 39762 49839 57004 77377 8872/ 333 86705
 91010 91113=
 22456 41597 83602 10029 20013 39827 49912 57003 70282 885//=
 22583 41496 83401 10005 20003 39728 49806 57009 77177 8872/=
 22749 42498 83205 10031 20020 39822 49944 52012 889// 333 88919
 91110=
 22951 42498 82903 10013 20006 39675 49951 52015 889//=
 22887 41296 82403 10007 20001 39772 49840 52030 78587 889// 333 85705=
 22876 41396 82604 10006 20006 39768 49839 52024 78588 889// 333 88707
 91110=
 22481 41493 83406 10001 21001 39798 49850 57020 78682 889// 333 91011
 91113=
 22854 41397 83004 10015 20013 39657 49940 53014 76162 8772/ 333
 87707=
 22781 NIL=
 22676 41495 83106 10000 21001 39739 49814 53006 77376 8872/ 333
 91110=
 22648 NIL=
 22559 42598 83305 10037 20008 39889 49905 54000 885// 333 88630 91010
 91110=
 22869 41496 72805 10013 20002 39758 49903 52019 78088 87900 333 85710
 91010 91110=
 22768 41497 83105 10019 20008 39835 49884 52011 78082 889// 333 86912
 91010 91110=
 22798 41496 81802 10018 20018 39685 49794 52010 78082 889//=
 22375 NIL=
 23207 41494 80510 10002 20002 39835 49857 57030 77572 8872/ 333 91016
 91116=
 23215 41298 80804 10029 20029 39802 49888 56026 70282 886// 333
 88703=
 23219 NIL=
 27095 66/// /2105 10008 20008 39695 49919 52023 60002 333 20002 91113=
 22408 12499 73303 11008 21027 39922 40072 52007 60002 87500 333  
 21021 88619=
 22511 12698 83405 10003 21022 39937 40058 52008 60002 8757/ 333  
 20000 83576 91110=
 22529 11599 73605 10035 20017 39995 40002 52013 60022 72582 83932
 333   20026 91011 91112=
 22602 12475 73403 11017 21039 39845 40072 52012 60002 87500 333  
 21018 87615=
 22621 11460 83204 10006 21005 39885 40024 52010 69902 783// 889//
 333   20002 88913 91110=
 22619 11459 83008 10008 20002 39871 40029 52011 69952 78582 889//
 333   20006 88910 91011 91111=
 22721 11498 83103 10014 21005 39920 40017 52011 69902 70282 887//
 333   20013 85711=
 22727 12470 83303 10025 20006 39974 40021 52009 60002 884// 333  
 20018 88618=
 22717 12498 73102 10005 21009 39848 40045 52008 60002 87500 333  
 21001 87618=
 22802 11599 53202 10020 20001 30034 40057 52008 69902 70282 82531
 333   20015=
 22820 11470 82903 10012 21010 39889 40024 52009 69902 70272 885//
 333   20010 88615=
 22831 12598 63204 10033 21002 39939 49993 52013 60002 84930 333  
 20029 84920=
 22805 12598 63502 10030 20003 30031 40056 52007 60002 85530 333  
 20029=
 22912 12999 53101 11004 21011 30025 40040 52009 60002 85030 333  
 21007=
 
