15:31:00 MSK 21.06.2023
020 123456/=о000=1231
 унту01 бтул 211200
 22686 82598 23405 10172 20026 30054 40149 57003 82200 333 91110 555 10033=
 22695 42598 63403 10152 21002 39985 40130 58003 86900 333 86928 91111
 555 10020=
 22996 81599 60104 10113 20080 39950 40129 52003 72582 84961 333 91111
 555 11026=
 23220 42599 43406 10116 20015 39938 40073 53003 84800 333 91010 91110
 555 11014=
 23226 42660 30307 10112 20009 39874 40079 52002 83100 333 91011 91112 
 555 11021=
 23305 42999 73505 10088 20034 30136 40163 53003 87070 555 10018=
 23320 86/// /3603 10062 20008 30049 40121 52006=
 23324 41582 83403 10066 20018 30042 40117 53008 70252 885// 333 88626
 91110 555 10010=
 23405 42579 33505 10142 20042 30048 40142 57004
 83100 333 91110 555 10025=
 23410 86/// /3305 10090 20022 30032 40126 52005 333 91111 555 50076 53011=
 23411 42599 70204 10089 20037 30055 40142 52005 87500 333 91110 555 11014=
 23412 42599 83604 10093 20037 30035 40129 52005 885// 333 88625  91111 555 10014=
 23416 NIL=
 23418 42665 73506 10104 20036 30047 40118 52005 87900 333 
 84636 91012 91113 555 11016=
 23501 NIL=
 23503 42598 60204 10146 20015 30085 40133 51001 83931 555 10026=
 23507 86/// /3604 10142 20017 39839 40135 57003=
 23509 42598 43603 10157 20017 30048 40122 53001 84900 333 91111 555
 10026=
 23514 42697 70103 10133 20028 39927 40115 52005 86209 333 86840 91111 555 10021=
 23518 NIL=
 23606 42662 50105 10153 20027 39952 40110 54000 85500 333 85646 91110 555 10028=
 23612 NIL=
 23701 42699 50405 10151 20033 30011 40134 57005 84930 333 91111 555
 10028=
 23704 86/// /3303 10141 20059 39926 40039 55004 555 53009=
 23707 82498 80203 10133 20051 30006 40133 54000 83972 555 10020=
 23708 41582 53604 10133 20039 39978 40121 57003 70282 84501 555 11017=
 23709 42698 73206 10143 20022 39918 40101 58001 86305 91110 555 10024=
 23711 42698 53603 10156 20028 39920 40080 52004 82501 555 10029=
 23803 43/// /35// 1//// 2//// 3//// 4//// 5//// 555 1/015=
 23804 81597 83402 10111 20050 39994 40134 52004 70282 8693/ 333 86929 555 10013=
 23807 42/// /3603 10101 20059 39982 40138 52007 333 91111 555 1/015=
 23808 NIL=
 23812 42597 83603 10146 20021 39917 40071 52005 86202 555 10022=
 23904 41570 83403 10093 20074 39978 40130 53010 72522 86342 333 86927
 91110 555 11016=
 23905 81599 83401 10121 20077 39891 40108 52006 72582 86904 333 91110
 555 11023=
 23909 81598 73302 10125 20042 39860 40095 52006 70282 87300=
 23912 81598 83304 10130 20049 39891 40074 51010 70282 8455/ 555
 10021=
 23913 81597 83003 10111 20045 39843 40063 52007 78082 889// 555
 11006=
 23914 81499 83203 10121 20049 39830 40076 52010 70382 889//=
 28013 82598 73206 10129 20025 39865 40085 52005 87900 333 91110 555
 10026=
 28016 81599 73303 10115 20051 39880 40095 52008 72522 87900 333 91110
 555 10019=
 28029 81699 63502 10117 20053 39861 40071 52012 70282 85520 333 91111
 555 11019=
 28116 81599 63603 10114 20042 39870 40091 52010 72522 85901 333
 91110=
 28128 81599 83604 10123 20039 39932 40079 52008 70362 83539 333 91111
 555 11021=
 28134 81598 83302 10112 20057 39729 40064 52011 70282 889// 555
 11023=
 28138 42599 83203 10096 20042 39504 40047 52013 84505 333 91110=
 28216 82699 83304 10119 20017 39805 40090 52005 87505 555 10027=
 28222 81598 83301 10125 20047 39891 40077 52009 72582 86902 555
 11022=
 28224 81570 73303 10124 20033 39872 40076 52007 72582 86909=
 28234 81499 83501 10093 20056 39799 40067 52011 72582 8497/ 333 91111
 555 51012=
 28238 81599 83206 10105 20039 39766 40057 52009 72162 885// 333 91011
 91111 555 11017=
 28313 82598 73202 10116 20012 39911 40095 51009 87500 555 10022=
 28319 82598 73402 10129 20027 39935 40091 52005 86930=
 28321 82599 73204 10115 20023 39892 40088 52007 87900=
 28324 82599 83503 10122 20001 39973 40089 52008 889// 555 10023=
 28326 82598 73202 10125 20034 39895 40073 52012 86530 555 10023=
 28413 82599 83403 10113 20059 39980 40098 52007 885// 555 10018=
 28428 82599 83504 10117 20025 39908 40085 52011 889// 555 10021=
 28429 81598 83303 10092 20031 39683 40080 52014 70282 889// 555
 10015=
 22983 41498 83502 10137 20049 30045 40146 54000 70282 86935 333 91005
 91107 555 11023=
 27083 41599 63303 10128 20042 39921 40135 52001 72582 86900 333 91005
 91111 555 10029=
 27097 41498 73104 10119 20059 39881 40133 51005 72582 85331 333 91007
 91109 555 10023=
 27185 42598 73103 10136 20031 39962 40138 50004 84330 333 91006 91111
 555 10026=
 27199 41598 53303 10131 20019 39939 40129 52004 70282 85331 333 91007
 91109 555 11034=
 27281 41582 73402 10110 20069 39948 40148 52006 72582 86930 333 91005
 91112 555 11021=
 27283 42598 63505 10140 20022 39985 40134 52002 84831 333 91009 91110
 555 10026=
 27295 41598 83204 10118 20023 39889 40132 52005 70282 884// 333 91008
 91110 555 11021=
 27296 41598 63604 10143 20028 39911 40119 52003 70282 82931 333 91006
 91111 555 10026=
 27385 425// 63303 10145 20025 30012 40135 54000 82531 333 91006 91110
 555 10027=
 27393 41598 70103 10114 20054 39965 40129 52005 70282 86970 333 91007
 91110 555 11020=
 27480 41598 83102 10151 20049 30020 40142 52002 70282 86931 333 91007
 91107 555 11026=
 28007 42599 63303 10128 20009 39867 40118 50000 84401 333 91006 91110
 555 10025=
 28009 41498 80401 10114 20048 39912 40114 52006 72582 86901 333 91003
 91110 555 11023=
 28105 42598 73502 10140 20004 39925 40116 52001 87200 333 91005 91108
 555 11027=
 28202 42599 70102 10114 20035 39900 40113 52007 87900 333 91006 91109
 555 10019=
 28302 42598 83403 10131 20006 39891 40110 52006 84901 333 91007 91109
 555 10025=
 28307 41498 83104 10140 20023 39983 40120 52003 70282 86431 333 91007
 91110 555 10028=
 28402 41598 83404 10113 20053 39943 40116 52006 72582 8693/ 333 91008
 91110 555 11019=
 28502 41598 73206 10147 20025 30012 40111 52002 70282 86930 333 91011
 91111 555 10027=
 22550 82597 62701 10145 20040 30186 40195 57009 82201 555 10028=
 22778 42598 53403 10159 20041 30100 40166 57007 85800 555 10025=
 22889 41598 73305 10135 20049 30063 40146 54000 70182 84870 333 91110
 555 10024=
 22762 82698 22902 10160 20043 30151 40188 57006 81201 555 10035=
 22638 NIL=
 22671 NIL=
 22456 42597 60301 10161 20041 30100 40184 57014 84209 555 11015=
 22583 42998 03303 10135 20036 30092 40170 58009 
 555 10027=
 22749 42998 60501 10147 20045 30072 40192 57012 80005 555 10037=
 22951 42598 30402 10136 20024 39926 40197 57006 82101 555 1/031=
 22887 41699 63002 10106 20094 30090 40158 58003 72582 83931 333 91111 555 11017=
 22876 42597 73302 10157 20052 30087 40156 57007 87900 333 87928 555
 10023=
 22481 42/// /3303 10122 20036 30132 40183 57008 555 1/025=
 22854 42/// /0301 10127 20027 39917 40196 57009 555 1/033=
 22781 NIL=
 22676 42698 53206 10160 20036 30088 40162 57006 84201 333 91115 555
 10032=
 22648 42998 70602 10152 20045 30152 40197 57014 82031 555 16038=
 22559 82598 62701 10157 20039 30176 40192 57012 83201 555 11026=
 22869 42597 73503 10144 20041 30041 40184 55003 86930 333 85628 555
 11021=
 22768 42697 63603 10159 20033 30137 40185 57004 85801 555 10031=
 22798 42598 73301 10157 20041 30031 40138 58005 83530 555 10024=
 22375 NIL=
 23207 42499 73403 10090 20022 30145 40167 57001 87500 555 10018=
 23215 42598 83505 10079 20011 30046 40133 52004 885// 333 88629 555
 11010=
 23219 NIL=
 27095 86/// /3303 10112 20060 39919 40140 50005=
 22408 41559 80401 10177 20126 30016 40157 57003 78082 889// 555  
 10020=
 22511 41498 82303 10187 20088 30043 40157 57012 72582 8591/ 555  
 11022=
 22529 42599 80903 10135 20074 30184 40191 57010 885// 333   88624
 555   10021=
 22602 41499 61603 10223 20079 39936 40146 57018 72511 84931 555  
 10029=
 22621 83870 /1803 10168 20017 30051 40184 57012 555   1////=
 22619 42483 51003 10163 20078 30024 40176 57015 82530 555   10032=
 22721 42998 71401 10157 20048 30099 40193 57009 87030 555   11026=
 22727 86970 /1404 10144 20044 30151 40197 57010 555   1////=
 22717 83/70 /2102 10221 20071 39994 40175 57014 555   1////=
 22802 42999 21703 10191 20066 30165 40187 57009 80001 555   10040=
 22820 42970 60705 10153 20020 30065 40196 57010 85071 555   10030=
 22831 42998 72501 10178 20033 30141 40194 57007 85031 555   10032=
 22805 42998 11206 10147 20092 30168 40187 56014 80001 555   10039=
 22912 42999 12803 10206 20069 30175 40189 57010 80001 555   10030=
 
