21:31:00 MSK 10.01.2023
020 123456/=о000=1831
 унту01 бтул 101800
 22686 42998 01604 11256 21286 30213 40326 58037=
 22695 42998 01802 11241 21285 30149 40321 57032=
 22996 42998 01804 11252 21284 30230 40441 58024=
 23220 41496 81803 11183 21204 30089 40243 57007 77073 8872/=
 23226 41459 81906 11192 21211 30005 40240 58008 77172 885// 333 88616 
 91111=
 23305 41984 41904 11189 21233 30200 40230 57018 70231 82031=
 23320 66/// /2306 11175 21213 30170 40249 56015 60002 333 11173 91013 91113=
 23324 41456 82205 11178 21207 30160 40244 57011 77173 8272/ 333 91110=
 23405 42997 11902 11182 21232 30154 40264 57024 80001=
 23410 66/// /1606 11181 21214 30138 40243 57017 60002 333 11166=
 23411 41599 82306 11178 21213 30144 40240 57016 73632 885// 333 91110=
 23412 42499 82004 11170 21209 30136 40241 57019 887//=
 23416 NIL=
 23418 42965 61503 11195 21236 30201 40282 57012 83031=
 23501 NIL=
 23503 42998 82003 11189 21234 30226 40281 56017 8807/=
 23507 86/// /0000 11237 21265 39973 40320 56021=
 23509 42998 21903 11222 21259 30228 40315 56019 80001=
 23514 41997 82304 11213 21244 30084 40303 57020 70232 8807/ 333  91111  93605=
 23518 42997 82004 11234 21262 30214 40317 57010 80009 555 53006=
 23606 42960 22302 11238 21270 30145 40340 58024
 80001=
 23612 NIL=
 23701 42980 32002 11263 21290 30219 40367 57028 82044=
 23704 66/// /2002 11256 21277 39926 40039 55004 60002 333 11256=
 23707 82998 21903 11266 21304 30233 40384 57029 80001=
 23708 42984 61904 11266 21299 30229 40400 57023 80001=
 23709 41997 62204 11221 21254 30180 40396 57019 77171 85021 333 93612=
 23711 42998 62302 11211 21247 30173 40362 57011 80005=
 23803 43/// ///// 1//// 2//// 3//// 4//// 5////=
 23804 82997 01902 11268 21297 30238 40404 57027=
 23807 42997 02002 11284 21308 30240 40427 58024=
 23808 86/// /1702 11271 21301 30244 40437 58022=
 23812 42997 32302 11230 21267 30220 40403 57008 83010=
 23904 42981 01602 11268 21293 30272 40452 57021=
 23905 42999 02102 11244 21276 30195 40453 57017 555 51245=
 23909 42998 52503 11228 21255 30175 40452 57014 80001 333 93612=
 23912 42/// /2002 11250 21276 30226 40445 57009 555 51248=
 23913 42999 72603 11198 21255 30177 40432 57003 8703/ 333 91110 555
 51250=
 23914 82998 82604 11234 21260 30153 40443 58011 80005 333 93612=
 28013 42998 02303 11224 21259 30197 40458 58013 555 51221=
 28016 42/// /2302 11221 21253 30218 40473 57011 555 51218=
 28029 42999 02302 11228 21253 30214 40462 57006 555 51231=
 28116 41896 42301 11217 21240 30220 40480 57008 77171 84010=
 28128 42999 83002 11251 21272 30306 40482 57004 80005 555 51220=
 28134 42998 51901 11257 21283 30079 40480 54000 80005 555 51264=
 28138 43/// /2703 11200 21233 39810 40441 57001=
 28216 41596 72502 11190 21215 30163 40495 58003 77172 87720 555
 51214=
 28222 42/// /1801 11231 21256 30265 40487 54001 555 51222=
 28224 42969 22702 11200 21223 30251 40491 52003 80002=
 28234 42897 53102 11205 21238 30162 40474 50002 85040 555 51244=
 28238 42899 82601 11198 21238 30124 40463 54001 8802/ 555 51249=
 28313 42/// /1501 11222 21248 30290 40508 50001 555 51231=
 28319 42898 30000 11238 21265 30333 40521 52008 83050=
 28321 42899 82101 11227 21252 30274 40505 52005 8805/=
 28324 42/// /0000 11222 21257 30374 40511 51008 555 51248=
 28326 42898 40000 11242 21269 30280 40494 52007 84030 555 51237=
 28413 42999 20000 11237 21269 30380 40520 50008 80005 555 51228=
 28428 42898 82002 11277 21314 30308 40523 52012 83031 555 51267=
 28429 42/// /2302 11260 21289 30045 40519 51010 555 51273=
 22983 42968 00000 11381 21415 30296 40422 57029 333 91001 91101=
 27083 42984 01601 11274 21304 30194 40450 57026 333 91002 91103=
 27097 42998 01902 11264 21296 30177 40481 57027 333 91004 91104=
 27185 42/// /1702 11254 21286 30273 40484 58018 333 91005 91105=
 27199 42998 42302 11240 21276 30271 40497 57012 80001 333 91004
 91105=
 27281 42984 01403 11280 21309 30251 40491 57017 333 91004 91104=
 27283 42997 01702 11303 21332 30312 40495 58015 333 91003 91103=
 27295 42997 81802 11233 21264 30223 40508 57007 8805/ 333 91004
 91104=
 27296 42997 81901 11216 21244 30254 40501 57007 80001 333 91003
 91103=
 27385 419// 32101 11254 21279 30360 40508 57017 70270 83030 333 91001
 91103=
 27393 42598 72304 11213 21236 30324 40517 58005 85540 333 91005
 91106=
 27480 42998 01701 11281 21317 30367 40516 57015 333 91001 91102=
 28007 42999 02202 11237 21270 30186 40484 58013 333 91005 91105=
 28009 42998 02401 11238 21273 30242 40481 57013 333 91002 91103=
 28105 42998 02001 11213 21242 30267 40493 57008 333 91002 91106=
 28202 42997 82001 11197 21225 30249 40498 58008 8805/ 333 91002
 91103=
 28302 41597 82301 11199 21226 30250 40508 58003 70281 8597/ 333 91002
 91103=
 28307 42498 80000 11210 21236 30355 40518 58001 885// 333 91000
 91102=
 28402 41557 82203 11234 21258 30315 40520 58005 77171 8652/ 333 91004
 91104=
 28502 42997 82202 11259 21293 30411 40531 57001 80001 333 91003
 91104=
 22550 82572 81303 11214 21239 30217 40228 57025 885// 333 88622=
 22778 42998 81303 11239 21267 30262 40340 57035 8805/=
 22889 42997 01201 11236 21273 30312 40410 58026=
 22762 41896 81201 11211 21227 30247 40290 57033 77171 8807/=
 22638 46/// /1802 11146 21168 39968 40210 57019=
 22671 42598 81803 11201 21219 30186 40276 56032 885// 333 88629=
 22456 42997 82102 11198 21223 30117 40213 56022 84071=
 22583 42984 21401 11219 21245 30181 40270 57035 80001=
 22749 41996 82005 11124 21145 30120 40253 57025 77173 8802/ 333
 91110=
 22951 41897 81805 11137 21157 39994 40297 57021 77173 8802/=
 22887 42997 31403 11230 21255 30304 40384 57031 80001=
 22876 42997 00702 11278 21304 30277 40361 58035=
 22481 41998 61806 11190 21222 30169 40226 56025 73631 84032 333
 91111=
 22854 41897 81805 11139 21158 39968 40279 57025 77171 8802/ 333 91110=
 22781 NIL=
 22676 42898 71402 11226 21253 30211 40299 57038 87070=
 22648 42/// /1804 11140 21163 30192 40241 57020=
 22559 42698 81803 11195 21219 30228 40246 57028 885// 333 88645=
 22869 42998 71703 11188 21216 30190 40352 57020 80070=
 22768 41897 72006 11168 21198 30246 40300 57029 73632 83078 333 91010
 91110=
 22798 42997 00000 11292 21321 30254 40384 57032=
 22375 46/// /2009 11195 30167 40183 57024 333 91114=
 23207 NIL=
 23215 41996 82106 11157 21185 30105 40201 56016 77173 8807/ 333
 91111=
 23219 NIL=
 27095 66/// /1402 11257 21280 30223 40486 57016 60002 333 11229=
 22408 11584 81503 11116 21136 39980 40137 57017 69962 72272 889//
 333   11109 88925=
 22511 11238 81703 11124 21149 30017 40145 57019 69902 77372 8772/
 333   11117 87704=
 22529 11598 81804 11125 21160 30179 40186 57019 69902 70282 889//
 333   11124 88925=
 22602 11358 81603 11120 21130 39904 40142 57018 69962 77172 885//
 333   11118 88608=
 22621 11897 81604 11128 21153 30032 40180 57019 69932 771// 85022
 333   11127=
 22619 11396 81503 11133 21156 30004 40173 57021 60012 77172 8872/
 333   11131 87709=
 22721 11396 81302 11117 21131 30088 40192 57020 60022 77172 8872/
 333   11116 86707=
 22727 12570 81304 11108 21131 30142 40193 57022 60012 884// 333  
 11107 88625=
 22717 11495 81402 11106 21123 39964 40167 57019 60022 77100 8872/
 333   11105 86711=
 22802 11496 81703 11038 21049 30124 40148 57014 60042 78583 889//
 333   11038=
 22820 11698 81603 11107 21137 30049 40193 57019 69982 70272 8657/
 333   11107 86643=
 22831 11596 71602 11113 21132 30168 40227 57022 60022 78582 87900
 333   11112 87920=
 22805 115// 81809 11025 21039 30133 40153 57013 60032 73673 885//
 333   11024 91012 91114=
 22912 11950 81603 11069 21086 30171 40187 57012 60032 77173 8802/
 333   11068=
 
