18:31:00 MSK 21.04.2023
020 123456/=о000=1531
 уйту01 бтул 211500
 22686 11598 70000 10049 20020 30016 40114 57005 69902 70282 81960 333 10078 555 50044 53008=
 22695 11598 83203 10046 21001 39951 40102 57004 69962 70282 8555/ 333
 10079 85626 555 50038 53010=
 22996 12599 53201 10098 21017 39942 40122 57006 60002 83101 333 10119
 555 50057 53008=
 23220 11497 81902 11018 21034 39952 40095 52003 60012 70282 889// 333 10019 555 51001 53004=
 23226 11557 82203 11024 21036 39877 40094 52004 69902 78582 8595/ 333 
 11009 85914 555 51017 53007=
 23305 11999 81902 10027 21008 30060 40088 58009 69932 70282 8807/ 333
 10037 555 50015 53007=
 23320 76/// /2403 10017 21055 30030 40103 54001 333 60002 555 50013 53009=
 23324 12582 72102 10009 21036 30022 40099 54000 69922 87900 333 10026
 86629 555 50009 53007=
 23405 11460 81801 10024 20003 39998 40096 57008
 69922 76162 8552/ 333 10044 85618 555 50017 53006=
 23410 76/// /1804 10018 21046 30001 40097 57004 333 60002=
 23411 12599 82203 10017 21028 30006 40095 57006 69902 885// 333
 10034 555 50009 53008=
 23412 12999 72302 10021 21038 30001 40097 58005 60002 87030 333 10027 555 50008 53011=
 23416 NIL=
 23418 12965 61702 10027 21054 30036 40108 58003 
 69902 85031 333 10034 555 50019 53005=
 23503 12598 82002 10040 21044 30049 40098 57012 69902 82935 333 10046 555 50020 53005=
 23507 66/// /2701 10024 20017 39796 40104 57007 60002 333 10043 555 50015 53007=
 23509 12496 80000 10032 20000 30030 40108 57005 60002 8552/ 333 10058
 85614 555 50025 53006=
 23514 12997 82502 10032 21048 39912 40106 57007 69902 8807/ 333 10033 555 50016 53006=
 23518 12698 83301 10027 21058 30022 40112 58001 69902 885// 333 10039
 88647 555 50023 53008=
 23606 12662 82601 10048 21018 39945 40109 57006 69902 8353/ 333 10062 555 50029 53007=
 23701 12499 72202 10055 21007 39990 40117 57005 69902 81449 333 10078
 555 50040 53007=
 23704 76/// /2202 10062 20020 39926 40039 55004 333 60002=
 23707 62598 72402 10069 20006 39987 40116 57011 69902 83940 333 10074 555 50035 53005=
 23708 12984 82701 10062 21022 39975 40122 57008 69902 8005/ 333 10075
 555 50032 53006=
 23709 12998 82201 10061 21032 39932 40121 57006 69902 8805/ 333 10075 555 50037 53007=
 23711 12699 80000 10047 21037 39948 40115 57003 69902 84575 333 10069 555 50036 53006=
 23803 12599 63301 10062 21019 39953 40130 57005 60002 83960 333 10088 555 50035 53007=
 23804 62997 62701 10074 21006 39978 40120 57007 69902 86070 333 10089 555 50041 53005=
 23807 12998 63102 10084 20027 39968 40126 57008 60002 82839 333 10097
 555 50048 53008=
 23808 66/// /2502 10085 21026 39960 40124 57010 60002 333 10093=
 23812 12497 73001 10061 21011 39961 40120 57002 60002 86930 333 10089
 555 50029 53007=
 23904 12570 73002 10100 21033 39972 40124 57006 60002 83570 333 10122
 555 50042 53008=
 23905 12599 72701 10091 21035 39900 40120 57007 60002 84903 333 10113
 555 53007=
 23909 12598 73501 10089 21038 39883 40121 57006 60002 84552 333
 10123=
 23912 12598 82401 10081 21018 39934 40121 57006 60002 82541 333 10104
 555 53010=
 23913 12599 70000 10048 21035 39898 40124 54001 60002 82105 333 10126
 555 53010=
 23914 62499 72801 10084 21038 39872 40122 57007 60002 83545 333
 10108=
 28013 12598 72601 10104 21074 39894 40117 57007 60002 87500 333 10125
 555 53009=
 28016 12599 82401 10115 21058 39900 40116 57008 60002 86531 333 10138
 555 53008=
 28029 12599 60102 10114 21061 39905 40116 57002 60002 84510 333 10143
 555 53009=
 28116 12499 70801 10109 21070 39894 40117 57006 60002 86470 333
 10147=
 28128 12899 31802 10071 20009 39980 40130 57001 60002 83060 333 10139
 555 53010=
 28134 12698 61701 10080 21008 39786 40128 57001 60002 82404 333 10140
 555 53008=
 28138 12599 72701 10063 21001 39581 40136 52003 60002 87500 333
 10111=
 28216 11599 31703 10087 20017 39839 40129 57010 69932 70181 83900 333
 10138 555 53008=
 28222 12598 81701 10089 20006 39943 40132 58009 60002 83551 333 10152
 555 53007=
 28224 11670 72502 10087 20026 39928 40135 57010 69972 70282 83979 333
 10130=
 28234 12499 62401 10100 21028 39863 40133 57004 60002 85901 333
 10138=
 28238 12599 82502 10089 20001 39841 40136 57005 60002 82461 333 10131
 555 53011=
 28313 11698 20801 10092 20009 39947 40134 58008 69942 70281 82400 333
 10128 91111 555 53011=
 28319 12898 20501 10082 20050 39983 40142 57008 60042 82050 333
 10117=
 28321 12599 31502 10095 20016 39938 40135 58005 60002 81901 333
 10124=
 28324 12699 32201 10098 20016 30023 40140 57003 69962 82440 333 10117
 555 53006=
 28326 12598 53201 10102 20019 39954 40135 57003 69942 82530 333 10129
 555 53009=
 28413 12599 21101 10130 21029 30017 40135 57013 69992 82401 333 10140
 555 53006=
 28428 12599 73003 10126 21002 39957 40135 52003 60002 84901 333 10168
 555 53012=
 28429 12598 70000 10105 20008 39735 40133 54000 60002 85931 333 10146
 91110 555 53016=
 22983 12498 83001 10094 21012 30030 40132 57008 60002 84965 333 10109
 91002 91105 555 50051 53006=
 27083 12599 53102 10098 21043 39910 40126 57003 60002 85800 333 10118
 91004 91107 555 50051 53007=
 27097 12598 83203 10108 21027 39869 40122 57001 60002 82181 333 10138
 91005 91107 555 50067 53007=
 27185 12698 73104 10129 21037 39945 40121 53001 60002 87500 333 10157
 91009 91109 555 50072 53009=
 27199 12998 62901 10138 21072 39923 40112 57010 60002 86030 333 10157
 91003 91106 555 50096 53007=
 27281 12582 33304 10130 21047 39921 40120 57004 60002 82401 333 10162
 91005 91108 555 50083 53010=
 27283 12598 73203 10141 21069 39964 40113 57008 60002 82430 333 10156
 91006 91108 555 50097 53009=
 27295 12998 63201 10131 21071 39873 40113 57012 60002 86040 333 10161
 91002 91107 555 50087 53009=
 27296 12580 62602 10139 21084 39903 40111 57011 60002 86500 333 10157
 91005 91107 555 50091 53007=
 27385 125// 62602 10152 21062 39989 40111 57009 60002 83530 333 10174
 91003 91106 555 50087 53007=
 27393 12598 71801 10139 21048 39957 40120 57011 60002 85930 333 10166
 91001 91108 555 53010=
 27480 12698 70701 10154 21040 39991 40113 57010 60002 85460 333 10181
 91001 91105 555 50089 53005=
 28007 12599 83604 10116 21077 39863 40115 57008 60002 86545 333 10138
 91005 91106 555 50090 53006=
 28009 12698 83301 10113 21079 39915 40118 57008 60002 86501 333 10151
 91001 91106 555 50065 53007=
 28105 12598 60000 10127 21092 39920 40112 57009 60002 83230 333 10153
 91000 91107 555 50079 53007=
 28202 12681 62701 10126 21079 39901 40114 57011 60002 82931 333 10162
 91002 91106 555 50091 53009=
 28302 12598 72101 10136 21070 39899 40118 57011 60002 83930 333 10157
 91001 91108 555 50074 53011=
 28307 12498 71901 10144 21070 39981 40119 56012 60002 84531 333 10166
 91002 91104 555 50093 53007=
 28402 12598 63101 10143 21049 39951 40122 57011 60002 84815 333 10162
 91002 91108 555 50115 53008=
 28502 12998 82602 10146 21044 30022 40121 56014 60002 83085 333 10171
 91002 91109 555 50102 53009=
 22550 12697 83202 10047 21005 30130 40140 54000 69932 889// 333 10071
 88641 555 50035 53006=
 22778 12598 52803 10088 20009 30062 40130 57010 69932 82571 333 10089
 555 50047 53008=
 22889 11598 52401 10090 20004 30048 40132 57007 69902 70182 82831 333
 10106 555 50055 53008=
 22762 12698 52402 10087 20020 30095 40133 56008 69902 82160 333 10114
 555 50044 53007=
 22638 46/// /0202 10073 21004 39930 40151 57002=
 22671 12598 73401 10055 20021 30040 40118 57004 69932 84931 333 10075
 555 50037 53008=
 22456 12597 70101 10037 21011 30047 40135 50001 60002 87505 333 10065
 555 50031 53010=
 22583 11598 72602 10039 20016 30026 40105 58005 60022 70286 87500
 333 10044 555 50024 53007=
 22749 NIL=
 22951 11497 63301 10091 20000 39871 40145 57008 69902 78082 86900 333
 10116 555 50057 53006=
 22887 12599 72103 10082 20041 30067 40135 57009 69902 8253/
 333 10097 555 50046 53006=
 22876 12597 42901 10084 20026 30062 40135 57006 69902 84200 333 10106
 555 50053 53007=
 22481 11596 83005 10010 20010 30058 40111 52006 60012 78582 8797/ 333
 10037 91111 555 50015 53011=
 22854 12598 63002 10093 21012 39861 40142 57008 60002 82530 333 10104
 555 50054 53007=
 22781 NIL=
 22676 12498 73203 10062 20008 30040 40116 57007 69942 86930 333 10087
 555 50041 53009=
 22648 NIL=
 22559 12598 73003 10054 21007 30120 40137 53002 69902 82531 333 10075
 555 50043 53008=
 22869 12597 53502 10100 21016 39997 40141 57009 69902 83131 333 10113
 555 50055 53006=
 22768 11697 62502 10094 20017 30085 40134 57013 69932 70282 82431 333
 10104 555 50058 53008=
 22798 11597 80000 10051 20028 30016 40127 55002 69912 78082 8695/ 333
 10088 555 50032 53008=
 22375 NIL=
 23207 11497 81001 10011 20002 30054 40077 57010 69962 78382 889// 333
 10032 555 50009 53006=
 23215 NIL=
 23219 NIL=
 27095 76/// /3003 10110 21037 39910 40131 57003 333 60002 555 50056 53007=
 22408 22684 63103 10092 21014 30006 40152 57012 82101 333   60002=
 22511 22698 33402 10095 21020 30034 40152 57009 81131 333   60002=
 22529 22599 61101 10052 20003 30152 40159 54000 83532 333   60002=
 22602 22999 33601 10114 20021 39934 40152 57011 80001 333   60002=
 22621 73/70 /3202 10098 21023 30016 40152 57005 333   60002=
 22619 22482 21401 10090 20014 39993 40148 57008 81505 333   60002=
 22721 22999 63201 10114 21008 30054 40149 57008 80001 333   60002=
 22727 76/70 /1601 10075 20020 30104 40151 57009 333   60002=
 22717 73/70 /3002 10124 20009 39965 40152 57010 333   69932=
 22802 22699 32902 10145 20028 30134 40156 57011 83400 333   60002=
 22820 22668 61002 10106 20028 30017 40150 57008 85430 333   69902=
 22831 22698 52902 10105 20019 30094 40148 57010 82230 333   60002=
 22805 22598 51503 10050 20017 30150 40170 57004 83530 333   60002=
 22912 22999 62803 10134 20028 30142 40157 57012 86030 333   60002=
 
