21:31:00 MSK 22.04.2023
020 123456/=о000=1831
 унту01 бтул 221800
 22686 42598 82004 10082 21012 39918 40014 57022 8297/=
 22695 42/// /2103 10070 21036 39857 40005 58024=
 22996 42/// /2101 10060 21024 39898 40080 57002=
 23220 42598 81204 10009 21025 39915 40056 57012 8553/=
 23226 41560 81507 11004 21028 39842 40056 57009 70272 885// 333 88632=
 23305 41462 81704 10006 20003 39967 49994 58031 77172 885//=
 23320 66/// /1603 10022 21022 39970 40041 58017 60002 333 10056=
 23324 42980 71302 10020 21013 39966 40042 58015 87070=
 23405 41496 81403 10008 20000 39908 40007 57028
 77172 8272/=
 23410 66/// /1402 10007 21033 39937 40033 58015 60002 333 10029=
 23411 42999 81905 10020 21039 39928 40015 58025 8801/=
 23412 42699 71803 10014 21043 39935 40031 57017 83530=
 23416 NIL=
 23418 42965 81702 10034 21033 39964 40036 57016 8805/=
 23501 NIL=
 23503 42998 82003 10027 21008 39974 40023 58019 8807/ 91110=
 23507 86/// /2303 10032 20016 39712 40016 58020 333 91110=
 23509 41997 81901 10039 20001 39957 40033 58017 76162 8802/=
 23514 41597 81901 10033 21013 39843 40036 57013 78082 8695/ 333 84921=
 23518 42997 82103 10041 21009 39960 40050 57006 8807/ 555 53006=
 23606 42960 61803 10043 21009 39872 40035 57023 86030=
 23612 NIL=
 23701 42477 82103 10069 21021 39916 40042 58012 8597/ 333 85914=
 23704 66/// /1901 10069 21012 39926 40039 55004 60002 333 10113=
 23707 82998 82101 10069 21015 39918 40047 57011 81075=
 23708 42484 81803 10050 21030 39915 40061 57009 85934 333 85918=
 23709 42998 80000 10030 21029 39880 40070 57010 86045=
 23711 42598 62002 10034 21020 39897 40064 57012 84970=
 23803 42999 31702 10052 21056 39902 40078 56008 80004=
 23804 82997 71902 10074 21027 39919 40060 57007 85031=
 23807 42998 62302 10062 21016 39917 40075 57005 82039=
 23808 86/// /1702 11001 21045 39915 40083 57005=
 23812 42497 20000 11013 21048 39921 40084 57006 82900=
 23904 42978 20000 10005 21023 39930 40087 57001 82030=
 23905 42999 02501 10013 21050 39859 40085 57004 555 50050=
 23909 42998 12001 10007 21036 39845 40090 57004 80001=
 23912 42998 00000 10010 21041 39897 40089 57005 555 50064=
 23913 42999 00000 11028 21049 39872 40103 52002 555 50041=
 23914 82999 20000 10096 21057 39835 40083 57005 80001=
 28013 42999 00201 10078 21057 39859 40083 54001 555 50088=
 28016 42/// /3101 10049 21053 39866 40087 54000 555 50083=
 28029 42599 10000 10046 21046 39867 40083 57003 81100 555 50085=
 28116 42999 01601 10030 21040 39857 40085 57001=
 28128 42999 00901 10036 21039 39932 40083 57005 555 50077=
 28134 42698 20000 10011 21031 39744 40093 57005 82400 555 50065=
 28138 43/// /0101 10011 21053 39534 40097 57007=
 28216 42699 30000 10090 20003 39791 40079 57003 83500 555 50094=
 28222 42/// /0201 10039 21010 39891 40083 57006 555 50085=
 28224 42970 01601 10048 21009 39871 40080 57004=
 28234 42898 21501 10074 21032 39811 40082 57004 82030 555 50081=
 28238 42999 60000 10050 21010 39787 40085 58008 80001 555 50059=
 28313 42/// /0000 10029 21007 39894 40084 51003 555 50065=
 28319 42998 00702 10024 20011 39919 40080 57001=
 28321 42899 32301 10069 20015 39881 40079 54001 83030=
 28324 42/// /0000 10032 21014 39958 40077 50001 555 50065=
 28326 42598 50000 10044 20011 39895 40078 57008 85500 555 50058=
 28413 42999 01201 10068 20016 39958 40077 54001 555 50101=
 28428 41998 80401 10064 20046 39888 40068 57008 70282 80001 555
 50070=
 28429 42/// /0701 10054 20046 39668 40071 57013 555 50054=
 22983 42984 82401 10032 21031 39971 40075 57006 85035 333 91001
 91108=
 27083 42984 20000 10029 21035 39866 40087 54000 82070 333 91000
 91104=
 27097 42998 10000 10035 21031 39833 40092 52001 81040 333 91000
 91103=
 27185 42/// /0000 10043 21024 39911 40092 50003 333 91000 91103=
 27199 42998 00000 10054 21044 39896 40090 52003 333 91000 91102=
 27281 42984 13301 10070 21043 39892 40094 52004 80001 333 91001
 91105=
 27283 42497 10000 10043 21042 39938 40092 53003 81500 333 91001
 91103=
 27295 42997 23202 10053 21040 39847 40094 52007 80005 333 91002
 91103=
 27296 42997 00000 10065 21054 39874 40086 52006 333 91001 91106=
 27385 429// 22801 10054 21026 39965 40091 52009 82030 333 91001
 91103=
 27393 42998 10000 10091 21051 39922 40088 53007 81030 333 91002
 91103=
 27480 42998 00000 10068 21031 39968 40094 52010 333 91000 91106=
 28007 42999 12601 10092 21076 39831 40085 57001 81030 333 91001
 91102=
 28009 42998 00000 10028 21056 39884 40092 52001 333 91000 91103=
 28105 42998 00000 10032 21056 39892 40089 52004 333 91000 91101=
 28202 42997 03301 10086 21075 39865 40080 53004 333 91001 91103=
 28302 42997 51601 10100 21011 39860 40081 52008 85030 333 91003
 91104=
 28307 42498 53401 10081 21003 39943 40083 52011 83501 333 91001
 91104=
 28402 42984 32401 10071 20025 39908 40083 52005 82035 333 91002
 91104=
 28502 42997 22802 10053 20020 39979 40081 52009 80001 333 91002
 91103=
 22550 81571 83303 10001 21007 30052 40062 52016 70287 886// 333
 88621=
 22778 42598 72103 10092 21012 39969 40036 57013 85570=
 22889 42598 80000 10056 21025 39983 40068 58006 8455/=
 22762 42898 82201 10085 21012 39989 40027 57009 8807/=
 22638 46/// /3602 11007 21013 39862 40088 52023=
 22671 41397 83201 10008 20008 39950 40029 53002 78082 889// 333
 86707=
 22456 41597 60000 11017 21041 39970 40058 52014 70272 83501=
 22583 41497 82802 10016 20009 39931 40011 57006 72166 8572/=
 22749 42598 62303 10095 21013 39929 40050 57005 82505 333 91110=
 22951 42598 22401 10067 21003 39798 40073 57006 82500=
 22887 42697 81502 10082 21009 39995 40062 57011 8355/=
 22876 42997 82002 10084 21032 39983 40053 57007 80009=
 22481 41598 83204 11011 21026 39972 40025 52021 72682 8697/ 333
 91111=
 22854 42898 22502 10083 21002 39781 40061 57004 82031=
 22781 NIL=
 22676 41597 82301 10038 20029 39943 40019 57002 78082 889// 333
 91113=
 22648 41497 83404 10033 20032 30021 40067 53027 78082 889// 333 88912
 91111=
 22559 41494 83303 10003 21001 30037 40054 52014 77387 8672/ 333
 86714=
 22869 42997 22401 10086 21015 39923 40067 57013 80081=
 22768 42697 62304 10108 21001 39994 40042 57004 83531 333 91110=
 22798 42998 82001 10064 21018 39939 40049 57012 8805/=
 22375 46/// /3507 11036 30025 40040 52016=
 23207 NIL=
 23215 42698 81204 11019 21034 39938 40028 57020 8657/ 333 86641=
 23219 NIL=
 27095 66/// /0000 10027 21021 39872 40099 54001 60002 333 10150=
 22408 11984 33101 11028 21049 39970 40122 52011 60012 70271 82071
 333   10050=
 22511 11498 63001 11014 21028 39992 40114 52014 60022 70172 83670
 333   10087=
 22529 11599 23302 11015 21023 30092 40099 52019 60002 70281 82500
 333   10105=
 22602 11359 80302 11002 21005 39885 40112 52023 69942 77187 885//
 333   10119 88609=
 22621 11465 80201 11007 21014 39961 40102 52019 60022 785// 8657/
 333   10116 86912=
 22619 12580 83603 10010 21013 39938 40097 52030 60002 885// 333  
 10136 88624=
 22721 12698 23101 10020 21007 39992 40090 52036 60002 82509 333  
 10145=
 22727 12970 03103 10098 21017 30030 40076 52016 60002 333   10146
 91110=
 22717 12998 12901 10081 21018 39900 40089 52014 60002 81030 333  
 10137 91111=
 22802 12999 73601 10109 21015 30068 40091 52007 60002 87030 333  
 10164=
 22820 12998 02703 10102 20005 39945 40077 52010 60002 333   10155
 91112=
 22831 12997 62601 10081 20008 30012 40066 52001 60002 83031 333  
 10152=
 22805 12998 03602 10095 21003 30076 40095 55010 60002 333   10103=
 22912 12984 02402 10079 20018 30075 40090 57002 60002 333   10141=
 
