03:31:00 MSK 05.10.2023
020 123456/=о000=0031
 унту01 бтул 050000
 22686 81498 81804 10110 20098 39726 49819 57007 70262 8657/ 333 86616
 91110 555 12010=
 22695 41496 81904 10107 20089 39670 49813 57014 76162 8652/ 333 91114
 555 1/010=
 22996 41596 72408 10117 20106 39760 49935 55010 78082 84980 333 91017
 91117 555 12011=
 23220 43/// /1305 10044 20017 39809 49946 57029 555 1/003=
 23226 42560 81504 10042 20011 39744 49953 57027 8655/ 333 86631 555 
 11003=
 23305 42/// /0604 10060 20060 39807 49833 58059 555 1/006=
 23320 86/// /1003 10046 20044 39843 49914 58037=
 23324 41680 81102 10053 20027 39847 49921 58036 70252 885// 333 88636
 555 11004=
 23405 41295 81105 10076 20076 39712 49805 57059
 76362 8872/ 333 87705 91111 555 12008=
 23410 86/// /0904 10070 20064 39784 49876 58051 555 53007=
 23411 42/// /1005 10074 20074 39762 49847 57062 555 1/007=
 23412 41395 81205 10073 20072 39774 49866 57057 76142 8872/ 333 91010 91110 555 12007=
 23416 NIL=
 23418 41442 81304 10080 20071 39800  49870 57054 76165 
 8872/ 333 86711 555 12007=
 23503 NIL=
 23507 86/// /2304 10113 20113 39525 49814 56024 333 91112=
 23509 NIL=
 23514 41397 82006 10113 20110 39668 49852 57039 72162 887// 333 86707 91010 91110 555 12010=
 23518 42/// /1906 10102 20096 39804 49890 56038 333 91010 91111
 555 1/009=
 23606 41460 81905 10121 20111 39709 49868 56022 70262 885// 333 88618 91111 555 12010=
 23612 NIL=
 23701 42/// /2004 10124 20105 39735 49856 56024 555 1/011=
 23704 86/// /2005 10131 20119 39920 40032 51027 333 91010 91112 555 53012=
 23707 81496 82007 10123 20105 39745 49868 57020 76166 8872/ 333 86710
 91011 91111 555 12011=
 23708 42/// /1806 10123 20101 39755 49895 57026 333 91112 555 1/011=
 23709 81498 81806 10125 20090 39738 49918 58022 70262 885// 333 88617
 91010 91112 555 12011=
 23711 41498 81904 10111 20102 39762 49922 57019 70265 8657/ 333 86617
 555 11010=
 23803 41599 82004 10118 20081 39762 49931 58033 70282 889// 333 91110
 555 11010=
 23804 81496 82305 10111 20100 39757 49893 57021 78082 889// 333 88917 91011 91111 555 12010=
 23807 NIL=
 23808 86/// /1707 10127 20097 39773 49930 57024 333 91112=
 23812 41597 82105 10110 20081 39810 49964 57018 70282 889// 333 91010
 91112 555 11008=
 23904 42977 61905 10124 20105 39796 49943 57019 86030 333 91010 91111
 555 11011=
 23905 42599 82005 10127 20081 39745 49959 57020 885// 333 91011 91111
 555 11010=
 23909 41598 81906 10119 20070 39754 49986 57018 70282 883// 333 91011
 91111=
 23912 41498 81704 10101 20079 39820 40003 57019 70262 8355/ 333 91110
 555 11009=
 23913 41599 71902 10111 20068 39805 40023 57018 70282 86930 555
 11009=
 23914 81498 81805 10104 20071 39763 40008 57019 70282 885// 333 91010
 91110=
 27095 NIL=
 28013 42598 61904 10115 20056 39784 40003 57019 86500 333 91111 555
 10009=
 28016 42/// /2004 10117 20068 39800 40013 56017 333 91110 555 1/009=
 28029 42599 81905 10114 20062 39832 40042 57019 8253/ 333 91112 555
 11009=
 28116 42499 72102 10108 20055 39811 40031 57022 86530=
 28128 42899 82103 10115 20073 39910 40056 57017 87031 555 11008=
 28134 42898 51902 10094 20052 39734 40072 57016 85030 555 11006=
 28138 43/// /2204 10080 20037 39543 40092 57015 333 91110=
 28216 42699 41905 10091 20048 39778 40065 57020 84500 333 91110 555
 11007=
 28222 42/// /1903 10110 20060 39886 40073 57016 333 91110 555 1/008=
 28224 42870 72003 10104 20050 39878 40083 57017 87030 333 91111=
 28234 42898 21703 10092 20039 39829 40098 57014 82070 555 11008=
 28238 42999 01903 10090 20035 39815 40108 57012 555 10005=
 28313 42/// /1904 10092 20048 39896 40082 57018 555 1/006=
 28319 42598 62203 10099 20052 39946 40103 57014 83550=
 28321 42899 61903 10096 20061 39891 40087 57015 85031=
 28324 42/// /1803 10085 20040 39985 40102 57016 555 1/005=
 28326 42898 22103 10093 20050 39925 40106 57015 82030 555 11006=
 28413 42899 31804 10102 20043 39986 40104 57015 83030 555 11007=
 28428 42999 01903 10077 20039 39950 40131 57013 555 12005=
 28429 42/// /2203 10081 20048 39736 40137 57012 555 1/005=
 22983 41484 62505 10103 20070 39816 49915 57001 70282 83930 333 91009
 91112 555 12009=
 27083 41458 82205 10104 20089 39742 49953 57001 78062 889// 333 91011
 91116 555 12010=
 27097 42/// /1906 10142 20100 39724 49978 57009 333 91013 91113 555
 1/011=
 27185 42/// /2003 10122 20079 39829 40003 53005 333 91007 91112 555
 1/010=
 27199 41498 62104 10125 20084 39825 40012 57007 72122 84770 333 91007
 91109 555 10010=
 27281 41984 52605 10117 20051 39827 40025 52012 70262 85070 333 91010
 91115 555 11008=
 27283 42597 52403 10128 20086 39873 40021 53004 85500 333 91007 91113
 555 10010=
 27295 42/// /1904 10119 20075 39795 40035 57002 333 91009 91109 555
 1/011=
 27296 42998 82205 10123 20061 39827 40034 57004 83031 333 91009 91111
 555 10010=
 27385 425// 62203 10120 20079 39931 40054 52006 82531 333 91006 91110
 555 10009=
 27393 42598 72206 10127 20054 39895 40057 57006 86541 333 91010 91112
 555 10011=
 27480 42598 62403 10126 20080 39948 40070 52009 81501 333 91006 91110
 555 10008=
 28007 41497 82004 10116 20076 39743 49991 57014 78082 883// 333 88917
 91008 91110 555 11010=
 28009 42598 82006 10124 20051 39806 40005 57016 885// 333 91010 91112
 555 11010=
 28105 42598 82105 10122 20060 39827 40011 57013 885// 333 91009 91111
 555 11010=
 28202 42997 82207 10117 20048 39824 40035 56012 8805/ 333 91012 91113
 555 10010=
 28302 42997 82104 10113 20048 39840 40059 56010 8807/ 333 91008 91110
 555 10009=
 28307 42498 81803 10117 20048 39929 40067 56009 885// 333 91006 91109
 555 11009=
 28402 42984 72007 10108 20054 39905 40077 57011 84039 333 91010 91112
 555 10008=
 28502 42997 22006 10097 20053 30000 40100 56011 80001 333 91008 91111
 555 11007=
 22550 81968 83303 10054 20043 39901 49911 52031 70262 80008 555
 12004=
 22778 41596 82307 10075 20055 39780 49846 52002 78082 8697/ 333 91012
 91113 555 12009=
 22889 42/// /2206 10109 20070 39817 49898 57008 333 91013 91114 555
 1/009=
 22762 81396 82904 10032 20027 39838 49876 53052 76165 8872/ 333 91110
 555 12004=
 22638 46/// /3002 10054 20042 39753 49972 52027=
 22671 42/// /3605 10035 20030 39747 49823 53030 555 1/005=
 22456 42597 83501 10046 20038 39811 49896 53016 82574 555 11005=
 22583 41497 83201 10074 20072 39713 49789 56010 78088 889// 555 
 11007=
 22749 42/// /2904 10064 20056 39841 49962 51053 333 91111 555 1/006=
 22951 42/// /2703 10051 20045 39714 49988 51067 333 91113 555 1/006=
 22887 41597 72007 10092 20051 39822 49889 53001 70282 85530 
 333 85630 91014 91118 555 11007=
 22876 41497 82305 10080 20051 39807 49876 53006 70282 889// 333 88918
 91011 91117 555 12007=
 22481 42/// /3404 10034 20029 39794 49845 55012 555 1/004=
 22854 42/// /2705 10049 20048 3//// 4//// 5//// 333 91114 555 1/005=
 22781 NIL=
 22676 41498 72004 10091 20076 39725 49798 58004 70262 87500 333 91112
 555 12008=
 22648 41597 83005 10067 20066 39902 49947 52046 78082 889// 333 88621
 91112 555 13006=
 22559 42/// /3105 10049 20039 39883 49899 53040 333 91112 555 1/007=
 22869 41396 82706 10041 20029 39785 49929 53039 78082 889// 333 86709
 91012 91117 555 11006=
 22768 41497 82906 10037 20024 39843 49892 52056 78082 8695/ 333 84916
 91010 91113 555 11005=
 22798 42598 72007 10122 20088 39756 49862 57016 85530 333 91012 91113
 555 11010=
 22375 NIL=
 23207 NIL=
 23215 42/// /0904 10040 20040 39813 49899 57041 555 1/004=
 23219 NIL=
 22408 41899 80000 10054 20048 39813 49958 52002 70282 8805/ 555  
 11004=
 22511 42584 72501 10058 20049 39844 49961 52004 86530 333   86626
 555   11004=
 22529 41598 72702 10055 20046 39956 49963 52021 70282 87900 333  
 87922 555   12005=
 22602 41973 52502 10064 20057 39759 49977 52002 70282 8503/ 555  
 11005=
 22621 83770 /2302 10030 20026 39840 49977 52012 555   1////=
 22619 42698 82702 10054 20048 39827 49982 52012 885// 333   88639
 555   11005=
 22721 41997 02902 10053 20047 39891 49987 52015 70281 555   11004=
 22727 86/70 /2802 10072 20066 39954 40000 52017 555   1////=
 22717 83/70 /2402 10069 20066 39817 40008 52010 555   1////=
 22802 41998 12401 10044 20044 39989 40012 52004 71211 81030 555  
 12004=
 22820 42498 52502 10069 20060 39875 40007 52017 85500 555   12005=
 22831 41697 72301 10062 20053 39944 49998 52031 70282 87500 333  
 87638 555   12006=
 22805 425// 32503 10098 20089 39991 40010 52002 81501 333   91112
 555   11007=
 22912 41584 60000 10079 20073 30006 40021 52009 72586 83330 555  
 12010=
 
