03:31:00 MSK 24.05.2023
020 123456/=о000=0031
 унту01 бтул 240000
 22686 82598 61201 10103 20078 30143 40240 52002 81131 555 10010=
 22695 42998 51002 10132 20063 30082 40230 58001 80001 555 10012=
 22996 42/// /2001 10099 20099 30069 40250 54001 555 1/011=
 23220 42599 10706 10048 21013 30137 40279 57006 81500 555 1/000=
 23226 42960 10802 10048 20018 30069 40283 57007 81030 555 1/101=
 23305 42/// /1701 10113 20073 30211 40238 57002 555 1/010=
 23320 86/// /1701 10112 20048 30192 40263 52002=
 23324 41581 71102 10101 20045 30189 40265 58001 70282 81940 555 11009=
 23405 42969 01202 10126 20084 30146 40241 58002 555 11010=
 23410 86/// /1702 10088 20049 30158 40253 54001 555 53008=
 23411 42/// /2203 10103 20056 30165 40252 52002 555 1/008=
 23412 42999 31703 10113 20056 30159 40254 52001 83030 555 10008=
 23416 NIL=
 23418 42965 71202 10106 20070 30185 40257 53002
 86031 555 11009=
 23503 NIL=
 23507 86/// /3101 10117 20064 39943 40244 54000=
 23509 42/// /0000 10055 20043 30172 40250 54001 555 1/007=
 23514 41997 21701 10077 20065 30062 40256 57002 70281 82031 555 11008=
 23518 42/// /1301 10091 20073 30173 40263 54001 555 1/008=
 23606 42962 22401 10079 20056 30089 40253 52002 82030 555 11008=
 23612 NIL=
 23701 42/// /1601 10069 20059 30133 40261 52004 555 1/007=
 23704 86/// /0000 10065 20065 39926 40039 55004 555 53005=
 23707 82998 30501 10094 20081 30124 40253 52002 82041 555 10009=
 23708 42/// /0000 10062 20046 30120 40269 52003 555 1/008=
 23709 42998 80000 10052 20028 30083 40276 52003 81049 555 10006=
 23711 42998 21401 10072 20068 30100 40268 53003 82040 555 11007=
 23803 42999 21001 10086 20053 30099 40276 53004 80001 555 11005=
 23804 82997 70000 10085 20079 30114 40257 53002 86031 555 10009=
 23807 42/// /0401 10104 20104 30097 40255 54000 555 1/009=
 23808 NIL=
 23812 82597 80000 10064 20056 30115 40277 52004 83532 555 11007=
 23904 41958 53601 10078 20078 30106 40261 54000 71022 82031 555 11009=
 23905 41599 61401 10122 20118 30045 40266 57001 70182 82909 555
 11010=
 23909 41598 61101 10119 20114 30040 40279 52007 72582 86300=
 23912 42898 80801 10087 20078 30093 40283 52005 82035 555 10010=
 23913 42599 20000 10059 20049 30065 40294 52010 82500 555 10004=
 23914 82498 51502 10145 20096 30029 40277 52003 83904=
 27095 86/// /0000 10073 20073 30043 40270 52002=
 28013 41595 60101 10094 20084 30052 40279 52005 71081 84902 555
 11010=
 28016 42/// /0000 10080 20078 30058 40280 52003 555 1/010=
 28029 42599 60000 10125 20104 30065 40278 52007 86500 555 11012=
 28116 41996 60000 10083 20080 30052 40280 52003 71011 80005=
 28128 42999 80000 10091 20087 30127 40278 52003 80001 555 10009=
 28134 42898 80000 10081 20076 39942 40288 52005 84032 555 10008=
 28138 43/// /0102 10075 20043 39736 40297 52002=
 28216 42699 31901 10165 20044 39989 40275 52003 82501 555 10011=
 28222 42/// /0000 10090 20080 30089 40281 52003 555 1/009=
 28224 42870 61401 10097 20059 30072 40281 52006 85035=
 28234 42898 23201 10105 20060 30012 40285 52004 82030 555 10008=
 28238 42599 62301 10067 20043 39994 40296 52005 84501 555 10006=
 28313 42/// /0000 10069 20056 30095 40286 52005 555 1/009=
 28319 42898 50000 10101 20090 30121 40281 52004 85050=
 28321 42999 51701 10104 20074 30082 40282 52006 80002=
 28324 42/// /1301 10063 20032 30164 40285 52006 555 1/008=
 28326 42898 30000 10059 20045 30102 40289 52009 80011 555 10007=
 28413 42999 21501 10113 20045 30158 40278 52005 80001 555 10010=
 28428 42998 73301 10070 20047 30105 40289 52006 80001 555 10008=
 28429 42/// /0401 10072 20048 39889 40298 52003 555 1/007=
 22983 41480 70000 10108 20101 30139 40242 54000 71282 83931 333 91000
 91104 555 11011=
 27083 42599 30501 10093 20083 30029 40247 52001 83100 333 91001 91102
 555 10010=
 27097 42/// /0000 10084 20084 30001 40259 52002 333 91000 91101 555
 1/009=
 27185 42/// /0000 10101 20088 30071 40251 52003 333 91000 91102 555
 1/011=
 27199 42998 50000 10107 20068 30066 40259 52002 80070 333 91000 91102
 555 10009=
 27281 42984 81002 10129 20069 30041 40241 54000 81035 333 91004 91105
 555 10011=
 27283 42998 60000 10110 20071 30097 40249 52001 86030 333 91001 91103
 555 10012=
 27295 42/// /0501 10140 20035 30010 40254 54001 333 91002 91103 555
 1/009=
 27296 42998 20000 10103 20064 30045 40258 52001 82030 333 91000 91102
 555 10011=
 27385 419// 70000 10097 20069 30116 40242 54000 71122 82031 333 91000
 91101 555 10010=
 27393 42998 61202 10113 20065 30096 40263 52002 84031 333 91003 91104
 555 10012=
 27480 42998 80000 10105 20071 30110 40235 54000 80001 333 91000 91106
 555 10010=
 28007 42999 20000 10129 20087 30012 40266 52004 82049 333 91000 91101
 555 10011=
 28009 42998 20000 10088 20075 30069 40276 52004 82030 333 91001 91101
 555 11009=
 28105 42998 30000 10078 20066 30071 40268 52004 82049 333 91000 91101
 555 10010=
 28202 42965 31301 10117 20082 30053 40269 52003 80001 333 91003 91103
 555 10011=
 28302 42998 60000 10118 20051 30046 40269 52003 80001 333 91000 91101
 555 10010=
 28307 42998 32801 10107 20066 30116 40257 52002 82031 333 91001 91101
 555 10009=
 28402 42998 50000 10132 20048 30086 40260 52003 82039 333 91001 91104
 555 10010=
 28502 42998 83301 10079 20043 30159 40262 52005 80001 333 91001 91103
 555 10009=
 22550 82997 71401 10139 20106 30182 40192 57003 81032 555 10013=
 22778 41998 81203 10153 20106 30154 40221 57007 70298 86072 555
 11013=
 22889 42/// /1001 10093 20093 30159 40244 57002 555 1/010=
 22762 41596 60000 10117 20117 30180 40218 53004 71082 83960 555
 1/012=
 22638 NIL=
 22671 42/// /0000 10095 20087 30135 40212 57004 555 1/008=
 22456 42597 70000 10092 20078 30106 40192 57006 86501 555 11010=
 22583 42598 60000 10099 20070 30146 40224 57003 85570 555 11011=
 22749 42/// /0000 10124 20124 30078 40199 56018 555 1/013=
 22951 42/// /1201 10140 20102 39936 40207 57006 555 1/013=
 22887 41999 70000 10096 20080 30162 40231 57003 
 71122 82031 555 11009=
 22876 42597 61001 10110 20105 30156 40227 57003 82530 555 11012=
 22481 42/// /1402 10103 20088 30159 40211 57005 555 1/009=
 22854 42/// /0401 10127 20121 39926 40205 56018 555 1/013=
 22781 NIL=
 22676 42898 71102 10134 20097 30141 40216 57007 87070 555 11011=
 22648 41498 70801 10131 20130 30157 40202 52004 72582 86930 333 86910
 555 11012=
 22559 42/// /1901 10120 20092 30187 40203 52002 555 1/012=
 22869 42997 70101 10147 20094 30075 40217 54000 80035 555 11014=
 22768 42597 81001 10138 20110 30165 40213 52003 8697/ 333 84625 555
 11014=
 22798 42498 60501 10110 20092 30138 40248 54000 83531 555 10009=
 22375 46/// /1604 10118 30183 40197 54000=
 23207 NIL=
 23215 42998 10602 10046 20026 30164 40253 57002 81030 555 11003=
 23219 NIL=
 22408 41759 81401 10087 20084 30012 40158 54000 71022 8653/ 333  
 86650 555   11009=
 22511 42598 52202 10119 20086 30041 40158 54000 83530 555   11009=
 22529 41566 82001 10131 20112 30166 40173 52001 78081 889// 333  
 88923 555   12011=
 22602 82976 62402 10113 20073 39954 40173 52005 8603/ 555   11010=
 22621 83/70 /2002 10097 20078 30045 40181 52006 555   1////=
 22619 42581 12503 10121 20074 30024 40178 52004 81500 555   11008=
 22721 42997 03001 10085 20076 30093 40189 52003 555   11009=
 22727 86/02 /0000 10083 20080 30144 40191 52004 555   1////=
 22717 83/65 /2501 10064 20061 30004 40196 52005 555   1////=
 22802 41998 23601 10072 20068 30169 40192 52003 71200 80001 555  
 11007=
 22820 42698 22303 10117 20091 30057 40189 52003 82500 555   11008=
 22831 41698 60000 10107 20101 30139 40193 57002 70282 83530 555  
 11011=
 22805 42998 00000 10080 20065 30179 40198 51011 555   10007=
 22912 41982 11201 10056 20050 30174 40189 52002 71200 80001 555  
 11006=
 
