12:31:01 MSK 07.06.2023
010 111/=о000=0931
 уйту01 бтул 070900
 22686 82598 73302 10098 20011 30063 40160 52001 86980 333 91110=
 22695 42598 63006 10077 21010 39996 40146 53005 85130 333 85828 91110=
 22996 41598 62503 10151 20032 39953 40134 58005 72582 86900=
 23220 42499 82103 10099 20026 39941 40077 52004 889//=
 23226 42660 72509 10098 20014 39863 40070 52005 86930 333 85940 91012 
 91114=
 23305 41599 63104 10074 21010 30105 40132 52009 70282 84430 333 91112=
 23320 86/// /2904 10105 20004 30029 40099 52008=
 23324 42585 62903 10093 20014 30022 40097 52010 83960 333 91110=
 23405 42574 73203 10079 21016 30041 40137 52006
 83930 333 91110=
 23410 86/// /2606 10091 20007 30015 40108 51010 333 91114=
 23411 41599 82905 10052 20022 30038 40125 52013 72582 889// 333
 91010 91111=
 23412 41599 32905 10079 20011 30019 40113 52009 70181 82330 333 91011 91111=
 23416 NIL=
 23418 42665 32904 10098 21008 30046 40117 52008 83900=
 23503 41598 62703 10080 20013 30086 40135 51004 72582 84930=
 23507 86/// /3004 10071 21011 39842 40146 50002=
 23509 42498 52303 10094 21019 30060 40135 52005 85200 333 85819=
 23514 42597 72903 10090 21009 39937 40128 52006 87800 333 84633=
 23518 41698 73105 10114 20006 30025 40113 52004 70282 87900 333 85636=
 23606 42662 73203 10110 21011 39968 40129 52005 87500 333 87646=
 23701 41699 73203 10111 21004 30023 40149 52003 70282 84260=
 23704 86/// /3304 10117 20022 39926 40039 55004=
 23707 81497 72502 10088 20038 30017 40146 52008 78082 82940=
 23708 42598 72903 10116 20021 39995 40139 52007 83530=
 23709 42698 63103 10132 20012 39943 40127 52004 84360 333 91110=
 23711 42498 63002 10138 20031 39952 40114 53007 86900 333 84918=
 23803 43/// ///// 1//// 2//// 3//// 4//// 5////=
 23804 41596 83501 10101 20050 30003 40143 53009 78082 8695/ 333 86932=
 23807 41497 63504 10126 20058 39988 40143 53006 72582 83931 333 91110=
 23808 86/// /2903 10129 20035 39975 40136 53003=
 23812 41597 63303 10151 20005 39952 40106 54000 70282 86900=
 23904 41570 70000 10127 20082 39988 40139 53002 72582 85370 333 85924
 91110=
 23905 81599 62101 10124 20050 39914 40132 52003 78082 86900 333
 91111=
 23909 82598 83002 10163 20035 39885 40116 52003 86331=
 23912 81597 83306 10148 20055 39925 40107 55001 78011 85931 333 91011
 91111=
 23913 82599 73104 10178 20012 39876 40091 54001 87200=
 23914 82599 72704 10145 20039 39863 40107 52001 86370=
 28013 82599 73404 10158 20041 39894 40112 54001 87900=
 28016 81599 73103 10160 20055 39904 40116 54001 72522 87900=
 28029 81599 83103 10161 20065 39893 40101 52005 72582 8692/=
 28116 82599 53003 10168 20053 39895 40113 54000 82331=
 28128 81599 83202 10179 20072 39962 40106 52002 70382 82931=
 28134 82598 83101 10167 20078 39766 40096 52006 888//=
 28138 41597 82802 10119 20106 39556 40097 52010 78082 883//=
 28216 81599 73303 10171 20065 39834 40114 52002 72522 87900=
 28222 82598 83002 10172 20072 39924 40107 52006 8585/=
 28224 81670 82801 10144 20100 39907 40110 52006 78082 86974=
 28234 81498 82801 10145 20092 39840 40104 51006 70282 8596/=
 28238 81499 83003 10122 20098 39815 40105 52013 72162 8572/=
 28313 41598 62902 10194 20064 39935 40115 52003 72522 85931=
 28319 81598 60502 10197 20066 39965 40117 52002 70382 84950=
 28321 81599 83203 10186 20062 39920 40111 52005 70382 8497/=
 28324 82599 82703 10190 20058 30001 40114 53004 84964=
 28326 81598 72901 10172 20115 39932 40108 52005 70282 87300=
 28413 82599 73104 10187 20032 30010 40125 52002 86331=
 28428 82599 83103 10193 20072 39938 40111 54001 87950=
 28429 82598 82703 10161 20099 39724 40113 52008 83901=
 22983 42498 63102 10135 20025 30048 40149 57002 84930 333 91005
 91106=
 27083 42599 62903 10143 20032 39931 40144 57001 86900 333 91009
 91109=
 27097 42598 62802 10146 20058 39896 40146 52001 83331 333 91005
 91111=
 27185 42698 63003 10152 20021 39977 40152 54000 86800 333 91006
 91107=
 27199 42598 73603 10145 20033 39959 40147 52003 86330 333 91007
 91108=
 27281 42582 63303 10148 20022 39961 40159 54000 86200 333 91004
 91107=
 27283 42598 63204 10154 20023 30005 40154 52003 86500 333 91006
 91109=
 27295 42598 62804 10163 20004 39910 40150 52003 86400 333 91009
 91109=
 27296 42698 62903 10165 20016 39934 40141 52003 86200 333 91005
 91108=
 27385 425// 63004 10177 20021 30033 40155 52001 83530 333 91006
 91107=
 27393 41598 62504 10159 20080 39987 40149 53002 70282 85930 333 91005
 91112=
 27480 42698 62802 10196 20062 30038 40159 57001 85201 333 91006
 91106=
 28007 42599 72803 10113 20050 39893 40146 53004 84330 333 91006
 91112=
 28009 41498 70901 10141 20089 39933 40134 52005 70282 87900 333 91002
 91107=
 28105 41598 73002 10161 20044 39947 40136 52002 70382 87200 333 91005
 91105=
 28202 41582 73001 10142 20077 39925 40136 52003 72522 85931 333 91003
 91114=
 28302 42598 73004 10170 20043 39917 40134 54000 87900 333 91010
 91110=
 28307 41498 72702 10171 20075 30011 40147 50004 72582 86931 333 91005
 91107=
 28402 42598 83304 10163 20090 39974 40144 52005 8691/ 333 91007
 91107=
 28502 42598 73308 10175 20080 30046 40144 53001 86930 333 91014
 91114=
 22550 82597 70202 10109 20008 30168 40178 54000 82972=
 22778 42598 70403 10112 20014 30097 40164 57003 83871=
 22889 42/// /2905 10133 20036 30069 40152 50001=
 22762 82598 63101 10111 20002 30136 40174 57003 85930=
 22638 NIL=
 22671 42699 83301 10092 21009 30094 40171 52002 8557/=
 22456 42597 83002 10079 21020 30089 40175 52002 889//=
 22583 41598 63004 10076 21013 30083 40163 52004 70288 86800=
 22749 NIL=
 22951 41897 80602 10092 20059 39887 40161 58006 76062 8802/=
 22887 41699 63004 10134 20034 30087 40154 58003 
 70282 83501 333 91110=
 22876 42597 42902 10139 20016 30090 40159 57004 84100=
 22481 41598 73004 10069 21002 30111 40163 52007 72582 86960=
 22854 42599 71502 10107 20004 39882 40162 57006 82530=
 22781 NIL=
 22676 42498 73104 10093 21011 30093 40168 52001 87800=
 22648 NIL=
 22559 42598 80501 10097 21018 30163 40179 57002 8493/=
 22869 42597 72902 10136 20011 30020 40163 57010 82231 333 91110=
 22768 42597 50404 10122 21006 30120 40168 57006 85500 333 85632=
 22798 42498 63101 10131 20017 30041 40149 54001 83931=
 22375 NIL=
 23207 41499 83006 10056 21001 30107 40130 52013 71582 889// 333 91011
 91111=
 23215 NIL=
 23219 NIL=
 27095 86/// /3203 10135 20065 39936 40155 52002=
 22408 42699 61503 10115 21012 30039 40185 54000 86900 333   86945=
 22511 42598 20602 10121 21031 30065 40182 52002 82800=
 22529 42599 70902 10094 20020 30178 40185 52002 85532 333   85625=
 22602 42599 30402 10120 21003 39959 40178 52006 82130=
 22621 83970 /0302 10094 20025 30043 40180 52005=
 22619 42481 70802 10095 20059 30017 40172 52010 87500=
 22721 41596 80000 10084 20070 30072 40168 52006 78082 889// 333  
 85929=
 22727 NIL=
 22717 83/70 /0103 10118 20054 39977 40164 52014=
 22802 42699 73503 10126 20052 30150 40173 52017 86931 333   85643=
 22820 41567 70504 10082 20063 30028 40162 52013 72162 86520 333  
 86630=
 22831 41597 80602 10076 20063 30103 40157 52001 78086 889// 333  
 88927=
 22805 42598 62901 10084 20045 30159 40178 52020 83531=
 22912 42599 63504 10123 20066 30144 40159 52018 85230 333   85829
 91110=
 
