12:31:00 MSK 24.11.2023
010 111/=о000=0931
 уйту01 бтул 240900
 22686 41997 81401 11137 21155 39801 49905 53009 77072 86025=
 22695 41598 61203 11129 21156 39738 49896 53013 70272 85530=
 22996 41998 71802 11121 21131 39715 49906 52004 70272 87070=
 23220 41597 71308 11088 21125 39907 40053 52003 73683 85530 333 85627 91011 91116=
 23226 41960 71008 11073 21107 39833 40054 52008 70232 87070 333 91011 
 91115=
 23305 41999 80903 11087 21100 39924 49953 53004 70272 8807/=
 23320 86/// /1204 11070 21127 39916 49991 51016 333 91114=
 23324 41982 71106 11077 21129 39926 40004 53001 73632 82046 333 91011
 91113=
 23405 41460 71102 11076 21090 39836 49936 53003
 77072 83770=
 23410 86/// /0602 11085 21104 39872 49970 52016=
 23411 41499 70801 11096 21102 39871 49963 53008 72272 82770=
 23412 42999 80902 11086 21096 39871 49970 52015 8805/=
 23416 NIL=
 23418 41565 80000 11075 21092 39887 49961 52008 72272
 885// 333 88623=
 23503 41998 71103 11084 21107 39894 49945 52009 70273 82035=
 23507 86/// /1202 11086 21089 39602 49916 52008=
 23509 41996 80902 11074 21104 39855 49934 52010 77172 8802/=
 23514 41497 81103 11096 21111 39750 49951 52011 77172 8677/ 333 86714=
 23518 41698 81105 11076 21127 39868 49961 53008 73632 8157/ 333
 91112=
 23606 81950 81104 11084 21090 39759 49928 52011 77172 8802/=
 23701 41981 71301 11123 21140 39789 49922 52015 72272 82079=
 23704 86/// /1302 11130 21138 39147 49260 53056=
 23707 81598 81402 11133 21149 39774 49911 52012 70272 82514=
 23708 42984 81302 11128 21150 39773 49927 52012 80031=
 23709 41998 81601 11113 21143 39738 49936 52015 70272 8802/=
 23711 41496 81003 11081 21098 39763 49935 52008 77172 885// 333 88616=
 23803 41999 81602 11126 21158 39755 49941 52013 70272 83035=
 23804 81996 81901 11129 21151 39763 49913 52009 77172 85025=
 23807 41997 61601 11127 21133 39748 49914 52009 72272 82039=
 23808 86/// /1202 11137 21144 39755 49930 52008=
 23812 41496 81601 11086 21101 39776 49942 52014 77172 8872/=
 23904 42670 61701 11146 21160 39761 49924 52009 81505=
 23905 41999 61401 11143 21165 39697 49933 52010 70371 80005=
 23909 41498 81702 11137 21160 39690 49944 52011 77172 81515=
 23912 41897 81903 11114 21134 39753 49951 52012 77172 84025=
 23913 41997 82901 11100 21134 39719 49953 52012 77172 8802/=
 23914 81896 81502 11121 21138 39686 49951 52011 77172 8802/=
 28013 41898 61703 11138 21164 39708 49948 52009 70272 80010=
 28016 42899 81701 11132 21147 39716 49949 52007 83049=
 28029 41599 71903 11123 21152 39732 49959 52008 70172 81539=
 28116 41999 61801 11138 21158 39717 49956 52009 70172 80005=
 28128 41899 82001 11135 21157 39810 49969 52010 72272 83079=
 28134 41598 62001 11129 21159 39608 49972 52009 70272 85501=
 28138 41599 82303 11143 21160 39387 49976 52007 70282 86501=
 28216 41898 72003 11132 21150 39659 49967 52010 77172 87070=
 28222 42598 72002 11120 21147 39772 49973 52009 87800=
 28224 41639 61902 11119 21149 39753 49973 52007 77172 83505=
 28234 41897 62003 11123 21158 39694 49982 52007 70272 86020=
 28238 41599 72104 11127 21165 39673 49988 52008 70272 84501=
 28313 41895 81902 11130 21151 39771 49971 52009 77372 8801/ 333
 93401=
 28319 41598 61902 11125 21157 39811 49980 52006 70172 86550 333
 93404=
 28321 41598 61803 11125 21140 39762 49973 51008 78582 84930 333
 93401=
 28324 41597 61903 11124 21159 39855 49981 51007 77172 85420=
 28326 41598 62104 11119 21158 39781 49985 52008 72687 82330=
 28413 41599 62001 11120 21159 39846 49973 58002 70272 86531 333
 93403=
 28428 41597 51903 11131 21165 39802 49995 52003 70272 82501=
 28429 41598 62303 11135 21170 39572 40001 52004 70272 86900=
 22983 41577 81501 11113 21136 39788 49896 52003 77872 8653/ 333 91003
 91103=
 27083 42599 81602 11139 21160 39671 49901 52003 885// 333 91005
 91105=
 27097 41557 81602 11134 21145 39641 49911 50001 77172 8652/ 333 91005
 91106=
 27185 42998 81102 11131 21159 39713 49903 57006 8807/ 333 91003
 91106=
 27199 41998 81403 11127 21158 39717 49920 54000 77172 8807/ 333 91005
 91106=
 27281 41456 81003 11128 21152 39672 49885 57012 77172 8872/ 333 91005
 91107=
 27283 42498 71304 11132 21159 39741 49902 57008 84530 333 91005
 91106=
 27295 42998 81102 11134 21161 39651 49911 57007 8805/ 333 91004
 91106=
 27296 41998 81302 11140 21172 39695 49921 57004 70272 8807/ 333 91005
 91106=
 27385 415// 71102 11122 21149 39754 49889 57016 77072 84530 333 91003
 91105=
 27393 42598 71201 11130 21158 39749 49925 57007 82570 333 91003
 91106=
 27480 41998 81404 11103 21144 39750 49882 57012 72272 8807/ 333 91006
 91107=
 28007 41599 71501 11128 21148 39655 49926 52003 70282 85330 333 91003
 91104=
 28009 41498 71702 11134 21163 39720 49938 52007 78587 87500 333 91004
 91104=
 28105 41959 81903 11130 21163 39730 49930 52005 77172 8802/ 333 91005
 91107=
 28202 41680 81904 11138 21167 39711 49941 52005 70272 8697/ 333 91006
 91108=
 28302 42998 61403 11139 21167 39703 49941 57002 82039 333 91005
 91105=
 28307 41496 81204 11126 21156 39771 49920 57009 77172 885// 333 91006
 91108=
 28402 41962 81404 11129 21159 39749 49935 57006 77172 8807/ 333 91006
 91107=
 28502 41996 81403 11123 21157 39828 49936 58011 77172 8807/ 333 91005
 91107=
 22550 81997 80501 11145 21160 39885 49896 52001 70282 82031=
 22778 41998 81401 11131 21156 39817 49888 52003 72272 8801/=
 22889 NIL=
 22762 42497 81001 11144 21158 39846 49887 54001 885//=
 22638 46/// /0901 11156 21178 39646 49880 52011=
 22671 41998 60000 11150 21166 39812 49894 52005 77672 86010=
 22456 42997 70000 11157 21185 39818 49910 54000 82044=
 22583 41997 80801 11084 21099 39821 49903 53004 77077 8807/=
 22749 NIL=
 22951 41497 71202 11141 21154 39574 49865 52007 77872 87020=
 22887 41599 61301 11121 21134 39820 49892 52001 72682 82531=
 22876 41997 50602 11128 21144 39814 49889 54001 72272 80002=
 22481 42/// /0602 11084 21095 39861 49915 54001=
 22854 42598 61002 11192 21209 39575 49879 53007 86501 333 86630=
 22781 NIL=
 22676 41897 71901 11164 21183 39814 49895 53007 77072 87070=
 22648 NIL=
 22559 41597 80601 11147 21163 39882 49899 52003 70272 8257/=
 22869 41497 81102 11164 21183 39733 49888 54001 77177 8672/ 333
 86710=
 22768 42897 52002 11184 21209 39832 49885 52006 83071=
 22798 41496 81302 11121 21140 39790 49906 52010 78582 86901=
 22375 46/// /0906 11087 21098 39912 49927 57002=
 23207 42999 80703 11113 21125 39929 49953 57009 8805/=
 23215 NIL=
 23219 NIL=
 27095 86/// /1902 11135 21137 39687 49924 52004=
 22408 41699 80402 11104 21126 39761 49914 52024 70272 82505=
 22511 41598 80402 11103 21123 39775 49899 52020 70172 82575=
 22529 41561 80000 11153 21173 39889 49896 52011 78582 889// 333  
 88920=
 22602 41359 80502 11140 21164 39647 49880 52026 77172 8872/ 333  
 88506=
 22621 83870 /0502 11149 21171 39738 49883 52016=
 22619 41359 80604 11110 21122 39698 49860 52019 77173 8872/ 333  
 87707=
 22721 41698 80000 11143 21161 39760 49862 52015 72682 82509=
 22727 86/56 /0504 11100 21120 39790 49839 52019=
 22717 83/60 /0403 11097 21119 39630 49830 52020=
 22802 41440 80503 11069 21087 39791 49815 52016 78582 8695/ 93400=
 22820 41315 81501 11075 21091 39689 49826 52017 77372 8652/ 333  
 86607=
 22831 41750 70902 11124 21150 39791 49848 52016 77172 85530 333  
 85655=
 22805 41495 70603 11060 21068 39782 49807 52016 78582 85931=
 22912 41956 80803 11077 21098 39793 49808 52018 77172 8807/ 333  
 93401=
 
