21:31:00 MSK 15.09.2023
020 123456/=о000=1831
 унту01 бтул 151800
 22686 81597 83103 10118 20104 30095 40191 53015 76062 8357/=
 22695 42/// /2601 10147 20084 30027 40173 54000=
 22996 82/// /1601 10122 20096 30037 40217 52004=
 23220 42599 72803 10152 20096 30012 40146 53003 85830=
 23226 41557 82603 10124 20111 39939 40145 53007 78082 889// 333 84931 
 91110=
 23305 41568 80104 10079 20076 30180 40207 52020 78082 883//=
 23320 66/// /2103 10119 20088 30096 40166 52003 60002 333 10204=
 23324 42982 72302 10154 20102 30085 40159 52003 87070=
 23405 41396 83603 10084 20084 30100 40197 52019 76162 8672/ 
 333 86708=
 23410 66/// /2902 10135 20106 30077 40169 53009 60002 333 10201=
 23411 41498 83603 10095 20086 30098 40184 53019 76162 8772/=
 23412 42499 73303 10133 20115 30080 40173 52012 87700 333 84710=
 23416 NIL=
 23418 42965 01903 10143 20083 30106 40176 52003=
 23501 NIL=
 23503 42998 60101 10133 20100 30133 40181 53011 85031=
 23507 86/// /1401 10125 20094 39880 40178 52002=
 23509 42998 02301 10113 20080 30111 40186 53006=
 23514 42597 32102 10130 20080 39998 40187 52003 83500=
 23518 42997 32101 10107 20093 30105 40194 52003 83070 555 53010=
 23606 42960 50000 10112 20094 30029 40195 53003 80001=
 23612 NIL=
 23701 42980 02001 10077 20070 30075 40202 52004=
 23704 66/// /0000 10083 20083 39778 49890 56374 60002 333 10209=
 23707 82998 40000 10106 20089 30074 40202 52005 80001=
 23708 42984 21801 10098 20075 30068 40214 52004 80001=
 23709 42998 20000 10083 20061 30031 40220 53004 80001=
 23711 42998 72501 10090 20078 30048 40213 53005 80005=
 23803 42999 00000 10105 20062 30044 40219 53005=
 23804 82997 20000 10093 20085 30069 40211 52005 80001=
 23807 41997 11801 10105 20097 30060 40217 52005 71100 80001=
 23808 86/// /1102 10100 20088 30059 40223 52003=
 23812 42997 02101 10076 20067 30066 40226 53005=
 23904 41958 00000 10077 20077 30072 40226 52005 71011=
 23905 82999 00000 10100 20091 30005 40227 52003 555 50122=
 23909 82998 21901 10091 20084 39991 40231 52001 80001=
 23912 82998 00401 10091 20084 30042 40230 52004 555 50116=
 23913 81996 00000 10044 20044 30012 40240 52007 71000 555 50091=
 23914 82999 02602 10154 20085 39980 40226 52001=
 28013 82998 01402 10143 20079 30005 40227 52002 555 50154=
 28016 82/// /0000 10108 20101 30013 40232 52004 555 50132=
 28029 82999 00000 10111 20099 30014 40227 52003 555 50133=
 28116 82999 00000 10095 20086 30006 40231 52003=
 28128 82999 00301 10086 20083 30080 40231 52002 555 50123=
 28134 82998 20000 10078 20074 39890 40235 52002 80005 555 50108=
 28138 43/// /0102 10088 20064 39680 40235 52002=
 28216 82698 30000 10156 20090 39941 40226 54000 81405 555 50165=
 28222 42/// /0000 10093 20084 30040 40231 57005 555 50133=
 28224 82970 00000 10112 20098 30019 40226 54000=
 28234 82897 20000 10112 20085 39958 40228 52002 82040 555 50127=
 28238 82999 02401 10080 20062 39934 40232 51003 555 50111=
 28313 42/// /0000 10098 20086 30043 40231 54001=
 28319 82998 00000 10098 20087 30069 40228 54000=
 28321 82999 02801 10142 20109 30029 40225 54001=
 28324 42/// /0000 10095 20080 30107 40225 54000 555 50125=
 28326 82898 20000 10081 20074 30044 40227 52002 82030 555 50121=
 28413 82998 00000 10121 20082 30106 40225 54001 555 50146=
 28428 82999 03201 10111 20089 30045 40225 52002 555 50139=
 28429 42/// /0000 10085 20075 39828 40232 58002 555 50127=
 22983 41970 10000 10096 20093 30109 40212 52004 71211 81030 333 91000
 91102=
 27083 42984 00000 10085 20078 30002 40221 52003 333 91000 91101=
 27097 42998 01401 10087 20087 39973 40230 52004 333 91001 91101=
 27185 42/// /0000 10092 20090 30049 40229 52004 333 91000 91101=
 27199 42998 60000 10108 20097 30038 40230 52002 86080 333 91000
 91101=
 27281 41959 20000 10102 20087 30027 40229 52003 71011 82030 333 91000
 91101=
 27283 41997 00000 10090 20089 30077 40230 53004 71111 333 91000
 91102=
 27295 42997 20000 10104 20073 39987 40233 52003 80001 333 91000
 91102=
 27296 42997 00000 10107 20087 30020 40232 52005 333 91001 91103=
 27385 429// 00000 10076 20066 30103 40233 52006 333 91000 91101=
 27393 42998 00701 10124 20073 30068 40233 53005 333 91002 91104=
 27480 42998 00000 10079 20071 30104 40231 52004 333 91000 91101=
 28007 42999 02801 10145 20078 39977 40229 52003 333 91002 91103=
 28009 42998 00000 10098 20087 30030 40236 52005 333 91000 91101=
 28105 42998 30000 10102 20086 30042 40231 52003 80001 333 91000
 91101=
 28202 42997 00000 10119 20082 30013 40228 53002 333 91000 91101=
 28302 42997 00000 10103 20074 30008 40231 52003 333 91000 91101=
 28307 42998 21201 10110 20069 30088 40229 52005 80001 333 91001
 91101=
 28402 42984 50000 10119 20086 30054 40228 52004 80005 333 91001
 91102=
 28502 42997 00000 10112 20053 30124 40225 53005 333 91000 91103=
 22550 82674 70101 10088 20072 30223 40233 52012 87400 333 87636=
 22778 41598 80000 10129 20124 30123 40190 52003 70282 8657/=
 22889 41996 00000 10068 20068 30126 40211 52005 71000=
 22762 81396 80000 10095 20092 30162 40200 51010 76162 887//=
 22638 46/// /3501 10080 20074 30018 40240 52009=
 22671 41498 80102 10082 20075 30132 40210 52010 70252 885// 333
 88617=
 22456 42997 20000 10059 20059 30151 40239 52010 82040=
 22583 41598 73401 10080 20074 30128 40207 52012 70288 875//=
 22749 41496 83401 10087 20087 30092 40215 51011 71052 886// 333
 88711=
 22951 41497 83401 10098 20094 39934 40209 52011 78082 889//=
 22887 42997 21402 10104 20100 30130 40199 52003 80001=
 22876 42597 32302 10149 20103 30126 40196 52006 83500=
 22481 42/// /3201 10054 20047 30175 40228 52014=
 22854 41298 83602 10087 20085 39924 40207 52008 70262 8672/ 333 86704=
 22781 NIL=
 22676 41496 83502 10082 20077 30123 40199 52013 78082 889//=
 22648 42698 83302 10099 20097 30184 40229 52013 889// 333 88640=
 22559 82598 80402 10097 20058 30213 40229 52013 8253/=
 22869 41697 82501 10125 20119 30059 40202 52003 78082 889// 333
 85643=
 22768 41497 83102 10115 20110 30143 40192 52011 70282 889// 333
 86917=
 22798 42997 00501 10097 20081 30092 40202 52004=
 22375 46/// /0303 10048 20042 30223 40238 52009=
 23207 NIL=
 23215 41498 80104 10075 20075 30095 40182 52027 70262 885// 333
 88613=
 23219 NIL=
 27095 66/// /0000 10091 20091 30014 40238 52004 60002 333 10225=
 22408 12984 23401 10032 20028 30091 40241 52002 60002 82030 333  
 10135=
 22511 12984 41801 10048 20042 30121 40242 52005 60002 81031 333  
 10130=
 22529 12598 70000 10048 20041 30236 40243 52006 60002 82532 333  
 10139=
 22602 11975 22201 10044 20038 30020 40246 52006 60002 71211 8203/
 333   10133=
 22621 12598 70000 10077 20071 30108 40246 52009 60002 86530 333  
 10138 86624=
 22619 11498 52601 10086 20080 30085 40242 52008 69902 70282 85500
 333   10134=
 22721 12697 72901 10069 20063 30147 40245 52011 69902 84530 333  
 10140=
 22727 12970 00501 10077 20072 30196 40243 52010 60002 333   10139=
 22717 12998 32601 10070 20069 30054 40250 52008 60002 83030 333  
 10127=
 22802 12998 00000 10068 20064 30231 40254 52012 60002 333   10151=
 22820 12698 52701 10089 20078 30109 40243 52010 60002 82530 333  
 10131=
 22831 11697 63301 10095 20083 30177 40231 52015 69902 70282 82930
 333   10140=
 22805 129// 02602 10126 20086 30232 40256 52011 60002 333   10154=
 22912 11982 12701 10052 20045 30234 40249 52012 60002 71111 81030
 333   10144=
 
