21:31:00 MSK 11.12.2023
020 123456/=о000=1831
 унту01 бтул 111800
 22686 41496 81705 11146 21173 30225 40333 56009 77173 8652/ 333 86614=
 22695 42/// /1704 11156 21189 30164 40331 57015=
 22996 42/// /1805 11168 21195 30216 40420 57009 333 91111=
 23220 42999 31203 11227 21257 30257 40416 57030 82031=
 23226 42960 61806 11205 21231 30171 40409 57022 86030 333 91110=
 23305 41660 81805 11158 21182 30296 40326 56011 77173 885// 333 91010
 91111=
 23320 66/// /2106 11145 21190 30325 40404 56032 60002 333 11145 91112=
 23324 42982 02004 11154 21198 30310 40395 58034=
 23405 41996 81606 11157 21184 30230 40338 57015 77173 8802/=
 23410 66/// /1609 11193 21233 30283 40390 56021 60002 333 11193 91014 91115=
 23411 41998 82008 11173 21198 30258 40355 56021 77371 8802/ 333 91012
 91113=
 23412 42999 71805 11196 21227 30276 40384 57021 87030 333 91112=
 23416 NIL=
 23418 41965 01605 11201 21227 30333 40415 57022
 70230 333 91010 91111=
 23501 NIL=
 23503 41997 81806 11164 21199 30314 40369 57020 77173 8807/ 333 91010 91112=
 23507 86/// /1702 11181 21195 30016 40357 57015=
 23509 42998 83304 11205 21294 30300 40388 57030 8807/=
 23514 41997 81804 11199 21228 30196 40415 57017 70232 83031 333 91110=
 23518 41997 81906 11203 21238 30360 40462 57013 73632 80005 333 91110
 555 53010=
 23606 42960 51807 11186 21220 30228 40412 57019 85030 333 91010  91113=
 23612 NIL=
 23701 41350 81803 11164 21188 30243 40385 57020 77173 8872/ 333 86709
 91111=
 23704 66/// /1604 11166 21183 39064 49178 53039 60002 333 11166 91111=
 23707 81996 81706 11153 21185 30240 40385 57019 77173 8807/ 333 91010 91111 92982=
 23708 42984 81505 11201 21233 30269 40436 57016 84031=
 23709 42998 01601 11231 21268 30257 40476 58011=
 23711 42998 71704 11240 21268 30295 40488 57014 80005=
 23803 42999 21403 11238 21278 30283 40488 57010 82030=
 23804 81996 61804 11160 21199 30246 40405 57015 77172 86020 333 91111=
 23807 41997 81806 11171 21195 30241 40418 57012 73632 8805/ 333 91010
 91113=
 23808 86/// /1305 11206 21224 30278 40467 57009=
 23812 42997 01602 11250 21288 30336 40523 57011 333 934//=
 23904 41982 81604 11187 21212 30278 40452 57010 73632 80005=
 23905 42999 01402 11240 21265 30233 40492 57006 555 51237=
 23909 42898 81602 11260 21288 30241 40524 57006 83011 333 93608=
 23912 42998 81704 11255 21287 30325 40546 52002 80001 555 51254=
 23913 42999 00000 11353 21398 30310 40586 57004 555 51330=
 23914 82998 01603 11284 21314 30251 40551 57013 333 93610=
 28013 42998 01603 11270 21308 30268 40536 57008 555 51242=
 28016 42/// /1602 11267 21291 30276 40536 57007 555 51256=
 28029 42999 01602 11271 21300 30308 40564 57004 555 51254=
 28116 42999 01501 11279 21308 30278 40546 57009=
 28128 42999 10000 11318 21349 30388 40570 57005 80001 555 51291=
 28134 42998 00000 11314 21345 30170 40585 57006 555 51290=
 28138 43/// /0000 11332 21374 39932 40607 57002=
 28216 42999 41204 11287 21323 30207 40555 57006 80005 555 51262=
 28222 42/// /1503 11274 21310 30342 40569 57006 555 51272=
 28224 42970 51403 11278 21310 30320 40568 57007 80005 333 93602=
 28234 42997 01601 11299 21342 30264 40591 57004 555 51296=
 28238 42999 00000 11377 21424 30248 40617 52003 555 51346=
 28313 42/// /1701 11339 21375 30334 40564 57005 555 51327=
 28319 42998 01001 11291 21322 30372 40564 52003=
 28321 42999 01301 11287 21320 30324 40562 57002=
 28324 42/// /0000 11354 21395 30423 40568 55000 555 51347=
 28326 42998 30901 11354 21391 30362 40587 57004 80001 555 51337=
 28413 42999 01201 11264 21303 30408 40550 52002 555 51262=
 28428 42998 00401 11298 21337 30358 40575 53005 555 51298=
 28429 42/// /0702 11308 21343 30103 40589 55001 555 51281=
 22983 41559 81603 11141 21171 30257 40371 57012 77173 8655/ 333 91009
 91109=
 27083 41559 81506 11157 21193 30159 40403 57010 77172 885// 333 91011
 91111=
 27097 41997 81505 11172 21193 30148 40437 58007 77173 8807/ 333 91009
 91111=
 27185 42/// /1403 11162 21199 30220 40422 57007 333 91007 91109=
 27199 42598 81504 11178 21213 30241 40461 57008 8801/ 333 91007
 91109=
 27281 41958 81406 11162 21193 30182 40409 57007 77173 8807/ 333 91009
 91111=
 27283 41997 81605 11168 21209 30263 40435 57008 73632 8807/ 333 91009
 91110=
 27295 42997 81404 11178 21223 30176 40455 57009 8805/ 333 91008
 91111=
 27296 41998 81503 11199 21236 30229 40473 57007 70232 8807/ 333 91006
 91109=
 27385 419// 81404 11154 21207 30290 40431 57008 73832 8807/ 333 91006
 91109=
 27393 42598 61603 11193 21228 30297 40488 57003 84570 333 91005
 91107=
 27480 42598 81405 11150 21206 30284 40425 57005 885// 333 91008
 91109=
 28007 42999 81702 11200 21225 30186 40480 57007 8805/ 333 91003
 91104=
 28009 42998 01403 11225 21268 30266 40505 57004 333 91006 91106=
 28105 42998 61503 11215 21253 30269 40487 57006 86010 333 91005
 91107=
 28202 42997 71402 11253 21286 30256 40510 57005 80004 333 91004
 91105=
 28302 42997 61404 11240 21277 30250 40511 57004 80001 333 91008
 91108=
 28307 42998 81204 11205 21243 30326 40488 55002 86031 333 91007
 91108=
 28402 42984 41103 11246 21273 30300 40506 57005 80005 333 91005
 91105=
 28502 42997 61204 11244 21279 30390 40509 57001 80001 333 91006
 91106=
 22550 81669 71603 11147 21173 30244 40254 57006 70272 87500 333
 87636=
 22778 41496 81605 11134 21159 30238 40313 57010 77172 8872/ 333
 85711=
 22889 41497 81405 11140 21173 30276 40370 57013 73673 8455/ 333 91010
 91111 92980=
 22762 41996 81402 11145 21161 30244 40286 57011 77177 8007/=
 22638 46/// /1501 11147 21168 39984 40226 57012=
 22671 41996 81904 11150 21175 30200 40285 57011 77172 8802/=
 22456 41496 80000 11165 21201 30161 40256 57008 77172 8672/=
 22583 41596 81602 11152 21174 30218 40306 57014 78588 889//=
 22749 41496 81602 11139 21156 30112 40246 57013 77172 8872/ 333
 88710=
 22951 41497 81503 11144 21162 39960 40263 57017 77172 8802/=
 22887 41396 81405 11134 21161 30266 40342 57012 77177 8572/ 
 333 85709 91110=
 22876 41996 81403 11135 21154 30251 40329 57012 77173 8802/=
 22481 41998 51604 11167 21194 30225 40283 57012 70273 85030=
 22854 41897 81403 11151 21170 39952 40264 58017 77172 8802/=
 22781 NIL=
 22676 41496 81603 11146 21175 30217 40301 57010 77172 8872/=
 22648 41997 81503 11138 21154 30200 40250 57010 77177 8807/=
 22559 41997 81602 11149 21174 30251 40269 57007 77172 80020=
 22869 41996 81603 11141 21165 30146 40307 57016 77377 8002/=
 22768 41396 81703 11139 21169 30232 40286 57012 77173 8872/ 333
 86708=
 22798 41496 81605 11148 21171 30245 40368 57016 77173 885// 333 91010
 91110=
 22375 46/// /2105 11176 21201 30242 40258 57006=
 23207 NIL=
 23215 41998 22010 11183 21211 30238 40336 57026 73730 80002 333 91016
 91117=
 23219 NIL=
 27095 NIL=
 22408 11559 81402 11138 21154 30043 40203 57002 69962 78587 889//
 333   11138 88923 93505=
 22511 11465 81401 11142 21162 30074 40204 57001 69922 77172 8372/
 333   11141 93501=
 22529 11596 80000 11143 21163 30213 40220 57007 69922 78582 889//
 333   11142 88921=
 22602 11459 80701 11134 21151 39953 40193 57003 69952 77072 885//
 333   11131 88614=
 22621 11397 81202 11148 21164 30065 40215 57008 69902 777// 886//
 333   11145 88708=
 22619 11498 71004 11135 21152 30029 40199 57008 69902 70272 85570
 333   11135 85614=
 22721 11395 81101 11131 21145 30102 40207 57012 69952 78587 889//
 333   11127 85708=
 22727 11420 80000 11090 21102 30137 40187 57016 60012 77500 8872/
 333   11089 88710=
 22717 11295 80701 11132 21151 39970 40180 57012 60022 77100 8872/
 333   11132 86703=
 22802 11596 80704 11115 21131 30137 40162 57011 69962 78583 8392/
 333   11114=
 22820 11496 81204 11113 21138 30040 40184 57015 60012 77172 8552/
 333   11113 85616=
 22831 11996 81002 11123 21143 30154 40213 57015 60022 77172 8802/
 333   11123=
 22805 114// 80804 11078 21085 30124 40150 57012 60022 77173 8872/
 333   11045 91111=
 22912 11357 81004 11099 21112 30148 40164 57013 60012 75675 886//
 333   11098 88708 93401=
 
