03:31:00 MSK 29.04.2023
020 123456/=о000=0031
 унту01 бтул 290000
 22686 42998 00601 11020 21079 30145 40247 52005 555 14101=
 22695 42998 00804 11021 21092 30086 40242 52006 555 1/120=
 22996 42/// /1203 10031 21045 30023 40209 57002 555 1/002=
 23220 41598 82903 11072 21090 30108 40256 52013 70282 885// 555 1/107=
 23226 42360 83510 11072 21089 30033 40257 52019 889// 333 85708 91015 
 91115 555 1/108=
 23305 42/// /0802 11049 21076 30281 40310 52011 555 1/103=
 23320 86/// /0303 11066 21101 30217 40293 52013=
 23324 42580 83403 11072 21097 30210 40291 52012 885// 333 88621 555
 1/106=
 23405 42965 80702 11054 21079 30194 40298 52013
 8805/ 555 1/106=
 23410 86/// /0102 11062 21098 30198 40299 52013 555 53009=
 23411 41498 80803 11063 21087 30215 40308 52015 77172 8672/ 555
 1/106=
 23412 41599 80603 11061 21101 30202 40303 52013 70272 885// 333 88625 555 1/104=
 23416 NIL=
 23418 42565 80000 11054 21100 30215 40291 52016 885//
 333 88625 555 1/106=
 23503 42/// /0602 11037 21081 30242 40293 52015 555 1/104=
 23507 86/// /0601 11060 21079 39962 40285 52008=
 23509 42/// /0000 11089 21097 30204 40286 52011 555 1/112=
 23514 42597 80302 11033 21072 30079 40282 52013 8657/ 333 86620 555 1/104=
 23518 42/// /0204 11046 21084 30180 40275 52014 555 1/105=
 23606 42960 20601 11062 21082 30105 40279 52009 80001 555 1/110=
 23612 NIL=
 23701 42/// /0402 11060 21079 30130 40265 50005 555 1/105=
 23704 86/// /0901 11021 21065 39926 40039 55004 555 53005=
 23707 82998 20603 11009 21080 30106 40241 52002 80001 555 14102=
 23708 42/// /0203 11037 21077 30108 40262 52006 555 1/101=
 23709 42998 00000 11054 21083 30068 40268 52008 555 13106=
 23711 42998 03201 11054 21083 30094 40270 52009 555 1/102=
 23803 42999 00602 11026 21099 30082 40267 52008 555 14103=
 23804 82997 00901 11003 21077 30092 40239 52004 555 14100=
 23807 42/// /0503 11017 21042 30067 40232 52002 555 1/101=
 23808 86/// /1501 11047 21058 30075 40249 52002=
 23812 42997 00000 11082 21091 30095 40265 51008 555 1/103=
 23904 42978 00000 11044 21052 30073 40235 52003 555 14104=
 23905 42999 00000 11041 21082 30011 40245 52005 555 14103=
 23909 42998 10702 11032 21073 39998 40250 52003 80001=
 23912 42998 00201 11061 21085 30053 40253 51005 555 14104=
 23913 42999 00000 11072 21083 30018 40256 52009 555 14108=
 23914 82999 00302 11023 21086 39986 40249 52006=
 27095 NIL=
 28013 42998 20502 11026 21087 30008 40244 52003 80001 555 14103=
 28016 42/// /0702 11022 21070 30011 40241 52004 555 1/101=
 28029 42999 00102 11015 21076 30006 40230 52005 555 11103=
 28116 42999 00501 11026 21068 39996 40233 52003=
 28128 42999 00102 10000 21038 30068 40224 52003 555 14100=
 28134 42998 00000 11037 21055 39867 40227 52003 555 14102=
 28138 43/// /3502 11039 21070 39654 40235 52006=
 28216 42999 00103 10009 21056 39918 40219 52004 555 10101=
 28222 42/// /0000 11023 21048 30023 40221 52003 555 1/100=
 28224 42870 60201 10019 21060 39995 40209 52003 84082=
 28234 42998 00000 11012 21046 39934 40217 52004 555 10104=
 28238 42999 10000 11028 21064 39914 40224 52007 80001 555 10106=
 28313 42/// /3501 10013 21043 30020 40213 53006 555 1/100=
 28319 42598 50602 11007 21013 30039 40205 52003 85500=
 28321 42899 20103 10031 21051 30005 40208 53003 82030=
 28324 42/// /3502 10044 21039 30083 40203 53006 555 1/001=
 28326 42598 70000 10062 20053 30012 40196 52004 86530 555 11007=
 28413 42699 20000 10033 20016 30079 40201 53005 81501 555 10000=
 28428 42599 80301 10082 20042 30004 40185 53004 889// 555 11007=
 28429 42/// /0501 10075 20057 39782 40185 52004 555 1/007=
 22983 42584 61001 11006 21024 30095 40202 57004 83535 333 91002 91102
 555 14101=
 27083 42984 20601 10026 21018 39972 40195 57002 80001 333 91002 91103
 555 11003=
 27097 42/// /1002 10026 21021 39938 40200 57004 333 91005 91105 555
 1/001=
 27185 42/// /1002 10038 20008 30004 40187 57005 333 91003 91104 555
 1/003=
 27199 42998 20902 10029 20014 30001 40198 57004 80001 333 91003 91103
 555 12001=
 27281 42584 71104 10036 20023 39967 40173 57011 85531 333 91006 91107
 555 11005=
 27283 42997 51202 10028 20006 30033 40189 57006 85030 333 91003 91104
 555 11002=
 27295 42/// /0602 10031 20001 39940 40192 55007 333 91003 91105 555
 1/004=
 27296 42997 60902 10035 21005 39981 40199 57001 86030 333 91003 91104
 555 11002=
 27385 415// 70501 10057 20046 30045 40172 57008 70282 82530 333 91003
 91104 555 11006=
 27393 42598 70901 10023 20011 30032 40203 58003 85541 333 91002 91105
 555 11003=
 27480 41998 20501 10056 20054 30036 40163 57008 71111 82031 333 91002
 91107 555 11006=
 28007 42999 61101 10039 21059 39956 40218 52004 86030 333 91003 91103
 555 11003=
 28009 42698 20000 10003 21067 30020 40233 52002 82500 333 91001 91102
 555 14100=
 28105 42998 20701 10017 21031 30012 40213 52003 82030 333 91002 91103
 555 11002=
 28202 42997 01202 10018 21028 39989 40212 53004 333 91004 91104 555
 11000=
 28302 42997 60601 10026 21004 39975 40205 57003 80001 333 91003 91103
 555 11101=
 28307 41496 80602 10061 20043 30048 40191 54000 71082 885// 333 91004
 91105 555 11007=
 28402 41584 80902 10046 20036 30017 40195 57004 70262 8657/ 333 91004
 91106 555 11005=
 28502 42697 80802 10066 20048 30086 40188 50001 885// 333 91004 91107
 555 10006=
 22550 82969 80803 10013 21061 30172 40183 57008 8807/ 555 14100=
 22778 42998 30903 10023 21068 30123 40192 57006 83070 555 11000=
 22889 42/// /0803 11020 21046 30124 40212 57003 555 1/102=
 22762 42998 30902 10033 21038 30137 40176 58006 80001 555 1/100=
 22638 46/// /1102 10024 20011 39886 40110 57016=
 22671 42/// /0903 10009 21070 30133 40213 54001 555 1/104=
 22456 42997 00901 11024 21067 30128 40218 57008 555 1/106=
 22583 42998 00000 11049 21077 30181 40265 52004 
 555 1/104=
 22749 42/// /1201 10048 20033 39999 40122 57011 555 1/005=
 22951 42/// /1503 10036 20030 39846 40125 57017 555 1/005=
 22887 42997 51102 10002 21031 30125 40196 57004 83031 
 555 14103=
 22876 42997 80701 11018 21034 30120 40194 57008 80005 555 14101=
 22481 42/// /0803 11044 21080 30216 40271 52005 555 1/107=
 22854 42/// /1003 10036 20027 39842 40129 57015 555 1/005=
 22781 NIL=
 22676 42998 01101 11002 21083 30143 40222 52002 555 14102=
 22648 42498 81105 10057 21039 30084 40130 57017 8397/ 333 91110 555
 11003=
 22559 42/// /0903 10008 21059 30172 40189 58006 555 1/100=
 22869 42598 71004 10045 21012 30012 40159 57017 86510 333 86629 555
 1/004=
 22768 42697 60903 10033 21034 30114 40164 57014 83501 555 11003=
 22798 42998 00703 10003 21083 30119 40233 54000 555 14102=
 22375 46/// /0905 11082 30258 40274 52002=
 23207 NIL=
 23215 42/// /3404 11073 21092 30215 40308 52009 555 1/105=
 23219 NIL=
 22408 41423 80602 11004 21011 39968 40118 57017 77372 8872/ 333  
 88512 555   1/100=
 22511 41521 80602 10003 21004 39987 40108 57019 77376 8872/ 555  
 1/000=
 22529 41497 81004 10019 21015 30111 40118 57019 76162 8872/ 333  
 88516 555   12001=
 22602 41457 82502 10002 21004 39873 40099 57011 77087 8872/ 333  
 88510 93702 555   1/001=
 22621 83460 /0702 10027 20021 39959 40098 57023 555   1////=
 22619 41396 82604 10012 20006 39933 40092 57012 76162 8872/ 333  
 87707 555   1/002=
 22721 41397 82802 10034 20028 39995 40092 57013 78082 889// 333  
 85707 555   1/002=
 22727 86770 /2702 10020 20013 30065 40113 57005 555   1////=
 22717 83/19 /2302 10017 20014 39925 40118 57009 555   1////=
 22802 41993 00000 11007 21011 30097 40121 57009 74641 555   1/002=
 22820 41698 82603 10024 20016 39980 40116 57005 70262 8652/ 555  
 11002=
 22831 41296 82501 10018 20009 30060 40115 52007 75165 886// 333  
 88704 555   12004=
 22805 425// 22203 10010 21001 30108 40128 57007 82500 555   11000=
 22912 41903 21001 11008 21012 30112 40127 57010 74641 82030 333  
 93400 555   12002=
 
