09:31:00 MSK 29.10.2023
020 123456/=о000=0631
 унту01 бтул 290600
 22686 42498 81002 11048 21075 39972 40074 56008 885// 333 88615=
 22695 41597 81005 11059 21093 39913 40069 57007 77172 8652/ 333 21060=
 22996 41598 80901 11025 21050 39838 40024 57007 70272 8452/=
 23220 41498 30802 11135 21149 30082 40233 57002 72841 83600 333 21136=
 23226 41/08 91003 11084 21091 30010 40234 57003 74974=
 23305 42999 41003 11118 21137 30132 40161 57009 82035=
 23320 66/// /1202 11106 21112 30123 40200 57010 60002 333 21233=
 23324 42983 20501 11187 21210 30136 40220 57006 80001=
 23405 42970 71205 11105 21118 30040 40143 57009 86031 333 21110 91110=
 23410 66/// /0501 11158 21180 30091 40194 57008 60002 333 21194=
 23411 42999 60801 11134 21144 30090 40185 57008 80006=
 23412 42999 20902 11149 21167 30089 40193 57009 80001=
 23416 NIL=
 23418 42965 60000 11147 21167 30112 40191 57005 80001
 333 11197=
 23501 NIL=
 23503 42998 71305 11096 21129 30102 40154 57011 83035=
 23507 86/// /1403 11084 21097 39797 40118 56008 333 21088=
 23509 42998 71101 11096 21132 30062 40144 56011 84074=
 23514 42997 71001 11128 21141 39957 40165 57010 84025=
 23518 42998 80000 11114 21126 30086 40183 57006 82089 555 53002=
 23606 42962 81005 11098 21119 39957 40137 57012 84039 333 21113=
 23701 41984 71004 11059 21088 39963 40096 57011 70282 87070 333
 21064=
 23704 66/// /0903 11056 21073 39332 49445 52007 60002 333 21063=
 23707 82598 80903 11044 21076 39935 40070 57009 82531=
 23708 42998 70804 11056 21094 39942 40095 57012 87070=
 23709 42698 80802 11064 21106 39916 40114 57012 8557/ 333 85625=
 23711 42998 60802 11094 21114 39972 40149 57012 84035 333 21135=
 23803 42599 81004 11045 21103 39915 40099 56012 889// 333 88929=
 23804 82597 80803 11040 21077 39915 40062 57010 8555/ 333 85630=
 23807 42598 80904 11029 21059 39887 40050 57009 8255/=
 23808 86/// /0604 11035 21067 39899 40069 57011=
 23812 42997 81202 11067 21090 39968 40135 57013 8805/=
 23904 42470 81003 11024 21057 39884 40042 57009 885// 333 88619=
 23905 42899 80802 11030 21070 39826 40055 57012 8802/=
 23909 41497 80906 11029 21070 39823 40071 57012 77072 8752/ 333 91011
 91110=
 23912 42898 81204 11035 21089 39915 40110 57008 8807/=
 23913 42599 81104 11043 21096 39900 40134 57011 8653/ 333 91010
 91111=
 23914 82899 81006 11038 21093 39842 40103 57010 8802/ 333 91011
 91111=
 28013 41598 80906 11037 21069 39836 40070 57011 72682 889// 333 91010
 91111=
 28016 41496 80904 11032 21046 39827 40054 57013 78582 889// 333
 91110=
 28029 41599 80905 11026 21075 39857 40078 57013 70272 8652/ 333
 91113=
 28116 41395 81003 11029 21043 39810 40042 57015 77372 8872/=
 28128 41599 81006 11009 21061 39901 40055 57017 70272 8207/ 333 91010
 91112=
 28134 41598 81005 11031 21078 39719 40073 57019 70272 8552/ 333 91012
 91112=
 28138 42599 80706 11062 21090 39530 40110 57013 885// 333 91011
 91112=
 28216 41699 80907 11014 21043 39713 40010 57021 70272 885// 333 91013
 91113=
 28222 42598 81104 11011 21058 39854 40049 56017 8512/ 333 91114=
 28224 41570 81005 11010 21051 39820 40033 57019 70272 885// 333 91011
 91112=
 28234 42598 81304 11024 21075 39788 40068 58011 885// 333 91010
 91112=
 28238 41599 80906 11033 21077 39779 40086 57014 70272 885// 333 91010
 91111=
 28313 41594 80704 11009 21027 39807 49998 57024 77572 8802/ 333
 91110=
 28319 41496 80704 11004 21014 39824 49986 57020 77172 8802/ 333 91010
 91110=
 28321 41598 81005 11007 21034 39808 40010 57021 77172 8802/ 333
 91111=
 28324 41897 81005 11001 21023 39876 49996 58024 77172 8802/=
 28326 42598 71004 11006 21035 39846 40032 57014 87500 333 91111=
 28413 41499 80903 10005 21014 39839 49959 56029 76176 8775/=
 28428 41596 80903 10004 21014 39801 49983 58027 77372 8802/=
 28429 41595 81106 11018 21028 39602 40012 56019 77373 8802/ 333 91010
 91113=
 22983 41572 80702 11024 21061 39922 40028 57005 77872 885// 333 91003
 91105=
 27083 42599 80603 11028 21053 39784 40007 57010 885// 333 91005
 91105=
 27097 41442 80402 11028 21033 39743 40005 57009 77172 8772/ 333 91005
 91107=
 27185 42698 80202 11022 21041 39807 49991 57006 8257/ 333 91006
 91106=
 27199 41396 80503 11017 21029 39789 49986 57012 77172 8672/ 333 91005
 91108=
 27281 42482 80503 11024 21041 39775 49982 57001 885// 333 91005
 91107=
 27283 41498 80705 11013 21032 39824 49979 57007 70282 885// 333 91006
 91107=
 27295 41570 80203 11016 21035 39719 49970 57010 77187 8802/ 333 91006
 91108=
 27296 41456 80603 11015 21031 39756 49972 57013 77172 8872/ 333 91006
 91108=
 27385 414// 80202 11016 21027 39829 49956 57004 77173 8577/ 333 91005
 91106=
 27393 41495 80605 11011 21019 39790 49959 57013 77373 8872/ 333 91008
 91109=
 27480 41448 80303 11019 21038 39823 49951 52001 78582 889// 333 91006
 91108=
 28007 41499 80902 11025 21050 39750 40013 57012 70282 8735/ 333 87916
 91004 91105=
 28009 41458 80703 11018 21058 39814 40025 57015 78582 889// 333 91006
 91107=
 28105 41459 80603 11017 21045 39803 49996 57014 77172 8872/ 333 91006
 91108=
 28202 41520 81003 11019 21033 39766 49987 57015 77175 886// 333 91006
 91107 93401=
 28302 41597 80603 11012 21030 39739 49966 57016 77187 8802/ 333 91007
 91109=
 28307 41497 80102 11006 21018 39801 49943 57013 77972 8862/ 333 91004
 91105 93400=
 28402 41437 80503 10001 21004 39762 49939 57014 77276 8872/ 333 91005
 91106 93403=
 28502 41997 80604 10010 21001 39815 49917 56016 76162 8802/ 333 91007
 91108=
 22550 81496 80000 11046 21046 30028 40038 57003 77172 8802/ 333
 88518=
 22778 41596 81103 11031 21078 39966 40036 57002 78582 8697/ 333
 86921=
 22889 42498 80704 11027 21061 39950 40037 57005 885// 333 88618=
 22762 41396 81101 11041 21048 39998 40037 57002 77177 8872/=
 22638 NIL=
 22671 41498 71302 11042 21065 39968 40048 57006 70272 86531 333
 86615=
 22456 419// 81202 11047 21051 39959 40048 57004 77172 880//=
 22583 42598 81102 11050 21077 30002 40084 57010 8657/=
 22749 41598 70000 11044 21045 39900 40026 52004 70172 86530 333
 21049=
 22951 41497 80801 11042 21048 39742 40027 53005 77172 8672/=
 22887 41597 80602 11034 21066 39961 40032 57003 78582 8595/
 333 85926 =
 22876 42597 80903 11035 21063 39962 40035 56013 885// 333 21041
 88624=
 22481 42998 81005 11060 21081 30029 40084 57012 8807/ 333 21064=
 22854 41497 80701 11050 21056 39738 40031 53004 77172 8672/ 333
 86710=
 22781 NIL=
 22676 41598 71104 11041 21073 39973 40052 57005 70272 85570 333
 21043=
 22648 41497 83501 11048 21050 39991 40038 53003 78582 889// 333
 88913=
 22559 41597 81201 11042 21049 30027 40044 56003 77172 8552/ 333
 85620=
 22869 41697 80902 11042 21065 39878 40028 54001 77172 8552/ 333
 85633=
 22768 41497 80801 11042 21057 39977 40028 54000 70272 8557/ 333
 85617=
 22798 42598 80702 11040 21072 39947 40061 57008 8255/ 333 21045=
 22375 NIL=
 23207 42999 81204 11110 21130 30126 40149 57008 85041=
 23215 42998 30904 11149 21156 30115 40211 57010 80001=
 23219 NIL=
 27095 66/// /0703 11027 21031 39793 40023 57010 60002 333 21053=
 22408 12799 83602 11055 21064 39910 40063 52001 69932 889// 333  
 21055 47002 88950=
 22511 11598 82701 11042 21052 39933 40056 52002 69952 70272 886//
 333   21043 47006 88622=
 22529 11599 62801 11086 21093 30033 40040 54000 60012 70272 86902
 333   21087 47011 86921=
 22602 11459 82801 11056 21071 39834 40064 52004 69902 77172 885//
 333   21058 47001 88614=
 22621 12498 82702 11048 21056 39907 40049 52001 69932 889// 333  
 21057 47997 86912=
 22619 11680 82903 11039 21052 39887 40048 52005 69902 70282 885//
 333   21042 46997 88640=
 22721 12598 83101 11043 21054 39950 40050 52005 60002 885// 333  
 21045 47004 88626=
 22727 12570 83602 11032 21066 30001 40050 52008 60002 884// 333  
 21033 47001 88623=
 22717 11396 83101 11039 21053 39859 40059 52009 69962 77100 8872/
 333   21042 47002 86708=
 22802 12599 83102 11025 21057 30045 40069 52011 69902 885// 333  
 21026 47997 88632=
 22820 12570 82901 11039 21060 39911 40049 52009 60002 885// 333  
 21039 47016 88623=
 22831 12998 73001 11042 21054 39981 40037 52008 69992 87030 333  
 21046 47003=
 22805 11598 83302 11003 21047 30041 40066 52011 69922 70282 885//
 333   21010 46001=
 22912 12599 73201 11044 21055 30042 40057 52014 60002 81530 333  
 21056 47005=
 
