09:31:00 MSK 13.08.2023
020 123456/=о000=0631
 унту01 бтул 130600
 22686 82998 71602 10257 20176 30129 40221 58008 80009=
 22695 42998 52101 10258 20149 30072 40213 58006 80031=
 22996 82998 01701 10256 20164 30070 40241 57005=
 23220 42999 62203 10223 20129 30075 40207 57017 86030=
 23226 42960 22304 10216 20127 30006 40206 57014 82030=
 23305 42999 21703 10232 20148 30182 40208 57005 80005=
 23320 66/// /2304 10238 20127 30153 40221 57011 60002 333 20082=
 23324 42986 22102 10231 20146 30144 40216 57013 80001=
 23405 42673 71602 10229 20164 30121 40213 57006 82101=
 23410 66/// /1603 10226 20135 30126 40216 58009 60002 333 20116=
 23411 42999 22003 10219 20150 30131 40214 57007 80001=
 23412 42999 11903 10230 20144 30125 40215 57009 80001=
 23416 NIL=
 23418 42965 21602 10243 20140 30156 40225 57014 80001=
 23501 NIL=
 23503 42998 72103 10254 20133 30175 40221 57009 80001=
 23507 86/// /1901 10241 20170 39933 40221 57006=
 23509 42998 21801 10234 20149 30157 40230 57009 80001=
 23514 42997 22302 10247 20130 30047 40229 57006 80001=
 23518 42998 22302 10224 20124 30154 40240 57012 80001 555 53005=
 23606 42962 22401 10247 20147 30080 40234 57006 80001=
 23701 42699 62101 10252 20166 30118 40238 57007 81285=
 23704 66/// /1801 10245 20160 39993 40100 53372 60002 333 20100=
 23707 83/// /1501 10242 20163 30113 40236 57006=
 23708 42984 21602 10238 20133 30107 40246 57007 80001=
 23709 82998 12101 10248 20113 30072 40251 58007 80001=
 23711 42998 11902 10238 20131 30088 40246 57011 80001=
 23803 42999 01201 10253 20160 30086 40252 56004=
 23804 82997 01601 10246 20166 30106 40240 57004=
 23807 42997 01201 10241 20181 30095 40245 57005=
 23808 86/// /2001 10240 20140 30097 40254 58003=
 23812 42997 02901 10246 20072 30106 40258 57007=
 23904 42970 01501 10248 20157 30105 40251 58006=
 23905 82999 02102 10250 20134 30042 40253 57004=
 23909 82998 01801 10240 20126 30030 40258 57003=
 23912 82999 02701 10216 20114 30083 40264 58005=
 23913 82999 01301 10206 20066 30052 40269 57013=
 23914 82999 10000 10207 20129 30022 40264 57002 80001=
 28013 82998 03501 10244 20105 30043 40258 57004=
 28016 82999 03501 10236 20148 30052 40262 57003=
 28029 82999 02201 10218 20125 30055 40261 57005=
 28116 82999 00000 10237 20137 30046 40261 57003=
 28128 82999 12201 10210 20146 30123 40268 57002 80001=
 28134 82998 03001 10223 20089 39934 40263 57007=
 28138 42999 23302 10200 20070 39726 40262 57007 80001=
 28216 82999 01701 10244 20106 39982 40260 58002=
 28222 82998 02001 10247 20105 30083 40264 57004=
 28224 82970 02301 10242 20101 30064 40262 57004=
 28234 82999 03001 10213 20039 30006 40269 57007=
 28238 82999 21501 10207 20090 39981 40268 57010 80001=
 28313 82998 01401 10254 20106 30083 40261 58004=
 28319 82998 01101 10250 20104 30113 40264 58002=
 28321 82999 01701 10239 20114 30072 40262 58004=
 28324 82999 03201 10238 20114 30151 40264 58005=
 28326 82998 22901 10235 20069 30090 40265 57004 80001=
 28413 82999 03001 10246 20105 30151 40265 50001=
 28428 82999 00000 10237 20100 30090 40263 58003=
 28429 82998 01201 10225 20063 39876 40263 50000=
 22983 42998 21301 10257 20184 30138 40235 57007 81031 333 91002
 91102=
 27083 42999 01401 10247 20172 30028 40234 57006 333 91002 91102=
 27097 42998 01302 10237 20168 30002 40246 57002 333 91003 91104=
 27185 42698 51201 10251 20167 30070 40240 57003 85500 333 91003
 91103=
 27199 42998 01101 10253 20152 30066 40249 57003 333 91003 91103=
 27281 42982 21403 10244 20151 30043 40236 57004 80001 333 91004
 91104=
 27283 42998 12702 10239 20166 30099 40246 53002 81030 333 91002
 91103=
 27295 42998 01402 10268 20134 30010 40243 57003 333 91004 91104=
 27296 42980 02001 10257 20143 30046 40247 57003 333 91003 91104=
 27385 429// 51402 10263 20121 30117 40236 57005 80001 333 91004
 91105=
 27393 42998 10702 10237 20164 30094 40253 58003 81030 333 91002
 91104=
 27480 42598 71302 10255 20128 30115 40235 57004 81501 333 91004
 91105=
 28007 42999 00000 10261 20136 30011 40254 58002 333 91000 91102=
 28009 42998 01601 10245 20116 30065 40261 57003 333 91002 91102=
 28105 42998 00901 10256 20126 30075 40254 58001 333 91002 91102=
 28202 42999 01301 10245 20130 30050 40256 58001 333 91002 91103=
 28302 42998 01501 10250 20110 30043 40255 54000 333 91003 91103=
 28307 42998 20801 10251 20147 30115 40249 57002 80001 333 91002
 91103=
 28402 42998 11901 10254 20131 30086 40252 52001 80001 333 91003
 91103=
 28502 42998 20602 10261 20136 30156 40252 58001 80006 333 91003
 91103=
 22550 81397 83601 10201 20189 30197 40206 54000 70282 886// 333
 88707=
 22778 42998 51402 10234 20178 30153 40218 57006 80001=
 22889 42698 11002 10254 20199 30156 40236 57007 81200=
 22762 82998 01101 10243 20192 30172 40208 57005=
 22638 46/// /1401 10180 20170 39989 40203 52001=
 22671 42998 72001 10237 20186 30130 40203 57002 81035=
 22456 41496 80000 10174 20174 30121 40205 52003 71082 886// 333
 20166=
 22583 42698 61701 10257 20176 30131 40205 57006 82271=
 22749 41598 80401 10209 20197 30079 40196 58006 70282 885// 333 88620=
 22951 42898 81601 10207 20176 39941 40205 57004 87071=
 22887 42999 11902 10254 20197 30163 40227 57006 80001=
 22876 42997 11902 10260 20169 30159 40226 57005 80001=
 22481 42698 82102 10224 20172 30150 40199 57006 885//=
 22854 42899 81301 10219 20179 39930 40199 58006 83089=
 22781 NIL=
 22676 42998 71501 10247 20182 30135 40207 57006 80001=
 22648 41498 81402 10193 20180 30172 40215 52002 70282 8693/=
 22559 82597 80000 10209 20190 30192 40208 57003 8357/=
 22869 42697 51301 10241 20172 30083 40221 58003 82131=
 22768 42697 61802 10245 20185 30162 40208 57005 82531=
 22798 42998 11201 10246 20172 30129 40234 58006 80001=
 22375 46/// /2701 10162 20151 30188 40203 52001=
 23207 42599 72602 10248 20176 30173 40194 57005 82541=
 23215 42998 52003 10245 20148 30114 40197 57010 80002=
 23219 NIL=
 27095 NIL=
 22408 12999 01602 10176 20126 30055 40197 57003 60002 333   20070
 31009=
 22511 12998 21401 10186 20125 30083 40198 57003 60002 80001 333  
 20089 31004=
 22529 61999 50000 10187 20166 30195 40201 57001 60002 70241 80002
 333   20113 32011=
 22602 12999 01002 10182 20122 39979 40192 57006 60002 333   20088
 31008=
 22621 12998 01002 10177 20166 30070 40202 54000 60002 333   20104
 31///=
 22619 12982 30901 10176 20157 30043 40194 57005 60002 82039 333  
 20118 31010=
 22721 12698 82801 10161 20156 30105 40199 57005 60002 8255/ 333  
 20129 31014=
 22727 12270 80401 10180 20174 30148 40193 57008 60012 886// 333  
 20158 32/// 88706=
 22717 12598 82302 10158 20148 30004 40185 5//// 69992 885// 333  
 20110 31/// 88627=
 22802 11599 70702 10169 20145 30157 40179 57014 60002 70241 86530
 333   20111 31013 86632=
 22820 11216 80702 10178 20176 30058 40187 57010 69982 71062 886//
 333   20158 32016 88703=
 22831 11998 71001 10198 20187 30140 40192 57009 60012 70282 87030
 333   20181 31018=
 22805 11498 80503 10173 20171 30150 40174 57017 69992 70281 883//
 333   20158 31012=
 22912 11599 70803 10201 20182 30152 40166 57013 69902 70282 83831
 333   20169 31017=
 
