15:31:00 MSK 23.04.2023
020 123456/=о000=1231
 унту01 бтул 231200
 22686 42598 73004 10022 21087 30034 40133 53008 879// 555 1/100=
 22695 42698 62905 10020 21115 39964 40116 52011 86900 333 86943 91012
 91112 555 1/001=
 22996 42599 63205 10117 21038 39932 40115 52018 84201 333 91010 91111
 555 12014=
 23220 41495 82306 11013 21021 39844 49985 53038 77372 8872/ 333 91010 91111 555 1/000=
 23226 41/08 92707 11012 21021 39760 49972 53024 77572 333 91010 91113 
 555 1/101=
 23305 41799 52809 11000 21106 30053 40081 52022 70282 85200 333 91014
 91114 555 1/000=
 23320 86/// /3107 11004 21112 39968 40041 51042 333 91012 91112=
 23324 41982 73106 11013 21084 39956 40033 52048 70276 87070 333 91012
 91114 555 1/000=
 23405 41575 62904 11004 21140 39997 40097 52021
 70281 83930 333 91113 555 1/101=
 23410 86/// /2806 11007 21092 39955 40052 51027 333 91114 555 51000 53014=
 23411 41597 82807 11019 21056 39981 40071 52026 78583 889// 333
 91012 91112 555 1/102=
 23412 41599 73105 11009 21099 39959 40056 52024 70232 83330 333 91112 555 1/102=
 23416 NIL=
 23418 41565 53104 10011 21126 39991 40065 52022 70272
 85500 333 83630 91010 91110 555 1/000=
 23501 NIL=
 23503 41598 53204 10005 21118 30041 40091 51023 70281 85900 333 91112 555 1/100=
 23507 86/// /2905 10000 21116 39799 40110 52016 333 91113=
 23509 41598 42905 10008 21141 30022 40100 52021 70271 84900 333 91112
 555 1/000=
 23514 41597 62904 11004 21093 39891 40088 52022 73683 86900 333 86924 91111 555 1/100=
 23518 42/// /3104 11001 21066 39981 40073 51028 333 91110 555
 1/000=
 23606 42662 73004 10009 21090 39939 40105 52024 86301 333 84940 91110 555 1/001=
 23612 NIL=
 23701 42599 73003 10030 21107 30000 40129 52018 86280 333 91112 555
 1/000=
 23704 86/// /3203 10046 21109 39926 40039 55004 333 91110 555 53012=
 23707 82599 33004 10058 21096 39989 40119 52016 83100 333 91110 555 1/010=
 23708 41584 83205 10043 21122 39972 40119 52025 70282 82201 333 91112
 555 1/000=
 23709 41698 23206 10040 21098 39917 40107 52028 70281 82100 333 91111
 555 1/000=
 23711 41599 43203 10024 21096 39926 40094 52033 70281 84200 333 91110
 555 1/000=
 23803 41699 23004 10060 21109 39935 40112 51025 70181 82100 333 91111 555 12007=
 23804 42597 33002 10076 21086 39973 40115 52017 83100 555 1/013=
 23807 42/// /3104 10087 21028 39962 40119 52016 555 1/015=
 23808 86/// /2804 10069 21063 39948 40112 52021=
 23812 41597 63304 10050 21044 39924 40084 51031 70282 86200 333 91114 555 1/001=
 23904 42570 63404 10107 21020 39957 40108 52020 84301 333 91111 555
 11018=
 23905 42599 52903 10100 21031 39880 40100 52022 85100 333 91110 555
 11015=
 23909 41598 53104 10112 21025 39852 40087 52018 70282 84301 333
 91111=
 23912 41598 43306 10084 21000 39894 40080 53018 70181 84900 333 91112
 555 1/010=
 23913 41597 73106 10063 20005 39848 40072 51024 78086 879// 333 91010
 91114 555 1/004=
 23914 81499 33106 10093 21001 39829 40077 52014 70181 82440 333
 91113=
 28013 41598 63005 10119 21038 39859 40080 51019 70282 86900 333 91011
 91111 555 10016=
 28016 42599 83106 10128 21012 39868 40082 52020 87901 333 91010 91112
 555 10015=
 28029 41598 83304 10097 20020 39867 40078 52024 78082 8695/ 333 91111
 555 1/011=
 28116 42499 63206 10146 21005 39855 40074 52008 86500 333 91011
 91112=
 28128 42599 52904 10152 21021 39925 40070 52006 85500 333 91110 555
 11015=
 28134 42698 82802 10135 21037 39730 40063 52006 885// 555 11012=
 28138 42999 32706 10133 21068 39514 40051 52004 80009 333 91011
 91112=
 28216 42599 32906 10164 21036 39801 40081 52008 83100 333 91011 91113
 555 10027=
 28222 42598 73202 10156 21021 39887 40071 53008 87500 555 11015=
 28224 42670 32905 10172 21054 39870 40070 52005 82105 333 91111=
 28234 42599 32804 10166 21092 39800 40062 55001 83200 333 91111 555
 10028=
 28238 42599 53007 10165 21058 39771 40057 54000 85100 333 91010 91112
 555 10028=
 28313 42598 23104 10179 21036 39906 40086 53005 81101 333 91112 555
 10023=
 28319 42999 02803 10185 21039 39937 40090 53004 333 91110=
 28321 42699 12906 10175 21042 39890 40081 53007 81100 333 91011
 91112=
 28324 42599 23104 10178 21054 39971 40085 52004 81501 555 10027=
 28326 42598 22905 10182 21054 39892 40067 54000 82100 333 91111 555
 10027=
 28413 42599 13004 10181 21060 39984 40099 52004 81500 333 91111 555
 10031=
 28428 42599 23005 10184 21064 39913 40087 52003 82500 333 91111 555
 10027=
 28429 42698 32804 10163 21033 39691 40079 52005 83100 333 91110 555
 10023=
 22983 42698 83102 10098 21019 30025 40127 52011 85235 333 91005 91108
 555 11017=
 27083 42599 63004 10124 21020 39899 40113 52015 84579 333 91006 91110
 555 11012=
 27097 42598 82904 10144 21004 39857 40107 52013 84831 333 91008 91111
 555 11016=
 27185 42698 72804 10168 20002 39939 40113 52007 86501 333 91009 91110
 555 11012=
 27199 42598 73102 10173 20001 39918 40104 52009 85331 333 91005 91111
 555 10025=
 27281 42582 62804 10184 21005 39919 40114 52002 83101 333 91007 91110
 555 10028=
 27283 42598 52904 10190 21003 39964 40110 52006 83201 333 91007 91112
 555 10022=
 27295 42998 52603 10186 21018 39871 40108 52003 85070 333 91008 91112
 555 10020=
 27296 42698 62905 10184 21031 39896 40101 52004 83201 333 91009 91111
 555 10028=
 27385 429// 22704 10196 21004 39995 40115 57001 80001 333 91008 91110
 555 10033=
 27393 42598 22905 10187 21016 39953 40113 53002 82140 333 91009 91112
 555 10032=
 27480 42998 22902 10199 20004 30005 40125 57001 81031 333 91006 91108
 555 11032=
 28007 42699 83105 10142 21035 39850 40100 52015 83235 333 91010 91112
 555 11016=
 28009 42698 83104 10153 21038 39895 40095 52019 86501 333 91008 91111
 555 10026=
 28105 42598 63003 10183 21026 39907 40094 52011 85201 333 91007 91110
 555 10029=
 28202 42999 63006 10179 21019 39882 40090 53004 85031 333 91012 91112
 555 10028=
 28302 42598 32804 10181 21021 39885 40100 52003 82201 333 91007 91110
 555 10026=
 28307 42998 02804 10188 21032 39979 40114 52001 333 91008 91110 555
 10028=
 28402 42998 23005 10184 21027 39942 40111 52002 80001 333 91010 91110
 555 10032=
 28502 42998 02906 10193 21059 30020 40118 52002 333 91010 91111 555
 10033=
 22550 82597 23203 10024 21083 30139 40149 52005 82500 555 1/000=
 22778 42698 62704 10053 21055 30074 40143 52007 81109 555 1/100=
 22889 42598 52805 10091 21043 30043 40127 52011 84104 555 1/017=
 22762 42698 53502 10047 21043 30110 40149 52005 83101 555 1/000=
 22638 NIL=
 22671 42/// /2902 10026 21046 30060 40138 51008 555 1/003=
 22456 NIL=
 22583 41598 52704 10005 21091 30042 40123 52011 70282 84901 555 1/000=
 22749 42598 70501 10050 21045 30021 40145 54001 85970 555 1/000=
 22951 42898 80802 10062 21004 39861 40138 54001 8807/ 555 1/010=
 22887 42599 63403 10086 21012 30062 40130 52009 82505
 555 10024=
 22876 42597 33102 10083 21055 30063 40134 52006 82105 555 12015=
 22481 42598 42705 10007 21112 30061 40114 52011 82201 333 91010 91112
 555 1/001=
 22854 42/// /0802 10024 21014 39861 40149 52002 555 1/007=
 22781 NIL=
 22676 41498 72804 10021 21063 30059 40137 54000 70282 87900 555
 1/003=
 22648 42698 23302 10053 21090 30104 40150 58003 81101 555 1/016=
 22559 41598 52803 10026 21091 30133 40150 52004 70282 83201 555
 1/100=
 22869 42997 73002 10064 21017 30001 40147 52008 80050 555 1/009=
 22768 42697 63501 10057 21045 30095 40144 52003 85501 555 11017=
 22798 42598 22802 10075 21100 30014 40124 52011 82100 555 11015=
 22375 46/// /2807 11008 30092 40108 52013 333 91113=
 23207 41599 72808 11013 21075 30046 40069 52020 70282 87500 333 91014
 91115 555 1/101=
 23215 41598 12608 11028 21058 39936 40025 52035 73631 81502 333 91014
 91116 555 1/000=
 23219 NIL=
 27095 86/// /2904 10143 21017 39896 40114 52017 333 91111=
 22408 42999 12204 10032 21132 39987 40136 57007 80001 555   1/000=
 22511 42698 22102 10045 21130 30018 40138 57007 81101 333   93500
 555   1/001=
 22529 42999 20904 10024 21090 30141 40148 57004 80002 555   1/002=
 22602 42999 20902 10033 21086 39912 40137 57008 80001 555   1/001=
 22621 83/70 /1302 10035 21131 30008 40147 57004 555   1////=
 22619 42983 20802 10020 21051 39982 40141 57006 80001 555   1/000=
 22721 42998 71501 10057 21058 30043 40140 57006 83035 555   1/000=
 22727 86/70 /1704 10060 21030 30091 40138 57003 555   1////=
 22717 83/70 /0602 10074 21023 39936 40126 57002 555   1////=
 22802 42999 71002 10111 20009 30095 40118 57004 81032 555   1/000=
 22820 42970 51103 10055 21031 30003 40138 52001 83031 555   11017=
 22831 42998 30902 10066 21014 30080 40134 57004 81031 555   1/100=
 22805 42998 73001 10070 20006 30104 40123 58002 80004 555   11020=
 22912 42599 22704 10125 20037 30100 40115 52004 81101 555   12020=
 
