09:31:00 MSK 05.05.2023
020 123456/=о000=0631
 унту01 бтул 050600
 22686 81598 70302 10044 21001 30085 40184 57001 70272 86235 333 86821=
 22695 42698 50701 10060 21024 30016 40167 58006 83131=
 22996 42999 52401 10123 21060 30006 40185 57008 80001=
 23220 41597 82108 10012 21038 39972 40113 52006 70282 885// 333 91012 91115=
 23226 41440 82311 11005 21023 39890 40105 53014 78582 889// 333 
 21005 88913 91015 91116=
 23305 42999 32506 10022 21046 30132 40160 52013 82031 333 91010 91113=
 23320 66/// /2508 10046 21092 30070 40142 52004 60002 333 20008 91015 91115=
 23324 42687 72607 10033 21044 30057 40134 52007 87500 333 87644 91013
 91114=
 23405 42980 22404 10036 21070 30074 40173 52003 82030=
 23410 66/// /2207 10031 21072 30054 40150 53008 60002 333 21002 91012 91114=
 23411 42999 02507 10037 21071 30066 40154 52008 333 91013 91113=
 23412 42999 12607 10033 21064 30056 40152 52008 81030 333 91011 91112=
 23416 NIL=
 23418 42665 22405 10057 21057 30101 40174 54000 81104=
 23501 NIL=
 23503 42998 62703 10050 21068 30129 40179 51002 84032=
 23507 86/// /3103 10024 21019 39874 40184 54001=
 23509 42998 52002 10072 21031 30105 40181 58004 85030=
 23514 42997 62203 10066 21027 39985 40178 57001 83081=
 23518 42698 51904 10069 21038 30094 40185 57003 81149 555 53006=
 23606 42962 32404 10105 21065 30018 40180 57008 80001=
 23701 42984 72306 10115 21070 30054 40180 57002 82039 333 91110=
 23704 66/// /2104 10109 21059 39926 40039 55004 60002 333 21037=
 23707 82999 82005 10116 21076 30051 40179 57011 82031=
 23708 42984 32105 10116 21084 30051 40196 58010 80001=
 23709 42698 11803 10106 21087 30018 40206 57007 81100=
 23711 42998 22104 10104 21062 30037 40202 58007 80001=
 23803 42999 01503 10110 21086 30036 40212 58009=
 23804 82997 21902 10118 21062 30046 40187 57011 80001=
 23807 42998 22003 10120 20058 30035 40191 57010 80001=
 23808 86/// /1203 10120 21061 30039 40202 57011=
 23812 82997 21503 10094 21060 30058 40217 58007 80002=
 23904 42470 61901 10126 21025 30044 40196 57011 81531=
 23905 42999 11502 10112 21029 39980 40201 57011 80001=
 23909 42898 71301 10111 20026 39968 40206 57008 81032=
 23912 42598 72002 10095 20055 30028 40216 57007 83109=
 23913 41599 82204 10074 20049 39997 40222 58005 70242 889//=
 23914 81/93 91601 10055 20054 39965 40220 57002 74544=
 28013 42598 72201 10092 20052 39984 40210 57005 83505=
 28016 41599 80000 10090 20075 39992 40212 56004 70242 84505=
 28029 41599 71802 10093 20084 39995 40209 57008 70264 83530=
 28116 41499 82101 10098 20083 39986 40211 57002 70262 8872/=
 28128 41599 80901 10105 20092 30061 40211 57008 70262 885//=
 28134 41598 80501 10110 20077 39873 40214 57002 70262 885//=
 28138 42599 82004 10130 20019 39664 40210 52002 885//=
 28216 41599 71402 10128 20082 39915 40202 52003 70142 87800=
 28222 42598 81302 10151 20086 30017 40203 58008 81131=
 28224 42868 70000 10152 20082 39999 40203 54000 84088=
 28234 42898 82102 10163 20025 39944 40210 50004 8805/=
 28238 42899 82007 10165 20038 39926 40215 52003 8802/ 333 91011
 91112=
 28313 42998 61603 10156 20088 30018 40202 55006 80001=
 28319 42598 62202 10161 20061 30051 40207 52001 84550=
 28321 42999 61802 10148 20079 30007 40202 57004 80002=
 28324 42598 72004 10179 20029 30091 40206 50002 86401=
 28326 42598 72403 10147 20039 30039 40218 52009 87500 333 91110=
 28413 42599 71902 10163 20051 30090 40207 54000 86535=
 28428 42599 81904 10175 21016 30047 40223 54001 84931=
 28429 42998 82203 10173 21010 39835 40227 50003 80007=
 22983 42998 62502 10109 21052 30083 40185 57008 82035 333 91004
 91104=
 27083 42699 31903 10124 21058 39966 40181 57011 82149 333 91006
 91106=
 27097 42598 62502 10130 21041 39937 40190 57009 82139 333 91004
 91106=
 27185 42698 81501 10119 20007 30013 40191 57010 85504 333 91003
 91103=
 27199 42698 61901 10131 20006 30007 40198 57009 82171 333 91002
 91103=
 27281 41456 81802 10091 20054 39991 40194 57005 78082 8697/ 333 91004
 91104=
 27283 42498 81701 10109 20042 30045 40197 57008 885// 333 91002
 91103=
 27295 42998 71202 10135 20008 39952 40194 57010 87070 333 91004
 91105=
 27296 42998 51302 10127 21001 39987 40198 57008 80001 333 91004
 91104=
 27385 425// 81503 10132 20013 30062 40186 57015 8555/ 333 91004
 91105=
 27393 41598 60902 10125 20040 30040 40205 57010 70242 81139 333 91003
 91104=
 27480 41560 82701 10101 20072 30075 40201 54000 78082 8695/ 333 91003
 91106=
 28007 42599 22001 10134 21016 39946 40199 58006 81201 333 91004
 91104=
 28009 41998 82202 10103 20027 30007 40212 57002 70242 80003 333 91004
 91103=
 28105 42598 32301 10128 21004 30009 40202 57007 82502 333 91004
 91104=
 28202 41699 60601 10112 20036 39992 40207 57003 70242 81204 333 91003
 91103=
 28302 41998 80702 10120 20059 39984 40205 58004 70282 80009 333 91004
 91104=
 28307 42998 80801 10130 20054 30060 40199 58009 82031 333 91003
 91104=
 28402 42698 80901 10144 20080 30028 40200 57007 82109 333 91003
 91104=
 28502 42998 81202 10166 20082 30098 40197 57005 81031 333 91005
 91105=
 22550 82597 73203 10018 21046 30201 40211 52006 87800 333 87826=
 22778 42598 62703 10079 20009 30110 40178 52002 86800=
 22889 42598 42403 10114 21058 30102 40186 56006 82581=
 22762 41393 83501 11002 21002 30158 40198 52009 77577 8872/ 333
 21010=
 22638 NIL=
 22671 42499 73601 10013 21054 30115 40195 52002 82930=
 22456 42597 83102 10002 21037 30108 40197 52005 885//=
 22583 42998 22602 10038 21074 30102 40182 54000 80001=
 22749 41496 80303 11004 21015 30082 40208 52011 78587 889// 333
 88914=
 22951 41498 62602 10021 21006 39912 40194 52005 70282 86900=
 22887 42599 89901 10086 20025 30117 40186 57004 82931=
 22876 42597 62303 10088 20008 30111 40182 54000 82101=
 22481 42598 82503 10004 21042 30125 40179 52009 885//=
 22854 41397 80203 10003 21008 39904 40195 53014 77172 8672/ 333 21004
 86708 93712=
 22781 NIL=
 22676 41496 83602 10011 21020 30115 40193 52004 78582 889//=
 22648 42698 63504 10029 21046 30171 40218 52006 85901 333 85633=
 22559 42598 62904 10016 21050 30192 40209 52003 85201=
 22869 42697 32304 10077 21007 30040 40186 54000 82105=
 22768 42597 83403 10020 20005 30135 40185 52010 8655/ 333 20019
 86625=
 22798 42598 72003 10103 21092 30070 40180 57007 85930=
 22375 NIL=
 23207 41499 82606 10016 21038 30114 40136 52018 70282 885// 333 91012
 91113=
 23215 41496 82410 11003 21024 30019 40108 53019 77372 8802/ 333 88518
 91017 91117=
 23219 NIL=
 27095 66/// /1401 10127 21023 39980 40201 57008 60002 333 21020=
 22408 12799 73304 11001 21097 30119 40272 52009 60002 83930 333  
 21022 3/102 43028=
 22511 12598 73403 10000 21061 30141 40265 52010 60002 86839 333  
 21023 3/104 43021=
 22529 11599 73304 10009 21027 30234 40241 52010 69942 72781 83932
 333   21048 32102=
 22602 12478 60102 11002 21054 30037 40267 52010 60002 85530 333  
 21022 42021 85610=
 22621 11698 63503 10002 21059 30107 40249 52011 69902 726// 85902
 333   21016 34/// 85940=
 22619 12480 63405 10009 21050 30083 40245 52010 60002 86800 333  
 21039 3/001 41998=
 22721 12598 73501 10015 21062 30139 40239 52008 60002 87900 333  
 21028 31103 85629=
 22727 12570 83403 10027 21045 30189 40237 52011 60002 884// 333  
 21013 31///=
 22717 12598 73502 10009 21052 30052 40249 52011 60002 86530 333  
 21025 31/// 86629=
 22802 12599 73603 10025 21042 30235 40259 52013 69902 82530 333  
 21004 32100=
 22820 12670 60203 10010 21046 30095 40233 52013 60022 84530 333  
 21011 3/100 42002=
 22831 12598 70202 10019 21038 30160 40216 52013 69932 86930 333  
 21004 32100 86924=
 22805 12598 53502 10022 21021 30230 40250 52010 60002 82530 333  
 21004 31100=
 22912 11599 83604 10006 21016 30219 40234 52022 60072 70272 8237/
 333   21003 31001 43010 93706=
 
