18:31:00 MSK 11.11.2023
020 123456/=о000=1531
 уйту01 бтул 111500
 22686 11496 81603 11021 21027 30039 40140 53001 60012 77172 8652/ 333 11021 86611 555 51030 53007=
 22695 11496 81802 11024 21038 39977 40132 56001 69952 77172 8652/ 333
 11023 555 51029 53006=
 22996 12598 81802 11028 21028 39995 40185 57002 69902 8257/ 333 11028 555 51038 53005=
 23220 12599 71201 11021 21045 30004 40147 57004 60002 84530 333 11002 555 51030 53012=
 23226 12960 02302 11046 21066 39927 40147 57006 60002 333 11018 555 
 51064 53008=
 23305 11565 81803 11020 21022 30092 40120 57004 69922 77172 885// 333
 11020 555 51029 53010=
 23320 76/// /2002 11023 21023 30078 40152 57006 333 60002 555 51043 53004=
 23324 11914 01701 11070 21079 30073 40152 58004 60002 71000 333 11060
 555 51067 53004=
 23405 11396 81404 11023 21026 30025 40125 57007
 60012 77172 8572/ 333 11021 85708 555 51031 53008=
 23410 76/// /1701 11042 21051 30046 40145 57003 333 60002=
 23411 11996 82105 11032 21032 30043 40134 58006 69922 77072
 8802/ 333 11027 555 51035 53009=
 23412 12299 81702 11040 21045 30043 40142 57005 60002 886// 333 11040 88704 555 51058 53004=
 23416 NIL=
 23418 11265 81903 11033 21037 30084 40160 58004 69902
 70272 886// 333 11017 88705 555 51026 53005=
 23503 11498 81703 11040 21051 30095 40146 57007 69902 77172 885// 333 11030 88617 555 51028 53006=
 23507 66/// /1802 11037 21037 39824 40140 57009 60002 333 11035 555 51039 53006=
 23509 12998 50000 11045 21065 30081 40162 54000 69922 8802/ 333 11019
 555 51036 53004=
 23514 12297 81901 11047 21051 39959 40160 57005 60002 886// 333 11039 88704 555 51040 53004=
 23518 12397 82003 11011 21013 30076 40169 52002 69912 886// 333
 11004 86709=
 23606 12260 82002 11035 21035 39996 40166 57004
 69902 886// 333 11028 88705 555 51030 53005=
 23701 11462 81902 11034 21039 30035 40167 57004 69922 78582 8692/ 333
 11026 86915 555 51027 53006=
 23704 76/// /1703 11033 21033 39492 49606 57018 333 60002=
 23707 62498 81702 11035 21043 30035 40170 57001 69912 885// 333 11027 88617 555 51030 53006 =
 23708 11967 81703 11046 21055 30029 40182 57005 69922 77172 8807/ 333
 11032 555 51045 53005=
 23709 11398 81801 11042 21055 39992 40190 54001 69922 70282 885// 333 11027 88607 555 51028 53004=
 23711 11597 82101 11021 21024 30009 40181 52005 69922 77072 855// 333 11001 85621 555 51016 53004=
 23803 11499 81801 11033 21049 30015 40199 51002 69942 70272 886// 333 11023 88710 555 51026 53005=
 23804 62397 82003 11035 21044 30028 40176 57001 69902 8672/ 333 11035 85609 555 51038 53006=
 23807 11496 81803 11036 21036 30019 40184 58002 69902 71022 886// 333 11036 88711 555 51041 53005=
 23808 66/// /1302 11024 21024 30023 40194 50000 60002 333 11023=
 23812 11496 82701 11002 21005 30025 40189 52008 69902 78582 889// 333
 10004 555 50001 53004=
 23904 11376 81802 11026 21029 30037 40197 52001 69922 70282 883// 333
 11021 87707 555 51028 53005=
 23905 11596 82002 11018 21024 39970 40201 52003 69932 77172 885// 333
 11010 555 53005=
 23909 11497 82501 11007 21010 39956 40204 52008 69922 77172 8752/ 333
 11002=
 23912 11496 82901 10004 20001 30001 40195 51012 69902 71054 886// 333
 10018 555 53004=
 23913 11/93 90000 10005 20005 39959 40190 52012 69962 74542 333 10016
 555 53003=
 23914 61/92 93002 10000 21001 39937 40196 52013 69922 74544 333
 10012=
 28013 11/93 92901 11000 21009 39969 40202 52010 60002 74742 333 10002
 555 53006=
 28016 12597 82801 10001 20001 39979 40206 52010 60002 885// 333 10002
 555 53006=
 28029 11498 83002 10011 20009 39974 40195 52016 60002 70242 886// 333
 10037 555 53005=
 28116 11499 83201 10003 21002 39972 40205 52012 69902 70252 885// 333
 10011=
 28128 11597 83301 10016 20010 30048 40202 52015 69912 76162 8802/ 333
 10034 555 53005=
 28134 11491 83001 10023 20021 39841 40192 52016 69932 75154 886// 333
 10043 96046 555 53004=
 28138 11/92 90000 10007 20002 39619 40188 52016 69902 74544 333
 10019=
 28216 12599 83402 10003 21001 39909 40209 52016 69962 887// 333 10014
 555 53007=
 28222 11496 83201 10019 20019 30005 40200 52016 69932 75152 886// 333
 10041 555 53005=
 28224 11234 83502 10025 20019 39984 40197 52016 69902 75065 886// 333
 10048=
 28234 11597 83502 10037 20026 39911 40187 52016 69982 76162 885// 333
 10050 555 53005=
 28238 12599 80000 10028 20017 39882 40185 52017 69932 885// 333 10039
 555 53003=
 28313 12598 83201 10017 20005 30016 40209 52017 60002 885// 333 10027
 555 53007=
 28319 12597 83301 10023 20017 30044 40208 52018 69932 885// 333
 10044=
 28321 12899 83602 10017 20013 39998 40203 52017 69962 8802/ 333
 10039=
 28324 12698 83302 10027 20020 30080 40201 52018 69962 885// 333 10048
 555 53005=
 28326 11896 73401 10031 20028 30003 40189 52016 60002 71022 80030 333
 10041 555 53004=
 28413 11498 82902 10023 20007 30089 40212 52018 69932 72162 885// 333
 10043 555 53006=
 28428 12599 83202 10041 20028 30007 40191 52020 69932 86501 333 10061
 555 53004=
 28429 12598 83402 10030 20018 39776 40187 52019 60002 885// 333 10044
 555 53005=
 22983 12584 81501 11011 21027 30067 40174 52003 60002 8655/ 333 11011
 91001 91103 555 51027 53004=
 27083 12584 81702 11025 21034 39956 40182 57002 69902 885// 333 11022
 91003 91105 555 51036 53005=
 27097 11998 81503 11037 21037 39933 40202 54000 69932 72272 8807/ 333
 11026 91005 91105 555 51038 53005=
 27185 12698 81501 11029 21036 30014 40202 57002 60002 885// 333 11023
 91002 91104 555 51032 53004=
 27199 12498 82301 11031 21036 30014 40217 52005 69932 8677/ 333 11027
 91002 91104 555 51023 53005=
 27281 12484 81404 11016 21024 39986 40197 57004 69902 886// 333 11016
 91005 91105 555 51033 53005=
 27283 12497 81603 11030 21033 30050 40210 54000 69902 8257/ 333 11020
 91006 91106 555 51029 53006=
 27295 12597 81702 11033 21041 39961 40220 52004 69962 885// 333 11022
 91004 91104 555 51022 53005=
 27296 12997 82002 11024 21036 39996 40219 52005 69902 8802/ 333 11016
 91003 91104 555 51016 53005=
 27385 129// 00000 11025 21030 30082 40214 52002 69902 333 10015 91000
 91102 555 51016 53004=
 27393 12598 72403 11019 21028 30053 40228 52007 69932 85570 333 11006
 91004 91105 555 51005 53005=
 27480 12998 61401 11006 21019 30082 40213 57001 60002 80001 333 10012
 91002 91102 555 51007 53004=
 28007 11496 82002 11023 21030 39943 40210 52003 69932 71022 886// 333
 11012 88710 91004 91104 555 51020 53005=
 28009 11496 80000 11003 21016 30000 40213 52006 69932 78582 889// 333
 10000 91000 91100 555 51003 53004=
 28105 12598 82102 11015 21023 30016 40213 52004 69902 885// 333 11008
 91003 91103 555 51009 53003=
 28202 12597 82201 11007 21024 39991 40216 52009 69902 885// 333 11002
 91002 91104 555 51002 53006=
 28302 11597 82201 11009 21017 39988 40221 52010 69902 72272 885// 333
 10004 91001 91103 555 51001 53007=
 28307 12297 82301 11024 21037 30079 40227 52009 69922 886// 333 11004
 91002 91103 555 51001 53008=
 28402 11458 82401 11011 21017 30043 40226 52010 69912 77172 886// 333
 10003 91002 91104 555 50003 53009=
 28502 12697 83203 11009 21025 30123 40229 52011 60002 885// 333 10013
 91004 91106 555 50014 53010=
 22550 11358 83502 11001 21001 30117 40128 52017 60042 71042 886// 333
 10003 88707 555 50000 53004=
 22778 11498 81402 11006 21012 30066 40136 52001 69982 70282 885// 333
 11006 88614 555 51023 53007=
 22889 12498 81401 11016 21023 30085 40173 55000 60002 886// 333 11016
 88712 555 51030 53005=
 22762 11395 81401 10002 20002 30083 40122 52005 60052 76162 8872/ 333
 10002 555 51007 53006=
 22638 46/// /0301 11006 21010 39906 40134 52019=
 22671 11396 81901 11008 21009 30039 40119 52008 60042 78582 889// 333
 11007 85708 555 51013 53006=
 22456 11496 80000 11045 21045 30046 40136 52020 60012 77772 886// 333
 11002 555 51016 53004=
 22583 11597 81501 11013 21018 30039 40120 53006 60012 78588 889//
 333 11010 555 51025 53005=
 22749 NIL=
 22951 11496 82001 10031 20030 39849 40128 52005 69972 75152 886// 333
 10033 555 50018 53006=
 22887 12497 81503 11004 21019 30088 40159 54000 60002 8655/
 333 11004 86613 555 51023 53006=
 22876 12497 81802 10005 20001 30077 40152 52003 69902 886// 333 10005
 88712 555 51021 53005=
 22481 11/93 92902 11012 21015 30064 40118 52010 60032 74784 333 11011
 555 51020 53007=
 22854 11/93 92102 10029 20029 39835 40122 52008 60022 76164 333 10030
 96045 555 50013 53006=
 22781 NIL=
 22676 11495 81201 11009 21014 30045 40123 52006 60042 77372 8872/ 333
 11006 555 51022 53006=
 22648 NIL=
 22559 11497 83401 11003 21005 30111 40128 52016 60032 77174 8672/ 333
 10003 86713 555 51001 53005=
 22869 11297 81601 10013 20009 39997 40145 52002 60022 78084 889// 333
 10013 86705 555 51021 53006=
 22768 11396 81903 10017 20015 30071 40121 52004 60012 75052 886// 333
 10017 88707 555 51003 53007=
 22798 12498 81501 11030 21035 30052 40167 55000 69902 889// 333 11027
 555 51028 53005=
 22375 46/// /2503 11017 21030 30101 40116 52009=
 23207 11494 82202 11021 21024 30085 40108 52004 60032 77572 8872/ 333
 11019 555 51038 53010=
 23215 NIL=
 23219 NIL=
 27095 76/// /1704 11034 21034 39977 40212 52002 333 60002 555 51037 53006=
 22408 22280 80202 11070 21077 30025 40180 52019 886// 333   60002
 88705 93505=
 22511 21324 60301 11076 21085 30048 40174 52021 71022 86600 333  
 69922 86707 93512=
 22529 22598 80102 11011 21024 30142 40149 52018 885// 333   69952
 88628=
 22602 22473 80402 11058 21067 39921 40153 52016 885// 333   60012
 88610=
 22621 73269 /3602 11038 21043 30008 40151 52019 333   60032=
 22619 21395 80403 11014 21021 39974 40135 52018 77372 8872/ 333  
 60052 87707=
 22721 21497 80000 10003 21001 30028 40127 52017 78587 889// 333  
 60022 85710 93700=
 22727 76568 /0303 10023 20017 30063 40111 52015 333   60032=
 22717 73/22 /0402 10007 20007 39911 40109 52014 333   60032=
 22802 21296 80102 10054 20054 30068 40091 52010 75154 886// 333  
 69992 88703=
 22820 21/92 91001 10043 20041 39970 40105 52012 75365 333   60022
 96045=
 22831 21294 80000 10048 20042 30053 40108 52010 76165 8872/ 333  
 60032 88703=
 22805 214// 81701 10063 20063 30068 40093 52008 71022 8662/ 333  
 60012=
 22912 21358 81402 10053 20046 30085 40100 52006 71052 886// 333  
 60012 88707=
 
