09:31:00 MSK 06.05.2023
020 123456/=о000=0631
 унту01 бтул 060600
 22686 82498 80105 10029 21052 30069 40169 58008 8197/=
 22695 42998 80304 10015 21044 39999 40152 57003 8805/ 333 91110=
 22996 41598 72403 10063 20042 39937 40123 52005 70282 87900=
 23220 42598 83302 11023 21057 30062 40206 52005 885//=
 23226 42460 80403 11046 21070 39991 40212 52009 885// 333 88610=
 23305 42699 83504 11030 21064 30192 40220 52003 885//=
 23320 66/// /0404 10014 21062 30123 40196 57002 60002 333 21039=
 23324 42986 20604 10000 21051 30127 40205 58001 80001=
 23405 42975 53406 11014 21062 30103 40204 58004 82034=
 23410 66/// /3104 10015 21038 30095 40192 54001 60002 333 21064=
 23411 42999 70403 10006 21049 30111 40201 54000 85031=
 23412 42999 60203 10017 21045 30096 40193 58001 83031=
 23416 NIL=
 23418 42965 83303 10037 21040 30101 40174 57004 8801/=
 23501 NIL=
 23503 42698 80103 10025 21050 30137 40187 58004 82931=
 23507 86/// /0304 10003 21045 39870 40183 54001=
 23509 42998 80102 10036 21048 30089 40167 57002 8807/=
 23514 42697 80303 10037 21048 39968 40163 57004 8357/=
 23518 42998 80203 10038 21023 30064 40155 56003 8807/ 555 53006=
 23606 42662 80103 10041 21022 39981 40146 57003 885// 333 88643=
 23701 81460 80604 10040 21011 30020 40148 55000 78582 8692/ 333
 86911=
 23704 66/// /0402 10020 20020 39926 40039 55004 60002 333 20020=
 23707 81496 80305 10037 20030 39992 40123 57002 78082 889// 333 88910=
 23708 41460 80303 10042 20026 39980 40128 57001 76162 8772/ 333 20040
 87710=
 23709 41498 80202 10047 20028 39934 40123 55004 70282 887// 333 20039 86710=
 23711 41598 80403 10060 20016 39954 40120 57009 72162 8657/ 333 86630=
 23803 42599 80701 10059 20037 39948 40124 53001 889// 333 88920=
 23804 81396 80201 10055 20050 39969 40111 57005 75165 886// 333 20053 86708=
 23807 41497 82501 10066 20052 39958 40115 54000 72582 8795/ 333 84617=
 23808 86/// /1701 10071 20061 39952 40116 52003=
 23812 41496 80000 10086 20077 39959 40117 57001 78082 889//=
 23904 41467 82402 10070 20062 39965 40119 52002 70252 886// 333 86622=
 23905 41499 82202 10092 20065 39893 40113 54000 70264 886//=
 23909 41597 81902 10091 20080 39882 40120 54000 78082 883//=
 23912 41598 82203 10123 20102 39937 40121 53002 70262 86941=
 23913 41999 70000 10130 20082 39910 40129 55006 70282 83045=
 23914 81498 82203 10118 20095 39876 40122 52003 70284 889//=
 28013 41398 82103 10103 20085 39899 40122 54001 78082 889//=
 28016 41498 71802 10108 20100 39903 40120 57006 78082 87900=
 28029 42599 81903 10155 20071 39917 40125 57001 857//=
 28116 41499 82302 10119 20101 39903 40124 57001 70262 889//=
 28128 42998 81901 10132 20059 39984 40131 57007 80005=
 28134 42898 81703 10158 21019 39802 40135 57006 84075=
 28138 42999 72005 10160 21048 39609 40147 57004 80001 333 91010
 91110=
 28216 42599 71903 10152 20060 39839 40121 57011 81120=
 28222 42598 81603 10154 21013 39948 40134 57009 8487/=
 28224 42869 81803 10166 21017 39932 40134 57012 86015=
 28234 42898 61804 10182 21058 39883 40145 58010 86030 333 91110=
 28238 42899 82008 10197 21064 39867 40152 57012 84024 333 91013
 91113=
 28313 42898 81503 10157 21000 39944 40127 57013 8807/=
 28319 42598 81602 10153 20001 39979 40135 57013 8657/=
 28321 42999 81703 10150 21010 39939 40133 57011 82035=
 28324 42698 81804 10176 21037 30021 40135 57013 83505=
 28326 42598 62004 10187 21031 39969 40144 57012 83530 333 91110=
 28413 42599 81703 10156 21020 30014 40130 57013 83575=
 28428 42598 81806 10191 21032 39975 40149 57012 86531 333 91010
 91111=
 28429 42998 81904 10189 21029 39771 40159 57011 80001 333 91111=
 22983 41498 82802 10055 20025 30024 40127 52001 70282 889// 333 91005
 91105=
 27083 42499 82502 10050 20030 39907 40126 54000 887// 333 91004
 91105=
 27097 42498 82703 10056 20038 39873 40131 57001 889// 333 91004
 91105=
 27185 42598 83001 10046 20026 39958 40140 57005 885// 333 91003
 91105=
 27199 42598 83101 10066 20036 39939 40132 57007 883// 333 20054 91004
 91108=
 27281 42482 82802 10042 20024 39939 40144 57005 885// 333 91003
 91104=
 27283 42498 83103 10059 20023 39985 40139 58006 885// 333 91005
 91106=
 27295 42598 82701 10051 20023 39891 40138 57008 885// 333 91003
 91105=
 27296 42598 82902 10055 20027 39920 40134 57004 889// 333 20054 91005
 91105=
 27385 424// 83202 10057 20026 30015 40142 57003 887// 333 91004
 91105=
 27393 41497 83301 10058 20048 39972 40140 58005 78082 8677/ 333 20058
 91002 91106=
 27480 42498 83102 10053 20033 30022 40150 57003 885// 333 91004
 91104=
 28007 42599 83003 10063 20043 39868 40125 50000 885// 333 20063 88620
 91004 91105=
 28009 41498 82303 10096 20055 39919 40123 57003 70282 8695/ 333 91004
 91106=
 28105 41498 82702 10068 20050 39929 40125 57006 70262 888// 333 20066
 91003 91106=
 28202 41565 83002 10065 20048 39910 40127 58002 76165 884// 333 20062
 91003 91107=
 28302 41597 83303 10062 20054 39901 40125 57007 78084 889// 333 20062
 91005 91106=
 28307 41496 83103 10051 20039 39997 40139 55001 76386 8872/ 333 20051
 91005 91106=
 28402 41339 82903 10084 20078 39947 40120 57018 76562 8872/ 333 20084
 91006 91107=
 28502 41598 81403 10149 20063 30006 40105 56022 70282 8241/ 333 91004
 91104=
 22550 82697 73603 10010 21055 30232 40242 57001 86480 333 86649=
 22778 41595 83504 11005 21015 30101 40171 52002 78582 8397/ 333 21005
 91110=
 22889 42498 82803 10053 20031 30038 40124 54000 885// 333 88616=
 22762 42598 73503 10031 21039 30166 40205 50002 8457/=
 22638 NIL=
 22671 42499 10004 21065 30132 40212 58001 85932=
 22456 41596 73601 11002 21035 30152 40241 54000 78582 87900=
 22583 42598 80302  11017 21059 30127 40210 58001 8557/=
 22749 41598 60204 10019 21056 30100 40226 52004 70182 86500=
 22951 41496 83402 11005 21011 39922 40208 53002 77172 8772/ 333
 21024=
 22887 41399 83303 10016 20011 30063 40134 57003 70282 8665/ 
 333 86707=
 22876 41496 83303 10010 20005 30075 40148 52004 78588 889// 333 20007
 88710=
 22481 42598 43503 10000 21067 30175 40229 57002 84400=
 22854 41899 83504 11015 21027 39923 40218 53006 72272 8807/=
 22781 NIL=
 22676 42598 73406 11004 21050 30117 40195 58002 85570=
 22648 42698 63503 10008 21050 30195 40242 52001 86200 333 86841=
 22559 41598 80504 10008 21059 30221 40238 52002 70282 8697/=
 22869 41397 83504 11002 21005 30022 40172 52003 78588 889// 333 86708
 91110=
 22768 42697 70106 10014 21046 30140 40190 52001 83531 333 20006 91010
 91110=
 22798 41496 83604 10009 20004 30021 40133 53003 78582 889// 333
 20009=
 22375 NIL=
 23207 41599 80203 11033 21069 30206 40229 52003 71582 889//=
 23215 42398 80604 11037 21060 30125 40217 52010 885// 333 88609=
 23219 NIL=
 27095 66/// /2803 10063 20049 39913 40137 51003 60002 333 20052=
 22408 12699 73202 10029 21028 30127 40278 52001 60002 84530 333  
 21040 3/103 43026=
 22511 13998 82501 10023 21040 30153 40276 54000 60002 8805/ 333  
 21086 3/116 43021 93500=
 22529 12599 73502 10032 21051 30259 40266 52001 60002 82530 333  
 21036 32101=
 22602 12499 63001 10027 21022 30053 40281 52001 60002 85530 333  
 21048 42020 85615=
 22621 12998 23502 10022 21076 30132 40273 54000 60002 81031 333  
 21048 34///=
 22619 12482 23502 10023 21074 30111 40272 54000 60002 81201 333  
 21043 3/000 41998=
 22721 12598 73202 10024 21062 30171 40271 54000 60002 86905 333  
 21032 31103 85832=
 22727 12570 83203 10008 21045 30224 40273 52001 60002 884// 333  
 21021 31/// 88630=
 22717 12698 23002 10023 21088 30085 40281 54000 60002 82100 333  
 21042 31///=
 22802 12999 03002 10041 21077 30267 40291 57001 60002 333   21033
 32101=
 22820 12569 73303 10007 21051 30134 40273 52003 60002 87500 333  
 21037 31102 87626=
 22831 12598 63303 10016 21042 30193 40249 52002 60002 85930 333  
 21017 32102 85927=
 22805 12998 03401 10025 21033 30275 40295 52002 60002 333   21016
 31102=
 22912 12599 33603 10023 21037 30264 40279 52003 60002 82501 333  
 21032 3/101 41001=
 
