00:31:00 MSK 11.08.2023
020 123456/=о000=2131
 уйту01 бтул 102100
 22686 81998 03501 10147 20145 30156 40252 52011 71200=
 22695 42998 00803 10185 20129 30099 40244 52017=
 22996 82/// /0501 10162 20162 30061 40238 52005=
 23220 43/// /3402 10043 20037 30121 40263 52007=
 23226 42960 33402 10065 20061 30053 40265 52005 83030=
 23305 42/// /1002 10144 20117 30257 40283 52010=
 23320 86/// /3201 10056 20046 30198 40271 52005=
 23324 42982 23402 10082 20076 30193 40269 52004 82070=
 23405 42997 00602 10132 20103 30180 40276 52007=
 23410 86/// /0302 10105 20075 30181 40276 52008=
 23411 NIL=
 23412 42999 00503 10117 20092 30183 40277 52008=
 23416 NIL=
 23418 42965 02901 10100 20090 30196 40268 52008=
 23503 NIL=
 23507 86/// /0901 10148 20111 39972 40270 52011=
 23509 NIL=
 23514 42997 00101 10084 20084 30080 40273 52010=
 23518 42/// /3302 10066 20060 30171 40262 52008=
 23606 42960 00000 10110 20110 30102 40264 52010=
 23704 86/// /0801 10163 20151 39881 49990 58166=
 23701 42/// /0302 10140 20128 30135 40260 52011=
 23707 82998 00603 10188 20148 30117 40243 52011=
 23708 42/// /0301 10156 20121 30110 40253 52009=
 23709 82998 00000 10115 20092 30071 40258 52008=
 23711 42998 23101 10101 20095 30092 40258 52007 82035=
 23803 42999 01002 10141 20111 30075 40248 52010=
 23804 42997 00000 10147 20143 30103 40242 52008=
 23807 42/// /3501 10167 20167 30087 40241 52005=
 23808 86/// /3601 10136 20129 30083 40245 52007=
 23812 42997 00000 10076 20067 30099 40259 52009=
 23904 41956 00000 10133 20133 30090 40242 52005 71000=
 23905 82999 00000 10137 20128 30025 40244 52008=
 23909 83/// /0000 10132 20129 30010 40246 52008=
 23912 82998 00601 10113 20099 30065 40252 52009=
 23913 81996 00000 10051 20042 30036 40264 52010 71000=
 23914 82498 20201 10138 20113 30000 40248 52007 82500=
 28013 82898 23301 10153 20125 30020 40241 52007 82030=
 28016 82/// /3001 10138 20132 30027 40243 52006=
 28029 82899 61501 10153 20132 30028 40239 52007 86030=
 28116 82999 00000 10126 20119 30020 40243 52009=
 28128 82999 00701 10120 20113 30094 40243 52010=
 28134 82898 50000 10114 20107 39908 40248 52010 85030=
 28138 43/// /0102 10085 20078 39694 40250 52004=
 28216 82999 20502 10173 20118 39950 40233 53005 80005=
 28222 42/// /0601 10127 20116 30052 40241 52010=
 28224 82870 60801 10158 20117 30032 40235 52012 86030=
 28234 82898 20000 10120 20103 39973 40243 52008 82030=
 28238 82999 02302 10095 20083 39946 40243 52014=
 28313 42/// /0000 10144 20111 30048 40233 52007=
 28319 82598 20501 10175 20129 30070 40225 52008 82500=
 28321 82999 00802 10169 20131 30036 40229 52009=
 28324 42/// /0401 10169 20119 30111 40226 52011=
 28326 82598 60000 10127 20115 30052 40233 52011 86500=
 28413 82999 01001 10204 20116 30107 40222 52014=
 28428 82999 00601 10151 20118 30042 40219 52011=
 28429 42/// /0401 10136 20123 39829 40225 52008=
 22983 41984 00000 10155 20153 30143 40244 52007 71200 333 91000
 91101=
 27083 42984 00000 10160 20155 30027 40240 52006 333 91000 91101=
 27097 42/// /0000 10158 20158 39993 40243 52006 333 91000 91101=
 27185 42/// /0000 10158 20157 30069 40245 52009 333 91000 91101=
 27199 42998 00000 10167 20155 30051 40239 52007 333 91000 91101=
 27281 42984 10000 10166 20148 30045 40243 52009 81030 333 91000
 91101=
 27283 42997 03101 10164 20161 30081 40232 53007 333 91001 91102=
 27295 42/// /0101 10187 20144 30000 40239 52006 333 91001 91102=
 27296 42998 50000 10161 20145 30030 40238 52007 85030 333 91000
 91101=
 27385 429// 00000 10143 20137 30115 40239 52010 333 91000 91101=
 27393 42998 00000 10181 20146 30075 40238 52006 333 91000 91102=
 27480 41998 00000 10155 20155 30115 40238 52012 71100 333 91000
 91102=
 28007 42999 03402 10185 20135 39991 40239 52006 333 91002 91102=
 28009 42998 00000 10147 20130 30042 40244 52010 333 91000 91102=
 28105 42998 00000 10149 20141 30052 40237 52006 333 91000 91101=
 28202 42997 00502 10167 20140 30022 40233 53007 333 91002 91102=
 28302 42997 00201 10173 20142 30014 40232 52006 333 91001 91102=
 28307 42998 02801 10183 20138 30095 40232 52008 333 91002 91102=
 28402 42984 12901 10180 20157 30057 40227 52007 80001 333 91001
 91102=
 28502 42997 02901 10173 20132 30125 40224 52008 333 91002 91102=
 22550 82970 01201 10164 20161 30235 40245 52011=
 22778 41998 00000 10156 20153 30177 40244 52009 71100=
 22889 42/// /0000 10144 20144 30163 40246 52008=
 22762 82997 00000 10146 20146 30209 40247 5////=
 22638 46/// /1400 10128 20126 30036 40256 54010=
 22671 42/// /0000 10157 20148 30171 40246 52010=
 22456 42997 30000 10159 20159 30165 40249 52011 80040=
 22583 42998 00000 10153 20135 30184 40262 52015=
 22749 NIL=
 22951 42/// /3601 10191 20170 39976 40242 52006=
 22887 41997 20000 10162 20159 30173 40239 52009 
 71100 80001=
 22876 41997 02601 10150 20150 30174 40244 52008 71100=
 22481 42/// /0901 10154 20154 30209 40260 52013=
 22854 42/// /0201 10197 20184 39971 40244 52007=
 22781 NIL=
 22676 41998 00000 10153 20150 30171 40245 52009 71100=
 22648 NIL=
 22559 42/// /0000 10171 20163 30232 40248 52010=
 22869 42998 00501 10169 20162 30105 40247 52008=
 22768 41997 20000 10162 20158 30197 40245 52009 71200 80001=
 22798 42998 03601 10148 20142 30134 40242 52007=
 22375 46/// /1203 10141 20136 30242 40256 52008=
 23207 NIL=
 23215 NIL=
 23219 NIL=
 27095 NIL=
 22408 42981 00000 10122 20117 30103 40248 52019=
 22511 42984 01801 10122 20113 30131 40249 52017=
 22529 41598 20000 10125 20121 30241 40248 52015 71100 82500=
 22602 41977 10000 10122 20117 30029 40248 52014 71200 80001=
 22621 83/70 /0000 10137 20121 30120 40255 52016=
 22619 42998 22901 10140 20123 30097 40251 52014 80001=
 22721 42997 03001 10138 20125 30159 40254 52013=
 22727 86/69 /0401 10139 20134 30210 40256 52012=
 22717 NIL=
 22802 42698 63401 10156 20136 30219 40242 52007 82531=
 22820 42998 02302 10133 20115 30124 40256 52010 555   50194=
 22831 42697 50000 10145 20140 30198 40251 52008 82530=
 22805 429// 01105 10194 20146 30216 40240 52006=
 22912 41970 21101 10111 20104 30234 40249 52008 71111 80001=
 
