03:31:00 MSK 06.11.2023
020 123456/=о000=0031
 унту01 бтул 060000
 22686 42598 81605 10023 20007 39928 40026 57009 8657/ 333 86622 91110
 555 1/100=
 22695 42998 81703 10016 21008 39877 40028 57008 8805/ 555 1/100=
 22996 42998 71703 10008 21004 39926 40112 57014 86031 555 1/102=
 23220 42598 70902 11083 21091 30005 40152 57009 86530 333 86624 93401
 555 1/109=
 23226 41/06 91803 11089 21092 39937 40160 53005 74742 555 1/107
 =
 23305 42/// /1401 10005 20003 39995 40023 56024 555 1/100=
 23320 86/// /0903 11067 21069 30042 40117 58030=
 23324 42476 80902 11079 21090 30045 40125 57028 886// 333 88711 555
 1/107=
 23405 41497 81004 10002 21001 39929 40028 57017 72162 885//
 333 88615 93610 555 1/000=
 23410 86/// /1003 11028 21036 39988 40086 56030 555 53007=
 23411 42/// /1802 11004 21004 39966 40055 56031 555 1/100=
 23412 41297 81503 11017 21020 39979 40076 57035 76676 8872/ 333 85706  934// 555 1/103=
 23416 NIL=
 23418 41458 80000 11006 21012 30016 40090 57026 76676
 8672/ 333 86711 93401 555 1/100=
 23503 42/// /1701 10005 21005 30004 40054 56016 555 1/000=
 23507 86/// /2001 11000 21000 39738 40046 57011=
 23509 NIL=
 23514 41497 81702 11005 21011 39880 40077 57019 70262 887// 333 85711  93608 555 1/101=
 23518 42/// /1802 11010 21024 30017 40109 57022 555 1/100=
 23606 82960 61903  11008 21008 39915 40082 57019 86030 333  93404 555 1/101=
 23612 NIL=
 23701 42/// /1903 10007 21006 39947 41/// 56010 555 1/100=
 23704 86/// /1803 10008 21001 39607 49720 52004 555 53009=
 23707 82998 61702 10007 21013 39948 40079 57012 80001 555 1/102=
 23708 42/// /1705 11011 21032 39957 40107 57019 555 1/102=
 23709 42998 81703 11023 21051 39937 40132 57014 80007 555 1/104=
 23711 42598 81804 11021 21045 39962 40133 57017 8295/ 555 1/103=
 23803 42999 61502 11024 21052 39966 40148 56012 86030 555 1/105=
 23804 82997 81903 10011 21024 39947 40091 57016 8805/ 333 91110 555 1/101=
 23807 42/// /1806 10005 21012 39948 40109 57013 555 1/101=
 23808 86/// /1505 11007 21021 39970 40139 57013=
 23812 42597 72003 11027 21045 30001 40167 57016 83530 555 1/104=
 23904 42378 81703 10001 21013 39979 40136 57012 8677/ 333 86709 555
 1/101=
 23905 42599 61502 11028 21032 39928 40159 57011 86500 555 1/104=
 23909 42498 81703 11012 21020 39929 40177 57015 8657/=
 23912 42498 81804 11023 21030 30001 40197 57013 885// 333 91110 555
 1/102=
 23913 42999 61301 11049 21054 39977 40213 57016 80001 555 1/104=
 23914 81/93 91603 11022 21025 39935 40196 57015 74744=
 27095 86/// /1603 10009 20009 39915 40144 57013=
 28013 42598 81804 11022 21041 39952 40206 57018 885// 555 1/101=
 28016 42/// /1703 10004 21001 39961 40187 57016 555 1/100=
 28029 42599 81805 10012 21008 39990 40211 57019 885// 555 14100=
 28116 41496 81802 10008 20003 39967 40200 57015 75152 886//=
 28128 42599 81803 10010 21007 30066 40221 57017 885// 555 1/000=
 28134 42598 82001 11004 21022 39879 40235 57014 885// 555 1/101=
 28138 43/// /2102 11034 21039 39672 40253 57012=
 28216 42699 71704 10010 20001 39915 40215 57017 87500 555 14101=
 28222 42/// /1603 10013 21008 30032 40228 57015 555 1/000=
 28224 42570 81502 11006 21019 30019 40236 57012 83505=
 28234 42997 01804 11009 21028 39968 40251 57011 555 1/101=
 28238 42999 02501 11097 21114 39954 40274 57010 555 1/109=
 28313 42/// /1603 10008 21006 30028 40223 58016 555 1/100=
 28319 42599 81803 10014 20002 30070 40235 57010 885//=
 28321 42899 62002 10004 21006 30023 40229 56013 84031=
 28324 42/// /0501 11020 21025 30114 40238 57011 555 1/104=
 28326 42998 20000 11056 21061 30061 40255 57009 80001 555 1/104=
 28413 42599 81604 10024 20003 30105 40228 58010 885// 555 14000=
 28428 42899 30000 11017 21030 30066 40255 57009 83030 555 14104=
 28429 42/// /2202 10000 21020 39844 40262 57011 555 1/102=
 22983 42584 71702 10023 21009 39980 40085 57005 82535 333 91005 91106
 555 1/100=
 27083 42584 81604 10013 21007 39883 40105 57012 885// 333 91007 91108
 555 1/100=
 27097 42/// /1505 10008 20004 39865 40127 57017 333 91008 91108 555
 1/100=
 27185 42/// /1502 10017 20003 39940 40123 57015 333 91005 91106 555
 1/100=
 27199 42598 81503 10030 20021 39949 40145 57017 8551/ 333 91007 91107
 555 14000=
 27281 42984 61404 10006 21004 39908 40115 57015 80005 333 91005 91108
 555 11100=
 27283 42597 81703 10029 20019 39975 40130 57017 885// 333 91006 91107
 555 11001=
 27295 42/// /1403 10030 20016 39897 40147 57014 333 91007 91108 555
 1/002=
 27296 42998 81604 10030 20017 39939 40155 57014 8807/ 333 91008 91109
 555 14000=
 27385 425// 61604 10045 20030 30004 40131 57015 82531 333 91007 91108
 555 11000=
 27393 42598 51904 10034 20022 30002 40172 57015 83540 333 91007 91111
 555 11001=
 27480 42498 71503 10050 20033 39999 40126 57018 87500 333 91006 91107
 555 12000=
 28007 41396 81703 10013 20004 39895 40157 57010 71011 886// 333 88709
 91005 91106 555 1/100=
 28009 42598 81803 10016 20003 39963 40174 57012 885// 333 91005 91108
 555 12000=
 28105 42998 01702 10021 20013 39969 40162 57011 333 91005 91108 555
 1/000=
 28202 41995 81905 10023 20012 39956 40177 57017 71022 80004 333 91008
 91109 555 11000=
 28302 42997 81703 10026 20019 39958 40187 57017 8807/ 333 91007 91107
 555 11000=
 28307 42498 81303 10043 20024 30029 40172 57013 885// 333 91006 91106
 555 11000=
 28402 42581 81705 10038 20029 30010 40189 57011 8357/ 333 91007 91109
 555 11000=
 28502 42997 01504 10033 20017 30093 40197 57012 333 91007 91108 555
 14000=
 22550 81458 82407 10057 20048 39900 49910 52017 76165 8872/ 333 88711
 91013 91111 555 1/002=
 22778 41998 81604 10039 20001 39959 40027 52005 70282 8805/ 555
 1/000=
 22889 42/// /1403 10025 21006 39997 40083 57015 555 1/100=
 22762 42/// /1603 10060 20040 39949 49987 53012 333 91111 555 1/001=
 22638 46/// /2302 10006 21023 39749 49972 52054=
 22671 NIL=
 22456 41497 81702 10046 20046 39799 49883 56020 76165 8872/ 555
 1/000=
 22583 42598 71502 10023 20017 39906 49986 57015 875//
 555 1/100=
 22749 42/// /2403 10041 20025 39871 49993 51041 333 91114 555 1/001=
 22951 42/// /2301 10052 20047 39737 40011 51021 333 91110 555 1/004=
 22887 42697 81304 10034 21010 39988 40057 54000 82531 
 333 91111 555 1/000=
 22876 42997 71604 10044 20004 39977 40049 52005 87030 555 1/000=
 22481 42/// /1609 10031 20020 39885 49937 58023 333 91014 91114 555
 1/000=
 22854 42/// /2404 10040 20034 39723 40006 51033 333 91112 555 1/001=
 22781 NIL=
 22676 42898 81504 10037 20013 39916 49992 57001 8805/ 333 91110 555
 1/000=
 22648 41598 62606 10033 20032 39928 49974 53065 70162 83530 333 91116
 555 1/000=
 22559 42/// /2106 10055 20040 39910 49926 53008 333 91011 91116 555
 1/000=
 22869 42598 81802 10051 20009 39887 40032 53004 885// 333 88620 555
 1/000=
 22768 41597 82106 10063 20028 39949 49997 52013 70282 885// 333 88622
 91011 91113 555 1/003=
 22798 42997 81502 10014 21005 39959 40071 57006 8805/ 555 1/000=
 22375 NIL=
 23207 NIL=
 23215 42498 81003 11068 21076 30007 40099 56033 885// 333 88612 555
 1/106=
 23219 NIL=
 22408 41265 80000 10000 21003 39784 49932 52012 70272 886// 333  
 88705 93711 555   1/100=
 22511 41222 81901 10002 21003 39818 49937 52020 71072 886// 333  
 88704 93711 555   1/000=
 22529 41598 82403 10008 20000 39936 49943 52045 70284 889// 333  
 88922 555   1/100=
 22602 41474 81901 10010 20007 39729 49951 52019 70282 885// 333  
 88613 555   1/000=
 22621 83158 /0000 10002 20000 39819 49957 52040 555   1////=
 22619 41296 81801 10007 20004 39805 49962 52031 71072 886// 333  
 88706 93700 555   1/100=
 22721 41395 80000 10012 20011 39878 49975 52035 75065 886// 333  
 88707 555   1/000=
 22727 86270 /1501 10019 20016 39936 49983 52023 555   1////=
 22717 83/04 /1501 10017 20016 39782 49976 52021 555   1////=
 22802 41296 81001 10048 20048 39944 49967 52006 71022 884// 333  
 85704 555   12001=
 22820 41296 82501 10024 20021 39847 49981 52018 71022 8771/ 333  
 87704 91110 555   1/100=
 22831 41297 82101 10032 20024 39938 49992 52025 70262 8872/ 333  
 88704 555   12001=
 22805 415// 81403 10057 20055 39942 49967 52001 71022 885// 555  
 11005=
 22912 41/07 91202 10044 20038 39964 49979 52005 74554 555   12003=
 
