18:31:00 MSK 21.02.2023
020 123456/=о000=1531
 уйту01 бтул 211500
 22686 12998 80202 11139 21165 39973 40078 53001 60002 80005 333 11117 555 51215 53005=
 22695 12998 30503 11139 21175 39903 40064 56001 60002 83030 333 11125
 555 51168 53007=
 22996 11996 80302 11125 21152 39812 40005 52003 69922 77172 8802/ 333
 11119 555 51160 53007=
 23220 12999 00606 11157 21199 39996 40147 58003 60002 333 11113 555 51194 53008=
 23226 12960 00000 11192 21211 39925 40159 54000 60002 333 11170 555 
 51217 53003=
 23305 12984 53501 11228 21253 30105 40135 57003 60002 83035 333 11198
 555 51237 53003=
 23320 76/// /0201 11255 21289 30058 40139 57004 333 60002 555 51254 53003=
 23324 12983 20302 11236 21261 30056 40141 57002 60002 82070 333 11192
 555 51248 53002=
 23405 12997 09901 11222 21235 30017 40125 53001 69902 
 333 11171 555 51211 53002=
 23410 76/// /0601 11253 21285 30028 40135 57003 333 60002=
 23411 12999 10101 11218 21239 30034 40131 57004 60002 80001 333
 11197 555 51214 53003=
 23412 12999 11301 11241 21267 30028 40135 57003 60002 333 11193 555 51229 53002=
 23416 NIL=
 23418 12965 20000 11239 21257 30048 40129 57006 60002
 80001 333 11167 555 51252 53002=
 23503 12998 63201 11217 21246 30065 40120 54001 60002 82031 333 11143 555 51259 53003=
 23507 86/// /0302 11154 21168 39773 40102 54000 333 11132 555 51212 53005=
 23509 12998 03601 11149 21172 30018 40101 57003 60002 333 11107 555
 51229 53004=
 23514 12597 60501 11158 21170 39905 40114 57003 60002 81505 333 11100 555 51182 53005=
 23518 12997 80202 11118 21156 30018 40114 57005 60002 8807/ 333 11088
 555 51194 53007=
 23606 11960 00603 11141 21154 39905 40087 57008
 69902 70271 333 11120 555 51195 53004=
 23701 11981 30403 11168 21184 39937 40075 52002 69902 70271 82040 333
 11135 555 51219 53007=
 23704 76/// /0402 11147 21154 39926 40039 55004 333 60002=
 23707 62998 50405 11146 21167 39907 40046 52005 60002 82031 333 11119 555 51164 53009=
 23708 12984 20303 11151 21173 39895 40053 57003 69902 81031 333 11119
 555 51184 53007=
 23709 11998 50202 11137 21164 39852 40055 57006 69922 70272 80001 333
 11103 555 51188 53007=
 23711 12498 80704 11125 21165 39899 40077 57006 69922 8497/ 333 11107 555 51192 53009=
 23803 11999 80502 11126 21158 39855 40043 56007 69922 70272 80001 333 11106 555 51159 53006=
 23804 61496 70202 11141 21161 39884 40037 53005 69902 77172 85571 333 11121 555 51165 53007=
 23807 11996 80403 11126 21146 39857 40025 52004 69902 77172 87025 333
 11124 555 51165 53007=
 23808 66/// /0102 11137 21156 39853 40029 54001 60002 333 11115=
 23812 12997 10601 11143 21171 39886 40057 57006 60002 80001 333 11082
 555 51223 53009=
 23904 11950 83601 11126 21140 39848 40012 57002 69942 77172 8802/ 333
 11116 555 51172 53006=
 23905 11596 80302 11120 21139 39774 40010 57006 69962 77172 8802/ 333
 11113 555 53006=
 23909 11597 80603 11111 21137 39754 40007 57011 69922 77173 8457/ 333
 11109=
 23912 12898 80804 11107 21145 39820 40019 58016 69902 85025 333 11084
 555 53009=
 23913 12999 71103 11128 21179 39805 40045 57020 69922 80005 333 11091
 91111 555 53011=
 23914 12898 80602 11111 21148 39748 40013 57014 69952 8801/ 333
 11094=
 28013 11896 80403 11110 21140 39760 49999 57015 69942 77172 8802/ 333
 11099 555 53008=
 28016 11895 80601 11109 21133 39763 49996 57011 60022 77372 8802/ 333
 11104 555 53007=
 28029 11895 80903 11105 21123 39770 49995 57013 69992 77372 8802/ 333
 11087 555 53009=
 28116 11896 80602 11110 21127 39746 49984 57011 60022 77172 8807/ 333
 11109=
 28128 11596 80903 11100 21125 39830 49987 57007 60012 77172 8802/ 333
 11085 555 53008=
 28134 11495 80903 11119 21145 39632 49994 57013 60012 77373 8872/ 333
 11100 91110 555 53011=
 28138 11596 80506 11143 21169 39423 40015 57018 60012 78583 883// 333
 11143 91011 91113=
 28216 11896 80702 11114 21133 39668 49975 57006 60012 77172 8802/ 333
 11106 555 53009=
 28222 11896 80801 11103 21129 39782 49983 57010 69992 77172 8802/ 333
 11089 555 53007=
 28224 11537 80601 11098 21120 39755 49974 57009 60022 77372 8802/ 333
 11091=
 28234 11596 81103 11105 21136 39699 49985 57015 60022 77172 885// 333
 11099 555 53008=
 28238 11496 80705 11104 21123 39681 49993 57015 60032 77373 8802/ 333
 11103 555 53009=
 28313 11596 83501 11109 21129 39774 49972 56011 69982 77172 8802/ 333
 11090 555 53007=
 28319 11496 80502 11097 21115 39798 49966 57001 69972 77177 8802/ 333
 11073=
 28321 11596 80402 11103 21119 39760 49969 57007 60022 77172 8802/ 333
 11089=
 28324 11896 60601 11102 21132 39842 49966 56014 69952 77172 85071 333
 11070 555 53006=
 28326 11596 80801 11084 21101 3//// 4//// 5//// 60022 77172 8802/ 333
 11079 555 53006=
 28413 11496 60000 11103 21122 39838 49963 54001 60012 77172 83520 333
 11070 555 53004=
 28428 11596 70401 11067 21092 39771 49958 54001 60012 78582 87900 333
 11046 555 53005=
 28429 11895 80501 11091 21104 39541 49961 56006 60022 77372 8802/ 333
 11076 555 53006=
 22983 12984 60000 11173 21191 39913 40024 52008 69902 82035 333 11128
 91001 91105 555 51174 53005=
 27083 12984 80502 11141 21168 39768 40000 52006 60002 80006 333 11126
 91003 91105 555 51163 53006=
 27097 11997 80102 11136 21151 39721 49994 52005 69942 77172 86011 333
 11110 91003 91106 555 51153 53006=
 27185 12998 60301 11123 21151 39794 49985 52008 60002 80005 333 11105
 91002 91104 555 51146 53005=
 27199 11997 80303 11122 21146 39776 49981 52002 69982 77172 8807/ 333
 11119 91005 91106 555 51146 53007=
 27281 11945 80602 11128 21148 39763 49978 52010 69932 77172 85025 333
 11112 91003 91105 555 51147 53006=
 27283 11996 80503 11133 21154 39808 49971 53008 69962 77172 8807/ 333
 11127 91004 91106 555 51155 53007=
 27295 11596 80101 11141 21164 39715 49978 52007 69952 78582 889// 333
 11112 91002 91106 555 51145 53006=
 27296 11997 80302 11127 21152 39746 49972 52003 69992 70272 8807/ 333
 11122 91003 91105 555 51147 53005=
 27385 119// 50701 11160 21176 39833 49968 52009 69932 70282 82031 333
 11116 91001 91104 555 51133 53005=
 27393 11495 80502 11125 21141 39795 49972 52004 60022 77372 8672/ 333
 11112 91003 91105 555 51143 53005=
 27480 12998 30402 11171 21198 39828 49964 52010 69902 82031 333 11072
 91003 91104 555 51128 53005=
 28007 11497 80303 11131 21156 39721 49993 54000 69972 77172 8802/ 333
 11119 88513 91004 91106 555 51152 53006=
 28009 11996 80401 11121 21150 39776 49994 57006 60012 77172 8802/ 333
 11115 91003 91104 555 51153 53005=
 28105 11997 80401 11125 21152 39777 49984 52003 60012 77172 8802/ 333
 11112 91003 91106 555 51156 53006=
 28202 11996 80401 11118 21140 39746 49975 53002 60012 77172 8807/ 333
 11110 91001 91104 555 51143 53006=
 28302 11997 80402 11117 21144 39732 49968 52002 69942 77172 8802/ 333
 11107 91003 91105 555 51140 53005=
 28307 11997 32801 11150 21168 39815 49966 52005 60012 70171 80001 333
 11089 91002 91102 555 51130 53004=
 28402 11558 80601 11122 21140 39777 49962 52005 69942 77072 82575 333
 11097 91002 91103 555 51135 53005=
 28502 11996 60000 11119 21136 39849 49957 52001 69932 77172 85021 333
 11088 91000 91103 555 51132 53004=
 22550 62968 03501 11172 21189 30097 40108 52007 60002 333 11112 555
 51179 53004=
 22778 12598 80303 11133 21163 39982 40055 52008 60002 8257/ 333 11121
 555 51158 53006=
 22889 11997 60401 11155 21176 39939 40030 53005 69902 70372 86070 333
 11130 555 51201 53006=
 22762 12998 00101 11135 21156 30032 40074 52011 60002 333 11091 555
 51186 53005=
 22638 46/// /0201 11155 21172 39868 40107 52011=
 22671 12998 00201 11166 21178 30005 40089 52004 60002 333 11120 555
 51182 53005=
 22456 12998 00000 11185 21201 30026 40120 52006 60002 333 11108 555
 51232 53003=
 22583 12998 73401 11169 21186 30012 40099 53001 60002 81072 
 333 11124 555 51233 53002=
 22749 NIL=
 22951 12998 00302 11148 21172 39755 40052 52012 60002 333 11125 555
 51169 53006=
 22887 11497 89901 11176 21188 39959 40034 53005 
 69902 78582 85901 333 11139 85915 555 51173 53006=
 22876 11996 80102 11142 21155 39964 40043 52007 69902 77171 8802/ 333
 11132 555 51212 53005=
 22481 12998 50000 11205 21223 30063 40121 52006 60002 84031 333 11157
 555 51237 53002=
 22854 12998 00102 11146 21170 39760 40065 52011 69902 333 11127 555
 51163 53006=
 22781 NIL=
 22676 12998 23601 11161 21182 30000 40083 53005 60002 80001 333 11105
 555 51218 53004=
 22648 NIL=
 22559 12997 03501 11152 21173 30087 40105 52007 60002 333 11125 555
 51171 53003=
 22869 12997 20203 11148 21175 39889 40046 52016 60002 80001 333 11119
 555 51156 53008=
 22768 12897 30203 11137 21169 30006 40059 52009 60002 82071 333 11119
 555 51169 53006=
 22798 12997 30303 11152 21174 39930 40049 52006 60002 82031 333 11119
 555 51161 53007=
 22375 46/// /0403 11228 30116 40133 52004=
 23207 12999 62901 11240 21265 30113 40138 54000 69902 80001 333 11203
 555 51256 53002=
 23215 NIL=
 23219 NIL=
 27095 76/// /0302 11128 21144 39769 40007 52005 333 60002 555 51151 53006=
 22408 21959 03401 11180 21195 39988 40150 52018 71000 333   69902=
 22511 22998 13301 11184 21205 30012 40143 52018 81030 333   69902=
 22529 22999 00000 11172 21184 30113 40120 52013 333   60002=
 22602 22977 00101 11159 21186 39891 40132 52020 333   60002=
 22621 73/62 /3502 11142 21160 39974 40122 52015 333   60002=
 22619 22981 02803 11173 21190 39945 40116 52014 333   60002=
 22721 22998 03001 11130 21159 30003 40107 52016 333   60002=
 22727 76/65 /3501 11127 21157 30046 40097 52015 333   60002=
 22717 73/64 /0202 11129 21150 39900 40104 52017 333   60002=
 22802 22999 03501 11110 21146 30077 40102 52021 333   60002=
 22820 22998 00101 11133 21167 39950 40094 52017 333   69902=
 22831 22998 03601 11142 21170 30023 40081 52017 333   60002=
 22805 22998 00102 11091 21124 30057 40078 52019 333   60002=
 22912 22999 00102 11107 21149 30063 40079 52018 333   60002=
 
