12:31:00 MSK 03.07.2023
010 111/=о000=0931
 уйту01 бтул 030900
 22686 82598 61702 10232 20114 39897 49988 52001 83289=
 22695 42698 72102 10238 20078 39840 49979 52004 87100 333 87840=
 22996 82599 51801 10245 20142 39832 40001 52003 84909=
 23220 42599 61102 10234 20160 39887 40015 54000 82530 333 91111=
 23226 42660 81607 10244 20151 39820 40014 54000 84484 333 83636 91010 
 91114=
 23305 41799 81701 10216 20172 39950 49975 51003 70282 8307/=
 23320 86/// /1504 10235 20144 39926 49992 58002=
 23324 42581 81403 10234 20160 39929 49999 52002 81977=
 23405 41565 79901 10172 20170 39887 49979 52010 79598 
 85960 333 85920=
 23410 86/// /1305 10234 20150 39893 49981 57003=
 23411 41497 82503 10183 20168 39896 49979 54000 78082 889//=
 23412 42599 72002 10238 20177 39891 49979 58004 82330=
 23416 NIL=
 23418 41565 71503 10204 20171 39921 49988 52003
 72582 83930=
 23503 41598 62203 10229 20161 39937 49982 53006 70262 85809=
 23507 86/// /2704 10230 20100 39695 49977 53005=
 23509 41497 61903 10228 20162 39911 49982 52003 79598 86900 333 86918=
 23514 42597 62403 10221 20150 39805 49984 52005 86901 333 86929=
 23518 81498 71903 10203 20158 39913 49997 53006 71792 86979 333
 84710=
 23606 41560 60302 10188 20187 39839 49992 52008 79598 86300 333 85922=
 23701 42599 61301 10229 20136 39875 49993 52005 85930=
 23704 86/// /2202 10247 20152 39926 40039 55004=
 23707 82599 72403 10242 20144 39870 49990 52003 84234=
 23708 41582 51304 10225 20167 39863 49999 52004 71792 84903=
 23709 82698 62003 10235 20151 39825 40000 52003 86203=
 23711 42598 61502 10239 20165 39840 49994 51001 84201=
 23803 42699 22502 10214 20170 39839 40003 51006 82100=
 23804 81597 60601 10232 20149 39863 49996 52004 70292 84930=
 23807 41497 61601 10248 20157 39855 40001 51003 72522 83930=
 23808 NIL=
 23812 82597 82102 10216 20161 39860 40008 52007 86932=
 23904 42570 72402 10244 20142 39863 40005 52004 87300 333 87928=
 23905 81599 71201 10191 20178 39806 40016 52012 71798 87900=
 23909 82598 52801 10241 20158 39789 40012 52006 83301=
 23912 81598 52802 10223 20164 39841 40017 52011 70182 84201=
 23913 81597 71501 10199 20164 39810 40021 53011 78082 86931=
 23914 82498 72503 10227 20168 39782 40016 52010 85802=
 28013 81698 72402 10219 20154 39806 40018 52010 71798 87900=
 28016 81597 70302 10189 20180 39814 40022 53010 79598 86940=
 28029 82699 62403 10239 20156 39822 40022 52010 86200=
 28116 82599 62102 10241 20155 39811 40021 52008 85901=
 28128 82599 21602 10238 20162 39889 40029 52005 82201=
 28134 81598 52101 10217 20165 39712 40033 52014 72522 83960=
 28138 42599 73203 10203 20139 39515 40037 52014 87300=
 28216 81599 62303 10250 20140 39756 40026 52006 70282 8690/=
 28222 82598 70801 10243 20157 39853 40030 52006 87200=
 28224 82670 62002 10265 20154 39836 40028 52005 86200=
 28234 81498 62602 10248 20139 39783 40036 52008 72582 84940=
 28238 82599 72603 10246 20141 39761 40037 52007 86230=
 28313 81598 81202 10178 20170 39863 40042 53011 71798 883// 333
 91114=
 28319 82598 62502 10257 20150 39891 40039 52006 84930=
 28321 81599 61704 10264 20154 39846 40030 52006 71792 86300=
 28324 82599 62503 10275 20122 39926 40035 52006 84901=
 28326 82598 63002 10256 20144 39866 40035 52006 86800=
 28413 82599 52502 10272 20124 39928 40039 52005 85300=
 28428 82599 52603 10263 20120 39874 40042 52005 85900=
 28429 82598 53202 10239 20136 39665 40041 50004 85900=
 22983 42698 52504 10251 20117 39906 40001 52003 83230 333 91007
 91107=
 27083 41599 71802 10222 20140 39803 40007 52007 70281 87900 333 91003
 91107=
 27097 42498 71803 10240 20140 39774 40013 52005 87900 333 91005
 91107=
 27185 42698 52102 10244 20123 39854 40021 52008 83201 333 91005
 91106=
 27199 42598 62301 10252 20141 39842 40021 52005 86300 333 91004
 91105=
 27281 42582 72502 10229 20118 39838 40028 52007 85201 333 91007
 91107=
 27283 42598 52603 10247 20106 39885 40027 52009 82101 333 91007
 91107=
 27295 42998 62304 10253 20087 39800 40030 52008 84085 333 91007
 91110=
 27296 42598 62403 10240 20113 39829 40028 52007 86200 333 91006
 91106=
 27385 426// 62403 10259 20113 39917 40034 52005 84131 333 91006
 91107=
 27393 42598 32706 10252 20113 39882 40038 52007 82230 333 91009
 91110=
 27480 42698 52602 10254 20128 39922 40039 52006 83201 333 91004
 91108=
 28007 42699 32202 10251 20132 39778 40015 52007 83200 333 91006
 91106=
 28009 41498 81802 10230 20152 39827 40019 52010 71722 85941 333 91004
 91106=
 28105 42598 62403 10242 20171 39846 40027 52009 84230 333 91006
 91106=
 28202 42683 62801 10238 20138 39821 40023 52008 84930 333 91002
 91108=
 28302 42598 72403 10259 20126 39822 40029 52008 87900 333 91007
 91107=
 28307 42498 62502 10253 20117 39906 40037 52007 86400 333 91005
 91106=
 28402 42698 62702 10242 20137 39875 40039 52009 86200 333 91005
 91107=
 28502 42598 62603 10273 20132 39948 40042 52006 86900 333 91005
 91107=
 22550 82997 61102 10173 20105 39969 49978 54000 86030=
 22778 42598 61703 10231 20147 39927 49990 52001 85870=
 22889 42/// /2202 10255 20127 39922 40000 52004=
 22762 82598 51402 10215 20135 39944 49980 54001 85900=
 22638 NIL=
 22671 42699 62702 10207 20101 39910 49983 52003 86200 333 86838=
 22456 42598 12503 10178 20070 39894 49975 52011 81100=
 22583 42698 62603 10218 20092 39909 49983 52007 86100=
 22749 NIL=
 22951 42498 82005 10177 20127 39719 49980 53004 8695/=
 22887 42699 42103 10234 20152 39933 49997 51002 84200 =
 22876 42597 72003 10232 20145 39929 49995 52002 87200 333 87822=
 22481 42598 22004 10183 20105 39932 49981 51009 82100 333 91111=
 22854 42499 81805 10200 20104 39700 49965 56001 8387/=
 22781 NIL=
 22676 42698 32501 10227 20121 39911 49981 58002 83200=
 22648 NIL=
 22559 82598 61102 10187 20103 39966 49981 57003 83209=
 22869 42597 71803 10210 20129 39857 49993 54000 83231=
 22768 42697 62203 10228 20128 39934 49980 57003 86801=
 22798 42598 31803 10252 20107 39890 49992 52003 83200=
 22375 46/// /2503 10138 39960 49974 52017=
 23207 41699 61605 10251 20148 39940 49960 52001 71522 83941=
 23215 NIL=
 23219 NIL=
 27095 86/// /2102 10236 20171 39809 40018 52007=
 22408 42699 61105 10162 20063 39794 49933 57007 82939=
 22511 41656 80804 10124 20086 39820 49934 57002 76086 8751/=
 22529 41599 80904 10121 20110 39940 49946 57005 72582 889// 333  
 88922=
 22602 41476 80903 10115 20103 39696 49909 57001 70282 889// 333  
 88914=
 22621 83260 /0702 10126 20119 39794 49925 57007=
 22619 41465 70805 10144 20138 39756 49904 57005 70262 87500 333  
 87616 91110=
 22721 41397 81201 10157 20151 39827 49918 52002 72582 889// 333  
 85709=
 22727 86670 /1904 10170 20140 39883 49927 52015=
 22717 83/68 /2203 10167 20129 39737 49916 52017=
 22802 42599 61803 10177 20139 39891 49913 52013 86900=
 22820 41666 72403 10160 20133 39804 49931 52015 76162 86410 333  
 86637=
 22831 41342 81402 10151 20141 39887 49939 57002 78186 889// 333  
 88906=
 22805 42598 71704 10125 20106 39905 49923 52021 86530=
 22912 41599 72306 10180 20124 39930 49944 52018 70262 87330 333  
 91011 91112=
 
