09:31:00 MSK 09.04.2023
020 123456/=о000=0631
 унту01 бтул 090600
 22686 42998 33301 10042 21053 30174 40274 52002 80071=
 22695 42999 32704 10045 21059 30100 40253 51001 82034=
 22996 42999 20000 10059 21046 30092 40277 57001 80001=
 23220 41496 82803 11020 21026 39906 40048 53003 77173 8872/ 333 91111=
 23226 41423 83009 11024 21036 39820 40035 57005 78583 889// 333 88912 
 91013 91114 92983=
 23305 41599 83207 10005 21031 30179 40207 53016 72682 884// 333 20002
 87623 91011 91113=
 23320 66/// /3005 10008 21010 30051 40124 52014 60002 333 21013 91112=
 23324 41458 83007 10004 21016 30031 40108 53020 77172 8172/ 333 91013
 91111=
 23405 42480 82904 10025 21008 30110 40209
 52008 8655/ 333 86618 91010 91111=
 23410 66/// /2908 10007 21053 30059 40156 53021 60002 333 21002 91012 91117=
 23411 41499 83205 10009 21026 30091 40181 52016 72272 8472/ 333
 20003 91112=
 23412 41599 73207 10012 21048 30064 40161 53019 70282 87300 333 86630 91010 91113=
 23416 NIL=
 23418 41565 83006 10030 21011 30099 40172 53010 
 72582 885// 333 88623=
 23501 NIL=
 23503 42598 83003 10032 21014 30153 40203 52004 8595/=
 23507 86/// /3003 10018 21018 39923 40235 54001=
 23509 42598 82703 10035 21026 30139 40217 53003 8457/=
 23514 41496 82803 10016 21019 30005 40202 53007 77072 8657/ 333 86616=
 23518 42698 82805 10024 21026 30095 40187 52004 885// 333 88636
 555 53009=
 23606 42662 82702 10030 21037 30059 40226 52001 885// 333 88640=
 23701 42999 22803 10053 21044 30133 40262 54001 80009=
 23704 66/// /2301 10049 21066 39926 40039 55004 60002 333 21059=
 23707 82999 22201 10037 21078 30129 40261 57001 80001 333 21044=
 23708 42998 13203 10052 21076 30108 40257 54000=
 23709 42998 02803 10048 21076 30054 40247 54000=
 23711 42998 22903 10058 21041 30047 40215 57004 80005=
 23803 42999 03002 10059 21114 30079 40258 58003=
 23804 82997 12601 10072 21096 30117 40261 58002 80001=
 23807 42998 12202 10055 21044 30111 40272 57002 80001=
 23808 86/// /3601 10065 21104 30101 40268 57003=
 23812 42997 03005 10058 21100 30065 40226 57005=
 23904 42970 10501 10081 21098 30119 40274 57006 80001=
 23905 42999 02303 10076 21126 30043 40268 57004=
 23909 42998 02502 10073 21121 30021 40264 57005=
 23912 42998 01702 10059 21095 30056 40248 57007=
 23913 42999 22802 10069 21140 30011 40238 57011 82040=
 23914 82999 02704 10062 21120 39996 40252 57004=
 28013 42998 02602 10077 21141 30037 40265 57003=
 28016 42999 02601 10089 21106 30049 40271 57006=
 28029 42999 22401 10067 21114 30045 40263 57004 80001=
 28116 42999 02902 10081 21109 30047 40275 57005=
 28128 42999 12002 10018 21051 30124 40280 57004 80001=
 28134 42998 02802 10073 21136 39920 40268 57004=
 28138 42999 22705 10063 21137 39695 40258 57004 80001=
 28216 42999 12802 10087 21128 39987 40281 57004 80001=
 28222 42998 02501 10079 21099 30084 40277 57004=
 28224 42970 22602 10087 21122 30066 40277 57006 80008=
 28234 42998 12801 10083 21134 39999 40274 57005 80001=
 28238 42999 22905 10090 21142 39969 40268 57008 80001=
 28313 42998 62001 10086 21086 30097 40287 57007 80001=
 28319 42999 12302 10050 21091 30131 40295 58003 80001=
 28321 42999 12201 10060 21075 30083 40286 57005 80001=
 28324 42998 23301 10053 21096 30170 40291 57005 80001=
 28326 42998 22802 10081 21093 30095 40280 57006 80001=
 28413 42999 02601 10080 21110 30174 40296 57004=
 28428 42999 02501 10087 21111 30107 40290 57006=
 28429 42998 22602 10088 21112 39877 40284 57003 80001=
 22983 42998 22201 10056 21079 30176 40281 57003 80001 333 91001
 91102=
 27083 42999 51701 10058 21085 30059 40281 57002 80001 333 91002
 91102=
 27097 42498 12802 10084 21093 30025 40284 57004 81100 333 91004
 91104=
 27185 42698 32301 10081 21112 30110 40292 57003 81101 333 91002
 91102=
 27199 42998 02701 10078 21100 30097 40293 57003 333 91003 91103=
 27281 42982 62801 10084 21087 30087 40293 57003 80005 333 91002
 91102=
 27283 42998 20000 10083 21077 30139 40294 57003 80001 333 91001
 91102=
 27295 42998 00000 10085 21095 30047 40295 57002 333 91000 91102=
 27296 42998 02702 10081 21106 30076 40292 57003 333 91003 91103=
 27385 425// 30000 10075 21052 30169 40297 57004 82501 333 91000
 91102=
 27393 42998 02601 10058 21046 30133 40306 58003 333 91002 91102=
 27480 42998 80000 10076 21076 30171 40299 57004 80001 333 91000
 91101=
 28007 42999 02702 10070 21122 30025 40286 57004 333 91003 91103=
 28009 42998 01801 10063 21109 30076 40285 57007 333 91002 91103=
 28105 42998 02502 10075 21122 30090 40289 57006 333 91003 91103=
 28202 42980 03102 10067 21104 30070 40291 57004 333 91003 91103=
 28302 42998 02201 10066 21109 30068 40296 57003 333 91002 91102=
 28307 42998 01001 10070 21054 30156 40300 57004 333 91002 91102=
 28402 42998 23101 10076 21098 30121 40299 57001 80001 333 91003
 91103=
 28502 42998 00801 10070 21100 30196 40300 57004 333 91002 91102=
 22550 82997 02101 10016 21037 30290 40301 52009=
 22778 42998 00000 10022 21083 30217 40287 52003=
 22889 42998 02701 10056 21075 30192 40279 57004=
 22762 42998 03401 10041 21062 30256 40296 52007=
 22638 46/// /2701 11029 21088 30078 40311 52009=
 22671 42999 12201 10012 21044 30205 40285 52008 80001=
 22456 42997 83101 10021 21004 30206 40294 52013 8805/=
 22583 42598 72803 10019 21025 30177 40258 52005 87500=
 22749 42998 10301 10011 21078 30172 40299 52006 80001=
 22951 42998 22101 10075 21118 30011 40291 52003 80001=
 22887 42999 12902 10045 21064 30210 40281 57004 80001=
 22876 42997 02801 10044 21103 30210 40283 52003=
 22481 41596 73104 10008 20007 30210 40264 52015 78582 86930=
 22854 42998 50000 10086 21138 30004 40290 52004 80001=
 22781 NIL=
 22676 42998 23402 10017 21059 30205 40284 52004 80001=
 22648 42998 30000 10028 21056 30259 40306 52008 80001=
 22559 42998 12601 10009 21052 30284 40301 52008 80001=
 22869 42997 11601 10028 21070 30144 40294 52002 80030=
 22768 42997 10000 10043 21073 30242 40292 52004 80001=
 22798 42998 02001 10038 21098 30158 40271 54000=
 22375 NIL=
 23207 41499 83106 11006 21054 30187 40210 52016 71582 889// 333 21008
 91111=
 23215 41398 82806 11008 21023 30027 40117 52019 77872 886// 333 88707
 91116=
 23219 NIL=
 27095 66/// /0000 10062 21067 30067 40295 57004 60002 333 21071=
 22408 12999 20203 10036 21014 30181 40333 52014 60002 80001 333  
 21053 43070=
 22511 12998 23201 10019 21040 30201 40325 52012 60002 80001 333  
 21087 43059=
 22529 12999 03201 10030 21042 30303 40310 52011 60002 333   21094
 43024=
 22602 12999 20102 10006 21030 30088 40319 52011 60002 8203/ 333  
 21091 47079=
 22621 12998 03501 10057 21052 30170 40310 52011 60002 333   21053
 43060=
 22619 12983 00901 10009 21059 30145 40308 52012 60002 333   21052
 47050=
 22721 12998 02901 10043 21063 30204 40303 52009 60002 333   21058
 43071=
 22727 12970 01401 10016 21049 30250 40299 52005 60002 333   21070
 42005=
 22717 12998 20301 10029 21074 30104 40300 52010 60002 80001 333  
 21063 43054=
 22802 12999 50000 10040 21040 30269 40293 52009 60002 80001 333  
 21055 43041=
 22820 12970 00501 10041 21067 30159 40296 52008 60002 333   21061
 42003=
 22831 12998 01301 10043 21072 30238 40294 52006 60002 333   21078
 43050=
 22805 12598 30601 10047 21040 30270 40290 52012 60002 82531 333  
 21009 42014=
 22912 12999 00000 10045 21060 30267 40282 52007 60002 333   21064
 42005=
 
