12:31:00 MSK 13.03.2023
010 111/=о000=0931
 уйту01 бтул 130900
 22686 41497 82106 11016 21060 39771 49869 52048 77072 8557/ 333 85612 91011 91114=
 22695 42/// /2205 11005 21055 39706 49856 51042 333 91011 91122=
 22996 41497 82306 10001 21058 39768 49951 53010 78582 889// 333 91013
 91114=
 23220 41598 61308 10015 21022 39804 49943 53002 70283 85530 333 91010 91117=
 23226 41560 81610 11022 21034 39722 49935 57009 73673 8652/ 333
 86622 91013 91119 92980=
 23305 42699 61808 10060 20010 39771 49797 57012 8343/ 333 91014 91115=
 23320 86/// /2107 10051 21002 39853 49923 55002 333 91014 91115=
 23324 42580 81803 10043 20006 39846 49921 57005 885// 333 88628 91111=
 23405 41566 31807 10060 21012 39723 49818 57006 72581 
 82900 333 91014 91118=
 23410 86/// /1611 10040 20002 39790 49883 58009 333 91016 91118=
 23411 41499 71911 10046 20011 39761 49847 57012 72522 87900 333
 91014 91117=
 23412 42699 71706 10040 20007 39783 49876 57013 83530 333 91011 91111=
 23416 NIL=
 23418 42565 81406 10049 20008 39832 49903 57015 8655/
 333 86633 91011 91111=
 23503 41598 71906 10060 20002 39800 49848 58012 78082 85930 333 91011 91114=
 23507 86/// /2305 10005 20001 39548 49850 53018 333 91117=
 23509 41597 82207 10046 20011 39798 49873 53002 78082 889// 333 88921
 91013 91115=
 23514 42597 81806 10055 20006 39694 49883 57011 889// 333 86633 91011 91116=
 23518 41597 81808 10044 20012 39846 49935 57010 78082 889// 333
 86623 91014 91115=
 23606 41562 82105 10060 20004 39723 49887 57012 
 885// 333 88929 91010 91114=
 23701 41599 72207 10021 21036 39764 49890 51019 70282 83970 333 91013
 91118=
 23704 86/// /2204 10035 21012 39926 40039 55004 333 91115=
 23707 81598 72207 10010 21044 39771 49901 52011 72682 87900 333 86632 91011 91114=
 23708 41998 82006 10025 21004 39768 49914 55001 72582 8802/ 333 91117=
 23709 42/// /1605 10049 20004 39743 49929 57018 333 91111=
 23711 42498 81906 10045 20017 39781 49945 57016 8697/ 333 86916 91010 91113=
 23803 41597 81806 10045 20001 39766 49941 58015 78082 889// 333 88921 91010 91115=
 23804 81596 82503 10024 21036 39770 49912 52009 78582 8697/ 333 86927 91112=
 23807 42497 82310 10012 21037 39772 49930 51011 8695/ 333 85617 91015
 91115=
 23808 86/// /2008 10017 20002 39776 49940 53003 333 91115=
 23812 42/// /1906 10049 20010 39823 49980 58019 333 91013 91114=
 23904 41450 81903 10006 21002 39798 49953 51013 78582 883// 333 88914
 91115=
 23905 41599 81703 10032 20023 39729 49950 57013 76162 8802/ 333
 91111=
 23909 41497 81806 10038 20027 39738 49976 57019 78082 883// 333 91011
 91113=
 23912 41597 81806 10043 20020 39818 40006 58022 76162 8257/ 333 91011
 91115=
 23913 42599 81605 10086 20003 39804 40024 58022 885// 333 91010
 91113=
 23914 81498 81706 10035 20021 39757 40008 57025 78082 889// 333 91011
 91113=
 28013 41397 81706 10040 20015 39765 49991 57023 78082 889// 333 91012
 91114=
 28016 41498 81706 10040 20026 39772 49992 57021 78082 889// 333 91010
 91111=
 28029 42499 81808 10062 20010 39820 40032 57023 8472/ 333 91011
 91116=
 28116 41495 81905 10037 20027 39783 40009 57022 76362 8872/ 333 91011
 91110=
 28128 41598 82002 10038 20009 39896 40047 57019 76062 8802/ 333
 91113=
 28134 42898 81604 10069 20012 39717 40058 57038 8805/ 333 91010
 91113=
 28138 42599 81806 10070 21014 39543 40094 57022 885// 333 91012
 91114=
 28216 41597 81710 10035 20018 39742 40034 58016 76362 8872/ 333 91016
 91117=
 28222 42598 81805 10063 20010 39865 40055 56024 8657/ 333 91010
 91115=
 28224 42570 81807 10069 20014 39859 40067 57018 8591/ 333 91015
 91116=
 28234 42899 81807 10081 21007 39816 40086 58026 8805/ 333 91015
 91117=
 28238 42899 82010 10091 21003 39812 40106 57029 8802/ 333 91018
 91120=
 28313 41497 81707 10038 20021 39859 40047 56014 76362 8872/ 333 91011
 91116=
 28319 41496 81704 10035 20023 39910 40071 57019 76162 8802/ 333
 91115=
 28321 41596 81807 10035 20018 39860 40060 56013 76386 8802/ 333 91013
 91116=
 28324 42598 81908 10046 20004 39957 40076 56015 884// 333 91013
 91119=
 28326 42598 71908 10074 20015 39911 40093 57026 87500 333 91014
 91115=
 28413 41498 81807 10043 20031 39942 40061 57009 76162 8872/ 333 91014
 91115=
 28428 42598 81908 10055 20007 39927 40109 56019 889// 333 91014
 91118=
 28429 42898 81805 10074 20012 39717 40118 57028 8807/ 333 91011
 91114=
 22983 41462 82507 11027 21077 39843 49948 52019 78583 889// 333 91011
 91113=
 27083 41499 62206 11017 21103 39743 49964 52011 70282 86900 333 91012
 91115=
 27097 41468 72205 11023 21057 39725 49987 53017 73682 87900 333 91011
 91111=
 27185 42698 62004 11017 21109 39820 40004 51021 86500 333 91010
 91111=
 27199 41498 82604 11007 21063 39810 40007 52020 70287 886// 333 91007
 91109=
 27281 41482 72307 11021 21110 39808 40016 52019 70272 86930 333 91012
 91114=
 27283 41498 72406 11013 21087 39861 40019 52030 70272 87900 333 91012
 91112=
 27295 41998 62005 10004 21088 39768 40018 52018 70272 84075 333 91009
 91113=
 27296 41598 72505 11001 21049 39796 40012 52019 70272 87900 333 91010
 91111=
 27385 425// 62405 11001 21092 39909 40037 52025 82530 333 91010
 91112=
 27393 41598 82710 11012 21032 39866 40037 52025 73676 8657/ 333 91013
 91114=
 27480 42598 62404 10005 21084 39922 40049 52021 86500 333 91010
 91112=
 28007 41418 82504 11008 21022 39725 49985 53013 77587 8802/ 333 88510
 91009 91111=
 28009 41440 81905 10026 20006 39775 49981 57008 78382 889// 333 91009
 91111=
 28105 41458 82305 11006 21013 39800 49998 53017 77176 8872/ 333 91010
 91111=
 28202 41544 82403 10007 21009 39785 40004 53009 77187 8802/ 333 91007
 91113=
 28302 41596 82303 10003 21006 39794 40021 52012 77162 8802/ 333 91006
 91112=
 28307 41498 62503 10000 21048 39898 40042 53025 70282 86500 333 91007
 91108=
 28402 41420 82303 10001 21002 39862 40040 52022 77376 8872/ 333 91006
 91113=
 28502 41495 82509 10005 21015 39951 40055 52023 77376 8802/ 333 91013
 91113=
 22550 81597 82304 11052 21091 39813 49823 52019 72682 885// 333
 88623=
 22778 41597 82307 11045 21101 39832 49902 52022 73683 8697/ 333 91014
 91114=
 22889 42/// /2105 11007 21090 39846 49931 51012 333 91011 91113=
 22762 41495 82103 11057 21062 39838 49877 52027 77373 8577/ 333
 91110=
 22638 46/// /2703 11077 21098 39644 49871 52017=
 22671 41396 82403 11039 21040 39755 49834 51041 78588 8692/ 333
 85709=
 22456 41496 82402 11056 21079 39706 49793 51025 77172 8872/=
 22583 41596 82102 10006 21017 39731 49810 53053 78588 889// 
 333 91110=
 22749 NIL=
 22951 41496 72704 11072 21095 39660 49945 52023 78583 87900 333 91012
 91112 92982=
 22887 41499 61907 11020 21100 39858 49927 52021 73633 83530 
 333 91015 91116=
 22876 41497 62205 11035 21075 39848 49923 52021 73683 86900 333 86915
 91011 91114=
 22481 41496 82305 11015 21027 39725 49777 53036 78582 8697/ 333 91010
 91112=
 22854 41396 82406 11080 21097 39629 49922 52025 77173 8772/ 333 87708
 91010 91113 92983=
 22781 NIL=
 22676 41496 82108 11037 21075 39779 49855 52042 77173 8872/ 333 91013
 91114 92982=
 22648 NIL=
 22559 41695 82404 11049 21084 39819 49835 52028 78582 8693/ 333 86641
 91110=
 22869 41494 82306 11059 21082 39789 49939 52023 78683 889// 333 91010
 91112=
 22768 41497 82407 11057 21092 39851 49901 52024 78587 889// 333 85919
 91114=
 22798 41498 82108 11001 21085 39795 49906 52021 70282 8695/ 333 91014
 91120=
 22375 46/// /2506 11032 39737 49752 52016=
 23207 41498 81706 10044 20017 39738 49759 57014 70282 8257/ 333 91011
 91112=
 23215 NIL=
 23219 NIL=
 27095 86/// /2406 11010 21043 39759 49986 53013 333 91013 91113=
 22408 41999 13004 11068 21125 39741 49892 52020 73631 80001=
 22511 41998 62804 11072 21129 39764 49886 52021 73632 80005 333  
 91110=
 22529 41956 82706 11060 21087 39838 49845 52017 77173 8802/ 333  
 91010 91111 92986=
 22602 42999 02805 11080 21116 39699 49928 52024=
 22621 83/58 /2707 11073 21118 39742 49883 52023 333   91011 91113=
 22619 41983 62706 11063 21118 39742 49902 52023 70232 80005 333  
 91111=
 22721 41997 52804 11055 21106 39805 49904 52022 73683 80005=
 22727 86/69 /2606 11053 21113 39885 49933 52023 333   91110=
 22717 83/58 /2704 11061 21108 39757 49953 52023=
 22802 42999 02803 11037 21100 39949 49973 52022=
 22820 41969 12606 11050 21117 39801 49939 52020 73673 80001 333  
 91012 91112=
 22831 41498 72603 11065 21100 39875 49931 52023 70282 86930 333  
 86919 91110=
 22805 42998 02906 11044 21081 39962 49982 52022 333   91110=
 22912 41599 82706 11046 21078 39964 49979 52025 73632 885// 333  
 88626 91010 91110=
 
