03:31:00 MSK 17.07.2023
020 123456/=о000=0031
 унту01 бтул 170000
 22686 82998 70000 10144 20136 30014 40109 54000 87070 555 10016=
 22695 42998 42801 10152 20114 39949 40094 58003 84030 555 10015=
 22996 42/// /0201 10105 20105 39926 40105 57002 555 1/012=
 23220 43/// /1902 10151 20092 39915 40049 57014 555 1/013=
 23226 42960 82002 10148 20118 39843 40045 57019 8805/ 555 10015=
 23305 42/// /3001 10175 20144 30052 40078 55001 555 1/017=
 23320 86/// /2203 10158 20092 39997 40065 57007=
 23324 42984 22502 10154 20118 39989 40061 55005 81041 555 10014=
 23405 42967 71801 10157 20141 39988 40081 57006
 87030 555 10016=
 23410 86/// /2302 10150 20095 39975 40066 58004 555 53008=
 23411 42/// /2302 10170 20133 39987 40070 57005 555 1/017=
 23412 42599 72601 10166 20104 39976 40067 57005 83330 555 10016=
 23416 NIL=
 23418 42665 62303 10178 20088 30009 40078 57005 
 84131 333 84840 555 10016=
 23503 42/// /2101 10099 20091 30038 40086 54000 555 1/012=
 23507 86/// /3301 10138 20118 39804 40099 57005=
 23509 42/// /0000 10106 20094 30017 40092 57004 555 1/013=
 23514 42997 22302 10158 20079 39903 40088 57007 82030 555 10013=
 23518 42/// /2201 10149 20113 30007 40094 57003 555 1/014=
 23606 42962 32402 10142 20116 39938 40097 57004 80005 555 11013=
 23612 NIL=
 23701 NIL=
 23704 86/// /0000 10100 20100 39926 40039 55004 555 53005=
 23707 81998 80000 10126 20121 39979 40106 57004 72211 82045 555 10013=
 23708 42/// /1801 10108 20096 39966 40110 57004 555 1/012=
 23709 82998 61901 10101 20085 39926 40112 57004 82031 555 11010=
 23711 42998 52901 10106 20099 39942 40105 58003 82045 555 11013=
 23803 42999 80000 10117 20078 39939 40112 54000 86031 555 10010=
 23804 42997 60000 10107 20104 39969 40108 57003 80005 555 11012=
 23807 NIL=
 23808 86/// /0000 10080 20075 39950 40114 57003=
 23812 42997 30000 10084 20076 39959 40116 58002 80002 555 10009=
 23904 42968 20000 10070 20070 39958 40111 57003 80001 555 10009=
 23905 82599 23201 10089 20084 39890 40110 57002 82500 555 11010=
 23909 82998 20901 10101 20093 39874 40110 57003 80001=
 23912 82998 00101 10100 20088 39930 40116 54001 555 10011=
 23913 82999 10000 10055 20047 39910 40135 52003 80001 555 10112=
 23914 82999 30401 10136 20092 39868 40113 57001 80004=
 27095 86/// /3301 10088 20088 39897 40119 57002=
 28013 81898 30501 10119 20090 39886 40107 57002 71200 82071 555
 11011=
 28016 82/// /3101 10103 20098 39890 40106 57003 555 1/013=
 28029 82899 60201 10138 20091 39891 40100 57001 84031 555 11013=
 28116 82899 20302 10120 20095 39877 40098 57005 81039=
 28128 82899 20502 10145 20130 39949 40095 57003 82039 555 11013=
 28134 82898 50000 10095 20093 39764 40103 57004 85030 555 11008=
 28138 43/// /0604 10138 20093 39561 40099 57003=
 28216 82699 60602 10138 20102 39801 40083 57003 82534 555 10012=
 28222 42/// /0601 10145 20109 39907 40091 57002 555 1/014=
 28224 82870 50501 10135 20119 39883 40085 57001 82039=
 28234 82598 60301 10132 20107 39826 40091 57003 84540 555 11011=
 28238 81599 60401 10118 20105 39804 40094 54001 74011 84501 555
 11010=
 28313 42/// /0603 10143 20112 39894 40076 57003 555 1/014=
 28319 82598 60602 10148 20130 39909 40063 57001 86500=
 28321 82899 80504 10146 20121 39883 40075 57003 85037=
 28324 42/// /0702 10155 20115 39953 40067 54000 555 1/015=
 28326 82598 60802 10133 20124 39896 40074 57013 86500 555 10013=
 28413 82599 80301 10161 20124 39938 40052 57005 8755/ 555 10017=
 28428 81598 80502 10148 20125 39875 40049 50000 70282 889// 555
 11015=
 28429 42/// /1004 10141 20126 39668 40057 55002 333 91110 555 1/014=
 22983 42998 70000 10085 20084 30012 40114 57004 80001 333 91000 91101
 555 10010=
 27083 42999 00000 10112 20091 39894 40107 57002 333 91000 91104 555
 10011=
 27097 42/// /3601 10096 20095 39855 40108 57003 333 91002 91102 555
 1/009=
 27185 42/// /0000 10102 20101 39928 40106 57004 333 91000 91102 555
 1/011=
 27199 42998 00000 10106 20102 39910 40099 57003 333 91001 91102 555
 10009=
 27281 42982 13503 10131 20118 39905 40102 57006 80001 333 91004 91106
 555 11011=
 27283 42998 13301 10111 20109 39949 40099 58002 80001 333 91002 91103
 555 11012=
 27295 42/// /3502 10129 20094 39853 40093 57005 333 91003 91103 555
 1/011=
 27296 42998 03201 10102 20086 39884 40094 57005 333 91002 91105 555
 11008=
 27385 419// 20000 10112 20107 39966 40089 57004 71111 82030 333 91000
 91105 555 11011=
 27393 42598 60701 10135 20088 39923 40086 58002 84540 333 91002 91107
 555 10012=
 27480 42998 23501 10128 20125 39968 40091 57006 82030 333 91002 91104
 555 11012=
 28007 42999 00000 10132 20089 39854 40103 57003 333 91000 91102 555
 10012=
 28009 42998 20000 10090 20078 39904 40108 57003 82030 333 91001 91102
 555 10010=
 28105 42998 00000 10092 20084 39915 40102 57002 333 91000 91101 555
 11010=
 28202 42971 60501 10134 20087 39879 40090 57003 86030 333 91003 91103
 555 10012=
 28302 42998 70202 10144 20086 39862 40079 57005 87030 333 91004 91105
 555 10014=
 28307 42998 33102 10155 20091 39938 40074 57001 82031 333 91003 91105
 555 10015=
 28402 41598 80202 10154 20102 39896 40065 57004 70282 8257/ 333 91003
 91106 555 11015=
 28502 42598 80103 10160 20113 39955 40053 58004 885// 333 91005 91106
 555 10016=
 22550 82997 51301 10140 20128 30098 40108 57008 81081 555 10015=
 22778 41998 50000 10122 20119 30051 40118 57001 71111 85070 555
 10015=
 22889 42/// /0000 10075 20075 30031 40115 57005 555 1/008=
 22762 82997 50000 10116 20116 30084 40122 57002 80009 555 11013=
 22638 46/// /1801 10114 20111 39906 40124 57003=
 22671 42/// /0000 10104 20099 30036 40113 54001 555 1/011=
 22456 42997 60000 10094 20094 30018 40103 57005 80002 555 10012=
 22583 42998 22902 10165 20126 30024 40100 54000 81071 555 10015=
 22749 42/// /1901 10107 20103 30010 40131 54001 555 1/011=
 22951 42/// /0000 10094 20090 39871 40145 57004 555 1/009=
 22887 41996 60000 10122 20117 30045 40112 58002 71122 82031 
 555 10010=
 22876 42997 12401 10148 20138 30045 40114 57004 81040 555 11013=
 22481 42/// /2401 10143 20114 30045 40095 54001 555 1/013=
 22854 42/// /3201 10121 20113 39859 40136 57004 555 1/011=
 22781 NIL=
 22676 41897 30000 10118 20116 30037 40111 54000 71100 82031 555
 10013=
 22648 41998 61201 10139 20137 30080 40124 58001 71122 85031 555
 16014=
 22559 42/// /1201 10127 20111 30098 40114 54000 555 1/014=
 22869 41997 20000 10129 20124 39985 40127 57005 71100 80031 555
 11013=
 22768 41897 20000 10134 20130 30074 40122 57002 71200 82031 555
 10014=
 22798 42997 50301 10094 20091 30003 40112 58003 82031 555 10012=
 22375 46/// /2903 10126 20112 30072 40087 52001=
 23207 NIL=
 23215 42598 72002 10147 20143 39963 40047 58012 87900 555 10014=
 23219 NIL=
 22408 42999 71702 10142 20123 39935 40077 57006 87070 555   11013=
 22511 42998 71601 10151 20115 39969 40084 57005 87070 555   11012=
 22529 42999 21902 10139 20121 30092 40098 57004 80002 555   11012=
 22602 42476 71701 10169 20106 39876 40088 57005 86930 333   86914
 555   10014=
 22621 83/70 /1903 10154 20125 39973 40105 57003 555   1////=
 22619 42982 22202 10162 20112 39954 40104 57004 80005 555   11013=
 22721 42998 50000 10150 20118 30023 40117 57002 80001 555   11013=
 22727 86/70 /0801 10127 20121 30080 40126 57003 555   1////=
 22717 83/70 /1801 10136 20119 39935 40120 57007 555   1////=
 22802 42999 60000 10148 20139 30090 40112 57007 85031 555   11014=
 22820 42970 62202 10149 20105 39996 40126 57005 80001 555   11011=
 22831 42998 10000 10106 20100 30080 40133 57003 80001 555   10012=
 22805 42598 61604 10180 20160 30088 40107 57012 84530 555   10017=
 22912 41982 11102 10098 20093 30112 40127 57007 71100 80001 555  
 10011=
 
