21:31:00 MSK 13.02.2023
020 123456/=о000=1831
 унту01 бтул 131800
 22686 41497 81503 11077 21089 39894 49996 52003 77072 8657/ 333 86611=
 22695 41497 81702 11079 21101 39835 49991 51002 77172 8772/ 333 85711=
 22996 41494 81803 11072 21085 39853 40043 57003 78683 889//=
 23220 41999 00606 11111 21138 39927 40074 52006 73630=
 23226 42960 01505 11130 21157 39852 40076 52005=
 23305 41960 81804 11074 21084 39960 49988 53009 77173 8807/ 333 91110=
 23320 66/// /1603 11127 21168 39989 40065 52007 60002 333 11048 91111=
 23324 42681 11602 11117 21154 39986 40067 52008 81500=
 23405 41996 81604 11072 21093 39894 49995 53007
 77173 8802/=
 23410 66/// /1507 11072 21102 39939 40038 52007 60002 333 11061 91113=
 23411 41498 81707 11071 21087 39923 40013 52005 77173 8772/ 333
 91111=
 23412 41497 81705 11074 21087 39936 40035 52008 77072 8872/ 333 91110=
 23416 NIL=
 23418 41465 81203 11071 21100 39973 40048 52006 70282
 885// 333 88619=
 23501 NIL=
 23503 41498 81904 11064 21096 39964 40015 52006 77173 8652/ 333 86617=
 23507 86/// /2103 11084 21088 39689 40006 52005=
 23509 41997 81704 11065 21095 39945 40025 52005 77173 8802/=
 23514 41596 81705 11077 21094 39837 40039 53003 77173 8352/=
 23518 41996 81806 11082 21110 39977 40071 52007 77172 8857/ 333 91010
 91111 555 53011=
 23606 41960 81805 11074 21100 39863 40039 53005
 77172 8802/ 333 91110=
 23612 NIL=
 23701 41558 81802 11070 21080 39892 40023 52003 77172 8652/ 333 86622=
 23704 66/// /1703 11069 21070 39926 40039 55004 60002 333 11055=
 23707 81495 81704 11069 21083 39887 40022 57001 77377 8652/ 333 86618=
 23708 41969 81704 11083 21105 39897 40051 52002 77173 8007/=
 23709 41497 81602 11086 21119 39871 40070 54001 77087 885// 333 88618=
 23711 41497 81704 11100 21118 39900 40076 58002 78582 889// 333 88914=
 23803 41599 81704 11085 21121 39891 40077 57004 73687 889// 333 88921=
 23804 81596 81802 11072 21086 39885 40033 57001 78583 8492/=
 23807 41396 81905 11073 21086 39876 40041 57002 77173 8672/ 333 86709
 91110=
 23808 86/// /1504 11081 21101 39891 40064 57003=
 23812 41496 81703 11089 21112 39932 40100 54000 78582 889//=
 23904 41950 81803 11076 21091 39902 40063 57005 77173 8802/=
 23905 41899 81802 11089 21112 39846 40081 57004 70272 8801/ 555
 51080=
 23909 41897 81903 11097 21115 39847 40101 54000 77187 83015=
 23912 42/// /1903 11089 21105 39918 40117 57005 555 51079=
 23913 41997 80000 11121 21144 39894 40135 57002 77172 8802/ 555
 51086=
 23914 81496 81803 11101 21114 39853 40120 52002 78582 889//=
 28013 41597 81803 11093 21116 39871 40110 54000 78582 889// 555
 51083=
 28016 42/// /1802 11092 21116 39879 40113 54000 555 51082=
 28029 41596 81804 11085 21104 39905 40132 57002 77172 8352/ 555
 51080=
 28116 41496 81802 11087 21108 39880 40119 57005 77172 8872/=
 28128 41596 81901 11087 21103 39980 40140 57005 77172 8802/ 555
 51083=
 28134 41496 81902 11096 21116 39784 40150 57002 77172 8672/ 555
 51091=
 28138 43/// /1903 11108 21124 39573 40165 57001=
 28216 41896 81905 11089 21110 39828 40137 57004 77173 8802/ 555
 51089=
 28222 42/// /1703 11088 21103 39945 40147 57003 555 51080=
 28224 41464 81603 11089 21111 39931 40153 57005 77172 8802/=
 28234 41596 81803 11089 21116 39876 40165 57003 77173 885// 555
 51086=
 28238 41896 81801 11098 21120 39856 40173 54001 77187 8802/ 555
 51083=
 28313 42/// /1703 11083 21103 39944 40143 57006 555 51082=
 28319 41496 81702 11071 21091 39986 40156 57009 77177 8802/=
 28321 41596 81902 11090 21106 39938 40150 57005 77172 8802/=
 28324 42/// /1902 11070 21099 30030 40155 57008 555 51079=
 28326 41598 82004 11070 21096 39970 40162 57005 70272 8802/ 555
 51080=
 28413 41596 81804 11058 21085 30021 40147 56011 77172 8652/ 555
 51073=
 28428 41596 82003 11065 21092 39982 40173 54001 77172 8802/ 555
 51085=
 28429 42/// /2103 11073 21090 39756 40182 54000 555 51088=
 22983 41969 82101 11066 21081 39917 40024 57005 77172 8807/ 333 91003
 91104=
 27083 41436 81903 11068 21083 39810 40037 57008 77373 8872/ 333 91007
 91107=
 27097 41496 81604 11078 21086 39792 40061 56009 78583 889// 333 91007
 91111=
 27185 42/// /1602 11065 21086 39873 40062 57009 333 91005 91107=
 27199 42998 81803 11074 21097 39879 40082 57013 8807/ 333 91006
 91107=
 27281 41984 81903 11058 21085 39850 40061 57010 70272 8805/ 333 91005
 91108=
 27283 42597 81903 11071 21093 39903 40063 57012 8657/ 333 91006
 91107=
 27295 42597 81703 11080 21100 39830 40090 57013 885// 333 91007
 91107=
 27296 41597 81803 11078 21102 39867 40091 57010 70272 889// 333 91006
 91108=
 27385 424// 81803 11072 21094 39953 40085 57014 8675/ 333 91005
 91106=
 27393 41597 82006 11088 21105 39933 40110 57008 73673 8657/ 333 91008
 91109=
 27480 42598 81802 11072 21103 39957 40089 57017 8655/ 333 91005
 91106=
 28007 41499 81803 11086 21109 39815 40086 57006 70282 885// 333 88614
 91005 91107=
 28009 41997 81903 11082 21115 39884 40101 57005 77082 8802/ 333 91006
 91107=
 28105 42598 81903 11081 21109 39886 40092 57007 885// 333 91005
 91107=
 28202 41996 82104 11081 21107 39877 40106 57006 77172 8807/ 333 91006
 91110=
 28302 41997 81903 11080 21102 39880 40117 57007 77172 8802/ 333 91007
 91107=
 28307 41497 81402 11084 21106 39966 40115 57008 70272 885// 333 91004
 91105=
 28402 41537 81904 11069 21085 39935 40119 57010 77372 8557/ 333 91006
 91107=
 28502 41996 81802 11052 21076 30021 40128 56011 77172 8807/ 333 91004
 91105=
 22550 81471 82602 11013 21026 39944 49954 52018 70272 885// 333 88616=
 22778 41497 81402 11053 21061 39919 49989 52002 72475 886//=
 22889 41496 81402 11065 21076 39935 40023 57003 77172 8872/ 333
 88512=
 22762 41396 81401 11038 21038 39932 49971 52010 77172 8872/=
 22638 46/// /3202 11013 21019 39763 49988 52025=
 22671 41496 81702 11044 21044 39884 49963 53011 77172 8872/ 333 86710
 93401=
 22456 41496 80000 11023 21025 39853 49941 52022 77072 8872/=
 22583 42598 71601 11068 21080 39890 49972 52008 875//=
 22749 41496 82902 11012 21020 39854 49979 52012 77187 8872/ 333
 88711=
 22951 12/// /3001 11015 21021 39705 49986 52007 60002 333 11014=
 22887 41496 81603 11065 21077 39937 40008 57009 77177 8802/ 
 333 88514=
 22876 42497 81803 11057 21066 39924 49998 57004 889// 333 88918=
 22481 41598 81806 11043 21043 39889 49942 52013 73632 885// 333
 91110=
 22854 41297 82802 11021 21024 39693 49981 53010 77172 8872/ 333
 87705=
 22781 NIL=
 22676 41496 81302 11052 21066 39896 49975 52005 77772 886//=
 22648 42/// /3002 11012 21012 39928 49974 52020=
 22559 41597 82301 11019 21028 39942 49958 52017 77072 8652/ 333
 86626=
 22869 41298 81601 11045 21050 39841 49991 57002 70282 886// 333
 85705=
 22768 41397 82002 11036 21044 39925 49975 52006 77172 887// 333 85708=
 22798 41497 81702 11068 21082 39901 40016 54001 70282 889//=
 22375 46/// /2205 11029 39903 49918 52015=
 23207 NIL=
 23215 42998 21604 11072 21102 39937 40028 52009 80002=
 23219 NIL=
 27095 66/// /1504 11077 21081 39835 40071 57008 60002 333 11065=
 22408 11984 33205 10017 21009 39885 40033 52043 69922 70183 82031
 333   10021 91110=
 22511 11464 53104 10013 21008 39901 40021 52037 69902 72687 85900
 333   10025 91111=
 22529 11598 73103 10000 21021 39979 49986 52030 69942 70282 87900
 333   10013 87923=
 22602 11473 83104 10016 21015 39817 40041 52033 69902 70273 885//
 333   10022 88613 91110=
 22621 12698 83103 11002 21024 39866 40005 52030 69962 889// 333  
 10019 88934=
 22619 11498 73107 10000 21021 39853 40011 52029 69952 72682 87500
 333   10020 91112=
 22721 11697 53103 10003 21021 39908 40006 52028 69942 72681 85500
 333   10020 85634=
 22727 12670 83104 10011 21015 39966 40014 52020 60002 884// 333  
 10026 88638=
 22717 12298 83103 10013 21026 39844 40036 52021 69902 886// 333  
 10019 88705=
 22802 12998 23105 10031 21035 30035 40058 52019 60002 82032 333  
 10043 91010 91112=
 22820 11598 82804 10005 21016 39880 40016 52017 69902 70272 885//
 333   10013 88628 91111=
 22831 11797 73002 11007 21015 39941 49996 52014 60012 70282 87500
 333   10006 87655=
 22805 129// 03305 10025 21017 30025 40045 53024 60002 333   10029
 91111=
 22912 12984 72903 10012 21026 30021 40036 52008 60002 82530 333  
 10021=
 
