21:31:00 MSK 22.09.2023
020 123456/=о000=1831
 унту01 бтул 221800
 22686 81398 81502 10102 20094 30130 40227 54000 70252 886// 333 88709=
 22695 42/// /1501 10097 20073 30069 40219 57011=
 22996 82/// /1601 10136 20136 30079 40258 52005=
 23220 41698 83103 10048 20037 30167 40025 52018 70282 885// 333 88635=
 23226 41460 73206 10046 20034 39951 40163 52022 70181 86530 333 86612 
 91114=
 23305 42584 81503 10073 20037 30181 40208 58012 885//=
 23320 66/// /2402 10052 20028 30141 40214 52004 60002 333 10078=
 23324 42980 62602 10036 20024 30130 40207 51004 82071=
 23405 42997 81503 10073 20030 30117 40214 57009
 8805/=
 23410 66/// /2002 10047 20011 30124 40220 50001 60002 333 10079=
 23411 42999 82302 10063 20020 30132 40221 58005 8807/=
 23412 42699 62301 10053 20011 30125 40221 54000 83530=
 23416 NIL=
 23418 42965 81901 10062 20012 30160 40234 52007 8805/=
 23501 NIL=
 23503 42998 81902 10064 20030 30180 40229 57005 8805/=
 23507 86/// /2202 10067 20040 39924 40230 57004=
 23509 42998 53202 10065 20042 30156 40234 57005 85030=
 23514 42697 82001 10061 20025 30043 40238 57001 8355/=
 23518 42997 82102 10047 20011 30150 40241 51008 8805/ 555 53011=
 23606 42960 80000 10073 20038 30071 40240 54000 8805/=
 23612 NIL=
 23701 82974 61801 10096 3/050 30121 40248 54000 86030=
 23704 66/// /1301 10096 20072 39809 49921 56056 60002 333 10121=
 23707 81598 81801 10119 20087 30116 40244 52004 72582 889// 333 86621=
 23708 42984 81401 10093 20034 30110 40257 52001 8805/=
 23709 82998 80000 10074 20027 30071 40262 52002 8805/=
 23711 42998 82501 10067 20023 30089 40257 52007 8805/=
 23803 42999 81801 10088 20040 30082 40259 52004 8805/=
 23804 82497 72102 10122 20098 30108 40249 52001 86530 333 86613=
 23807 41396 81903 10119 20118 30102 40259 52003 71022 886// 333 88708=
 23808 86/// /1902 10088 20071 30100 40265 52007=
 23812 42997 70000 10041 20006 30102 40265 52008 87030=
 23904 42374 81701 10122 20120 30115 40268 52006 887// 333 87707=
 23905 82999 02402 10084 20080 30046 40270 52008 555 50113=
 23909 82998 21401 10046 20024 30032 40277 52011 80001=
 23912 82898 70801 10026 20006 30078 40272 52010 84031 555 50101=
 23913 82999 03301 11003 21012 30042 40275 52014 555 50094=
 23914 82899 53002 10071 21001 30015 40269 52010 81044=
 28013 82998 23001 10094 20011 30047 40274 52014 80001 555 50124=
 28016 82/// /0000 10077 20069 30056 40278 52013 555 50123=
 28029 82999 00000 10076 21020 30051 40268 52014 555 50122=
 28116 81996 03001 10088 20085 30049 40276 52012 71011=
 28128 82999 00201 10065 20061 30122 40275 52014 555 50124=
 28134 82998 00000 10034 20020 39925 40277 52015 555 50106=
 28138 43/// /2501 10048 21019 39707 40272 52018=
 28216 81495 83302 10127 20122 39987 40275 52012 75186 886// 555
 50150=
 28222 42/// /0000 10097 20093 30082 40273 52015 555 50137=
 28224 81563 30000 10101 20096 30065 40274 52016 70262 82401=
 28234 82998 00301 10081 20062 39997 40272 52020 555 50143=
 28238 82899 52904 10078 20052 39968 40267 51019 81041 555 50139=
 28313 42/// /0000 10137 20121 30088 40274 52011 555 50166=
 28319 81598 60000 10137 20132 30112 40270 52014 70182 86500 555
 50168=
 28321 81599 83501 10132 20126 30074 40271 52012 70282 8495/ 555
 50159=
 28324 42/// /3401 10125 20110 30153 40270 52012 555 50169=
 28326 81598 62501 10113 20108 30087 40270 52017 70282 86500 555
 50158=
 28413 82599 70000 10174 20121 30152 40268 52012 87500 555 50184=
 28428 82599 70202 10162 20127 30086 40264 52016 87500 555 50177=
 28429 42/// /3602 10127 20116 39869 40268 52015 555 50158=
 22983 41543 80000 10132 20130 30151 40252 52004 71022 85535 333 91001
 91102=
 27083 42584 82001 10149 20141 30043 40256 52006 881// 333 91001
 91101=
 27097 42598 81901 10153 20136 30015 40266 52008 8357/ 333 91001
 91102=
 27185 42/// /0000 10154 20144 30093 40270 52008 333 91000 91101=
 27199 42698 72401 10142 20129 30082 40273 52008 87500 333 91001
 91105=
 27281 42984 81301 10130 20120 30074 40275 52009 8805/ 333 91001
 91101=
 27283 42997 20000 10137 20130 30123 40274 52010 82030 333 91000
 91102=
 27295 42997 60000 10160 20125 30033 40275 52008 86070 333 91000
 91102=
 27296 42997 80000 10152 20127 30064 40273 52009 8807/ 333 91001
 91106=
 27385 425// 70000 10162 20136 30150 40276 52010 82530 333 91000
 91101=
 27393 42598 80000 10149 20121 30116 40281 52011 8655/ 333 91001
 91106=
 27480 42998 01901 10130 20122 30156 40281 52012 333 91001 91103=
 28007 41699 80000 10144 20133 30019 40271 52006 70282 885// 333 88633
 91000 91101=
 28009 41495 80000 10123 20113 30073 40278 52008 71082 885// 333 91001
 91101=
 28105 42598 80000 10149 20132 30085 40271 52007 885// 333 91000
 91102=
 28202 42597 80000 10155 20128 30059 40272 52012 889// 333 91000
 91103=
 28302 42997 00701 10130 20107 30053 40275 52009 333 91001 91101=
 28307 42498 80000 10145 20115 30137 40276 52010 8353/ 333 91000
 91102=
 28402 42984 32301 10158 20122 30103 40275 52011 82035 333 91002
 91102=
 28502 42997 82701 10170 20091 30175 40275 52011 8805/ 333 91002
 91102=
 22550 82972 61603 10155 20145 30162 40172 52001 80001=
 22778 42598 81501 10146 20141 30160 40227 52003 885//=
 22889 41498 80000 10140 20140 30168 40252 52005 70262 885// 333
 88615=
 22762 81896 21601 10156 20150 30175 40212 52005 71011 82030=
 22638 46/// /1802 10150 20125 39950 40166 57002=
 22671 42997 71401 10127 20124 30121 40197 54001 87030=
 22456 42497 82101 10144 20144 30074 40158 57006 886//=
 22583 41498 81501 10080 20075 30126 40206 57005 70288 886//=
 22749 42498 81903 10159 20135 30079 40198 52002 886// 333 88713=
 22951 42998 01802 10139 20126 39955 40226 53002=
 22887 42697 81302 10154 20147 30175 40243 53006 
 8355/=
 22876 42997 82002 10160 20155 30168 40238 52005 8805/=
 22481 NIL=
 22854 42999 02002 10146 20131 39937 40214 53001=
 22781 NIL=
 22676 41497 81201 10117 20114 30133 40208 54000 70262 886//=
 22648 42598 11503 10143 20138 30144 40188 53003 81500=
 22559 82998 21903 10156 20144 30168 40184 54001 80001=
 22869 42698 82301 10160 20133 30097 40239 52007 885// 333 88640=
 22768 42697 31902 10159 20136 30169 40216 52006 82501=
 22798 41497 81501 10117 20113 30134 40244 52002 70282 889//=
 22375 46/// /2206 10105 20100 30132 40147 57008=
 23207 NIL=
 23215 41998 82402 10024 20024 30116 40205 50002 70252 88050=
 23219 NIL=
 27095 66/// /1402 10151 20151 30055 40275 52007 60002 333 10188=
 22408 12984 01602 10145 20129 39951 40093 57004 60002 333   10199=
 22511 12984 21702 10163 20128 39989 40103 57003 60002 81031 333  
 10209=
 22529 12598 21802 10149 20127 30134 40140 54000 60002 82500 333  
 10207=
 22602 12975 11904 10161 20125 39896 40109 57002 60002 8103/ 333  
 10199=
 22621 12598 11703 10154 20133 30009 40142 54000 60002 81500 333  
 10202=
 22619 12998 21802 10160 20125 39986 40137 57002 60002 82050 333  
 10208=
 22721 12997 01101 10138 20132 30064 40158 54000 60002 333   10209=
 22727 12970 01503 10156 20133 30118 40164 57001 60002 333   10205=
 22717 12998 01601 10145 20120 39963 40151 57001 60002 333   10198
 91110=
 22802 12998 21802 10170 20140 30117 40139 57001 60002 80001 333  
 10189=
 22820 12998 01602 10151 20126 30036 40166 57001 60002 333   10214=
 22831 12997 00901 10138 20127 30130 40183 57001 60002 333   10218=
 22805 129// 01507 10155 20139 30120 40144 54000 60002 333   10163
 91110=
 22912 12984 01402 10156 20127 30149 40163 54000 60002 333   10222=
 
