21:31:00 MSK 26.03.2023
020 123456/=о000=1831
 унту01 бтул 261800
 22686 41998 20000 11071 21092 39970 40072 52012 70181 80009=
 22695 42998 03601 11062 21103 39903 40060 52015=
 22996 42998 81201 10029 21004 39850 40033 57006 8807/=
 23220 41496 82405 11105 21118 39759 49903 52039 78587 889// 333 91116=
 23226 41/05 93413 11106 21119 39668 49886 52036 73973 333 91018 91118 
 92993=
 23305 41570 62102 11089 21105 30015 40043 51020 78583 85330 333 85922=
 23320 66/// /2903 11099 21129 39930 40005 52047 60002 333 10024 91111=
 23324 41957 82904 11100 21120 39912 49991 52049 77173 8802/ 333 91112=
 23405 41997 12501 11111 21124 39952 40055 52025 70283 81030=
 23410 66/// /2503 11118 21134 39926 40027 51040 60002 333 10003=
 23411 41999 02902 11116 21122 39947 40040 51030 70271=
 23412 41999 03002 11117 21130 39932 40033 52037 70181 333 91112=
 23416 NIL=
 23418 41421 72703 11078 21114 39957 40033 52034 78582
 85930 333 84614 91112=
 23501 NIL=
 23503 41598 60000 11121 21138 30002 40054 51025 70282 83530=
 23507 86/// /3402 11109 21117 39748 40070 51020=
 23509 41998 00000 11086 21114 39980 40060 51030 70282=
 23514 41997 02901 11087 21114 39847 40049 51032 70283 333 91111=
 23518 41596 83004 11054 21096 39942 40035 51040 78582 8697/ 333 84628
 91111 555 53011=
 23606 41560 53102 11050 21108 39877 40052 52032
 70282 85500 333 85629=
 23612 NIL=
 23701 41980 33502 11043 21094 39937 40068 52023 70171 82041=
 23704 66/// /3603 11019 21059 39926 40039 55004 60002 333 10054=
 23707 81998 70203 11008 21043 39916 40049 52015 70282 87030=
 23708 42584 63203 11005 21046 39903 40052 51022 83930=
 23709 41598 82902 10008 21015 39853 40044 52023 70282 883// 333 86926=
 23711 41597 83203 11001 21031 39866 40035 52028 78582 8697/ 333 86923=
 23803 42999 83101 10022 21025 39870 40048 51015 80001=
 23804 81997 53501 10000 21009 39898 40043 52012 70282 85010=
 23807 41497 71701 10022 20014 39881 40040 50003 72582 83930=
 23808 86/// /2004 10025 20009 39881 40047 51011=
 23812 41597 82501 10018 20002 39876 40036 52018 70282 8595/=
 23904 41980 80000 10009 20006 39888 40043 58002 70282 8801/=
 23905 42599 80000 10031 20002 39824 40048 52005 885// 555 50044=
 23909 42598 82201 10034 20000 39811 40052 52010 885//=
 23912 41598 81701 10027 20004 39861 40050 51013 70282 84531 555
 50037=
 23913 42599 82701 10016 20005 39826 40053 52012 889// 555 50034=
 23914 82498 82403 10044 20010 39799 40050 52012 885// 333 91110=
 28013 42698 62102 10045 21005 39828 40054 51010 86500 555 50046=
 28016 42/// /1801 10028 20005 39839 40062 52007 555 50050=
 28029 42599 82003 10043 20018 39848 40063 52012 885// 555 50047=
 28116 42999 82001 10039 20015 39838 40064 52006 80007=
 28128 42599 82201 10017 20004 39923 40075 52007 885// 555 50023=
 28134 42698 81901 10043 20010 39731 40075 52009 885// 555 50042=
 28138 43/// /2403 10028 20016 39522 40080 52011=
 28216 41596 82003 10049 20042 39783 40074 51003 76162 8872/ 555
 50052=
 28222 42/// /1702 10049 20020 39887 40078 52005 555 50051=
 28224 41560 81903 10048 20038 39871 40080 52003 78382 889//=
 28234 42597 82002 10039 20027 39814 40088 51007 885// 555 50040=
 28238 42999 22202 10037 20020 39791 40090 52007 80002 555 50041=
 28313 42/// /1801 10050 20045 39890 40079 50001 555 50056=
 28319 41496 81001 10063 20062 39924 40083 58004 76164 8802/=
 28321 41/92 92003 10051 20047 39880 40080 50002 74742=
 28324 42/// /1301 10051 20039 39968 40086 54001 555 50058=
 28326 41596 71902 10055 20051 39907 40090 52007 71022 87500 555
 50047=
 28413 42598 81503 10078 20056 39956 40075 58011 82535 555 50071=
 28428 41595 81601 10034 20022 39918 40101 51003 71064 8655/ 555
 50040=
 28429 42/// /2003 10036 20031 39702 40108 52003 555 50034=
 22983 41584 80000 10005 20002 39925 40030 57005 70282 84535 333 91001
 91101=
 27083 42984 80602 10033 20006 39804 40022 57009 8807/ 333 91003
 91104=
 27097 42998 81502 10036 20018 39775 40032 57007 8801/ 333 91003
 91103=
 27185 42/// /0101 10034 20034 39847 40028 58009 333 91002 91103=
 27199 41598 81001 10047 20043 39842 40035 57011 76162 8652/ 333 91002
 91103=
 27281 41456 81401 10050 20048 39814 40016 57015 76162 8872/ 333 91003
 91104=
 27283 41496 81501 10049 20047 39875 40030 57015 76162 8872/ 333 91003
 91104=
 27295 41597 80901 10051 20042 39786 40032 57016 72582 884// 333 91002
 91103=
 27296 41997 81202 10049 20036 39822 40035 57013 72162 8807/ 333 91003
 91104=
 27385 414// 80000 10059 20057 39893 40018 57016 74464 887// 333 91000
 91103=
 27393 41494 80000 10047 20042 39877 40044 57015 71022 886// 333 91000
 91106=
 27480 41998 31602 10071 20071 39894 40018 57012 70184 81031 333 91004
 91106=
 28007 42599 81701 10041 20003 39787 40044 58005 86505 333 86628 91002
 91103=
 28009 42698 80000 10017 21004 39848 40056 57001 8355/ 333 91001
 91102=
 28105 41497 81702 10049 20038 39849 40044 58005 76162 8872/ 333 91004
 91106=
 28202 41596 81501 10045 20033 39833 40050 58005 78082 889// 333 91002
 91103=
 28302 41493 81402 10054 20046 39829 40052 57009 74662 886// 333 91004
 91104=
 28307 41/93 90000 10034 20028 39900 40042 57016 74585 333 91000
 91103=
 28402 41448 81201 10058 20056 39872 40046 57017 71064 8661/ 333 91003
 91104=
 28502 42997 82005 10095 20053 39953 40053 57009 80001 333 91006
 91107=
 22550 82971 50000 11102 21108 30060 40070 52008 85030=
 22778 42598 80603 11015 21070 39979 40049 52005 8257/=
 22889 41598 80801 10016 20015 39952 40038 50003 70282 885// 333
 88621=
 22762 42897 80501 11033 21072 30016 40056 50004 8007/=
 22638 46/// /0501 11063 21081 39830 40061 52005=
 22671 41998 60301 11101 21104 39987 40069 52005 70282 86030=
 22456 42997 00000 11128 21140 39981 40073 52013=
 22583 41998 00000 11115 21127 39984 40068 52010 70288=
 22749 41496 80603 11031 21041 39908 40034 54000 78582 889// 333
 88916=
 22951 42898 81103 10010 21014 39732 40011 57002 8803/=
 22887 41597 73401 10020 21008 39964 40033 52003 72582 8593/
 333 85932=
 22876 42997 70000 11016 21025 39967 40040 50004 87030=
 22481 42998 22701 11126 21126 30008 40064 52016 82030=
 22854 41397 80604 11028 21035 39738 40028 57002 77172 8672/ 333
 86708=
 22781 NIL=
 22676 41898 73301 11067 21091 39990 40070 52008 70282 87030=
 22648 42/// /0402 11035 21081 30012 40059 52005=
 22559 42898 11070 21084 30054 40071 52007 88030=
 22869 42598 70603 10006 21022 39881 40029 51006 86530 333 86632=
 22768 41497 80603 11017 21056 39994 40044 52001 72682 889// 333
 85913=
 22798 42998 50103 11021 21056 39941 40054 52015 80001=
 22375 46/// /2702 11087 30041 40057 52014=
 23207 NIL=
 23215 41498 72203 11123 21144 39916 40009 52036 77873 87500 333
 87613=
 23219 NIL=
 27095 66/// /1001 10035 20019 39818 40043 57006 60002 333 10067=
 22408 12984 03402 11135 21156 39935 40093 52010 60002 333   11034=
 22511 12984 00000 11132 21152 39959 40087 52010 60002 333   11019=
 22529 12998 00102 11099 21111 30068 40075 52010 69902 333   11016=
 22602 12978 20101 11129 21164 39842 40079 52010 60002 8203/ 333  
 11036=
 22621 12998 63601 11075 21090 39929 40073 52009 69902 86030 333  
 11017=
 22619 12498 70402 11061 21086 39897 40060 52006 60002 82070 333  
 11040=
 22721 12997 70901 11047 21088 39953 40053 52005 60002 87030 333  
 11020=
 22727 12670 80102 11031 21063 39985 40033 54000 69922 884// 333  
 11025 88636=
 22717 12598 80403 11040 21077 39836 40032 52003 69902 885// 333  
 11034 88621=
 22802 11596 80404 11026 21064 39997 40021 52003 69942 78583 889//
 333   11018 85927=
 22820 11498 80504 11036 21064 39889 40027 52002 60022 70272 8653/
 333   11035 86617=
 22831 11994 80602 11029 21039 39962 40018 57001 60052 77372 8802/
 333   11013=
 22805 115// 80403 11029 21055 39997 40017 52004 69992 70282 885//
 333   11016 91110=
 22912 11584 80503 11020 21041 39983 49998 52003 60042 72272 885//
 333   10010 88622=
 
