18:31:00 MSK 07.09.2023
020 123456/=о000=1531
 уйту01 бтул 071500
 22686 61497 83304 10087 20079 30001 40098 51001 60042 76162 8802/ 333
 10091 88513 555 50084 53013=
 22695 11496 83304 10084 20067 39921 40069 58001 69952 75152 886// 333
 10085 555 50081 53012=
 22996 61496 83102 10080 20080 39896 40076 54000 60082 76362 8872/ 333 10094 555 50099 53010=
 23220 12999 20803 10125 20054 39973 40108 52010 60002 81031 333 10208 555 50153 53009=
 23226 12960 21803 10143 20054 39900 40103 52008 60002 82030 333 10216 
 555 50157 53009=
 23305 11565 83605 10100 20098 30092 40119 52021 60012 76062 885// 333
 10104 91110 555 50108 53011=
 23320 76/// /1401 10127 20094 30024 40094 52011 333 60002 555 50159 53004=
 23324 11584 71302 10161 20122 30022 40095 52012 69932 70282 81972 333
 10226 555 50166 53005=
 23405 11350 83606 10096 20094 30005 40101 52017 60012 76162 8672/ 333
 10101 86707 91011 91111 555 50107 53011=
 23410 76/// /0301 10161 20122 39998 40089 52013 333 60002=
 23411 12599 83603 10155 20133 30007 40091 51014 69932 885// 333 10174
 555 50151 53006=
 23412 12699 70502 10154 20131 30000 40091 52014 60002 82535 333 10203 555 50156 53006=
 23416 NIL=
 23418 12965 71001 10168 20129 30014 40083 52015 60002
 87030 333 10211 555 50163 53008=
 23503 12698 83602 10157 20137 30034 40081 52013 69952 82931 333 10163
 555 50145 53005=
 23507 66/// /0204 10093 20093 39781 40080 52010 60002 333 10093 555 50091 53009=
 23509 12598 73401 10138 20129 39995 40069 52012 60022 82539 333 10140
 555 50130 53002=
 23514 12697 70701 10160 20128 39888 40072 52015 60002 83570 333 10192
 555 50150 53007=
 23518 62998 81003 10170 20095 39993 40079 52014 60002 84075 333
 10205=
 23606 12662 80602 10161 20125 39897 40053 52013 69932 8693/ 333 10190 85943 555 50144 53007=
 23701 11599 83502 10097 20088 39937 40062 54000 60042 70282 8597/ 333
 10098 85920 555 50094 5007/=
 23704 76/// /2902 10095 20095 39718 49829 50004 333 60002=
 23707 61497 83002 10090 20085 39937 40065 52003 60012 78082 889// 333 10096 84915 555 50095 53008 =
 23708 11350 82502 10098 20084 39919 40063 52012 60092 75152 886// 333 10102 88707 555 50115 53007=
 23709 11398 82402 10123 20105 39873 40056 52018 69912 78082 889// 333
 10179 85709 555 50137 53007=
 23711 11497 80501 10151 20130 39902 40061 52015 69932 78082 8495/ 333 10200 555 50145 53007=
 23803 11497 83001 10105 20085 39890 40062 51017 69932 75052 886// 333
 10151 555 50125 53008=
 23804 61397 80000 10093 20088 39927 40067 52005 60032 70282 889// 333 10096 85708 555 50099 53006=
 23807 62597 73201 10086 20081 39916 40072 52003 60022 86930 333 10102 555 50102 53009=
 23808 66/// /2701 10093 20081 39909 40071 52009 60002 333 10106=
 23812 11597 81301 10131 20124 39911 40065 52013 60052 72598 84955 333
 10201 555 50139 53007=
 23904 11470 82601 10090 20089 39922 40073 52003 60042 70282 82332 333
 10106 555 50107 53008=
 23905 62599 83201 10102 20080 39849 40067 52008 60012 885// 333 10121
 555 53006=
 23909 11597 83201 10119 20103 39828 40062 52010 69902 78082 883// 333
 10158=
 23912 61598 81101 10155 20136 39878 40059 52007 69982 72522 86905 333
 10189 555 53008=
 23913 62599 81402 10155 20108 39856 40072 53007 60002 86931 333 10194
 555 53009=
 23914 61498 81401 10146 20130 39815 40057 52005 69942 78082 8792/ 333
 10171=
 28013 61597 83001 10122 20101 39836 40056 52006 60022 78082 889// 333
 10169 555 53007=
 28016 61599 70000 10129 20116 39843 40057 52004 69932 72582 87900 333
 10159 555 53007=
 28029 62599 81302 10148 20122 39848 40054 52001 69932 8657/ 333 10177
 555 53008=
 28116 61498 70000 10121 20114 39838 40058 52001 60012 70186 82930 333
 10162=
 28128 61599 82701 10127 20122 39917 40063 52011 60092 72198 885// 333
 10164 555 53006=
 28134 61598 80000 10140 20131 39730 40062 57004 60022 70282 889// 333
 10175 555 53007=
 28138 12599 62301 10134 20105 39537 40074 52006 60002 86300 333
 10196=
 28216 61699 70000 10117 20101 39778 40062 54001 60022 70282 87500 333
 10149 555 53007=
 28222 61596 82701 10130 20125 39878 40063 53010 60042 78082 889// 333
 10185 555 53007=
 28224 61524 80000 10125 20118 39861 40064 52008 60072 78082 889// 333
 10170=
 28234 61597 81201 10143 20125 39799 40062 57003 60022 76162 885// 333
 10185 555 53008=
 28238 61598 80201 10142 20111 39777 40063 52002 69952 78082 8797/ 333
 10220 91111 555 53011=
 28313 62598 61801 10124 20110 39885 40068 53005 60042 86500 333 10156
 555 53006=
 28319 11596 60000 10122 20117 39913 40069 58001 60072 78082 85930 333
 10161=
 28321 61599 70000 10118 20112 39870 40065 52004 60062 70162 83550 333
 10152=
 28324 61598 80000 10121 20107 39951 40066 52003 60042 70298 8694/ 333
 10171 555 53010=
 28326 61597 81301 10140 20136 39883 40060 52001 60072 76162 8802/ 333
 10197 555 53007=
 28413 62499 70000 10136 20094 39952 40068 54001 60032 86531 333 10167
 555 53008=
 28428 61598 82902 10124 20104 39891 40067 52006 60032 72582 889// 333
 10186 555 53011=
 28429 61598 80301 10136 20128 39670 40059 57007 60122 70282 889// 333
 10199 555 53009=
 22983 11498 83102 10084 20068 39994 40096 57009 60032 70282 889// 333
 10098 91005 91110 555 50091 53010=
 27083 11459 82803 10072 20064 39878 40095 57003 60062 76162 8872/ 333
 10090 91005 91108 555 50088 53011=
 27097 11463 82903 10074 20072 39841 40096 54000 60072 78082 889// 333
 10099 91005 91110 555 50094 53011=
 27185 11598 83101 10077 20068 39937 40116 50000 60042 70282 883// 333
 10102 91003 91108 555 50102 53010=
 27199 11498 83001 10084 20075 39908 40099 52003 60022 70286 85771 333
 10112 91004 91105 555 50112 53009=
 27281 11457 83203 10080 20064 39928 40129 52005 60012 78082 8693/ 333
 10114 91007 91114 555 50100 53014=
 27283 12498 73204 10086 20061 39963 40115 52002 60012 86930 333 10112
 91007 91111 555 50106 53013=
 27295 11598 82802 10081 20056 39865 40110 52004 60022 70282 884// 333
 10112 91004 91110 555 50108 53010=
 27296 11598 83103 10084 20062 39887 40099 52004 60012 70282 8593/ 333
 10122 91006 91109 555 50116 53010=
 27385 114// 73502 10089 20060 39999 40124 52005 60022 78082 86930 333
 10127 91004 91109 555 50111 53010=
 27393 11598 63204 10091 20058 39940 40106 52008 60022 70282 84941 333
 10134 91006 91110 555 50126 53010=
 27480 11598 62902 10087 20067 30009 40135 52008 60012 70282 82501 333
 10145 91005 91108 555 50113 53008=
 28007 12599 73002 10091 20057 39829 40083 54000 60032 86330 333 10116
 86922 91004 91107 555 50113 53009=
 28009 11498 82802 10096 20074 39874 40077 52009 60022 70282 889// 333
 10148 91003 91106 555 50128 53006=
 28105 12598 32801 10080 20058 39898 40086 52003 60022 82240 333 10125
 91003 91106 555 50119 53007=
 28202 12580 73303 10094 20056 39867 40081 52006 60032 87900 333 10146
 91005 91107 555 50119 53010=
 28302 12598 73102 10106 20056 39864 40084 52008 69982 85930 333 10155
 91004 91107 555 50128 53008=
 28307 12498 62902 10097 20058 39962 40101 52009 69982 84931 333 10144
 91006 91110 555 50125 53011=
 28402 11498 72702 10101 20090 39918 40091 52009 60032 72582 85931 333
 10154 91004 91107 555 50132 53008=
 28502 11598 83105 10108 20073 39993 40093 52008 69992 70282 82901 333
 10158 91006 91111 555 50138 53012=
 22550 62797 63602 10116 20060 30184 40194 52005 60002 86500 333 10140
 86655 555 50096 53010=
 22778 11496 83204 10087 20076 30058 40126 57008 69982 78082 8697/ 333
 10102 555 50090 53011=
 22889 11496 82803 10083 20077 30006 40090 58008 60012 76162 8872/ 333
 10097 88511 91110 555 50094 53013=
 22762 61496 83102 10111 20070 30123 40161 54000 60002 76162 8657/ 333
 10128 555 50099 53009=
 22638 46/// /3601 10107 20057 39991 40211 57005=
 22671 11497 73402 10098 20090 30067 40147 52001 69952 87970 333 10106
 87919 555 50088 53006=
 22456 12598 23302 10101 20069 30103 40188 52009 60012 81240 333 10126
 555 50086 53010=
 22583 11497 83401 10091 20081 30048 40126 52013 60012 78088 8697/ 333 
 10103 555 50088 53010=
 22749 NIL=
 22951 12598 23202 10112 20067 39908 40181 58009 60012 82200 333 10123
 555 50088 53010=
 22887 11597 83106 10088 20080 30033 40101 58008 60042 78082 
 889// 333 10101 88921 91011 91113 555 50095 53014=
 22876 11496 82802 10089 20080 30043 40116 58009 60032 78088 889// 333
 10104 88917 555 50096 53011=
 22481 12/// /3503 10105 20063 30106 40157 53014 60002 333 10118 
 91110 555 53011=
 22854 11499 53203 10111 20066 39901 40181 58004 69962 70182 83930 333
 10125 91111 555 50083 53011=
 22781 NIL=
 22676 11497 83205 10091 20083 30051 40126 52004 60022 78082 889// 333
 10099 91110 555 50087 53011=
 22648 NIL=
 22559 61598 63305 10117 20059 30169 40185 52005 69952 70282 82931 333
 10133 91010 91110 555 50096 53010=
 22869 11997 83103 10088 20078 30010 40155 57004 60032 70282 8007/ 333 10122 555 50091 53012=
 22768 11497 83603 10107 20071 30105 40153 57001 69912 78082 8795/ 333
 10130 85915 91110 555 50099 53011=
 22798 11497 83102 10087 20084 39967 40076 51001 60012 72582 8795/ 333
 10107 555 50093 53011=
 22375 46/// /3604 10104 20058 30162 40177 52012=
 23207 11499 83603 10096 20077 30116 40138 52019 60022 70282 8455/ 333
 10101 555 50091 53012=
 23215 NIL=
 23219 NIL=
 27095 76/// /3002 10077 20077 39877 40099 54001 333 60002 555 50099 53009=
 22408 22999 82401 10145 20112 30064 40208 57007 8803/ 333   60002=
 22511 22798 80501 10143 20090 30094 40211 57005 8547/ 333   60002=
 22529 22599 20000 10103 20083 30202 40209 57007 82502 333   60002=
 22602 22479 62501 10148 20085 39999 40216 57007 85530 333   60002
 85615=
 22621 73970 /2902 10149 20071 30079 40213 57006 333   60002=
 22619 22498 52602 10141 20091 30061 40214 57007 82550 333   60002=
 22721 22998 82901 10153 20072 30120 40214 57009 85035 333   60002=
 22727 76970 /2902 10150 20084 30175 40221 57010 333   60002=
 22717 73/70 /2902 10144 20076 30038 40228 57012 333   60002=
 22802 22699 62601 10145 20095 30216 40239 57010 81531 333   60002=
 22820 22570 62602 10136 20074 30091 40223 57011 81531 333   60002=
 22831 22698 63002 10141 20070 30157 40210 57007 82531 333   60002=
 22805 22598 63103 10155 20103 30217 40241 57014 82831 333   60002=
 22912 22599 72803 10154 20082 30222 40237 57011 83530 333   60002=
 
