03:31:00 MSK 17.01.2023
020 123456/=о000=0031
 унту01 бтул 170000
 22686 41497 81905 11046 21064 30043 40145 52012 77073 8752/ 333 87619
 91010 91110 555 1/105=
 22695 41497 82005 11050 21075 39982 40138 52010 77073 8772/ 333 85712 91011 91112 555 1/105=
 22996 42/// /1904 11075 21080 30046 40240 53007 333 91111 555 1/108=
 23220 41498 81702 11048 21059 30007 40152 52001 77172 887// 555 1/105=
 23226 41456 81906 11055 21062 39930 40151 52005 77172 885// 333 88612  
 91111 555 5/106=
 23305 42/// /1905 11035 21053 30073 40101 52010 333 91111 555 1/104=
 23320 86/// /2307 11041 21077 30077 40152 54001 333 91012 91114=
 23324 41477 82206 11042 21060 30069 40148 53005 73632 886// 333 88713
 91010 91114 555 1/105=
 23405 41596 81904 11047 21075 30020 40102 52013 
 77172 885// 333 88620 91111 555 1/105=
 23410 86/// /1708 11041 21066 30040 40139 52006 333 91012 91113 555 53015=
 23411 42/// /2108 11047 21063 30034 40125 52008 333 91013 91115
 555 1/105=
 23412 41496 82106 11043 21067 30040 40139 53009 77073 8377/ 333 91010 91113 555 1/105=
 23416 NIL=
 23418 41457 82005 11048 21084 30087 40163 52006 77172
 8652/ 333 86618 91010 91111 555 1/106=
 23503 42/// /2204 11049 21083 30094 40145 52008 333 91111 555 1/106=
 23507 86/// /2204 11066 21068 39824 40143 52010=
 23509 NIL=
 23514 41496 82206 11060 21073 39959 40161 52004 77173 887// 333 86710 91010 91111 555 1/107=
 23518 42/// /1907 11072 21084 30100 40195 52003 333 91010 91114
 555 1/107=
 23606 41458 82104 11059 21078 30004 40182 52006
 77172 8652/ 333 86611 91111 555 1/106=
 23612 NIL=
 23701 NIL=
 23704 86/// /2004 11059 21063 39926 40039 55004 333 91110 555 53011=
 23707 81598 81906 11059 21081 30057 40194 52012 73632 885// 333 88624 91111 555 1/106=
 23708 42/// /1906 11080 21101 30064 40220 52013 333 91112 555 1/108=
 23709 NIL=
 23711 41497 81904 11094 21114 30052 40230 52001 78582 889// 333 85712 91110 555 1/110=
 23803 41599 82004 11096 21122 30056 40245 53001 73632 889// 555 1/114=
 23804 81497 82004 11077 21098 30062 40213 52010 73632 8755/ 333 87611 91110 555 1/108=
 23807 42/// /2006 11076 21080 30061 40230 52010 555 1/108=
 23808 NIL=
 23812 41597 62104 11125 21153 30101 40275 54000 73632 86500 333 86626
 934// 555 1/112=
 23904 41479 81804 11086 21098 30090 40255 50003 73632 885// 333 88614
 555 1/109=
 23905 42599 81903 11098 21115 30035 40275 52002 885// 555 1/110=
 23909 42998 81903 11116 21138 30040 40301 52008 80005=
 23912 42/// /1804 11137 21162 30111 40318 52009 555 1/114=
 23913 42999 23303 11123 21171 30086 40332 53010 80001 555 1/123=
 23914 82998 81503 11151 21172 30045 40322 52006 80005=
 27095 86/// /1504 11081 21088 30031 40271 52004=
 28013 42998 21804 11130 21164 30069 40317 53005 80001 555 1/116=
 28016 42/// /1703 11135 21169 30080 40323 52006 555 1/117=
 28029 42999 21803 11134 21182 30111 40347 52012 80004 555 1/119=
 28116 42999 01803 11150 21189 30089 40339 52003=
 28128 42999 02001 11152 21201 30192 40359 52006 555 1/122=
 28134 42998 02001 11181 21206 39989 40375 52007 555 1/128=
 28138 43/// /2302 11168 21210 39761 40380 52003=
 28216 42999 01603 11146 21206 30036 40359 54000 555 1/119=
 28222 42/// /1601 11143 21201 30155 40366 51005 555 1/121=
 28224 42970 31502 11146 21212 30138 40369 52003 80001=
 28234 42998 01803 11141 21221 30080 40382 52004 555 1/120=
 28238 42999 01401 11216 21240 30058 40398 52002 555 1/128=
 28313 42/// /1602 11174 21217 30158 40369 52004 555 1/122=
 28319 42999 01502 11143 21217 30198 40376 54000=
 28321 42999 01702 11161 21215 30149 40372 54000=
 28324 42/// /0601 11204 21241 30245 40380 54001 555 1/130=
 28326 42998 30000 11178 21232 30183 40389 54000 80001 555 1/128=
 28413 42999 01503 11127 21223 30233 40365 58005 555 1/118=
 28428 42999 03101 11264 21303 30195 40406 54000 555 1/129=
 28429 42/// /2002 11113 21219 39956 40398 54001 555 1/116=
 22983 41584 82002 11059 21082 30103 40212 52008 70272 885// 333 91006
 91107 555 1/107=
 27083 42584 81904 11074 21091 30006 40238 52008 885// 333 91006 91108
 555 1/107=
 27097 42/// /1605 11085 21096 39986 40261 52002 333 91008 91109 555
 1/108=
 27185 42/// /1403 11088 21125 30071 40264 52006 333 91006 91107 555
 1/109=
 27199 41998 01603 11135 21177 30084 40296 52006 70271 333 91005 91108
 555 1/117=
 27281 42484 81405 11092 21130 30045 40263 52006 885// 333 91008 91108
 555 1/109=
 27283 42997 01703 11133 21177 30107 40274 53005 333 91005 91108 555
 1/116=
 27295 42/// /1402 11144 21186 30031 40303 54001 333 91005 91108 555
 1/118=
 27296 42998 01603 11146 21195 30070 40305 52001 333 91005 91107 555
 1/117=
 27385 429// 01702 11145 21188 30153 40295 52002 333 91003 91105 555
 1/123=
 27393 41998 01805 11139 21193 30137 40322 58001 73630 333 91007 91108
 555 1/117=
 27480 42998 01502 11143 21191 30154 40292 54000 333 91005 91106 555
 1/120=
 28007 42999 21804 11126 21164 30016 40296 52005 80001 333 91006 91107
 555 1/116=
 28009 42998 01902 11127 21175 30083 40308 52006 333 91004 91108 555
 1/116=
 28105 42998 21802 11135 21182 30091 40306 52004 82040 333 91003 91107
 555 1/117=
 28202 42997 01804 11151 21199 30082 40322 54000 333 91006 91108 555
 1/118=
 28302 42997 01502 11153 21201 30086 40334 54000 333 91004 91106 555
 1/120=
 28307 42998 00000 11202 21228 30167 40327 54000 333 91000 91102 555
 1/128=
 28402 42984 21702 11130 21202 30141 40334 57001 80005 333 91004 91106
 555 1/120=
 28502 42997 01502 11146 21211 30230 40343 57003 333 91004 91106 555
 1/120=
 22550 81467 81805 11012 21030 30026 40036 52012 73683 886// 333 88711
 91110 555 1/102=
 22778 41598 81804 11042 21064 30078 40149 52010 70283 8657/ 333 91110
 555 1/105=
 22889 42/// /1703 11062 21082 30118 40208 52010 555 1/107=
 22762 42/// /1603 11039 21056 30068 40108 52011 333 91110 555 1/104=
 22638 46/// /1904 11009 21017 39787 40012 52013=
 22671 42/// /1904 11041 21047 30012 40092 52005 555 1/105=
 22456 42/// /1903 11020 21023 39934 40022 52009 333 91111 555 1/103=
 22583 42584 71903 11039 21060 30016 40098 52008 875// 
 555 1/105=
 22749 42/// /2007 11025 21044 39956 40083 53013 333 91012 91112 555
 1/103=
 22951 42/// /2205 11050 21062 39842 40131 52013 333 91111 555 1/105=
 22887 42697 81805 11044 21071 30115 40188 52010 8355/ 333 91010 91111 
 555 1/105=
 22876 42/// /1805 11037 21057 30093 40167 52010 333 91010 91111 555
 1/104=
 22481 42/// /1808 11030 21040 30002 40056 52009 333 91011 91113 555
 1/104=
 22854 42/// /1805 11044 21054 39816 40111 52013 333 91010 91111 555
 1/105=
 22781 NIL=
 22676 41498 81805 11044 21066 30038 40117 52011 70232 885//  333 91113 555 1/105=
 22648 42/// /1807 11012 21017 30009 40056 52013 333 91010 91112 555
 1/102=
 22559 42/// /1806 11022 21043 30041 40058 52016 333 91010 91111 555
 1/103=
 22869 42/// /1904 11045 21057 30008 40160 52010 333 91110 555 1/105=
 22768 41597 82007 11039 21065 30073 40124 52010 70282 889// 333 86624
 91010 91112 555 1/105=
 22798 42/// /1904 11053 21071 30070 40186 52014 333 91111 555 1/106=
 22375 46/// /2008 11020 30004 40019 52012 333 91113=
 23207 NIL=
 23215 42/// /2007 11040 21050 30014 40105 52005 333 91012 91113 555
 1/104=
 23219 NIL=
 22408 41459 81905 10008 21004 39751 49897 52019 78582 889// 333  
 88915 555   1/100=
 22511 41483 71904 10014 21004 39793 49912 52019 72682 86930 333  
 86614 91111 555   1/000=
 22529 42598 81907 10019 21009 39962 49969 52009 885// 333   88622
 91012 91112 555   1/000=
 22602 41358 82206 10002 20001 39710 49932 52029 77172 8872/ 333  
 88506 91010 91112 555   1/000=
 22621 83470 /1707 10013 21007 39827 49965 52013 333   91011 91114
 555   1////=
 22619 41496 81703 10010 21002 39808 49965 52019 78082 889// 333  
 88912 91110 555   1/100=
 22721 41497 81502 10010 20001 39901 49998 52018 70282 889// 333  
 85914 555   1/000=
 22727 86465 /1806 10015 20000 39975 40023 52023 555   1////=
 22717 83/70 /2004 10011 20002 39810 40001 52026 333   91110 555  
 1////=
 22802 41498 82103 10023 20004 39981 40004 52033 70282 889// 333  
 91110 555   1/000=
 22820 41497 82105 10010 21007 39893 40029 52022 77072 8752/ 333  
 87613 91010 91111 555   1/100=
 22831 42497 81902 11005 21026 30007 40062 52018 889// 333   88913
 555   1/102=
 22805 425// 82107 10025 20008 39998 40017 52040 885// 333   91010
 91114 555   1/002=
 22912 42484 81905 10016 21006 30034 40049 52026 886// 333   88713
 91112 555   1/000=
 
