03:31:01 MSK 30.01.2023
020 123456/=о000=0031
 унту01 бтул 300000
 22686 41497 81703 11072 21092 39883 49984 57007 77072 8652/ 333 86615 555 1/108=
 22695 41497 81903 11081 21106 39821 49977 57007 77072 8772/ 333 85713
 555 1/109=
 22996 42/// /2102 11065 21067 39865 40055 54001 555 1/107=
 23220 41496 81106 11124 21143 39870 40017 57005 77173 8872/ 333 91111 555 1/112=
 23226 41417 81709 11114 21127 39785 40008 57008 77573 885// 333 88611 
 91012 91114 92982 555 1/112=
 23305 42/// /1805 11080 21094 39924 49953 58003 555 1/106=
 23320 86/// /2106 11089 21130 39932 40007 58004=
 23324 41956 82003 11091 21113 39928 40007 57002 77072 8802/ 555 1/110=
 23405 41997 81404 11085 21104 39864 49966
 57003 70272 8805/ 555 1/109=
 23410 86/// /1706 11099 21119 39890 49990 58004 333 91112 555 53012=
 23411 NIL=
 23412 41496 82005 11095 21119 39889 49988 57004 77172 8872/ 333 91110 555 1/110=
 23416 NIL=
 23418 41950 81504 11095 21116 39931 40007 57008 77172
 8802/ 555 1/109=
 23503 42/// /1903 11090 21120 39936 49987 57004 555 1/109=
 23507 86/// /2002 11102 21107 39668 49987 57006=
 23509 42/// /1902 11094 21112 39916 49997 58008 555 1/110=
 23514 41496 81903 11103 21114 39805 40007 58005 77173 887// 333 86710 555 1/110=
 23518 42/// /1804 11098 21119 39930 40025 56007 555 1/110=
 23606 41427 81903 11094 21110 39838 40015 57005
 77372 8652/ 333 86619 555 1/110=
 23612 NIL=
 23701 NIL=
 23704 86/// /2202 11081 21081 39926 40039 55004 555 53010=
 23707 81497 81902 11079 21092 39882 40017 57004 78587 8692/ 333 86913 555 1/108=
 23708 42/// /2004 11079 21097 39877 40030 57005 555 1/108=
 23709 NIL=
 23711 41497 81803 11092 21109 39862 40037 57012 78582 889// 333 88915 555 1/110=
 23803 41496 82101 11073 21094 39863 40047 56006 78583 889// 555 1/108=
 23804 41496 82002 11070 21085 39882 40030 57002 77187 8652/ 333 86614 555 1/108=
 23807 42/// /2203 11068 21068 39881 40046 54001 555 1/107=
 23808 86/// /1904 11068 21081 39881 40053 54001=
 23812 41496 82002 11080 21095 39891 40058 57015 78582 8695/ 333 86914
 934// 555 1/109=
 23904 41557 82103 11061 21078 39903 40064 54000 77172 8552/ 333 85621
 555 1/107=
 23905 41596 82102 11058 21070 39833 40064 54000 77172 8802/ 555
 1/106=
 23909 41497 82003 11060 21074 39825 40075 57008 77172 8872/=
 23912 42/// /2003 11070 21080 39885 40082 57009 555 1/108=
 23913 41597 81401 11067 21094 39859 40094 57008 77172 8872/ 555
 1/108=
 23914 81497 82005 11069 21082 39824 40086 57007 77187 8872/ 333
 93403=
 27095 86/// /2103 11057 21068 39851 40085 54001=
 28013 41598 81903 11062 21084 39849 40085 57009 70282 889// 555
 1/107=
 28016 42/// /2003 11059 21082 39862 40093 57006 555 1/107=
 28029 41596 82104 11058 21075 39882 40106 57008 77172 885// 555
 1/106=
 28116 41495 82102 11060 21081 39868 40103 57007 77372 885//=
 28128 41596 82204 11054 21077 39963 40120 57007 77172 8802/ 555
 1/107=
 28134 41598 81902 11068 21083 39765 40125 57008 70272 8752/ 333 93401
 555 1/108=
 28138 43/// /2203 11084 21095 39548 40133 57008=
 28216 41896 82004 11072 21092 39822 40129 57006 77172 8802/ 555
 1/107=
 28222 42/// /2002 11057 21082 39930 40130 57007 555 1/107=
 28224 41467 82203 11057 21087 39914 40133 57009 77172 8802/=
 28234 41596 82004 11065 21089 39856 40143 57006 77172 885// 555
 1/106=
 28238 41596 82004 11066 21089 39835 40147 58007 77172 885// 555
 1/107=
 28313 42/// /2005 11080 21103 39943 40142 54001 333 91110 555 1/108=
 28319 41598 82103 11088 21108 39987 40159 57002 70272 885// 333
 91110=
 28321 41899 82105 11076 21094 39929 40140 57005 70272 8802/ 333
 91110=
 28324 42/// /2103 11083 21115 30028 40154 54000 333 91110 555 1/109=
 28326 41598 72104 11074 21094 39959 40153 57006 70272 87500 555
 1/107=
 28413 41596 82002 11098 21125 30036 40164 54001 77072 8757/ 555
 1/110=
 28428 41596 81904 11122 21151 39985 40181 54001 77072 8802/ 555
 1/112=
 28429 42/// /2202 11118 21133 39748 40182 58002 555 1/111=
 22983 41584 82301 11059 21070 39935 40042 57003 70272 885// 333 91004
 91105 93401 555 1/106=
 27083 41584 82102 11064 21082 39833 40060 57001 70272 885// 333 91005
 91106 555 1/106=
 27097 42/// /1803 11060 21067 39809 40076 54001 333 91005 91107 555
 1/106=
 27185 42/// /1802 11062 21077 39897 40085 50001 333 91004 91107 555
 1/106=
 27199 41497 82102 11075 21091 39898 40102 57001 78582 889// 333 91004
 91108 555 1/108=
 27281 41456 82003 11066 21080 39878 40091 57004 77172 8872/ 333 91004
 91107 555 1/107=
 27283 41496 82003 11076 21092 39930 40091 57001 77172 8872/ 333 91005
 91107 555 1/108=
 27295 42/// /1802 11088 21105 39850 40112 57005 333 91004 91106 555
 1/107=
 27296 42497 82003 11083 21109 39885 40110 57001 8802/ 333 91005 91107
 555 1/107=
 27385 414// 81901 11079 21101 39979 40112 57008 70272 887// 333 91003
 91105 555 1/108=
 27393 41497 82004 11082 21104 39949 40126 57008 77073 8672/ 333 91006
 91108 555 1/109=
 27480 42598 81601 11085 21116 39985 40118 57010 885// 333 91003 91105
 555 1/108=
 28007 41496 82002 11067 21081 39821 40089 52002 77173 8872/ 333 88711
 91004 91107 555 1/107=
 28009 41497 82104 11057 21088 39876 40091 57002 78583 889// 333 91008
 91108 555 1/106=
 28105 41998 82103 11068 21090 39895 40100 53001 70272 8802/ 333 91007
 91108 555 1/105=
 28202 41597 82305 11073 21100 39882 40110 57002 70272 885// 333 91009
 91109 555 1/107=
 28302 41597 81904 11081 21106 39891 40128 54000 77173 885// 333 91007
 91109 555 1/107=
 28307 42498 81602 11089 21113 39981 40131 57005 885// 333 91005 91107
 555 1/109=
 28402 41567 82005 11094 21113 39953 40139 57005 77173 8557/ 333 91007
 91109 555 1/111=
 28502 42997 80801 11122 21142 30045 40154 57004 8802/ 333 91002 91106
 555 1/115=
 22550 82571 81903 11021 21033 39895 49905 57008 886// 333 88622 555
 1/103=
 22778 41498 81803 11053 21067 39922 49992 57007 70282 885// 555
 1/106=
 22889 42/// /2103 11061 21070 39948 40036 57003 555 1/107=
 22762 42/// /1602 11043 21044 39920 49960 57013 555 1/105=
 22638 46/// /2002 11023 21033 39673 49896 57024=
 22671 42/// /1903 11051 21055 39862 49941 57009 555 1/106=
 22456 NIL=
 22583 41584 71902 11068 21086 39867 49949 57006 70288 875// 555 
 1/108=
 22749 42/// /2205 11020 21036 39827 49951 58012 555 1/103=
 22951 42/// /2403 11045 21051 39712 49996 58011 555 1/105=
 22887 41497 81403 11060 21071 39956 40027 56001 78582 8695/ 
 333 86916 555 1/107=
 22876 42/// /1903 11053 21064 39938 40012 57006 555 1/106=
 22481 42/// /1807 11053 21055 39860 49913 58007 333 91111 555 1/105=
 22854 42/// /2103 11040 21044 39683 49973 58013 555 1/104=
 22781 NIL=
 22676 41497 81905 11056 21076 39883 49961 57008 78587 889// 555
 1/107=
 22648 42/// /1804 11012 21018 39881 49927 57012 555 1/102=
 22559 42/// /1803 11031 21039 39903 49920 57010 555 1/104=
 22869 42/// /2004 11046 21055 39866 40016 57006 555 1/105=
 22768 41497 82005 11039 21052 39927 49977 57011 73683 885// 333 88615
 555 1/105=
 22798 42/// /1902 11075 21086 39901 40016 57005 555 1/108=
 22375 46/// /2009 11041 39864 49879 57006 333 91113=
 23207 NIL=
 23215 NIL=
 23219 NIL=
 22408 41384 81704 11026 21040 39675 49822 57036 70283 886// 333  
 88709 555   1/103=
 22511 42484 81603 11022 21041 39712 49831 57037 886// 333   88713
 555   1/103=
 22529 42598 82004 11013 21036 39864 49871 57021 885// 333   88625
 555   1/102=
 22602 41359 81803 11020 21026 39612 49834 57041 77172 8872/ 333  
 88509 555   1/102=
 22621 83469 /1805 11021 21037 39732 49870 57028 555   1////=
 22619 42498 81903 11014 21034 39711 49868 57032 885// 333   88614
 555   1/103=
 22721 41496 81601 11007 21018 39792 49889 57029 78582 889// 333  
 85914 555   1/102=
 22727 86470 /1905 11001 21024 39863 49910 57026 555   1////=
 22717 83/60 /1904 11009 21019 39701 49892 57033 555   1////=
 22802 41498 81804 10006 21010 39859 49882 57041 70282 889// 333  
 84919 555   1/101=
 22820 41497 82105 11006 21028 39781 49916 57025 70272 885// 333  
 88614 91011 91111 555   1/102=
 22831 41497 82002 11015 21034 39885 49940 57024 70282 889// 333  
 88911 555   1/102=
 22805 425// 81708 10007 21001 39870 49890 58045 885// 333   91012
 91112 555   1/100=
 22912 41456 81904 11006 21017 39917 49932 57031 77172 8802/ 333  
 88515 555   1/101=
 
