00:31:00 MSK 25.01.2023
020 123456/=о000=2131
 уйту01 бтул 242100
 22686 41497 82504 11053 21070 30060 40162 56006 77072 8652/ 333 86614=
 22695 41498 82604 11062 21086 39988 40145 57008 70272 887// 333 87713=
 22996 42/// /2102 11066 21066 30031 40224 58006=
 23220 41495 81906 11089 21102 39923 40069 57026 77373 8872/=
 23226 41438 82108 11084 21095 39848 40069 57022 77372 885// 333 
 88612 91010 91111=
 23305 42/// /2304 11072 21081 30055 40083 55013=
 23320 86/// /2406 11095 21138 30013 40089 57024 333 91012 91113=
 23324 41976 82306 11095 21121 30002 40082 57022 73673 8807/ 333 91011
 91112=
 23405 41596 82502 11068 21080 39999 40101 57018 77172 
 8655/ 333 86618=
 23410 86/// /1805 11086 21106 39990 40089 57022=
 23411 42/// /2204 11080 21089 39995 40087 57019=
 23412 41496 82304 11081 21100 39987 40087 57025 77172 8872/=
 23416 NIL=
 23418 41558 81804 11086 21110 30035 40111 57028
 77172 8652/ 333 86625=
 23503 42/// /2203 11069 21099 30058 40109 57022=
 23507 86/// /2703 11076 21085 39810 40130 56014=
 23509 42/// /2202 11065 21095 30045 40125 57019=
 23514 41397 82203 11080 21087 39917 40120 57025 77172 887// 333 85708=
 23518 42/// /2103 11085 21093 30035 40130 58028=
 23606 41260 82402 11075 21085 39965 40143 57018
 77172 8872/ 333 85705=
 23704 86/// /2503 11072 21072 39926 40039 55004=
 23701 NIL=
 23707 81497 82404 11065 21077 30038 40175 57006 77177 8652/ 333 86619=
 23708 42/// /2303 11092 21110 30021 40177 56013=
 23709 NIL=
 23711 41497 82102 11094 21112 39977 40154 57028 78587 889// 333 86712=
 23803 41496 82404 11101 21121 39993 40187 58026 77373 8802/ 333 91110=
 23804 81496 82701 11064 21077 30037 40187 57003 77172 8452/=
 23807 42/// /2505 11062 21063 30039 40206 57005=
 23808 NIL=
 23812 41396 82203 11111 21134 30011 40182 57029 78582 889// 333 85709
 934//=
 23904 41459 82302 11066 21075 30060 40223 56007 77172 8652/ 333 86612=
 23905 41595 82305 11080 21098 39976 40212 57012 77372 885//=
 23909 41497 82304 11094 21112 39957 40214 57023 77173 8652/ 333
 93401=
 23912 42/// /2003 11107 21119 30010 40212 56025=
 23913 41597 80801 11103 21135 39973 40214 57023 77172 8872/=
 23914 81495 82204 11111 21125 39946 40217 57026 78682 8692/ 333
 93607=
 28013 41595 82004 11103 21125 39983 40227 57019 78587 889//=
 28016 42/// /2302 11097 21121 30002 40240 55014=
 28029 41596 82105 11107 21127 30009 40241 57020 77172 8252/=
 28116 41496 82202 11107 21121 30009 40252 57014 77172 8872/=
 28128 41596 82307 11098 21117 30099 40261 57021 77173 8802/ 333
 91110=
 28134 41495 82002 11109 21126 39886 40257 57021 77372 8872/=
 28138 43/// /2405 11111 21126 39652 40250 57024=
 28216 41896 82304 11106 21121 39966 40282 56014 77172 8802/=
 28222 42/// /2002 11099 21118 30064 40270 57021=
 28224 41461 82303 11096 21120 30054 40279 57013 77172 8802/=
 28234 42597 82303 11094 21118 39903 40276 56016 885//=
 28238 41596 82305 11096 21119 39952 40271 56020 77172 885// 333
 91110=
 28313 42/// /2103 11109 21129 30090 40294 57013=
 28319 42598 82303 11115 21135 30133 40308 57011 885//=
 28321 41599 82204 11105 21125 30071 40287 58015 70272 8802/=
 28324 42/// /2404 11104 21136 30172 40300 58010=
 28326 42598 72504 11098 21120 30096 40294 57010 87500=
 28413 42599 81902 11121 21147 30183 40314 58012 8657/=
 28428 41596 82202 11125 21151 30126 40324 55011 77172 8802/=
 28429 42/// /2204 11113 21126 39876 40315 57013=
 22983 41584 82603 11052 21067 30115 40224 57007 70272 885// 333 91004
 91108 93403=
 27083 41458 82704 11054 21076 30003 40233 57011 77122 8802/ 333 91007
 91108=
 27097 42/// /2103 11071 21076 39978 40251 57011 333 91005 91107=
 27185 42/// /1902 11060 21073 30074 40266 57012 333 91004 91105=
 27199 41498 82303 11071 21086 30068 40274 57010 77172 8672/ 333 91005
 91106=
 27281 41484 82203 11064 21073 30064 40280 57008 70272 886// 333 91005
 91106=
 27283 41497 82303 11069 21084 30107 40270 57014 70272 885// 333 91005
 91106=
 27295 42/// /2002 11089 21104 30025 40291 58014 333 91004 91106=
 27296 42597 82303 11080 21102 30057 40286 57009 885// 333 91006
 91107=
 27385 424// 82103 11078 21092 30166 40301 57012 8675/ 333 91005
 91105=
 27393 41497 82305 11086 21099 30124 40304 57010 77072 8772/ 333 91007
 91108=
 27480 42498 82102 11077 21095 30178 40314 57011 886// 333 91004
 91105=
 28007 41497 82403 11089 21104 39982 40257 57008 77172 8802/ 333 88511
 91005 91107=
 28009 41497 82303 11082 21111 30032 40252 57009 78582 889// 333 91006
 91108=
 28105 41998 82404 11082 21102 30059 40269 57012 70272 8802/ 333 91006
 91107=
 28202 41996 82502 11088 21108 30045 40278 57011 77172 8807/ 333 91005
 91107=
 28302 41997 82302 11096 21111 30056 40298 58006 72272 8802/ 333 91004
 91105=
 28307 42498 81802 11088 21106 30156 40308 57010 885// 333 91003
 91104=
 28402 41458 82203 11104 21116 30122 40312 57009 71072 8662/ 333 91005
 91106=
 28502 42997 81903 11123 21141 30212 40324 58014 8802/ 333 91005
 91107=
 22550 82472 82603 11029 21051 30163 40173 52003 885// 333 88614=
 22778 41496 82704 11053 21066 30132 40204 57003 75685 886//=
 22889 42/// /2404 11050 21067 30126 40215 57004=
 22762 42/// /2402 11048 21049 30158 40199 50002=
 22638 46/// /2502 11050 21055 39980 40213 57002=
 22671 42/// /2401 11046 21048 30084 40165 52003=
 22456 42/// /2603 11024 21043 30049 40138 57003=
 22583 41584 72703 11048 21061 30048 40131 53001 70228 875//=
 22749 NIL=
 22951 42/// /2802 11054 21058 39956 40248 52003=
 22887 41597 82002 11046 21073 30144 40217 57003 70282 8695/
 333 86927=
 22876 42/// /2404 11049 21069 30137 40212 55003=
 22481 42/// /2504 11039 21039 30054 40108 58002 333 91110=
 22854 42/// /2403 11054 21058 39931 40230 50000=
 22781 NIL=
 22676 41498 82604 11047 21062 30089 40168 53001 70272 885//=
 22648 NIL=
 22559 42/// /2705 11032 21055 30159 40176 53003 333 91110=
 22869 42/// /2402 11061 21072 30083 40237 54001=
 22768 41497 82403 11050 21062 30163 40215 52002 70272 885// 333
 88618=
 22798 42/// /2501 11059 21070 30069 40186 57003=
 22375 46/// /2608 11036 30074 40089 57005 333 91115=
 23207 NIL=
 23215 NIL=
 23219 NIL=
 27095 86/// /2103 11067 21067 30017 40256 58009=
 22408 42484 82304 11027 21040 30010 40163 57027 885// 333   88611=
 22511 42484 82204 11027 21045 30054 40178 57013 886// 333   88710=
 22529 42598 82404 11029 21049 30180 40187 57007 885// 333   88625=
 22602 42473 72303 11032 21042 39969 40200 57017 875// 333   87611=
 22621 83370 /2305 11035 21047 30057 40200 57011=
 22619 42498 82602 11035 21049 30045 40209 57009 886// 333   88710=
 22721 41397 82902 11034 21044 30118 40219 57008 77172 8872/ 333  
 85709=
 22727 86459 /2602 11023 21037 30187 40236 57004=
 22717 83/56 /0000 11029 21034 30042 40241 57004=
 22802 41496 82101 11013 21020 30224 40248 57006 78582 889//=
 22820 41496 82704 11022 21036 30101 40241 52005 77172 885// 333  
 88614 555   51041=
 22831 41397 82601 11022 21030 30182 40239 52004 70272 8872/ 333  
 88708=
 22805 415// 82405 11001 21013 30230 40250 58002 70282 885//=
 22912 41456 82602 11003 21011 30243 40259 52001 77172 8802/ 333  
 88517=
 
