12:31:00 MSK 15.12.2023
010 111/=о000=0931
 уйту01 бтул 150900
 22686 42998 81203 11131 21155 30186 40293 57010 8807/=
 22695 42998 81103 11146 21177 30124 40289 57011 8805/=
 22996 41998 81502 11114 21136 30096 40294 57019 70272 8802/=
 23220 42599 31103 11255 21283 30228 40389 52002 82530=
 23226 42960 10000 11248 21273 30150 40392 52002 81030=
 23305 42999 71003 11222 21245 30303 40334 57004 83035=
 23320 86/// /1301 11161 21186 30302 40381 52002=
 23324 42980 81601 11160 21191 30298 40383 51001 8805/=
 23405 42973 71003 11167 21186 30221 40329 58006 87030=
 23410 86/// /1002 11197 21225 30259 40366 54000=
 23411 42599 31501 11199 21219 30254 40356 58002 83500=
 23412 41698 71302 11187 21208 30257 40364 58001 77172 82570=
 23416 NIL=
 23418 41438 81602 11154 21173 30284 40364 54000 77372
 8672/ 333 86713=
 23503 41598 81502 11145 21170 30287 40341 58005 77172 885// 333 88625=
 23507 86/// /1601 11182 21196 39995 40335 55002=
 23509 42998 81801 11143 21178 30257 40342 58008 8802/=
 23514 41497 81502 11159 21180 30140 40355 57001 77172 8652/ 333 86619=
 23518 41996 81603 11145 21170 30271 40370 50000 77172 8802/=
 23606 42962 81603 11164 21188 30168 40350 57002 84031=
 23701 42599 61101 11158 21178 30187 40328 58005 82570=
 23704 86/// /1002 11156 21167 39122 49236 55000=
 23707 81998 81002 11143 21167 30165 40308 57014 70272 8807/=
 23708 42984 81302 11154 21182 30177 40339 57008 8005/=
 23709 42998 81301 11163 21192 30147 40357 56011 8807/=
 23711 42998 81602 11171 21194 30188 40374 58002 8805/=
 23803 42999 81103 11146 21179 30160 40355 58013 84037=
 23804 81996 81403 11130 21156 30150 40306 57020 77072 8802/=
 23807 41996 81403 11129 21140 30134 40307 57022 77172 8802/=
 23808 86/// /1103 11134 21145 30154 40335 58014=
 23812 42997 70000 11156 21175 30201 40379 58008 86032 333 934//=
 23904 41970 81502 11120 21141 30148 40316 57019 70272 8802/=
 23905 42599 81402 11129 21150 30093 40338 57015 885//=
 23909 42898 81502 11127 21150 30090 40354 57016 8807/ 333 93603=
 23912 42898 81603 11116 21151 30167 40373 57013 8807/=
 23913 42999 71201 11134 21172 30142 40390 58008 8703/=
 23914 82898 81302 11135 21154 30096 40373 57014 8807/=
 28013 42898 71403 11119 21154 30110 40358 56017 87070=
 28016 42899 81502 11115 21136 30116 40357 57013 8807/=
 28029 42599 81503 11108 21157 30142 40378 57010 8352/=
 28116 42499 81602 11112 21152 30114 40361 57015 885//=
 28128 42599 81101 11100 21148 30215 40379 57011 8157/=
 28134 42698 80000 11099 21170 30016 40391 57007 8457/=
 28138 42599 82102 11109 21168 39791 40397 57006 885// 333 93646=
 28216 42899 81403 11100 21163 30049 40367 58008 8807/=
 28222 42898 81602 11092 21151 30171 40379 58012 8807/=
 28224 42870 71502 11088 21155 30154 40381 57011 87030=
 28234 42599 81803 11079 21188 30098 40393 58009 8357/=
 28238 42599 70000 11165 21200 30083 40416 57007 82520=
 28313 42898 81702 11099 21176 30168 40373 58009 8802/=
 28319 42599 71702 11083 21186 30203 40377 57014 86530=
 28321 42899 61804 11099 21171 30158 40375 58014 85032=
 28324 42699 70701 11093 21181 30252 40381 56014 87500=
 28326 42598 71101 11100 21147 30193 40393 57011 83530=
 28413 42599 81501 11084 21208 30238 40368 57015 83535=
 28428 42598 80000 11160 21201 30191 40394 58018 86531=
 28429 42998 71901 11034 21190 39960 40389 58015 80002=
 22983 41998 81203 11117 21143 30161 40273 57020 70272 8805/ 333 91004
 91106=
 27083 41558 81303 11116 21136 30039 40276 57018 77172 8802/ 333 91006
 91106=
 27097 42598 81203 11113 21133 30010 40289 58019 885// 333 91005
 91107=
 27185 41698 81203 11102 21144 30078 40273 58023 70272 8557/ 333 91005
 91106=
 27199 42998 81303 11101 21147 30090 40300 57020 8805/ 333 91006
 91106=
 27281 42982 81305 11102 21145 30036 40255 57026 8805/ 333 91008
 91109=
 27283 42498 81504 11096 21153 30112 40276 57021 885// 333 91007
 91109=
 27295 42998 81202 11102 21160 30026 40293 58019 8805/ 333 91006
 91106=
 27296 42998 81404 11107 21166 30074 40306 57019 8807/ 333 91008
 91109=
 27385 425// 71504 11094 21167 30138 40274 57020 85530 333 91007
 91108=
 27393 42598 81401 11101 21171 30132 40314 57020 8657/ 333 91003
 91106=
 27480 42598 81404 11094 21175 30131 40267 57018 885// 333 91007
 91108=
 28007 42999 81502 11112 21145 30037 40316 57018 87035 333 91004
 91105=
 28009 42598 81101 11106 21157 30110 40335 57015 8555/ 333 91002
 91104=
 28105 42998 81402 11104 21156 30110 40316 58018 8807/ 333 91004
 91106=
 28202 42982 81603 11106 21165 30092 40329 57017 8805/ 333 91005
 91106=
 28302 42998 81403 11104 21173 30088 40331 58015 84031 333 91004
 91105=
 28307 42498 81204 11111 21182 30157 40311 58020 8357/ 333 91006
 91108=
 28402 42998 81304 11097 21199 30134 40325 57018 85079 333 91006
 91106=
 28502 42998 81203 11102 21210 30223 40334 55015 83031 333 91005
 91107=
 22550 81497 71203 11120 21144 30221 40232 57009 72682 86530 333
 87614=
 22778 41496 81204 11120 21144 30173 40247 57022 77172 8672/ 333
 86711=
 22889 42/// /1004 11119 21139 30186 40279 58021=
 22762 41996 81102 11120 21136 30196 40237 58020 77072 8002/=
 22638 46/// /0901 11119 21136 39964 40202 57014=
 22671 41598 81402 11128 21148 30171 40256 58012 70282 8695/ 333
 86922=
 22456 41597 81301 11125 21159 30152 40246 57006 70282 884//=
 22583 42698 71301 11142 21163 30203 40290 57011 82570=
 22749 NIL=
 22951 41496 81103 11120 21133 39896 40194 56021 77172 8802/=
 22887 41296 81003 11116 21144 30189 40263 57023 77172 8872/
 333 86705=
 22876 41496 81104 11117 21134 30178 40258 57019 78582 889// 333
 88917=
 22481 42/// /1404 11133 21154 30222 40279 57007=
 22854 41897 80903 11125 21141 39895 40201 57022 77172 8802/=
 22781 NIL=
 22676 41896 81304 11125 21149 30180 40263 57013 77072 8807/=
 22648 NIL=
 22559 41597 81302 11119 21140 30226 40244 58010 77172 8557/ 333
 85624=
 22869 41996 81103 11115 21132 30067 40224 57026 77177 8002/=
 22768 41496 80802 11114 21137 30168 40221 57023 77172 8357/ 333
 83617=
 22798 41596 80902 11136 21154 30174 40295 58019 77172 885//=
 22375 46/// /1604 11126 21147 30249 40265 57007=
 23207 42999 81203 11167 21190 30289 40314 57003 8805/=
 23215 NIL=
 23219 NIL=
 27095 86/// /1403 11114 21128 30066 40310 57018=
 22408 42463 81301 11099 21111 30045 40202 57003 883// 333   88912
 93501=
 22511 41573 81201 11103 21120 30072 40200 57002 77072 8651/ 333  
 86626 93501=
 22529 42699 80000 11129 21142 30197 40204 57011 885// 333   88634=
 22602 41459 80501 11104 21119 39953 40190 57004 77172 885// 333  
 88614=
 22621 83561 /1001 11129 21143 30054 40203 57008=
 22619 41358 81001 11107 21119 30021 40189 57010 77172 8872/ 333  
 87708=
 22721 41497 80000 11109 21124 30092 40196 57008 70282 889// 333  
 86916=
 22727 86645 /0302 11100 21119 30135 40185 57007=
 22717 83/30 /0401 11094 21105 39976 40183 57004=
 22802 42499 80101 11080 21095 30153 40177 57003 886// 333   86712=
 22820 41930 80201 11094 21109 30034 40177 57010 77372 8802/=
 22831 41930 80802 11110 21133 30124 40182 57016 77072 8802/=
 22805 42598 80601 11064 21070 30148 40174 57001 8352/=
 22912 42999 80502 11090 21114 30152 40168 57007 8807/=
 
