21:31:00 MSK 02.03.2023
020 123456/=о000=1831
 унту01 бтул 021800
 22686 42998 00000 11244 21270 39869 49978 52003=
 22695 42998 02901 11189 21218 39797 49959 52003=
 22996 42998 21701 11172 21191 39793 49990 52006 80008=
 23220 41496 62001 11282 21315 39744 49899 52005 78582 83930=
 23226 42960 01903 11305 21330 39660 40196 52006=
 23305 41984 63101 11184 21203 39912 49941 53001 72271 86070=
 23320 66/// /2303 11229 21260 39829 49907 54000 60002 333 11211=
 23324 42982 01902 11264 21291 39819 49903 58001=
 23405 41997 30000 11180 21192 39841 49946 52002
 70271 83030=
 23410 66/// /2702 11201 21228 39807 49910 54000 60002 333 11164=
 23411 41998 83204 11171 21186 39828 49922 54000 77172 8801/=
 23412 41997 73202 11191 21213 39810 49912 54000 77172 87010=
 23416 NIL=
 23418 41965 00000 11215 21233 39837 49915 58001 72271=
 23501 NIL=
 23503 42498 83101 11193 21218 39884 49937 54000 85531 333 85613=
 23507 86/// /3502 11181 21195 39633 49961 52003=
 23509 42/// /1501 11232 21256 39863 49947 52005=
 23514 41497 82801 11192 21211 39725 49934 52003 77172 84575 333 84619=
 23518 41997 82201 11263 21287 39825 49925 54000 70272 80009 555 53004=
 23606 41960 02901 11209 21228 39766 49950 52010 
 70271=
 23612 NIL=
 23701 42980 02501 11234 21253 39834 49974 52006=
 23704 66/// /0000 11239 21250 39926 40039 55004 60002 333 11124=
 23707 81998 82801 11183 21201 39828 49968 52004 77872 8802/=
 23708 42984 21801 11242 21268 39807 49969 52004 80001=
 23709 41997 82402 11203 21232 39754 49960 52005 77072 8802/=
 23711 41997 82802 11202 21226 39757 49937 51002 77072 86025=
 23803 42999 00000 11220 21255 39780 49973 51006=
 23804 82997 60000 11178 21192 39818 49972 52005 80001=
 23807 42997 22402 11185 21197 39813 49985 52005 81031=
 23808 86/// /0000 11227 21247 39803 49985 52009=
 23812 41996 82601 11219 21248 39776 49950 52005 77172 86027=
 23904 42976 20000 11253 21272 39824 49996 52007 80001=
 23905 41999 02602 11197 21215 39742 49985 52009 70280 555 51176=
 23909 41998 22702 11197 21216 39716 49977 52009 70273 80001=
 23912 41998 20000 11243 21261 39757 49965 52008 70271 80001 555
 51157=
 23913 41999 02902 11191 21223 39712 49955 52013 70182 555 51131=
 23914 81998 03003 11201 21224 39690 49964 52010 70271=
 28013 41998 32803 11190 21217 39728 49974 51011 70271 80005 555
 51160=
 28016 42/// /2602 11177 21208 39744 49983 52012 555 51155=
 28029 41899 72902 11170 21192 39733 49964 52014 70272 84025 555
 51137=
 28116 41899 72901 11186 21202 39739 49984 52017 70272 8702/=
 28128 41998 52901 11172 21189 39816 49978 52016 70172 80001 555
 51136=
 28134 41898 83101 11160 21181 39598 49965 52013 72272 8802/ 555
 51130=
 28138 43/// /2703 11168 21193 39361 49955 52006 333 91110=
 28216 41896 62703 11161 21180 39678 49990 52016 77187 86020 555
 51126=
 28222 42/// /3101 11159 21180 39774 49978 52018 555 51120=
 28224 41865 83104 11136 21173 39757 49979 52021 77187 86015 333
 91110=
 28234 41896 83102 11134 21169 39677 49966 53015 77172 8802/ 555
 51109=
 28238 41896 82802 11132 21152 39644 49958 53007 77187 8802/ 555
 51105=
 28313 42/// /2702 11144 21172 39794 49995 51017 555 51110=
 28319 41898 62802 11132 21170 39831 40003 52022 70382 86050=
 28321 41899 62802 11137 21163 39775 49987 52017 70287 84031=
 28324 42/// /2903 11130 21173 39867 49993 52020 555 51092=
 28326 41496 82804 11121 21151 39781 49975 52026 77172 8802/ 333 91110
 555 51093=
 28413 41599 22802 11128 21170 39882 40009 52023 70281 82530 555
 51076=
 28428 41598 82803 11110 21157 39798 49989 52020 70283 84531 333 91110
 555 51077=
 28429 42/// /2804 11111 21128 39555 49978 53014 333 91110 555 51087=
 22983 42964 50000 11225 21247 39879 49993 52003 82035 333 91000
 91101=
 27083 41984 00000 11212 21232 39761 40000 52003 70271 333 91000
 91101=
 27097 41998 02301 11198 21209 39728 40008 52005 70273 333 91001
 91103=
 27185 42/// /0000 11190 21208 39815 40011 52003 333 91000 91101=
 27199 41998 00000 11193 21212 39800 40011 52005 70280 333 91000
 91104=
 27281 41984 02601 11139 21154 39794 40011 52001 70271 333 91001
 91102=
 27283 42997 02601 11153 21169 39846 40013 52002 333 91002 91102=
 27295 42997 22101 11173 21189 39752 40019 53006 82070 333 91001
 91102=
 27296 42998 00000 11173 21192 39778 40009 52004 333 91001 91102=
 27385 429// 20000 11178 21193 39884 40021 52004 82030 333 91000
 91102=
 27393 42998 02303 11158 21180 39840 40020 52006 333 91003 91105=
 27480 42598 81902 11127 21151 39893 40027 52003 885// 333 91002
 91103=
 28007 42999 02903 11166 21186 39725 40002 52008 333 91004 91104=
 28009 41998 00000 11200 21230 39778 40003 52012 70281 333 91001
 91102=
 28105 42998 22201 11188 21211 39792 40005 52008 80005 333 91002
 91102=
 28202 42997 53003 11155 21179 39768 40001 52007 80004 333 91005
 91106=
 28302 41997 20000 11177 21195 39769 40012 52007 70231 80001 333 91000
 91102=
 28307 42998 20000 11176 21202 39868 40021 52006 80001 333 91000
 91103=
 28402 41984 22302 11141 21166 39829 40017 52008 70273 80001 333 91003
 91105=
 28502 41997 02701 11161 21192 39918 40028 51013 70231 333 91002
 91105=
 22550 81369 81101 11075 21091 39944 49954 52001 70282 886// 333
 88709=
 22778 42598 61301 11144 21163 39900 49972 57003 82570=
 22889 42997 00000 11264 21288 39899 49994 52005=
 22762 41996 80901 11091 21100 39918 49958 57006 77172 8007/=
 22638 46/// /0100 11066 21073 39709 49937 52003=
 22671 42998 40000 11230 21245 39885 49970 52002 81001=
 22456 42597 70000 11101 21108 39868 49959 57002 85570=
 22583 42998 00000 11233 21257 39881 49968 52003=
 22749 41495 81801 11047 21057 39804 49929 57009 77387 8872/ 333
 88711=
 22951 41497 82401 11053 21063 39661 49945 57010 78582 889//=
 22887 41597 81102 11174 21180 39910 49984 52001 78581 8695/
 333 86922=
 22876 41997 01101 11200 21213 39901 49978 57002 70280=
 22481 41596 70000 11219 21239 39910 49967 52004 78581 84970=
 22854 41397 81901 11058 21066 39647 49938 57009 77172 8672/ 333 86707=
 22781 NIL=
 22676 42998 00000 11243 21268 39892 49977 53003=
 22648 42/// /3501 11050 21051 39891 49938 54001=
 22559 42597 81001 11090 21105 39942 49959 57002 8653/ 333 86623=
 22869 41497 70801 11070 21087 39813 49964 57009 78582 87900 333
 85913=
 22768 41497 81301 11059 21080 39902 49952 57007 78582 889// 333
 85914=
 22798 42997 30000 11231 21253 39857 49979 52005 80001=
 22375 46/// /1701 11189 39942 49958 57002=
 23207 NIL=
 23215 41998 22302 11258 21288 39805 49902 54000 77670 80001=
 23219 NIL=
 27095 66/// /0000 11209 21218 39769 40015 52007 60002 333 11115=
 22408 12984 83102 11034 21058 39804 49954 52001 60002 85075 333  
 10008=
 22511 12984 72902 11033 21057 39826 49947 57001 69902 87030 333  
 10006=
 22529 11596 80000 11067 21076 39932 49939 52001 69972 889// 333  
 11029 88921=
 22602 12977 22902 11024 21064 39733 49958 57002 60002 8203/ 333  
 10012=
 22621 11498 83002 11020 21028 39802 49941 52003 60022 726// 889//
 333   10000 86919=
 22619 12998 72805 11017 21045 39784 49942 54000 69952 80005 333  
 10000=
 22721 11496 83002 11012 21024 39843 49941 54000 60012 78582 8691/
 333   10002 86916=
 22727 12970 03101 11025 21050 39903 49951 57003 60022 333   10007=
 22717 12998 02602 11023 21061 39771 49965 57005 69932 333   10023=
 22802 12698 62801 11005 21025 39953 49976 57009 60002 82532 333  
 10036=
 22820 11698 62704 11005 21057 39817 49952 57006 60022 70272 86500
 333   10011 86644 91110=
 22831 11597 72802 11016 21033 39883 49938 57003 60022 70282 84930
 333   11009 84920=
 22805 125// 62904 10003 21004 39962 49982 57012 60002 84531 333  
 10024=
 22912 12984 22703 11008 21037 39956 49971 57011 60012 82030 333  
 10022=
 
