21:31:00 MSK 20.07.2023
020 123456/=о000=1831
 унту01 бтул 201800
 22686 81598 71302 10183 20173 39794 49885 53013 70282 82389=
 22695 42/// /1204 10179 20159 39743 49883 52016=
 22996 81498 72102 10171 20150 39743 49914 52009 70282 86901=
 23220 41498 70805 10194 20151 39845 49975 53005 72582 87900=
 23226 42960 81602 10214 20170 39779 49975 53005 8805/=
 23305 41799 61102 10196 20178 39912 49937 53006 72998 82170=
 23320 66/// /1302 10191 20153 39890 49957 54000 60002 333 10282=
 23324 41582 71002 10199 20173 39893 49963 53002 72598 81940=
 23405 41570 61102 10192 20171 39840 49931 53015 70298 81930=
 23410 66/// /1702 10195 20143 39864 49953 53011 60002 333 10281=
 23411 41599 71202 10206 20156 39862 49943 53010 70298 86901=
 23412 42699 51501 10189 20151 39863 49952 53012 82530=
 23416 NIL=
 23418 41965 61802 10188 20172 39883 49951 52006 70292
 86030 333 91110=
 23501 NIL=
 23503 41598 81202 10197 20153 39890 49936 52010 70282 82935=
 23507 86/// /1402 10177 20176 39630 49915 52012=
 23509 42598 61502 10196 20159 39856 49927 52007 83930=
 23514 41597 71302 10190 20168 39759 49939 52006 70282 83981=
 23518 82698 80901 10175 20166 39866 49950 55000 82579 555 53014=
 23606 42662 71202 10176 20176 39774 49927 52008 81460=
 23612 NIL=
 23701 41599 61201 10179 20160 39796 49915 52014 70282 82834=
 23704 66/// /1403 10191 20180 39926 40039 55004 60002 333 10232=
 23707 81598 81403 10185 20160 39782 49903 52007 70282 86931 333 84626=
 23708 42984 61401 10166 20133 39789 49927 52011 80031=
 23709 82798 71601 10175 20149 39760 49938 52011 85533=
 23711 41598 60801 10159 20156 39788 49945 52002 70298 83971=
 23803 42699 51202 10175 20130 39768 49933 53008 82580=
 23804 42597 71502 10190 20149 39775 49908 52006 83930=
 23807 42497 61603 10169 20150 39764 49913 52008 83930 333 91110=
 23808 86/// /1302 10162 20133 39775 49931 52010=
 23812 81597 60000 10172 20156 39803 49953 52008 70298 86500=
 23904 42970 21802 10164 20143 39783 49928 52009 82070=
 23905 82599 21702 10163 20140 39730 49940 52009 82500 555 50176=
 23909 81598 51903 10161 20143 39727 49955 52008 70282 82350=
 23912 81498 51702 10173 20157 39784 49961 52009 70192 85500 555
 50194=
 23913 81599 63101 10173 20156 39761 49973 52011 70282 85530 555
 50196=
 23914 82498 62003 10170 20135 39725 49963 52009 86400=
 28013 82598 51802 10162 20122 39746 49960 52010 82530 555 50186=
 28016 82/// /1702 10168 20143 39755 49964 52010 555 50182=
 28029 82699 71903 10178 20135 39770 49973 52010 85530 555 50195=
 28116 82499 61701 10161 20133 39757 49972 52009 85470 333 91110=
 28128 82599 82202 10185 20149 39839 49981 52008 82531 333 91113 555
 50195=
 28134 82598 81901 10162 20130 39663 49989 52010 8657/ 555 50180=
 28138 43/// /2103 10146 20121 39468 49999 52006 333 91110=
 28216 81599 72104 10163 20112 39708 49986 52005 70282 87900 555
 50177=
 28222 42/// /2002 10177 20129 39807 49987 50007 555 50191=
 28224 82670 51803 10167 20125 39793 49991 52004 83540=
 28234 81898 51802 10155 20124 39740 40000 50005 70182 85040 555
 50179=
 28238 82599 62201 10158 20118 39723 40007 52006 86400 555 50176=
 28313 42/// /2202 10172 20106 39817 49995 53010 555 50181=
 28319 82598 52402 10177 20110 39852 40004 53012 83550 333 91110=
 28321 82599 82003 10175 20125 39802 49991 52005 889//=
 28324 42/// /2303 10181 20105 39889 40001 53010 555 50186=
 28326 82598 21601 10148 20124 39826 40002 52003 82500 555 50183=
 28413 82599 31802 10172 20098 39894 40008 51012 82430 555 50191=
 28428 82599 62301 10160 20093 39842 40015 52013 86900 555 50187=
 28429 42/// /2002 10157 20112 39633 40018 57004 555 50183=
 22983 41498 80000 10170 20164 39804 49901 52007 70282 8695/ 333 91001
 91105=
 27083 41499 81902 10156 20148 39710 49916 52009 70282 887// 333 91004
 91107=
 27097 41498 81803 10150 20148 39691 49935 52010 70282 8793/ 333 91005
 91108=
 27185 42/// /1901 10154 20138 39775 49946 52011 333 91005 91107=
 27199 41498 72202 10158 20145 39772 49955 52009 70282 87300 333 91004
 91108=
 27281 41482 82304 10148 20136 39763 49957 52009 70282 885// 333 91006
 91108=
 27283 41498 82303 10156 20137 39814 49959 52011 70282 889// 333 91005
 91109=
 27295 41498 82002 10151 20129 39735 49970 52012 70280 889// 333 91006
 91108=
 27296 41580 72304 10157 20123 39765 49967 52012 70282 87900 333 91007
 91110=
 27385 415// 62102 10150 20126 39864 49984 52012 70282 84530 333 91005
 91106=
 27393 41598 62205 10151 20132 39826 49986 52012 70282 84530 333 91006
 91110=
 27480 41598 82203 10164 20123 39878 49998 52013 70282 86501 333 91007
 91107=
 28007 42499 81902 10158 20133 39703 49946 52009 886// 333 88715 91004
 91108=
 28009 41498 71803 10168 20126 39759 49954 52010 70282 85901 333 91005
 91106=
 28105 41598 62001 10144 20130 39776 49957 52011 72582 86300 333 91003
 91109=
 28202 42597 82202 10156 20126 39760 49967 52009 889// 333 91004
 91108=
 28302 41598 62303 10160 20114 39768 49981 53008 70282 84931 333 91008
 91108=
 28307 41498 81902 10152 20112 39857 49992 51013 70282 86931 333 91005
 91109=
 28402 41498 62104 10137 20123 39830 49999 52012 72582 83971 333 91007
 91111=
 28502 42597 82104 10158 20100 39916 40014 51013 84931 333 91005
 91112=
 22550 81597 70102 10177 20175 39887 49897 52008 72998 85960=
 22778 41498 81201 10172 20165 39811 49875 52003 70298 8257/=
 22889 41498 30000 10167 20161 39819 49899 52007 70181 83500=
 22762 81293 80000 10186 20186 39835 49870 56011 74684 886//=
 22638 46/// /3303 10156 20153 39710 49920 57008=
 22671 41998 70000 10179 20171 39798 49870 54001 70298 87070=
 22456 41997 80201 10180 20118 39831 49912 52004 72992 86094=
 22583 41597 70601 10186 20183 39815 49889 53001  78088 86970=
 22749 41497 82903 10161 20160 39778 49893 57007 76162 8872/ 333 88710=
 22951 11497 82802 10141 20138 39646 49908 57003 60002 78082 889// 333
 10178=
 22887 42499 71702 10180 20172 39826 49890 52004 
 82931=
 22876 42997 71802 10171 20163 39819 49886 52008 87070=
 22481 NIL=
 22854 41297 82803 10157 20154 39624 49891 57007 76186 8872/ 333
 87705=
 22781 NIL=
 22676 41598 71901 10180 20175 39795 49866 58003 70298 86940=
 22648 41395 83105 10156 20154 39855 49898 57005 79598 889// 333 
 88907 =
 22559 81598 80301 10187 20169 39872 49887 58003 70298 8253/=
 22869 41697 82102 10167 20159 39752 49889 54001 70282 885// 333
 88634=
 22768 41497 82302 10173 20171 39827 49873 52002 78098 889// 333
 86912=
 22798 41598 61202 10180 20173 39794 49897 52009 70282 83831=
 22375 46/// /0609 10138 20112 39929 49943 57002 333 91115=
 23207 NIL=
 23215 41698 70701 10189 20183 39877 49958 55001 70298 87800=
 23219 NIL=
 27095 66/// /1902 10155 20155 39729 49941 52009 60002 333 10216=
 22408 12399 83502 10167 20150 39828 49967 54000 69902 886// 333  
 10189 88709=
 22511 11457 83602 10170 20149 39848 49960 52002 69902 76162 8472/
 333   10198=
 22529 11599 83203 10137 20128 39924 49930 57006 60042 72582 889//
 333   10178 88924=
 22602 12475 72902 10180 20120 39755 49964 52003 60002 87900 333  
 10206 87916=
 22621 11462 82903 10163 20153 39814 49944 57002 69952 780// 8535/
 333   10195 85914=
 22619 11459 82804 10153 20142 39802 49950 54000 60022 76162 8257/
 333   10210=
 22721 11697 83002 10154 20143 39854 49946 57004 60022 78082 889//
 333   10192 85636=
 22727 12970 83001 10159 20146 39914 49959 54000 60032 8807/ 333  
 10185=
 22717 12998 82601 10165 20114 39791 49972 52002 60002 80005 333  
 10196=
 22802 12999 72502 10188 20128 39960 49982 52001 60002 82032 333  
 10218=
 22820 11670 82503 10167 20120 39832 49959 57001 69962 70262 8441/
 333   10181=
 22831 11397 82803 10146 20138 39885 49937 57005 60162 76386 8872/
 333   10156 88706=
 22805 12598 82904 10165 20137 39965 49984 52004 60002 888// 333  
 10210=
 22912 12999 72702 10174 20128 39964 49978 52001 60002 82031 333  
 10211=
 
