03:31:00 MSK 19.11.2023
020 123456/=о000=0031
 унту01 бтул 190000
 22686 41497 82304 11053 21070 30007 40109 57006 77172 8552/ 333 85614 555 1/105=
 22695 41598 82403 11064 21084 39938 40095 57006 70272 885// 555 1/105=
 22996 41498 82302 11062 21062 39970 40162 57005 78582 889// 333 88912 555 1/102=
 23220 41598 81301 11208 21227 39930 40083 52003 70272 885// 555 1/126=
 23226 41960 00402 11204 21223 39854 40085 52002 70271 555 1/121=
 23305 42/// /1401 11049 21050 30014 40042 54001 555 1/104=
 23320 86/// /0101 11158 21167 30002 40079 52003=
 23324 42979 00201 11268 21296 30004 40090 53003 555 1/132=
 23405 41996 81902 11045 21054 39953 40055 53001 77072 
 8807/ 555 1/105=
 23410 86/// /1201 11095 21111 39965 40065 54001 555 53002=
 23411 42/// /1801 11067 21070 39962 40053 57002 555 1/106=
 23412 41397 71301 11089 21100 39964 40064 52001 77172 84710 333 84708 555 1/109=
 23416 NIL=
 23418 41546 81501 11084 21095 39995 40071 58002 77172
 8652/ 333 86620 555 1/108=
 23503 42/// /2102 11057 21068 30012 40063 57002 555 1/105=
 23507 86/// /2603 11066 21071 39761 40078 57004=
 23509 NIL=
 23514 41396 82403 11072 21078 39873 40074 57002 77172 8772/ 333 87709 555 1/107=
 23518 42/// /2003 11087 21096 39989 40083 57003 555 1/107=
 23606 41460 82303 11071 21076 39926 40097 54000 72687 885// 333 88614 555 1/105=
 23612 NIL=
 23701 42/// /2203 11080 21090 39987 40121 57006 555 1/108=
 23704 86/// /2403 11073 21076 39345 49459 53002 555 53007=
 23707 81597 82703 11068 21080 39996 40132 57003 76876 8657/ 333 86621 934// 555 1/105=
 23708 42/// /2403 11078 21103 39982 40137 57002 555 1/105=
 23709 41498 82403 11079 21112 39937 40137 54001 70272 885// 333 88617 555 1/107=
 23711 41498 72403 11073 21091 39937 40112 57003 70282 87900 333 87914 555 1/108=
 23803 41597 82603 11075 21112 39965 40151 58001 78582 889// 333 88923 555 1/105=
 23804 81496 82401 11069 21088 39990 40140 57005 77072 8657/ 333 86616 555 1/103=
 23807 43/// /2303 11072 21072 39988 40155 55004 555 1/105=
 23808 86/// /2003 11073 21085 39983 40157 57005=
 23812 41496 82402 11081 21101 39966 40134 58003 78582 889// 333 934//
 555 1/103=
 23904 41458 82101 11069 21076 30003 40165 57005 77172 8252/ 555 1/106=
 23905 41596 82002 11081 21093 39928 40164 57005 77172 885// 555
 1/108=
 23909 41497 82503 11082 21096 39911 40166 57003 77172 8752/=
 23912 41597 82102 11084 21097 39958 40157 54001 77172 8252/ 555
 1/107=
 23913 41597 83001 11089 21116 39920 40158 52003 77172 8872/ 555
 1/104=
 23914 81496 82403 11092 21105 39895 40162 54000 78582 889//=
 27095 86/// /2303 11067 21067 39958 40195 55003=
 28013 41597 82203 11087 21109 39931 40171 54001 78582 889// 555
 1/107=
 28016 42/// /2502 11080 21088 39945 40178 57003 555 1/104=
 28029 41599 82303 11091 21114 39948 40178 57001 70272 885// 555
 1/107=
 28116 41496 82302 11084 21105 39948 40189 57003 77172 8872/=
 28128 41596 82304 11085 21113 30033 40193 57001 77172 8802/ 555
 1/106=
 28134 41598 82501 11105 21127 39823 40191 52004 70272 8652/ 555
 1/106=
 28138 43/// /2604 11109 21132 39586 40180 52003 333 91111=
 28216 41896 82403 11104 21121 39897 40210 54001 77172 8802/ 555
 1/110=
 28222 42/// /2502 11090 21118 39998 40202 52003 555 1/106=
 28224 41550 82502 11097 21119 39985 40209 52007 77372 8802/=
 28234 41898 32603 11099 21138 39910 40202 52008 70171 83030 555
 1/106=
 28238 41596 82504 11099 21134 39880 40198 53006 77172 8552/ 555
 1/107=
 28313 42/// /2302 11080 21113 30017 40217 52003 555 1/105=
 28319 41598 82603 11073 21129 30056 40227 52006 70272 885//=
 28321 42899 62602 11110 21127 30001 40215 52003 86070=
 28324 42/// /2603 11073 21125 30094 40220 52005 555 1/106=
 28326 41597 82704 11095 21125 30019 40215 52008 77172 8802/ 555
 1/108=
 28413 41599 82602 11069 21132 30106 40233 52008 70272 885// 555
 1/105=
 28428 41596 83002 11072 21096 30032 40225 53009 77372 8802/ 555
 1/104=
 28429 NIL=
 22983 41466 82502 11052 21061 30056 40164 54000 77172 8872/ 333 91004
 91105 555 1/105=
 27083 41459 82403 11059 21075 39945 40175 57003 77172 885// 333 91004
 91106 555 1/105=
 27097 42/// /2303 11070 21076 39920 40192 57002 333 91005 91107 555
 1/106=
 27185 42/// /2101 11068 21085 30020 40211 54001 333 91004 91105 555
 1/103=
 27199 41596 82402 11074 21093 30005 40210 57002 77172 8672/ 333 91005
 91107 555 1/105=
 27281 41459 82502 11064 21081 30005 40220 57002 77172 8872/ 333 91005
 91105 555 1/106=
 27283 41496 82302 11069 21087 30056 40218 57002 77172 8872/ 333 91004
 91106 555 1/103=
 27295 42/// /2001 11081 21099 39964 40227 54001 333 91003 91105 555
 1/104=
 27296 41696 82403 11078 21106 39994 40222 52002 77172 885// 333 91005
 91107 555 1/103=
 27385 415// 82402 11055 21090 30102 40236 57001 70272 8455/ 333 91004
 91105 555 1/105=
 27393 41497 82203 11078 21100 30060 40238 52004 78582 8697/ 333 91004
 91106 555 1/107=
 27480 42598 22202 11088 21109 30114 40249 52002 82500 333 91003 91104
 555 1/107=
 28007 41497 82403 11076 21094 39919 40192 57002 78522 8735/ 333 87916
 91006 91106 555 1/104=
 28009 41496 82302 11072 21093 39968 40186 57004 77187 8802/ 333 91004
 91106 555 1/105=
 28105 41497 82403 11076 21089 30001 40202 54000 77172 8872/ 333 91005
 91106 555 1/104=
 28202 41596 82602 11079 21103 39980 40211 52002 77172 885// 333 91005
 91105 555 1/105=
 28302 41597 82402 11082 21109 39987 40226 52004 78582 8597/ 333 91005
 91105 555 1/104=
 28307 41498 81802 11079 21113 30090 40241 51003 77172 885// 333 91003
 91105 555 14105=
 28402 41576 82602 11075 21122 30054 40242 52010 77172 8652/ 333 91004
 91106 555 1/105=
 28502 42597 82805 11070 21105 30141 40249 52010 885// 333 91007 91107
 555 1/106=
 22550 81471 82604 11030 21048 30108 40118 57007 70282 885// 333 88618
 555 1/104=
 22778 41498 82603 11046 21069 30080 40151 54000 70287 885// 333 88617
 555 1/104=
 22889 42/// /2402 11058 21065 30070 40159 54000 555 1/103=
 22762 41497 82602 11048 21061 30116 40156 52003 70272 885// 555
 1/105=
 22638 46/// /2803 11051 21068 39932 40164 57004=
 22671 NIL=
 22456 NIL=
 22583 41598 72604 11033 21050 39985 40066 57005 70288 87500 555
 1/104=
 22749 42/// /2803 11034 21047 30042 40170 54000 555 1/104=
 22951 42/// /2502 11055 21061 39903 40194 54001 555 1/103=
 22887 41597 82001 11051 21061 30082 40154 57004 77187 8802/ 
 333 88523 555 1/104=
 22876 41597 82503 11047 21057 30084 40159 54001 70282 889// 333 88921
 555 1/103=
 22481 42/// /2404 11040 21046 39993 40047 54000 333 91110 555 1/104=
 22854 42/// /2603 11047 21055 39883 40180 52002 555 1/104=
 22781 NIL=
 22676 41496 82704 11040 21057 30035 40114 53001 77172 8872/ 333 93401
 555 1/103=
 22648 42498 82702 11041 21043 30114 40162 58003 885// 333 88616 555
 1/104=
 22559 42/// /2705 11034 21054 30111 40128 50001 333 91111 555 1/103=
 22869 41497 82602 11044 21054 30026 40178 54000 78588 889// 333 86912
 555 1/103=
 22768 41497 82702 11041 21064 30108 40159 54000 70272 885// 333 88618
 555 1/103=
 22798 41597 82202 11069 21076 30023 40139 56001 70275 885// 333 93401
 555 1/106=
 22375 46/// /3304 11016 21020 30018 40033 52008 333 91116=
 23207 NIL=
 23215 42198 80000 11214 21231 39989 40086 52003 886// 333 88701 555
 1/120=
 23219 NIL=
 22408 41659 82601 11043 21058 39996 40149 57005 78582 889// 333  
 88933 555   1/107=
 22511 41480 82403 11034 21059 30027 40151 57005 70282 8451/ 555  
 1/105=
 22529 42598 82803 11036 21065 30140 40147 57005 885// 333   88624
 555   1/104=
 22602 42473 82602 11061 21074 39943 40176 57005 885// 333   88610
 555   1/105=
 22621 83470 /2604 11044 21068 30022 40165 57002 555   1////=
 22619 42498 82604 11050 21066 30006 40170 57007 885// 333   88615
 555   1/105=
 22721 42497 82902 11041 21064 30074 40175 57005 887// 333   86711
 555   1/104=
 22727 86570 /2702 11027 21049 30137 40186 57005 555   1////=
 22717 83/70 /2401 11040 21049 39988 40191 57005 555   1////=
 22802 42598 82201 11020 21040 30174 40198 57005 889// 333   88930
 555   1/103=
 22820 41597 82402 11037 21051 30050 40190 57004 77172 885// 333  
 88630 555   1/104=
 22831 42597 72801 11024 21054 30127 40183 52002 87900 333   87921
 555   1/104=
 22805 425// 82806 11003 21033 30176 40201 57006 885// 333   91110
 555   1/101=
 22912 41925 82001 11017 21023 30184 40200 57004 77372 8802/ 555  
 1/101=
 
