18:31:00 MSK 18.04.2023
020 123456/=о000=1531
 уйту01 бтул 181500
 22686 12998 00701 10097 21092 30217 40316 52009 60002 333 10111 555 50022 53005=
 22695 12999 01102 10083 21111 30155 40307 52008 60002 333 10087 555
 50042 53006=
 22996 12999 00502 10127 21144 30092 40273 52009 60002 333 10147 555
 50064 53006=
 23220 12999 61001 11162 21200 30204 40358 58005 60002 83031 333 11127 555 51197 53003=
 23226 12960 31603 11150 21192 30126 40359 58005 60002 80005 333 11132 
 555 51173 53004=
 23305 12999 21202 10040 21109 30308 40336 58003 60002 80005 333 10050
 555 51006 53005=
 23320 76/// /0000 11049 21153 30276 40352 57002 333 60002 555 51129 53005=
 23324 12986 20801 11064 21158 30272 40353 57002 60002 80001 333 11028
 555 51153 53004=
 23405 12973 01202 10048 21141 30234 40334 54000 60002 333
 10053 555 50002 53007=
 23410 76/// /0901 11028 21151 30248 40348 57003 333 60002=
 23411 12999 00601 10032 21132 30250 40340 58003 60002 333 10054
 555 51029 53003=
 23412 12999 01502 11016 21123 30248 40348 58004 60002 333 10003 555 51071 53004=
 23416 NIL=
 23418 12965 00000 10036 21074 30270 40344 54000 60002
 333 10054 555 51040 53004=
 23503 12998 00101 10056 21162 30287 40338 54001 60002 333 10066 555 51017 53005=
 23507 66/// /1601 10068 21106 30017 40327 52005 60002 333 10076 555 50006 53006=
 23509 12998 01901 10061 21083 30257 40335 52005 60002 333 10083 555
 50013 53006=
 23514 12997 61301 10045 21062 30142 40341 52007 60002 80005 333 10057 555 51003 53006=
 23518 12998 03302 10049 21119 30254 40346 52003 60002 333 10088=
 23606 12962 01104 10047 21074 30168 40336 52006 60002 333 10061 555 50006 53007=
 23701 12999 11001 10076 21080 30199 40328 52010 60002 80001 333 10087
 555 50013 53008=
 23704 76/// /1102 10081 21057 39926 40039 55004 333 60002=
 23707 62999 60503 10082 21069 30178 40310 52009 60002 80001 333 10096 555 50038 53007 =
 23708 12998 00603 10078 21083 30172 40321 52008 60002 333 10087 555
 50022 53008=
 23709 12998 01101 10064 21104 30139 40332 52011 60002 333 10085 555
 50018 53005=
 23711 12998 00901 10032 21122 30172 40343 52007 60002 333 10050 555 50010 53007=
 23803 12999 01002 10071 21107 30149 40329 52012 60002 333 10092 555 50033 53007=
 23804 62997 00502 10091 21070 30159 40303 52008 60002 333 10102 555 50033 53006=
 23807 12998 10603 10102 21036 30135 40294 52009 60002 80001 333 10116
 555 50054 53007=
 23808 66/// /0403 10094 21086 30139 40305 52010 60002 333 10110=
 23812 12997 00000 10051 21144 30173 40337 52009 60002 333 10069 555
 50005 53007=
 23904 12970 20603 10113 21144 30133 40286 52011 60002 80005 333 10139
 555 50043 53007=
 23905 12999 00901 10090 21099 30074 40298 52014 60002 333 10122 555
 53007=
 23909 12998 11003 10073 21074 30067 40311 52013 60002 80001 333
 10101=
 23912 12998 21002 10065 21102 30132 40324 52013 60002 80001 333 10084
 555 53009=
 23913 12999 00902 10043 21155 30103 40335 52015 60002 333 10066 555
 53009=
 23914 62899 20703 10060 21076 30062 40319 52012 60002 81041 333
 10075=
 28013 12999 00403 10076 21083 30076 40306 52012 60002 333 10098 555
 53008=
 28016 12999 00603 10090 21077 30075 40297 52013 60002 333 10116 555
 53008=
 28029 12999 00803 10068 21062 30090 40309 52017 60002 333 10103 555
 53007=
 28116 12999 00902 10096 21103 30062 40289 52015 60002 333 10129=
 28128 12999 10703 10086 21053 30143 40295 52014 60002 80001 333 10118
 555 53007=
 28134 12998 00401 10050 21056 39960 40312 52016 60002 333 10097 555
 53006=
 28138 12999 00502 10021 21066 39748 40322 52013 60002 333 10043=
 28216 12899 20703 10109 21124 39983 40274 52011 60002 81045 333 10142
 555 53007=
 28222 12898 10904 10091 21070 30099 40291 53015 60002 81040 333 10129
 555 53008=
 28224 12970 20903 10100 21071 30072 40282 52013 60002 82040 333
 10133=
 28234 12999 00801 10073 21096 30024 40301 52016 60002 333 10120 555
 53007=
 28238 12999 00504 10064 21093 30002 40305 52016 60002 333 10102 555
 53011=
 28313 12598 50702 10119 21109 30082 40270 52008 60002 85500 333 10149
 555 53006=
 28319 12599 51202 10071 21072 30110 40272 52006 60002 82530 333
 10151=
 28321 12899 50802 10113 21114 30073 40273 52010 60002 83031 333
 10149=
 28324 12599 60801 10132 21137 30151 40268 52007 60002 84405 333 10148
 555 53007=
 28326 12598 30803 10101 21068 30096 40280 52015 60002 82530 333 10147
 555 53007=
 28413 12599 60000 10116 21087 30150 40270 52005 60002 82534 333 10152
 555 53007=
 28428 12599 80000 10119 21111 30091 40272 52010 60002 83931 333 10149
 91112 555 53012=
 28429 12898 73101 10096 21101 39870 40275 52007 60002 82025 333 10123
 555 53013=
 22983 12998 00401 10125 21120 30175 40277 52006 60002 333 10152 91003
 91105 555 50052 53005=
 27083 12999 20502 10131 21115 30045 40261 52006 60002 80001 333 10149
 91003 91106 555 50063 53008=
 27097 12998 10602 10135 21118 30007 40261 52005 60002 81040 333 10153
 91003 91105 555 50069 53007=
 27185 12698 70000 10120 21057 30081 40260 52005 60002 87500 333 10160
 91000 91105 555 50074 53008=
 27199 12598 71601 10136 21095 30070 40261 52005 60002 85531 333 10156
 91002 91103 555 50079 53005=
 27281 12582 61001 10129 21066 30055 40256 52004 60002 83541 333 10149
 91002 91105 555 50085 53006=
 27283 12598 60901 10130 21065 30106 40258 52004 60002 83531 333 10155
 91001 91106 555 50075 53006=
 27295 12998 60000 10117 21077 30014 40259 52005 60002 83075 333 10156
 91000 91104 555 50082 53004=
 27296 12998 81001 10128 21104 30046 40258 52004 60002 86031 333 10162
 91002 91104 555 50072 53006=
 27385 124// 80101 10137 21045 30128 40253 52006 60002 887// 333 10162
 91003 91106 555 50085 53009=
 27393 12598 50000 10136 21073 30096 40262 52003 60002 82475 333 10152
 91001 91103 555 50077 53006=
 27480 12498 82401 10134 21022 30129 40254 52001 60002 83931 333 10158
 91003 91104 555 50100 53007=
 28007 12699 31001 10127 21132 30013 40269 52007 60002 83100 333 10152
 91003 91105 555 50085 53006=
 28009 12998 20501 10113 21160 30076 40282 52009 60002 80009 333 10140
 91002 91105 555 50052 53006=
 28105 12998 10301 10133 21163 30069 40263 52005 60002 81040 333 10154
 91002 91105 555 50065 53006=
 28202 12681 21901 10127 21105 30046 40262 52005 60002 82201 333 10156
 91001 91104 555 50082 53005=
 28302 12998 80801 10133 21100 30040 40262 52006 60002 84031 333 10153
 91002 91104 555 50069 53005=
 28307 12498 83301 10130 21059 30117 40257 52005 60002 83431 333 10162
 91002 91104 555 50079 53006=
 28402 12598 70702 10131 21052 30084 40258 52003 60002 81575 333 10153
 91002 91105 555 50101 53008=
 28502 12598 72002 10145 21058 30154 40255 50001 60002 86430 333 10175
 91003 91111 555 50098 53011=
 22550 62997 03102 10043 21005 30329 40339 52009 60002 333 10073 555
 50013 53007=
 22778 12998 00501 10124 21150 30229 40297 52007 60002 333 10129 555
 50046 53006=
 22889 12998 00603 10121 21155 30201 40286 52008 60002 333 10144 555
 50046 53007=
 22762 12998 03002 10108 21122 30270 40309 52005 60002 333 10128 555
 50036 53005=
 22638 46/// /0203 10047 21017 30119 40347 52012=
 22671 12999 03602 10092 21098 30238 40316 52009 60002 333 10112 555
 50026 53006=
 22456 12998 13502 10061 21036 30250 40338 52014 60002 80001 333 10096
 555 50012 53006=
 22583 12998 00401 10087 21161 30237 40317 52005 60002
 333 10116 555 50010 53003=
 22749 NIL=
 22951 12898 50901 10114 21161 30011 40287 52007 60002 85030 333 10134
 555 50047 53006=
 22887 12999 00603 10126 21054 30216 40284 52009 60002 333 
 10146 555 50052 53006=
 22876 12997 00502 10123 21137 30218 40291 52006 60002 333 10141 555
 50054 53006=
 22481 12998 00000 10059 21128 30275 40328 52004 60002 333 10073 555
 51025 53004=
 22854 12898 20203 10113 21144 30013 40297 52008 60002 82041 333 10125
 555 50054 53008=
 22781 NIL=
 22676 12998 00402 10107 21118 30232 40308 52008 60002 333 10125 555
 50030 53005=
 22648 NIL=
 22559 12998 23003 10058 21045 30315 40331 53010 60002 80001 333 10097
 555 50029 53006=
 22869 12997 00304 10124 21128 30141 40286 53007 60002 333 10148 555
 50082 53007=
 22768 12997 00602 10126 21125 30251 40300 52006 60002 333 10135 555
 50050 53008=
 22798 12998 20702 10091 21083 30196 40308 52010 60002 80001 333 10111
 555 50032 53006=
 22375 NIL=
 23207 12999 00402 10018 21048 30305 40328 57001 60002 333 10046 555
 51002 53005=
 23215 NIL=
 23219 NIL=
 27095 76/// /0403 10138 21130 30050 40272 52005 333 60002 555 50053 53006=
 22408 22699 73502 10075 21019 30225 40375 52007 82531 333   60002=
 22511 22698 30302 10073 21023 30248 40369 52009 83400 333   60002=
 22529 22599 63602 10046 21005 30355 40362 52010 84502 333   60002=
 22602 22477 70302 10067 20006 30136 40363 52007 86530 333   60002=
 22621 73/70 /0302 10064 21014 30220 40360 52012 333   60002=
 22619 22498 30402 10068 21028 30190 40350 52010 82530 333   60002=
 22721 22998 20401 10075 21050 30246 40345 52012 80001 333   60002=
 22727 76/70 /0304 10100 21101 30284 40332 52009 333   60002=
 22717 73/70 /0203 10078 21059 30143 40337 52010 333   60002=
 22802 22999 70305 10102 21079 30308 40331 52007 80001 333   60002
 91110=
 22820 22970 60304 10092 21127 30191 40327 52008 82031 333   60002=
 22831 22998 33603 10097 21108 30257 40312 52010 80001 333   60002=
 22805 22998 33601 10110 21106 30308 40328 54000 80001 333   60002=
 22912 22999 50604 10108 21117 30296 40311 52008 82041 333   60002=
 
