12:31:00 MSK 28.09.2023
010 111/=о000=0931
 уйту01 бтул 280900
 22686 81496 81702 10108 20102 30046 40142 57027 76162 8452/=
 22695 42698 82002 10113 20085 39986 40133 57028 885//=
 22996 82598 72202 10146 20098 30024 40205 57026 84530=
 23220 41395 82701 10060 20056 39942 40080 57009 75152 886// 333 88709=
 23226 41229 80502 10020 20017 39878 40092 57004 75052 886// 333 88705=
 23305 42599 82503 10121 20097 30094 40120 57002 8253/=
 23320 86/// /2403 10100 20095 30036 40106 56005=
 23324 41358 82403 10092 20086 30022 40097 58005 75052 886// 333 88707=
 23405 42470 82602 10114 20088 30033 40127
 57013 885// 333 88619=
 23410 86/// /2204 10113 20100 30015 40107 57008=
 23411 42499 82403 10112 20101 30029 40115 57005 8772/=
 23412 41399 82503 10112 20105 30017 40110 57007 72582 883// 333 85707=
 23416 NIL=
 23418 41465 72402 10114 20102 30053 40123 57006 72582 
 86930 333 84614=
 23503 42598 82802 10142 20090 30081 40129 57012 86931 333 85920=
 23507 86/// /2703 10107 20088 39839 40138 58017=
 23509 42998 82502 10144 20056 30067 40142 57012 8802/=
 23514 41597 82304 10134 20089 39946 40133 57009 70282 84975=
 23518 42498 82501 10120 20101 30044 40132 57007 889// 333 86713=
 23606 42462 82503 10117 20091 39984 40149 57012 885// 333 88612=
 23701 23701 42599 82203 10123 20093 30038 40162 57023 8297/=
 23704 86/// /2102 10125 20105 39880 49992 53099=
 23707 82598 82003 10124 20091 30040 40167 57025 83537=
 23708 42598 82304 10139 20083 30028 40172 58020 8695/ 333 85624=
 23709 82598 82505 10136 20083 39985 40170 57014 883// 333 88927 91110=
 23711 42599 82702 10133 20085 39991 40153 57010 8657/ 333 86622=
 23803 42699 83004 10142 20082 30011 40183 58014 885//=
 23804 82997 82202 10138 20084 30039 40178 57024 8807/=
 23807 82498 82204 10138 20103 30037 40191 57025 8655/ 333 86615=
 23808 86/// /2405 10143 20081 30034 40195 57018 333 91111=
 23812 42597 82903 10131 20089 30013 40169 57009 8657/=
 23904 42670 82304 10151 20094 30052 40202 58025 8157/=
 23905 82599 82403 10145 20082 39985 40202 57018 885//=
 23909 82598 72704 10151 20078 39966 40201 57014 87800=
 23912 82498 82602 10143 20101 30000 40184 57012 8655/=
 23913 82599 83301 10128 20094 39963 40183 57009 889//=
 23914 82499 72605 10141 20095 39944 40190 57012 87500=
 28013 82598 82704 10149 20068 39981 40202 57014 889//=
 28016 82599 72804 10154 20086 39997 40212 57015 87900 333 91110=
 28029 82599 82703 10149 20089 39988 40198 57014 85571=
 28116 82499 82705 10151 20083 39998 40219 57013 889//=
 28128 82599 82803 10153 20096 30069 40215 57012 885//=
 28134 82698 82801 10140 20083 39870 40207 57010 885//=
 28138 42599 82803 10115 20060 39656 40204 57005 883//=
 28216 82599 72803 10149 20077 39944 40230 58012 87900=
 28222 82598 83002 10151 20097 30032 40219 57012 888//=
 28224 82670 82702 10147 20092 30019 40223 57011 84530=
 28234 82599 82802 10139 20077 39946 40213 57011 884//=
 28238 82599 82903 10139 20068 39919 40211 57009 884//=
 28313 82598 72803 10161 20059 30053 40237 58011 87500=
 28319 82599 72902 10165 20050 30086 40242 57009 82470=
 28321 82599 82802 10147 20092 30037 40233 57009 8295/=
 28324 82599 83003 10158 20070 30120 40236 57011 8446/=
 28326 82598 73003 10157 20085 30044 40223 57010 87500=
 28413 82599 73102 10165 20039 30131 40248 57011 87500=
 28428 82599 63003 10156 20067 30061 40239 57008 86900=
 28429 82598 82703 10133 20078 39837 40234 58006 889//=
 22983 42598 82302 10135 20095 30089 40190 57031 8655/ 333 91006
 91106=
 27083 42599 82204 10145 20087 39990 40203 57033 8571/ 333 91007
 91109=
 27097 42598 82204 10153 20094 39969 40220 57026 83205 333 91008
 91109=
 27185 42698 82203 10161 20079 30059 40235 58023 86505 333 91007
 91107=
 27199 42598 72503 10159 20090 30053 40242 57018 85271 333 91007
 91107=
 27281 42482 82304 10152 20084 30046 40245 57022 8653/ 333 91007
 91109=
 27283 42598 62304 10161 20083 30094 40244 57022 82201 333 91008
 91108=
 27295 42998 72203 10154 20083 30011 40253 57018 84085 333 91006
 91106=
 27296 42598 62703 10161 20077 30040 40249 57016 83201 333 91006
 91106=
 27385 425// 62504 10169 20070 30138 40264 57018 82530 333 91008
 91108=
 27393 42598 32704 10168 20074 30094 40257 58020 82141 333 91007
 91107=
 27480 42598 82502 10175 20076 30144 40267 57016 85201 333 91005
 91106=
 28007 42599 62504 10149 20073 39977 40228 58019 86501 333 91007
 91107=
 28009 42498 82603 10146 20075 30027 40230 57016 889// 333 91006
 91107=
 28105 42598 62503 10162 20084 30050 40235 58020 86200 333 91006
 91107=
 28202 42582 73002 10155 20077 30029 40241 58015 85901 333 91004
 91107=
 28302 42598 82503 10157 20073 30030 40249 58017 85901 333 91006
 91107=
 28307 42498 82302 10171 20070 30119 40257 58019 82101 333 91004
 91106=
 28402 42698 82902 10161 20075 30087 40259 57014 83101 333 91004
 91105=
 28502 42598 82804 10178 20067 30164 40264 57014 82101 333 91007
 91108=
 22550 81497 72201 10120 20108 30108 40118 57007 72162 82632=
 22778 41598 81703 10102 20096 30070 40137 57040 71798 8537/=
 22889 NIL=
 22762 81396 82101 10107 20105 30084 40122 56023 76062 8677/=
 22638 46/// /2903 10131 20122 39920 40137 54010=
 22671 41596 80000 10104 20101 30041 40117 57023 76186 8802/ 333
 88520=
 22456 41497 80000 10110 20110 30030 40114 56008 78082 889//=
 22583 42598 72201 10114 20092 30051 40129 57017 875//=
 22749 NIL=
 22951 41498 82503 10131 20112 39901 40171 57006 70282 889//=
 22887 41496 81602 10108 20108 30109 40178 57031 78082 8695/ 333
 86919=
 22876 41496 81704 10105 20104 30086 40156 58039 78082 889// 333
 88710=
 22481 42/// /2302 10112 20092 30069 40120 57009=
 22854 41299 82605 10128 20118 39875 40152 56006 70262 8772/ 333 87706
 91010 91110=
 22781 NIL=
 22676 41496 81102 10106 20102 30046 40120 57029 78082 889//=
 22648 NIL=
 22559 81497 83201 10119 20104 30104 40120 57010 76186 8677/ 333
 86618=
 22869 41497 82302 10104 20095 30021 40165 56026 72182 885// 333
 85712=
 22768 41597 82204 10111 20102 30084 40132 57025 70282 889// 333
 85628=
 22798 42598 81903 10124 20098 30056 40164 57033 8655/=
 22375 46/// /2602 10110 20096 30101 40116 57005=
 23207 82701 10102 20089 30092 40114 52001 886//=
 23215 NIL=
 23219 NIL=
 27095 NIL=
 22408 42484 82702 10127 20121 39989 40132 52018 886// 333   88710=
 22511 42498 72703 10145 20106 30017 40132 52017 87901 333   87617=
 22529 41599 82903 10133 20120 30121 40128 52012 70282 889// 333  
 88925=
 22602 41475 72802 10126 20112 39933 40150 52018 70282 87900 333  
 87916=
 22621 83/70 /2703 10128 20117 39998 40132 52004=
 22619 41480 72602 10136 20118 39992 40144 52011 70282 87500=
 22721 42698 62802 10157 20117 30057 40151 52010 86900 333   85634=
 22727 86570 /2704 10166 20119 30119 40164 52006=
 22717 83/70 /2703 10148 20113 39983 40172 52006=
 22802 42699 82702 10165 20124 30162 40184 52008 885// 333   88647=
 22820 42567 62603 10173 20122 30038 40168 52005 86930 333   86628=
 22831 42498 62502 10156 20131 30110 40163 52003 86930 333   86915=
 22805 42598 62704 10162 20138 30168 40191 52010 83501=
 22912 42499 82604 10168 20141 30173 40187 52004 885// 333   88617=
 
