18:31:01 MSK 30.04.2023
020 123456/=о000=1531
 уйту01 бтул 301500
 22686 62498 70501 10031 20014 30135 40235 51001 69962 87800 333 10035
 85617 555 50014 53003=
 22695 12498 60703 10023 21002 30069 40223 52006 60022 85930 333 10040
 85916 555 50008 53007=
 22996 12999 70303 10109 21009 30027 40208 50002 69902 82085 333 10121 555 50075 53010=
 23220 12999 00302 11070 21093 30186 40335 52002 60002 333 11032 555 51073 53005=
 23226 12960 01103 11040 21077 30116 40339 52002 60002 333 11011 555 
 51064 53007=
 23305 12999 61103 10049 21058 30233 40261 58002 60002 83075 333 10056
 555 51010 53008=
 23320 76/// /1304 10050 21101 30224 40297 54000 333 60002 555 51031 53008=
 23324 12985 20903 10023 21069 30229 40308 57005 60002 80001 333 10032
 555 51046 53007=
 23405 12973 71304 10049 21062 30158 40258 52003 60002 86031 333 10056
 91113 555 50006 53013=
 23410 76/// /0804 10055 21078 30182 40279 57002 333 60002=
 23411 12999 70904 10053 21072 30181 40270 58004 60002 80006 333
 10056 555 51017 53008=
 23412 12999 71003 10055 21078 30181 40278 57002 60002 82041 333 10073 555 51018 53008=
 23416 NIL=
 23418 12965 71202 10064 21103 30202 40276 52003 60002
 80001 333 10083 555 50007 53007=
 23503 12998 81803 10057 21087 30210 40260 52002 60002 8807/ 333 10064 91110 555 50012 53010=
 23507 66/// /1302 11004 21004 39942 40257 52008 60002 333 10000 555 51005 53008=
 23509 11598 81402 10033 21036 30180 40259 51003 69902 70272 8452/ 333
 10047 555 50018 53012=
 23514 12997 81104 10047 21077 30062 40258 52001 60002 86078 333 10051 555 50004 53010=
 23518 12998 81205 10051 21072 30180 40271 23007 60002 80009 333 10070
 555 50007 53011=
 23606 11458 81003 10001 20001 30089 40258 52006 60024 78582 889// 333 10023 85911 555 50005 53013=
 23701 11458 80502 10014 20006 30112 40243 51010 60102 76076
 8872/ 333 10019 85513 555 53007=
 23704 76/// /0301 10036 20036 39926 40039 55004 333 60002=
 23707 61598 70102 10039 20019 30095 40227 52012 60022 70282 86930 333 10048 84624 555 50025 53006=
 23708 11360 80602 10015 20004 30085 40236 52012 60112 75165 886// 333
 10021 88708 555 50016 53009=
 23709 11398 80701 10006 21007 30047 40242 53008 60142 70282 889// 333
 10010 85708 555 50008 53007=
 23711 11496 80602 10000 21003 30085 40257 52006 60032 78582 889// 333 10033 88913 555 50009 53009=
 23803 11497 80901 10012 21002 30060 40242 51014 60102 71022 886// 333 10014 88715 555 50015 53009=
 23804 61496 82801 10042 20023 30082 40227 52009 60012 78082 8793/ 333 10049 87912 555 50034 53006=
 23807 12597 70102 10052 20008 30072 40233 51010 60002 82531 333 10059
 555 50042 53010=
 23808 66/// /3001 10034 20022 30066 40234 52016 60002 333 10045=
 23812 11496 81201 10002 21003 30084 40248 52009 60072 78582 889// 333
 10012 555 50005 53010=
 23904 12570 60302 10060 20013 30076 40231 53009 60002 81504 333 10085
 555 50052 53008=
 23905 12599 83302 10043 20014 30005 40231 52014 69972 885// 333 10056
 555 53007=
 23909 11498 83001 10046 20036 39982 40226 52014 60042 72582 87301 333
 10052=
 23912 11496 81602 10009 20001 30045 40239 52011 60072 75185 886// 333
 10014 555 53012=
 23913 11596 81204 10004 21031 30020 40252 53008 60122 77172 8872/ 333
 10004 91113 555 53015=
 23914 61496 81303 10007 20004 39976 40236 52011 60042 75152 886// 333
 10011=
 28013 11598 83101 10052 20028 39994 40223 52015 60022 70282 889// 333
 10058 555 53013=
 28016 11599 73302 10058 20038 30004 40227 52014 60022 70282 87900 333
 10065 555 53009=
 28029 12699 81103 10032 20007 30010 40230 52015 60012 8357/ 333 10048
 555 53012=
 28116 12499 83603 10062 20036 39996 40224 52016 60012 884// 333
 10086=
 28128 12599 80603 10072 20010 30071 40223 52021 69902 885// 333 10095
 555 53009=
 28134 12598 81202 10021 21011 39880 40233 52012 69972 885// 333 10040
 555 53015=
 28138 11596 80702 11015 21023 39675 40252 52009 60032 71082 883// 333
 10021=
 28216 12599 50104 10094 20041 39918 40209 53015 69962 82905 333 10134
 555 53009=
 28222 12898 80702 10072 20018 30027 40219 53018 69962 86075 333 10092
 555 53011=
 28224 11770 60402 10081 20025 39999 40208 52020 69942 70282 85074 333
 10129=
 28234 11498 81003 10032 21011 39945 40224 53016 69932 70282 8295/ 333
 10082 555 53012=
 28238 11599 80504 10018 21001 39928 40233 53019 69982 76162 885// 333
 10076 555 53012=
 28313 11598 70102 10124 20078 30012 40198 53007 69902 70282 84901 333
 10180 555 53008=
 28319 12598 63602 10151 20093 30031 40188 52014 60002 85550 333
 10222=
 28321 12599 60304 10118 20061 30000 40197 52013 69902 83970 333
 10179=
 28324 12599 70303 10134 20065 30075 40191 53018 69902 87900 333 10225
 555 53009=
 28326 12598 70302 10126 21006 30012 40192 57021 69902 87500 333 10174
 555 53008=
 28413 11599 80202 10151 20086 30065 40182 52012 69902 70282 883// 333
 10236 555 53008=
 28428 12599 80103 10200 20037 39990 40164 53011 60002 889// 333 10254
 555 53009=
 28429 12598 60203 10184 20030 39775 40164 53006 60002 85903 333 10244
 555 53008=
 22983 12998 80502 10113 21034 30108 40210 57002 60002 84075 333 10130
 91004 91104 555 50076 53009=
 27083 12999 60602 10109 21027 39988 40204 57002 60002 80009 333 10124
 91004 91105 555 50080 53008=
 27097 12998 80601 10106 21001 39954 40210 54000 60002 80002 333 10124
 91003 91106 555 50094 53010=
 27185 12998 80202 10120 21019 30020 40199 58008 60002 80004 333 10135
 91004 91105 555 50095 53008=
 27199 12998 60303 10122 21019 30011 40202 57004 69902 80005 333 10133
 91006 91106 555 50108 53007=
 27281 12982 80503 10118 21036 39991 40192 57012 60002 86015 333 10134
 91006 91107 555 50086 53009=
 27283 12998 60703 10119 21012 30045 40196 58009 60002 85031 333 10135
 91005 91107 555 50102 53009=
 27295 12998 70202 10113 21002 39952 40195 57008 60002 80005 333 10128
 91005 91106 555 50108 53008=
 27296 12998 60602 10112 20007 39986 40197 57003 60002 80001 333 10131
 91004 91106 555 50114 53009=
 27385 125// 80602 10129 21005 30063 40189 57010 60002 83531 333 10143
 91004 91106 555 50107 53008=
 27393 12998 60605 10124 20005 30030 40195 58009 69902 85079 333 10137
 91008 91108 555 50128 53008=
 27480 12498 80604 10115 20029 30048 40173 57019 60002 8591/ 333 10142
 91006 91108 555 50105 53008=
 28007 12999 50204 10102 21037 39960 40216 52004 60002 81031 333 10118
 91005 91107 555 50095 53010=
 28009 12598 80301 10064 21001 30027 40235 52011 69962 83504 333 10092
 91003 91106 555 50087 53009=
 28105 12998 30202 10108 21017 30015 40210 52002 69902 82042 333 10131
 91005 91106 555 50117 53009=
 28202 12982 70802 10101 20015 39993 40209 52006 69942 80004 333 10123
 91004 91107 555 50107 53009=
 28302 12998 80203 10125 20022 39975 40196 52001 69902 83031 333 10144
 91005 91106 555 50127 53008=
 28307 12498 83501 10129 20023 30048 40187 58005 69902 8653/ 333 10150
 91004 91107 555 50130 53008=
 28402 11998 73101 10135 20081 30013 40185 57003 60012 70262 86071 333
 10156 91001 91105 555 50143 53007=
 28502 11597 80303 10143 20101 30074 40174 50003 69902 78082 889// 333
 10210 91005 91109 555 50173 53011=
 22550 62997 21203 10099 20011 30171 40181 57015 60002 82031 333 10102
 555 50039 53008=
 22778 12998 52101 10103 21019 30146 40214 57006 60002 80002 333 10111 555 50051 53007=
 22889 12898 60101 10109 21043 30134 40219 51004 60002 85031 333 10121
 555 50068 53011=
 22762 12998 51102 10112 21011 30164 40202 56008 60002 80004 333 
 10114 555 50040 53007=
 22638 46/// /1502 10109 21005 39914 40132 57016=
 22671 12999 11102 10076 20014 30137 40215 57005 60002 81000 333 10085
 555 50028 53005=
 22456 12597 11402 10054 20020 30111 40198 58010 60002 81500 333 10060
 555 50016 53006=
 22583 11598 61501 10029 20009 30155 40236 51004 60062 70227 86500
 333 10029 555 50009 53006=
 22749 NIL=
 22951 12998 81803 10114 21039 39901 40174 57019 60002 80001 333 10123
 555 50050 53008=
 22887 12999 80301 10111 21009 30148 40217 54000 
 60002 80005 333 10116 555 50070 53011=
 22876 12997 60902 10104 21038 30145 40218 57001 60002 80004 333 10116
 555 50064 53008=
 22481 11598 71203 10020 20010 30177 40231 51002 60052 70282 87400 333
 10021 555 50003 53009=
 22854 12999 61404 10116 21041 39893 40173 57017 60002 80008 333 10120
 555 50046 53009=
 22781 NIL=
 22676 12998 10802 10070 20006 30146 40222 58002 69902 333 10079 555
 50025 53007=
 22648 NIL=
 22559 12998 21403 10100 21004 30178 40194 57011 60002 80001 333 10102 555 50029 53008=
 22869 NIL=
 22768 12997 50802 10119 21005 30149 40197 57011 60002 80008 333 10127
 555 50056 53005=
 22798 12998 63402 10048 20010 30117 40230 52005 69932 86030 333 10057
 555 50031 53008=
 22375 NIL=
 23207 12999 61204 10041 21047 30232 40254 57003 60002 82035 333 10043
 555 51027 53010=
 23215 NIL=
 23219 NIL=
 27095 76/// /0402 10113 21006 39998 40220 54001 333 60002 555 50090 53010=
 22408 21483 81504 10025 20009 39938 40086 57016 72582 889// 333  
 69972 88913 91110=
 22511 21564 81503 10046 20028 39969 40088 57009 72187 8551/ 333  
 60012 91111=
 22529 22599 71104 10081 20003 30118 40125 57018 87500 333   60002
 87624=
 22602 21477 81703 10037 20030 39859 40082 57003 70282 889// 333  
 60042 88913=
 22621 73770 /1504 10105 21031 39972 40107 57008 333   60002 91111=
 22619 21959 82301 10064 20042 39949 40105 52005 76162 8802/ 333  
 69952 91113=
 22721 22698 81402 10100 21017 30017 40113 57008 885// 333   60002
 88645=
 22727 76870 /1103 10092 21010 30069 40116 57005 333   60002 91112=
 22717 73/60 /1603 10048 20038 39921 40112 52003 333   60042=
 22802 21565 81803 10053 20027 30080 40103 52003 78082 889// 333  
 60022 85930=
 22820 22570 71804 10134 21017 39978 40109 57007 84530 333   60002
 91113=
 22831 22998 61403 10142 21033 30082 40135 57015 82031 333   60002
 91110=
 22805 21598 81902 10035 20027 30093 40113 55003 76362 8853/ 333  
 60032=
 22912 22599 83201 10084 20044 30108 40123 52012 8343/ 333   60002
 91113=
 
