12:31:00 MSK 05.08.2023
010 111/=о000=0931
 уйту01 бтул 050900
 22686 81598 71902 10211 20186 30006 40098 51003 70262 84839=
 22695 41598 72202 10203 20165 39946 40088 51003 70282 87900 333 87926=
 22996 81598 62802 10219 20197 39949 40121 52006 72582 86980=
 23220 42999 01006 10273 20088 30031 40160 57008=
 23226 42960 01305 10289 20137 39964 40159 57009=
 23305 42999 51604 10280 20166 30070 40095 57013 83031 333 91111=
 23320 86/// /1404 10300 20109 30069 40135 57009 333 91110=
 23324 42583 51204 10299 20132 30071 40140 57011 82262=
 23405 42676 31305 10270 20173 30000 40090 57013
 83200=
 23410 86/// /1804 10279 20143 30034 40121 57010=
 23411 42599 61808 10279 20152 30028 40109 57012 86200 333 91012 91112=
 23412 42699 51703 10284 20177 30033 40121 57010 83530=
 23416 NIL=
 23418 42665 21605 10282 20149 30052 40119 57013 82200=
 23503 42598 51804 10282 20155 30055 40100 57012 85200=
 23507 86/// /1904 10254 20169 39798 40080 56010=
 23509 42698 31702 10278 20117 30025 40096 58014 82201=
 23514 42597 51503 10261 20174 39930 40109 58009 85300=
 23518 82698 62302 10260 20178 30034 40118 57013 86949 333 85647=
 23606 42662 31503 10263 20185 39944 40095 57014 83900=
 23701 41699 72203 10219 20177 39987 40106 53007 72991 83369 333 91110=
 23704 86/// /2403 10210 20190 30125 40235 50069=
 23707 81598 82202 10219 20189 39982 40104 57004 70282 87904 333 85626=
 23708 41582 70401 10185 20170 39972 40112 55001 71798 84930 333 91114=
 23709 82598 61603 10275 20143 39927 40102 57014 86300=
 23711 42598 61301 10258 20179 39955 40109 58013 83980=
 23803 41597 80302 10226 20200 39949 40114 58005 79598 889//=
 23804 81497 72002 10223 20193 39976 40110 54000 70282 86930 333 86912=
 23807 41497 72002 10222 20205 39968 40117 54000 72582 85930=
 23808 86/// /2203 10225 20190 39965 40119 50003=
 23812 41597 61603 10269 20156 39963 40111 58012 71791 84930=
 23904 41570 81901 10221 20198 39978 40122 57001 70282 8437/=
 23905 81599 82302 10218 20196 39910 40120 54000 70382 889//=
 23909 81598 82204 10256 20167 39893 40117 57006 71791 85901=
 23912 82598 32403 10285 20163 39938 40112 57012 83200=
 23913 81599 51402 10272 20147 39908 40116 58012 70391 85900=
 23914 81498 72204 10271 20166 39883 40117 57008 71711 87300=
 28013 81598 63002 10266 20154 39905 40116 58009 71791 86900 333
 91111=
 28016 81599 83601 10245 20191 39917 40123 58005 72998 86902 333
 91114=
 28029 82699 22602 10282 20153 39917 40116 57010 82100=
 28116 82599 62403 10284 20158 39910 40119 57009 82935=
 28128 81599 51702 10264 20161 39989 40128 57005 71791 84303=
 28134 82598 23001 10268 20163 39801 40120 57009 82200=
 28138 41599 73601 10194 20166 39602 40127 57006 72998 87900=
 28216 82599 52502 10278 20148 39857 40127 58006 84205=
 28222 81598 73101 10207 20189 39951 40132 58005 79198 86901 333
 91110=
 28224 82670 63102 10287 20158 39932 40125 57009 85205=
 28234 82598 53102 10287 20139 39870 40122 57011 85200=
 28238 81599 52804 10272 20147 39845 40121 54001 71791 85300=
 28313 82598 62802 10280 20149 39957 40132 58007 85201=
 28319 82598 52303 10277 20162 39992 40141 58004 82550=
 28321 81599 61801 10266 20167 39945 40130 57006 71791 86900=
 28324 82598 62502 10285 20146 30025 40135 58005 83204=
 28326 82598 63103 10294 20154 39957 40125 57010 84830=
 28413 82599 52702 10283 20160 30030 40141 57006 81139=
 28428 82599 62202 10287 20141 39968 40135 58009 86900 333 91110=
 28429 82698 52403 10272 20159 39758 40133 58006 84201=
 22983 42498 62603 10232 20181 30026 40123 52004 84930 333 91005
 91105=
 27083 42599 82602 10195 20171 39927 40135 52011 888// 333 91003
 91105=
 27097 42498 82603 10203 20180 39895 40139 52010 889// 333 91004
 91106=
 27185 42698 82301 10210 20182 39978 40149 52011 885// 333 91004
 91106=
 27199 42598 72803 10220 20176 39960 40143 52010 87300 333 91006
 91106=
 27281 42582 62802 10226 20183 39961 40152 52008 86200 333 91005
 91105=
 27283 42598 73004 10232 20179 30003 40147 52008 87500 333 91006
 91107=
 27295 42998 52802 10228 20166 39913 40146 52009 85080 333 91004
 91108=
 27296 42698 63003 10249 20172 39936 40135 52005 86200 333 91006
 91108=
 27385 426// 53003 10268 20168 30029 40147 52006 85100 333 91005
 91106=
 27393 42598 32905 10274 20182 39984 40139 52003 8390/ 333 91007
 91108=
 27480 42598 63102 10276 20189 30036 40153 52007 86800 333 91005
 91107=
 28007 42599 62402 10248 20176 39885 40125 52001 85330 333 91004
 91104=
 28009 41498 72701 10255 20172 39932 40124 57005 70282 85931 333 91003
 91104=
 28105 42598 73001 10258 20183 39948 40125 58002 87200 333 91004
 91106=
 28202 42599 52301 10259 20178 39924 40127 54000 83931 333 91003
 91104=
 28302 42598 62002 10260 20182 39926 40135 52001 86900 333 91003
 91104=
 28307 42498 62802 10281 20184 30007 40138 52004 85131 333 91005
 91106=
 28402 42598 72902 10261 20207 39973 40137 52002 86905 333 91004
 91106=
 28502 42/// /2404 10293 20189 30043 40137 58002 333 91006 91106=
 22550 82597 62003 10231 20170 30069 40078 52005 85201 333 85829=
 22778 42498 62202 10223 20176 30044 40108 52008 86530=
 22889 42/// /2301 10222 20187 30040 40120 52003=
 22762 82498 52302 10242 20171 30064 40100 52003 85900=
 22638 46/// /2202 10186 20153 39873 40085 52009=
 22671 42598 52502 10241 20165 30011 40083 52005 85900=
 22456 42597 81902 10194 20157 39987 40067 52004 87501=
 22583 41698 72403 10204 20177 30009 40084 53010 78088 86971=
 22749 NIL=
 22951 42598 22303 10220 20145 39869 40131 51011 82200=
 22887 42599 62403 10232 20184 30051 40116 52006 84230=
 22876 42597 62303 10242 20181 30048 40117 52006 86100 333 86827=
 22481 41598 72503 10195 20195 30020 40069 51008 72998 86970=
 22854 42699 62405 10215 20142 39848 40116 52009 86800 333 84634 91111=
 22781 NIL=
 22676 42498 62303 10230 20165 30015 40087 52004 86900=
 22648 NIL=
 22559 82598 62002 10228 20168 30072 40087 52007 85801=
 22869 42597 62403 10244 20175 39988 40125 52006 86300 333 86930=
 22768 42597 62603 10228 20171 30064 40110 52007 86900 333 84626=
 22798 41498 72204 10218 20170 30003 40107 54001 70282 87900=
 22375 46/// /2702 10195 20182 30050 40064 52005=
 23207 42599 51504 10268 20178 30065 40085 57012 84201 333 91112=
 23215 NIL=
 23219 NIL=
 27095 86/// /2803 10207 20188 39933 40146 52012=
 22408 41599 62303 10188 20159 39905 40044 52008 72522 86903 333  
 86923=
 22511 41482 72302 10190 20174 39934 40046 52008 72582 86939 333  
 86917=
 22529 42599 62003 10212 20159 30058 40064 52005 84902=
 22602 41457 82302 10164 20153 39846 40058 52013 78082 889// 333  
 88910=
 22621 83570 /1903 10196 20156 39935 40065 52007=
 22619 41480 62303 10193 20161 39916 40064 52009 72522 85930=
 22721 41498 72501 10192 20162 39990 40082 52012 72582 87900 333  
 85915=
 22727 86670 /2204 10211 20158 30053 40098 52013=
 22717 NIL=
 22802 42599 72003 10207 20158 30076 40098 52013 86930 333   84923=
 22820 42768 72404 10190 20154 39978 40106 52016 86330 333   86650
 91110=
 22831 42598 72202 10197 20158 30065 40117 52017 85930 333   85920=
 22805 42598 71804 10194 20162 30088 40107 52016 87500=
 22912 42599 72205 10197 20155 30112 40126 52019 86530 333   91111=
 
