15:31:00 MSK 18.05.2023
020 123456/=о000=1231
 унту01 бтул 181200
 22686 82598 21907 10264 20033 30065 40156 58020 81101 333 91012 91113 555 10037=
 22695 42998 31805 10252 21002 30008 40150 57022 80001 333 91113 555
 10032=
 22996 82599 62103 10274 20023 30022 40196 57018 84961 555 10027=
 23220 42599 81906 10086 20011 30043 40181 57002 8553/ 333 91010 91110
 555 1/002=
 23226 42960 82203 10096 20031 39973 40182 57004 8805/ 333 91111 555 
 1/100=
 23305 42799 72005 10232 20009 30113 40139 58017 82135 333 91114 555
 10028=
 23320 86/// /2206 10245 20015 30116 40183 57010 333 91111=
 23324 42986 72104 10194 20047 30109 40182 58008 87040 555 10018=
 23405 42980 62003 10255 20066 30059 40151 57017 80004 
 333 91111 555 11022=
 23410 86/// /1805 10235 20017 30075 40165 57018 555 50141 53011=
 23411 42999 72106 10221 20017 30072 40155 57016 82036 333 91111
 555 12020=
 23412 42999 72204 10235 20028 30072 40162 57016 80005 333 91111 555 11018=
 23416 NIL=
 23418 42965 32006 10261 20022 30113 40181 57016 80001
 333 91011 91111 555 10031=
 23501 NIL=
 23503 42998 32205 10271 21009 30119 40165 57018 80001 333 91011 91112 555 11033=
 23507 86/// /2305 10247 21003 39878 40164 56017 333 91114=
 23509 42998 22105 10269 21013 30104 40175 57019 80001 333 91113
 555 1/035=
 23514 42697 72004 10255 20003 39997 40179 57018 81101 333 91111 555 12019=
 23518 42/// /1905 10240 20036 30113 40198 57018 333 91112 555
 1/026=
 23606 42962 32204 10268 20014 30031 40184 57018 82031 333 91110 555 11025=
 23612 NIL=
 23701 42999 62204 10264 20016 30063 40182 57020 83089 333 91112 555
 10039=
 23704 86/// /2104 10272 20005 39926 40039 55004 555 53010=
 23707 82599 61905 10266 20017 30059 40180 57020 81104 333 91110 555 10029=
 23708 42598 81805 10250 21003 30062 40201 57018 84931 333 91110 555
 11022=
 23709 42798 81904 10251 21015 30033 40211 57015 82402 333 91110 555 10032=
 23711 42598 62004 10250 20019 30056 40213 57013 84105 555 11030=
 23803 42699 81602 10246 21018 30050 40217 58017 82161 555 11028=
 23804 82597 81903 10269 20021 30056 40189 57019 83531 555 11027=
 23807 42/// /1606 10257 20041 30044 40193 57021 333 91010 91111 555 1/031=
 23808 86/// /1203 10246 20004 30052 40209 57018=
 23812 82/// /2302 10243 21013 30079 40230 57013 555 1/036=
 23904 42570 72003 10270 20007 30057 40202 57021 83501 555 10032=
 23905 42599 51102 10252 20026 30002 40212 57017 83201 555 10034=
 23909 42598 71203 10236 21006 39999 40228 57013 82105=
 23912 42597 52405 10234 20012 30057 40237 57017 81101 555 10035=
 23913 42599 21904 10232 21047 30030 40244 57015 81101 555 11029=
 23914 82698 71002 10224 20006 39997 40238 57017 83102=
 28013 42698 61302 10235 21015 30016 40231 57015 82105 555 10038=
 28016 42698 81302 10237 20009 30019 40229 57015 85205 555 10038=
 28029 42999 01403 10230 21036 30030 40236 57015 555 10033=
 28116 42998 21203 10221 21020 30016 40233 57015 80005=
 28128 42998 00904 10223 21018 30093 40237 57018 555 10036=
 28134 42998 50901 10214 21024 39910 40240 57015 80008 555 10037=
 28138 42999 20903 10180 21053 39711 40251 57013 80001 333 91110=
 28216 42997 01104 10210 21031 39950 40230 57013 333 91110 555 10036=
 28222 42997 01303 10223 21029 30054 40237 57015 555 10028=
 28224 42969 00704 10219 21041 30031 40231 57016=
 28234 42997 01102 10211 21071 39978 40241 57014 555 10033=
 28238 42999 01005 10198 21057 39958 40245 57015 333 91111 555 10036=
 28313 42998 80604 10222 21040 30046 40226 57015 80007 555 10038=
 28319 42998 00803 10221 21020 30068 40221 57015=
 28321 42999 01202 10225 21036 30034 40225 57016=
 28324 42798 61004 10230 21072 30109 40222 57016 80005 555 10036=
 28326 42998 31003 10216 21038 30056 40232 57011 80001 555 10037=
 28413 42999 00902 10229 21060 30099 40213 57016 555 10041=
 28428 42999 01004 10221 21063 30038 40211 57016 333 91110 555 10040=
 28429 42998 11104 10198 21038 39830 40219 56011 80001 333 91011 91112
 555 10035=
 22983 42998 62503 10269 20028 30088 40185 57020 82035 333 91006 91109
 555 11038=
 27083 42599 51903 10259 20027 39983 40189 57019 83209 333 91007 91108
 555 10036=
 27097 42598 71603 10253 20046 39958 40200 57017 86981 333 91006 91106
 555 11040=
 27185 42698 61502 10259 20040 30030 40200 57017 86800 333 91005 91106
 555 10031=
 27199 42598 71403 10249 20051 30024 40207 57013 84331 333 91006 91108
 555 10042=
 27281 42582 50903 10255 20043 30007 40198 57017 85100 333 91005 91106
 555 10041=
 27283 42598 61701 10256 20028 30056 40201 57017 85230 333 91002 91105
 555 10030=
 27295 42598 70902 10247 20015 39970 40203 57014 85482 333 91005 91106
 555 10026=
 27296 42998 61403 10240 20017 30004 40207 57010 86030 333 91005 91110
 555 10040=
 27385 425// 61002 10253 20049 30081 40200 57013 82530 333 91005 91105
 555 10051=
 27393 42598 60802 10232 20025 30052 40212 57010 82240 333 91004 91106
 555 10030=
 27480 42598 60803 10257 20064 30082 40201 57013 83830 333 91005 91105
 555 10046=
 28007 42699 61601 10248 20017 39967 40210 57014 85201 333 91003 91103
 555 10030=
 28009 42598 81302 10241 21019 30025 40221 57016 86201 333 91004 91106
 555 10035=
 28105 42598 71602 10238 21003 30026 40212 58013 85230 333 91005 91108
 555 10029=
 28202 42683 21703 10240 21010 30009 40215 57013 82100 333 91006 91107
 555 10037=
 28302 42598 21002 10241 21014 39998 40211 57014 82100 333 91005 91107
 555 10040=
 28307 42598 60602 10239 21006 30070 40204 58013 83430 333 91006 91106
 555 10033=
 28402 42798 20504 10231 21002 30040 40208 57014 81102 333 91008 91109
 555 10040=
 28502 42998 00903 10235 21050 30106 40203 57012 333 91005 91110 555
 10041=
 22550 81697 82302 10119 20108 30129 40139 52022 78082 889// 333 88640
 555 11014=
 22778 42698 32104 10265 20049 30095 40159 57023 82101 333 91111 555
 10038=
 22889 42698 32402 10276 20016 30105 40184 57020 81104 555 11042=
 22762 82598 62103 10257 20037 30101 40137 56016 86900 333 91111 555
 1/027=
 22638 NIL=
 22671 42/// /2105 10252 20059 30052 40125 57018 555 1/029=
 22456 41497 82602 10115 20111 30040 40125 53025 78082 889// 555
 11013=
 22583 42698 62003 10263 20015 30055 40129 58025 81109
 333 91112 555 11036=
 22749 41497 82805 10130 20124 30049 40169 51024 78082 889// 333 88918
 91112 555 11015=
 22951 42498 82404 10236 20062 39897 40158 57008 85931 333 91112 555
 1/026=
 22887 42699 61704 10272 20109 30115 40179 57023 82501 333 91111 555
 10042=
 22876 42997 01905 10272 20008 30104 40172 57022 333 91010 91110 555
 11030=
 22481 42598 71907 10238 20078 30056 40105 57019 84832 333 91012 91116
 555 1/020=
 22854 42/// /2505 10171 20105 39893 40166 53007 333 91116 555 1/017=
 22781 NIL=
 22676 42698 62205 10262 20040 30069 40140 57021 82105 333 91114 555
 10036=
 22648 41498 72304 10127 20104 30115 40158 52015 70282 85930 555
 10013=
 22559 41596 82804 10139 20127 30127 40143 53021 78082 889// 333 88928
 91114 555 11015=
 22869 42697 11906 10256 20037 30031 40168 57019 81100 333 91011 91112
 555 11028=
 22768 42697 62106 10267 20046 30099 40145 57019 84808 333 91011 91113
 555 10032=
 22798 42998 22003 10273 20010 30074 40178 57021 81031 555 10030=
 22375 46/// /3602 10133 30086 40100 57011=
 23207 41599 82204 10231 20066 30098 40119 57015 71522 84947 333 91112
 555 11021=
 23215 42998 71705 10180 20060 30063 40147 57014 86032 333 91110 555
 13015=
 23219 NIL=
 27095 86/// /1503 10265 20028 39998 40210 57017=
 22408 41559 82403 10078 20053 39978 40124 52019 78082 889// 333  
 88928 91111 555   11012=
 22511 41598 72304 10110 20026 30006 40123 52014 72582 84975 333  
 91111 555   11015=
 22529 41599 72406 10125 20039 30128 40135 52014 70282 87900 333  
 87921 91010 91111 555   12014=
 22602 41479 72405 10088 20028 39924 40144 52017 70282 86930 333  
 86912 91011 91111 555   11013=
 22621 83670 /2407 10116 20030 30009 40144 52016 333   91010 91111
 555   1////=
 22619 42582 32506 10117 20014 39999 40153 52016 83100 333   91012
 91112 555   11018=
 22721 41698 72802 10119 20029 30067 40162 52018 70282 87500 333  
 87643 91110 555   11019=
 22727 86/70 /2405 10128 20039 30134 40180 52017 333   91112 555  
 1////=
 22717 83/70 /2304 10116 20012 39992 40180 52012 333   91110 555  
 1////=
 22802 42699 62505 10127 20023 30167 40190 52014 86500 333   86647
 91110 555   11018=
 22820 42670 62505 10128 20022 30051 40183 52016 85830 333   85649
 91011 91112 555   11022=
 22831 41598 72702 10121 20070 30132 40185 52013 70262 86930 333  
 86922 555   12017=
 22805 42598 22503 10080 20023 30183 40202 51014 82800 555   11031=
 22912 42599 22505 10129 20040 30195 40210 52012 82100 333   91010
 91111 555   11020=
 
