00:31:00 MSK 02.11.2023
020 123456/=о000=2131
 уйту01 бтул 012100
 22686 42498 81002 11056 21080 30051 40153 57010 885// 333 88614=
 22695 42598 81304 11060 21097 39992 40149 57009 885//=
 22996 41397 81002 11026 21026 39935 40123 55003 76676 8672/ 333 84709
 93401=
 23220 41596 72501 11117 21131 30021 40170 52014 78582 87900 333 87927=
 23226 41460 82101 11136 21149 39941 40169 52011 77172 885// 333 88617=
 23305 42/// /2002 11044 21065 30147 40175 53007=
 23320 86/// /2203 11082 21084 30104 40179 52011=
 23324 41457 82201 11098 21111 30097 40178 52012 77172 8272/=
 23405 42497 72201 11053 21060 30081 40184 52010 82530=
 23410 86/// /1903 11070 21084 30081 40181 53013=
 23411 42/// /2502 11059 21074 30087 40179 52008=
 23412 42499 82401 11065 21075 30082 40182 52010 883// 333 83919=
 23416 NIL=
 23418 41460 83601 11064 21084 30117 40193 52011 78582
 8695/ 333 85712=
 23503 42/// /1701 11069 21086 30137 40188 52006=
 23507 86/// /0000 11148 21158 39863 40194 52003=
 23509 NIL=
 23514 41497 80601 11084 21091 39989 40194 52008 77072 8557/ 333 85619=
 23518 42/// /3202 11066 21092 30104 40199 53012=
 23606 42960 00000 11128 21128 30017 40193 52004=
 23704 86/// /0901 11054 21055 39359 49471 55013=
 23701 42/// /1001 11070 21088 30048 40182 54000=
 23707 82498 81003 11062 21074 30028 40164 57001 889// 333 85910=
 23708 42/// /1203 11066 21079 30030 40185 52004=
 23709 42998 80501 11086 21103 39995 40196 52006 8805/=
 23711 42998 80000 11103 21116 30020 40198 52006 83035=
 23803 42999 00901 11083 21102 30008 40195 53005=
 23804 82997 60903 11068 21080 30011 40161 58003 84041=
 23807 42/// /0803 11044 21044 39980 40145 58005=
 23808 86/// /0802 11061 21063 39997 40170 58002=
 23812 42997 22201 11142 21154 30031 40204 52010 82030=
 23904 41915 81003 11031 21035 39982 40142 58006 77572 8802/=
 23905 42599 80702 11047 21056 39929 40162 57001 8802/=
 23909 41498 80804 11056 21064 39925 40178 52005 70272 8457/=
 23912 42998 20501 11103 21113 39993 40194 52006 80001=
 23913 41599 80701 11057 21091 39956 40192 52006 77222 885//=
 23914 82497 70402 11074 21084 39922 40189 52005 85540=
 28013 41898 80703 11051 21070 39939 40177 52007 72272 8801/=
 28016 42/// /0903 11041 21045 39936 40166 52006=
 28029 41496 80302 11044 21055 39947 40172 52006 77172 8872/=
 28116 41395 80901 11031 21039 39925 40159 52011 77972 8872/ 333
 93402=
 28128 41596 80502 11023 21028 30008 40164 52015 77172 8802/=
 28134 41596 80301 11034 21051 39810 40167 52007 77072 885//=
 28138 43/// /0502 11054 21064 39593 40174 52006=
 28216 41496 80901 11004 21007 39846 40145 52012 75652 886// 333
 93403=
 28222 42/// /0901 11018 21023 39961 40158 53014=
 28224 41545 80501 11002 21007 39936 40151 52013 76662 8802/=
 28234 41596 81001 11016 21036 39877 40159 53010 77172 885//=
 28238 41496 80302 11020 21030 39854 40161 58018 77172 8802/=
 28313 42/// /0301 10002 21005 39950 40143 52009=
 28319 41496 80000 10025 20023 39981 40144 53012 75155 886//=
 28321 41496 80000 10002 20001 39941 40145 53013 71072 886//=
 28324 42/// /0000 10008 20005 30020 40141 50010=
 28326 41497 80000 10002 21001 39959 40147 52009 76162 8802/=
 28413 41496 82001 10062 20051 30018 40138 52008 71022 885//=
 28428 41595 82502 10052 20045 39967 40149 53009 71022 885//=
 28429 42/// /2503 10046 20042 39741 40147 53009=
 22983 41470 81003 11022 21032 30001 40108 57009 72272 886// 333 91005
 91106=
 27083 41459 80702 11017 21022 39874 40098 57008 75652 886// 333 91004
 91105 93404=
 27097 42/// /0802 11017 21017 39843 40107 57005 333 91003 91103=
 27185 42/// /0801 10004 20003 39906 40090 56008 333 91003 91104=
 27199 41198 81102 10003 20002 39906 40104 57004 70252 886// 333 91004
 91105 93401=
 27281 41/03 91203 10022 20021 39875 40080 57005 74544 333 91004
 91104=
 27283 41494 81201 10010 20010 39935 40091 57006 71022 887// 333 91002
 91103=
 27295 42/// /0701 10035 20027 39847 40096 57005 333 91002 91102=
 27296 41596 81501 10024 20015 39887 40103 57003 71062 8802/ 333 91003
 91103=
 27385 415// 62201 10050 20049 39964 40090 54000 74441 82531 333 91002
 91103=
 27393 41/93 91101 10010 20007 39941 40112 58002 74544 333 91002
 91103=
 27480 41996 61801 10056 20055 39966 40092 57001 71022 84031 333 91002
 91104=
 28007 41395 81101 11021 21028 39861 40126 58002 71052 886// 333 88709
 91003 91104 93402=
 28009 41496 80702 11023 21035 39931 40144 52004 77176 8872/ 333 91004
 91106 93403=
 28105 42498 80701 11002 21007 39922 40116 58002 885// 333 91003 91104
 93401=
 28202 41494 81302 11001 21010 39897 40119 54000 75652 886// 333 91003
 91103 93404=
 28302 41493 81202 10027 20020 39891 40118 54000 74454 886// 333 91003
 91103=
 28307 41492 61401 10031 20025 39965 40108 57001 74442 82530 333 91002
 91103=
 28402 42580 62005 10065 20058 39938 40113 52001 82515 333 91007
 91108=
 28502 42997 01905 10074 20057 30025 40127 57003 333 91008 91108=
 22550 82971 80903 11058 21070 30071 40082 57025 8805/=
 22778 41395 81104 11032 21047 30021 40091 57020 78582 889// 333
 85709=
 22889 42/// /0804 11030 21033 30028 40116 58013=
 22762 41996 81004 11028 21033 30030 40069 58028 77173 8807/=
 22638 46/// /0902 11040 21066 39777 40004 57026=
 22671 NIL=
 22456 42597 71002 11077 21083 30023 40113 58017 86570=
 22583 42598 21301 11079 21092 30074 40158 57007 82500=
 22749 NIL=
 22951 42/// /0000 11000 21001 39729 40009 56021=
 22887 41496 80903 11024 21030 30029 40100 57014 76676 8802/ 
 333 88515=
 22876 41496 80906 11031 21036 30023 40096 57017 77177 887// 333 88513
 91110=
 22481 42/// /1304 11070 21084 30095 40150 57010=
 22854 42/// /0000 11005 21008 39723 40011 58024=
 22781 NIL=
 22676 NIL=
 22648 NIL=
 22559 42/// /0904 11056 21071 30076 40093 58025=
 22869 41397 81101 11008 21018 39907 40056 55014 78082 889// 333
 85707=
 22768 41497 80904 11023 21035 39998 40049 57029 70282 889// 333
 86912=
 22798 42498 80703 11051 21060 30034 40149 58008 885//=
 22375 46/// /1805 11056 21074 30125 40140 57001=
 23207 NIL=
 23215 NIL=
 23219 NIL=
 27095 86/// /0802 11013 21013 39894 40125 56006=
 22408 41332 80603 11021 21034 39888 40038 57021 77373 8872/ 333  
 88906 91110=
 22511 41234 80605 11026 21037 39897 40019 57031 77373 8872/ 333  
 88703 91110 92982=
 22529 41495 81006 11016 21021 30018 40025 57029 77187 8872/ 333  
 88516 91011 91112 92982=
 22602 41359 80804 11037 21047 39764 49991 57018 77172 8872/ 333  
 88507=
 22621 83318 /0703 11041 21047 39866 40007 57026=
 22619 41396 80807 11020 21031 39823 49982 57019 77173 8872/ 333  
 87707 91010 91113=
 22721 41397 80000 11010 21016 39883 49981 57024 72582 889// 333  
 86706 93402=
 22727 86460 /1001 10006 20000 39924 49971 57015=
 22717 83/26 /1101 10000 21002 39768 49964 57006=
 22802 41296 80000 10011 20010 39940 49963 52011 71022 886// 333  
 85703=
 22820 41396 81502 10020 20016 39833 49967 57008 76162 885// 333  
 88606 555   50000=
 22831 41396 81001 10001 21008 39920 49975 57020 76162 8802/ 333  
 88508 93404=
 22805 415// 62509 10044 20032 39946 49970 52020 70262 85530 333  
 91011 91114=
 22912 41584 82504 10050 20039 39960 49975 52016 72162 885// 333  
 88622=
 
