09:31:00 MSK 21.05.2023
020 123456/=о000=0631
 унту01 бтул 210600
 22686 82998 00102 10154 20012 30209 40305 58001=
 22695 42699 13201 10154 21017 30143 40291 51001 81100=
 22996 82598 40303 10160 20099 30100 40282 52004 83209=
 23220 42599 80902 10054 21011 30159 40300 54000 8557/=
 23226 42960 81904 10039 21013 39982 40196 57003 8805/=
 23305 42999 22003 10151 21015 30268 40295 58005 82030=
 23320 66/// /3101 10102 20002 30233 40305 54000 60002 333 21020=
 23324 42984 62001 10086 20024 30228 40304 53001 83042=
 23405 42981 01902 10144 20022 30205 40301 58002=
 23410 66/// /1802 10126 20001 30203 40297 57004 60002 333 20006=
 23411 42999 12005 10122 20018 30211 40298 58003 80005=
 23412 42999 21702 10126 20012 30204 40299 58003 80001=
 23416 NIL=
 23418 42965 62902 10105 21022 30234 40306 58001 86030=
 23501 NIL=
 23503 42998 11501 10129 20016 30259 40308 57005 80002=
 23507 86/// /1301 10140 20017 39999 40300 50001=
 23509 42998 60701 10132 20025 30230 40306 57002 82031=
 23514 42997 73401 10115 20027 30111 40304 57001 82039=
 23518 42998 80204 10115 20023 30208 40298 58001 83079 555 53006=
 23606 42962 73502 10139 20032 30137 40299 54000 80005=
 23701 42699 62201 10171 20060 30176 40300 54001 83205=
 23704 66/// /2801 10165 20075 39926 40039 55004 60002 333 20010=
 23707 82599 41003 10169 20055 30166 40293 57001 82141=
 23708 42984 60603 10169 20021 30150 40293 58002 80001=
 23709 42998 20202 10167 20012 30104 40289 58002 81031=
 23711 42998 13503 10147 20005 30124 40288 54000 81030=
 23803 42999 70101 10162 20019 30120 40293 51001 8707/=
 23804 82997 30601 10166 20047 30151 40291 52001 83030=
 23807 42998 70403 10148 20080 30136 40292 52004 86039=
 23808 86/// /3302 10137 20075 30129 40292 52005=
 23812 42597 73601 10123 20061 30126 40284 52004 86230=
 23904 42970 10402 10177 20091 30131 40281 52003=
 23905 42999 00202 10176 20081 30059 40276 52004=
 23909 42698 13502 10203 20069 30037 40269 52004 81100=
 23912 42598 13302 10217 20043 30083 40264 54001 81100=
 23913 42599 30000 10227 20001 30045 40260 57010 82102=
 23914 82498 21102 10217 20029 30021 40263 52001 82800=
 28013 42698 23601 10220 20027 30046 40263 52002 82100=
 28016 42699 62101 10216 20072 30056 40268 50003 81149=
 28029 42999 72502 10221 20023 30058 40264 52003 80009=
 28116 42599 52601 10213 20051 30051 40269 52002 81235=
 28128 42999 62201 10170 20128 30129 40275 52005 80001=
 28134 42598 62802 10221 20027 39933 40263 52003 82801=
 28138 42599 63101 10211 21036 39720 40255 57001 85101=
 28216 42899 22501 10209 20051 39988 40270 52006 82035=
 28222 42998 82701 10209 20040 30087 40271 52003 80005=
 28224 42670 83401 10228 20042 30066 40266 52004 81105=
 28234 42997 03101 10220 21007 30003 40265 54001=
 28238 42597 10801 10214 21010 39979 40265 57003 81200=
 28313 42998 53401 10226 20051 30088 40269 52003 80001=
 28319 42998 31701 10225 20031 30117 40270 52006 80001=
 28321 42999 21802 10211 20056 30077 40269 52005 80001=
 28324 42999 53401 10211 20049 30156 40270 52002 80009=
 28326 42998 31301 10215 20044 30092 40269 52004 80001=
 28413 42999 13601 10192 20084 30155 40271 52006 80001=
 28428 42999 23101 10228 21039 30092 40266 52002 80001=
 28429 42998 21901 10223 21016 39875 40262 52004 80001=
 22983 42598 50602 10157 20072 30191 40292 52007 82535 333 91005
 91106=
 27083 42999 10503 10176 20108 30060 40273 52005 81070 333 91004
 91105=
 27097 42998 00301 10194 20102 30021 40270 52004 333 91003 91103=
 27185 42998 20000 10196 20090 30095 40270 52004 80001 333 91000
 91102=
 27199 42698 22401 10208 20080 30084 40270 52007 81181 333 91003
 91103=
 27281 42982 21403 10196 20096 30069 40265 52005 80005 333 91004
 91104=
 27283 42598 21502 10203 20090 30121 40269 52005 81130 333 91003
 91103=
 27295 42998 61501 10209 20071 30030 40267 52005 83082 333 91002
 91104=
 27296 42998 22401 10209 20074 30062 40268 52006 80001 333 91003
 91103=
 27385 425// 61301 10197 20106 30142 40264 52005 82530 333 91002
 91104=
 27393 42598 20701 10200 20101 30111 40273 52004 82501 333 91003
 91103=
 27480 42598 81204 10185 20113 30140 40262 52008 85531 333 91007
 91107=
 28007 42999 12301 10211 20042 30022 40269 52005 80001 333 91002
 91103=
 28009 42698 23101 10218 20031 30073 40272 52003 82100 333 91003
 91103=
 28105 42998 12402 10216 20039 30080 40269 52004 80001 333 91004
 91104=
 28202 42981 51701 10205 20067 30060 40270 52005 85030 333 91003
 91104=
 28302 42998 62601 10209 20079 30054 40270 51006 86030 333 91002
 91102=
 28307 42998 50501 10194 20100 30132 40269 52007 83031 333 91002
 91103=
 28402 42998 70201 10207 20086 30096 40266 52006 83039 333 91002
 91103=
 28502 42998 20000 10216 20058 30165 40263 52005 82030 333 91000
 91103=
 22550 82997 31901 10192 20055 30279 40289 57004 80001=
 22778 42998 02702 10174 20043 30235 40302 57001=
 22889 42898 40603 10174 20060 30212 40295 54000 82072=
 22762 82998 32101 10165 20027 30270 40308 54001 80001=
 22638 NIL=
 22671 42999 12201 10159 20030 30227 40303 57002 81000=
 22456 42998 42002 10192 20047 30195 40279 57005 80001=
 22583 42998 00401 10155 20026 30224 40302 58003=
 22749 42998 20000 10167 20023 30179 40299 57003 80001=
 22951 42998 01303 10160 20020 30027 40298 58001=
 22887 42999 20502 10172 20073 30226 40293 58004 80001=
 22876 42597 10301 10176 20088 30229 40299 54000 81100=
 22481 42998 12103 10165 20031 30241 40292 58001 80009=
 22854 42999 00902 10155 21003 30022 40301 58001=
 22781 NIL=
 22676 42998 03401 10147 20023 30231 40306 58002=
 22648 42998 71101 10172 20054 30255 40300 58003 80001=
 22559 42998 31902 10180 20031 30281 40297 57005 80001=
 22869 42997 20901 10178 20055 30156 40298 52002 80030=
 22768 42997 20302 10171 20038 30256 40304 54000 80001=
 22798 42598 22501 10180 20059 30190 40298 54000 82200=
 22375 46/// /2404 10168 30263 40277 57001=
 23207 42999 62504 10155 20011 30256 40278 57006 8507/=
 23215 42998 72204 10116 21003 30198 40285 54001 86072=
 23219 NIL=
 27095 66/// /0102 10188 20110 30064 40281 52005 60002 333 20065=
 22408 12999 62303 10166 20057 30137 40281 57002 60002 80009 333  
 20033 31004=
 22511 12998 73301 10186 20045 30165 40281 57002 60002 81036 333  
 20056 31004=
 22529 12599 60201 10211 20039 30276 40282 52001 60002 82532 333  
 20080 31006=
 22602 12478 63601 10143 20043 30071 40290 52002 60002 83530 333  
 20056 31005=
 22621 42998 62401 10185 20066 30154 40288 54000 60002 80001 333  
 20071 30///=
 22619 12983 71202 10116 20058 30134 40290 52001 60002 81035 333  
 20081 31006=
 22721 12998 81101 10124 20059 30201 40297 54000 60002 80001 333  
 20050 31006=
 22727 12970 32101 10157 20085 30254 40300 57002 60002 80005 333  
 20061 30///=
 22717 12998 71201 10187 20060 30108 40294 57002 60002 80001 333  
 20063 31///=
 22802 12999 71201 10149 20073 30276 40299 57001 60002 80002 333  
 20034 31004=
 22820 12972 70702 10166 20077 30167 40299 57001 60002 80001 333  
 20053 30004=
 22831 12998 31201 10176 20059 30247 40300 57003 60002 80001 333  
 20016 30004=
 22805 12598 71302 10078 20025 30278 40298 54000 60002 85515 333  
 20057 31006=
 22912 12999 21301 10165 20062 30285 40300 57003 60002 82030 333  
 20003 31002=
 
