00:31:00 MSK 11.04.2023
020 123456/=о000=2131
 уйту01 бтул 102100
 22686 42/98 82402 11018 21049 30119 40221 57016 85/72=
 22695 42598 82702 10003 21057 30047 40201 57014 885// 333 88631=
 22996 42998 01701 11022 21050 30052 40242 57008=
 23220 41599 30608 11211 21243 39971 40125 57035 73630 83500=
 23226 42960 81004 11226 21258 39902 40136 57031 8805/=
 23305 42/// /2705 10002 21016 30110 40137 57018=
 23320 86/// /2303 11029 21044 30028 40101 56022=
 23324 41457 81303 11084 21098 30016 40096 57034 77172 8272/=
 23405 41996 82702 11002 21011 30058 40159 57018
 77172 8802/=
 23410 86/// /2305 11013 21023 30010 40107 57018=
 23411 41599 82705 11002 21013 30034 40123 57018 70272 885//=
 23412 41398 82705 11008 21020 30013 40110 57018 77172 8572/ 333 85708=
 23416 NIL=
 23418 41460 82603 11004 21025 30057 40131 57015 77172
 8672/ 333 86713=
 23503 NIL=
 23507 86/// /3003 11007 21035 39873 40186 57018=
 23509 42/// /2703 10009 21032 30092 40171 57018=
 23514 41497 82703 11011 21013 39960 40158 57012 77173 887// 333 86712=
 23518 41496 82304 11028 21032 30072 40165 57031 77172 886// 333
 85713=
 23606 42660 82803 11001 21028 30012 40180 57018 8357/=
 23704 86/// /2701 11000 21040 39926 40039 55004=
 23701 42/// /2802 10007 21041 30082 40213 57011=
 23707 82998 62602 11018 21062 30083 40218 57009 80002=
 23708 42/// /2603 11009 21084 30060 40212 56016=
 23709 42998 02301 11016 21105 30010 40206 57018=
 23711 41497 82502 11015 21044 30010 40182 57022 78582 8697/ 333 86914=
 23803 42999 82502 11021 21110 30037 40221 58019 83031=
 23804 82997 62601 11014 21069 30074 40222 57012 80001=
 23807 42/// /2402 11036 21055 30073 40239 57008=
 23808 86/// /0000 11062 21091 30063 40238 57011=
 23812 42997 82602 11029 21119 30039 40205 57016 8805/=
 23904 42973 20000 11057 21063 30084 40247 57007 80001=
 23905 42999 02402 11047 21105 30007 40242 57008=
 23909 42998 22201 11053 21115 39986 40240 57009 80001=
 23912 42998 01301 11078 21110 30028 40229 57007=
 23913 42999 03101 11087 21130 39987 40227 57002=
 23914 82999 02902 11049 21123 39964 40229 57004=
 28013 42998 02602 11040 21122 30000 40238 57004=
 28016 42/// /3001 11038 21088 30012 40243 57002=
 28029 42999 03401 11040 21121 30002 40228 57001=
 28116 42999 00000 11047 21098 30006 40244 52001=
 28128 42999 03201 11054 21098 30080 40239 52003=
 28134 42998 02501 11053 21117 39868 40230 52002=
 28138 43/// /1901 11076 21144 39633 40222 52002=
 28216 42999 03602 11026 21094 39938 40243 52004=
 28222 42/// /3301 11039 21104 30035 40236 52002=
 28224 42970 03301 11026 21109 30016 40234 52005=
 28234 42998 00000 11043 21128 39941 40228 52003=
 28238 42999 02501 11039 21125 39911 40223 52005=
 28313 42/// /1801 11045 21078 30047 40246 52006=
 28319 42999 00000 11034 21081 30073 40242 52007=
 28321 42999 00202 11019 21099 30030 40238 52007=
 28324 42/// /3501 11038 21090 30113 40237 52006=
 28326 42998 20000 11041 21098 30039 40232 52007 80001=
 28413 42999 00000 11007 21062 30116 40241 52009=
 28428 42999 03201 11021 21085 30043 40232 52013=
 28429 42/// /3601 11022 21095 39807 40227 52009=
 22983 42984 00000 11045 21057 30138 40247 57007 333 91000 91101=
 27083 42984 00000 11044 21055 30019 40248 57008 333 91000 91101=
 27097 42/// /2401 11039 21055 39986 40256 57005 333 91001 91102=
 27185 42/// /0000 11036 21053 30069 40259 57003 333 91000 91101=
 27199 42998 00000 11026 21057 30052 40255 57004 333 91001 91101=
 27281 42984 02801 11018 21053 30046 40259 52001 333 91001 91104=
 27283 42997 00000 11031 21044 30096 40257 58002 333 91000 91103=
 27295 42/// /0000 11024 21062 39999 40258 54001 333 91000 91103=
 27296 42998 01901 11025 21058 30029 40252 57001 333 91001 91103=
 27385 429// 20000 11018 21048 30122 40254 52005 80001 333 91000
 91101=
 27393 42998 00000 11004 21057 30084 40258 52003 333 91000 91102=
 27480 42998 00000 11008 21061 30124 40255 52006 333 91000 91102=
 28007 42999 00000 11021 21072 39983 40251 57004 333 91000 91102=
 28009 42998 00000 11049 21074 30037 40254 57002 333 91000 91101=
 28105 42998 00000 11041 21069 30046 40252 57003 333 91000 91102=
 28202 42997 00000 11016 21076 30023 40250 52002 333 91000 91103=
 28302 42997 00000 11030 21068 30019 40254 52004 333 91000 91102=
 28307 42998 03001 11002 21056 30106 40253 52007 333 91001 91102=
 28402 42984 22301 11007 21062 30067 40249 52006 80001 333 91001
 91104=
 28502 42997 00000 10011 21072 30140 40245 52011 333 91000 91104=
 22550 82970 02001 11034 21052 30218 40229 57017=
 22778 42998 00000 11051 21057 30170 40242 57011=
 22889 42/// /0000 11049 21054 30156 40246 57005=
 22762 42997 00000 11045 21050 30199 40239 57012=
 22638 46/// /2200 11067 21075 30016 40251 57013=
 22671 42/// /0000 11047 21051 30142 40224 57018=
 22456 42/// /2602 11009 21041 30119 40209 57017=
 22583 41598 82604 10011 21041 30111 40192 57021 70228 8657/=
 22749 NIL=
 22951 42/// /0000 11035 21048 39970 40260 57010=
 22887 42997 21201 11038 21043 30172 40245 57009 80001=
 22876 42/// /2401 11025 21042 30168 40242 57015=
 22481 42/// /2503 10017 21029 30126 40179 57021=
 22854 42/// /3101 11031 21050 39959 40256 57011=
 22781 NIL=
 22676 42998 03101 11020 21056 30145 40225 57015=
 22648 NIL=
 22559 42/// /2601 11022 21059 30216 40233 57016=
 22869 42998 00000 11020 21049 30101 40253 57009=
 22768 42997 12201 11036 21050 30188 40239 57012 80001=
 22798 42998 00000 11038 21063 30114 40230 57006=
 22375 NIL=
 23207 NIL=
 23215 NIL=
 23219 NIL=
 27095 86/// /0000 11040 21047 30028 40264 57004=
 22408 42982 03402 11045 21057 30076 40231 57013=
 22511 42984 01701 11022 21047 30104 40228 57013=
 22529 42998 01901 11036 21057 30226 40233 57017=
 22602 42977 00000 11052 21077 30005 40239 57012=
 22621 83/70 /2101 11020 21049 30097 40240 57016=
 22619 42998 02801 11029 21040 30076 40240 57014=
 22721 42997 03001 11032 21044 30145 40246 57013=
 22727 86/70 /0000 11020 21041 30199 40248 57012=
 22717 83/70 /0000 11004 21061 30048 40246 57010=
 22802 42998 20000 11012 21050 30214 40238 57011 82030=
 22820 42998 01301 11010 21060 30108 40248 57012 555   50030=
 22831 42997 20000 11034 21052 30191 40248 57010 80001=
 22805 429// 00000 10033 21082 30210 40230 57014=
 22912 42984 10901 11014 21054 30223 40239 57010 80001=
 
