00:31:00 MSK 17.09.2023
020 123456/=о000=2131
 уйту01 бтул 162100
 22686 81497 72001 10063 20062 30119 40217 58004 71022 83570=
 22695 42497 82703 10071 20057 30051 40202 58004 887//=
 22996 81598 72601 10113 20113 30050 40231 52007 71222 87900=
 23220 43/// /1208 10082 20051 30030 40168 57023 333 91011 91113=
 23226 41550 80202 10063 20059 39970 40180 57014 78082 889// 333 
 88927=
 23305 42/// /3401 10051 20046 30168 40196 57009=
 23320 86/// /3201 10079 20079 30096 40167 57018=
 23324 41475 80000 10083 20081 30091 40166 57018 70262 886// 333 88710=
 23405 41997 72901 10053 20053 30098 40197 57008
 70261 87030=
 23410 86/// /2901 10072 20065 30074 40169 56015=
 23411 42/// /3402 10060 20059 30093 40181 57010=
 23412 41294 83202 10072 20071 30077 40172 57014 76162 8872/ 333 85705=
 23416 NIL=
 23418 41450 83002 10087 20079 30098 40170 58017 76165
 8672/ 333 86713=
 23503 42/// /3301 10074 20067 30138 40187 57004=
 23507 86/// /3401 10055 20055 39895 40202 54001=
 23509 NIL=
 23514 41597 72902 10092 20092 39987 40178 57004 78082 86970 333 84922=
 23518 NIL=
 23606 41240 82101 10105 20105 30018 40183 53001 71022 886// 333 88704=
 23704 86/// /2902 10112 20112 39808 49919 53004=
 23701 42/// /2602 10084 20079 30084 40211 52005=
 23707 82598 82702 10110 20099 30081 40210 52003 889// 333 86620=
 23708 42/// /2202 10100 20089 30065 40210 55000=
 23709 82998 22001 10099 20076 30019 40207 57003 82030=
 23711 42998 62401 10101 20083 30028 40193 57002 80005=
 23803 42999 02601 10082 20041 30038 40214 54000=
 23804 82597 52501 10094 20092 30072 40214 52002 82930=
 23807 42/// /2502 10103 20103 30070 40227 53008=
 23808 86/// /0000 10082 20075 30058 40223 52003=
 23812 42997 02401 10067 20060 30051 40211 58001=
 23904 42567 60000 10092 20092 30075 40229 52002 86500 333 86630=
 23905 82999 02501 10090 20081 30002 40225 57002=
 23909 82998 22401 10095 20082 39985 40225 57001 80001=
 23912 82998 00000 10070 20066 30031 40221 54000=
 23913 81993 00000 10045 20044 30001 40229 52002 74440=
 23914 82998 50000 10137 20087 39969 40216 54000 80004=
 28013 82998 02703 10116 20079 39998 40222 54000=
 28016 82/// /2401 10092 20082 30007 40227 54001=
 28029 82899 31901 10096 20087 30004 40218 54000 83010=
 28116 82899 30000 10100 20094 30001 40226 52001 83070=
 28128 82999 03601 10068 20066 30072 40224 54000=
 28134 82998 00000 10067 20064 39879 40225 57001=
 28138 43/// /0301 10063 20053 39670 40230 57002=
 28216 82999 02901 10121 20101 39934 40222 57004=
 28222 42/// /0000 10076 20073 30032 40224 54000=
 28224 82960 01401 10089 20083 30012 40221 54000=
 28234 82997 00000 10086 20073 39947 40220 54001=
 28238 82999 02202 10063 20049 39925 40225 54000=
 28313 42/// /0000 10080 20071 30037 40226 54001=
 28319 82597 60000 10083 20079 30063 40223 54000 81481=
 28321 82999 02501 10109 20101 30022 40220 54001=
 28324 42/// /0000 10066 20053 30102 40222 54001=
 28326 82998 20000 10056 20051 30035 40221 52002 80005=
 28413 82998 00000 10108 20089 30102 40221 54001=
 28428 82998 03501 10086 20065 30035 40216 54000=
 28429 42/// /0301 10071 20063 39814 40220 57003=
 22983 41484 82801 10090 20076 30144 40247 52009 70282 889// 333 91002
 91105=
 27083 42584 83002 10101 20087 30023 40241 52007 885// 333 91005
 91106=
 27097 42/// /2902 10096 20093 39986 40242 52004 333 91003 91103=
 27185 42/// /0000 10082 20082 30072 40253 53006 333 91000 91102=
 27199 42698 20000 10122 20098 30049 40240 52002 82509 333 91001
 91102=
 27281 41984 23101 10086 20080 30053 40257 52005 71211 80001 333 91002
 91103=
 27283 42997 03101 10074 20073 30096 40250 52005 333 91002 91103=
 27295 42/// /2701 10099 20078 30001 40248 52004 333 91002 91104=
 27296 42997 00000 10087 20074 30029 40243 52005 333 91000 91102=
 27385 419// 13201 10085 20082 30124 40253 52005 71100 81030 333 91002
 91102=
 27393 42998 20000 10115 20073 30077 40243 52003 80001 333 91001
 91104=
 27480 41998 03001 10076 20076 30130 40257 52004 71100 333 91001
 91102=
 28007 42999 03002 10103 20078 39979 40235 52003 333 91003 91104=
 28009 41996 03001 10060 20050 30028 40236 57001 71000 333 91001
 91101=
 28105 42998 02001 10080 20072 30046 40236 52003 333 91002 91102=
 28202 42997 00000 10095 20076 30016 40233 54000 333 91000 91101=
 28302 42997 00000 10073 20056 30011 40237 54000 333 91000 91101=
 28307 42998 02902 10117 20067 30097 40237 52003 333 91004 91104=
 28402 42983 22301 10105 20072 30059 40234 54000 80001 333 91002
 91102=
 28502 42997 82501 10085 20036 30131 40233 52003 80001 333 91001
 91102=
 22550 81358 82002 10098 20095 30138 40148 57030 75185 886// 333
 88708=
 22778 42598 61401 10061 20057 30161 40230 57009 82570=
 22889 42/// /2702 10093 20077 30157 40242 52006=
 22762 81396 81702 10081 20071 30159 40198 58031 76162 8872/=
 22638 46/// /2601 10111 20108 39951 40170 52006=
 22671 42/// /1602 10066 20061 30110 40188 57027=
 22456 41496 81202 10069 20069 30066 40152 57036 75165 886//=
 22583 41598 80000 10069 20065 30122 40202 58012 70228 8657/=
 22749 NIL=
 22951 42/// /2201 10074 20061 39970 40249 57007=
 22887 42597 71901 10072 20070 30171 40240 52005 83531=
 22876 42997 02102 10063 20063 30169 40241 57002=
 22481 42/// /1302 10050 20035 30137 40190 57018=
 22854 42/// /2303 10090 20067 39942 40225 57012=
 22781 NIL=
 22676 42598 81302 10062 20057 30126 40203 57017 8257/=
 22648 NIL=
 22559 42/// /1903 10090 20083 30141 40158 56039=
 22869 41998 00000 10051 20045 30105 40253 58005 71200=
 22768 41497 71904 10083 20065 30165 40214 57018 78082 86930 333
 84916=
 22798 42497 70000 10088 20081 30113 40224 52007 87500=
 22375 NIL=
 23207 NIL=
 23215 NIL=
 23219 NIL=
 27095 86/// /3101 10089 20089 30026 40251 52006=
 22408 42684 82401 10099 20094 30000 40145 57001 8653/ 333   86636=
 22511 41350 82302 10103 20092 30033 40150 54000 76162 8472/=
 22529 41598 82201 10096 20092 30146 40153 54000 70262 885// 333  
 88621=
 22602 41357 82302 10110 20102 39935 40153 57007 76162 8872/ 333  
 88507=
 22621 83268 /1902 10107 20104 30026 40161 57002=
 22619 41498 82502 10125 20120 30009 40162 57003 70282 889// 333  
 88915=
 22721 41497 82601 10128 20120 30082 40177 54000 76162 8872/ 333  
 86710=
 22727 86870 /2304 10143 20108 30152 40198 57003 333   91110=
 22717 83/70 /2202 10123 20111 30006 40197 57004=
 22802 82998 02102 10132 20114 30179 40202 57006=
 22820 42998 02405 10131 20089 30069 40200 57005 333   91010 91114
 555   50109=
 22831 42697 62202 10130 20091 30160 40213 57007 85530 333   85649=
 22805 425// 22106 10152 20122 30187 40206 57009 82500 333   91010
 91110=
 22912 42584 52203 10144 20110 30209 40224 57007 83540=
 
