12:31:00 MSK 09.06.2023
010 111/=о000=0931
 уйту01 бтул 090900
 22686 81497 81603 10094 20085 39982 40079 56015 76162 8457/ 333 84624=
 22695 41396 81503 10087 20066 39930 40078 57013 76162 8772/ 333 87709
 91111=
 22996 82599 61904 10177 20059 39949 40125 57023 85930=
 23220 42599 52101 10096 21019 30025 40162 58001 85800=
 23226 42960 52003 10104 21036 39952 40161 52001 85030=
 23305 41965 81905 10099 20053 30086 40113 56002 76062 8807/ 333 91115=
 23320 86/// /1902 10139 21019 30086 40156 57010=
 23324 42587 22002 10125 21005 30083 40157 57007 81101=
 23405 41574 81403 10082 20071 30013 40109 57007 78082 8795/ 333
 87926 91112=
 23410 86/// /1506 10130 21004 30047 40140 57011 333 91111=
 23411 42599 72007 10148 21002 30035 40120 57016 84109 333 91010 91111=
 23412 42999 21705 10138 20013 30043 40136 57012 81031=
 23416 NIL=
 23418 42665 22005 10145 20014 30072 40142 57014 82100=
 23503 42698 82105 10130 21006 30077 40124 57013 8595/=
 23507 86/// /1702 10091 20071 39804 40104 57020=
 23509 42598 61804 10146 20004 30090 40125 57020 86500 333 85622 91111=
 23514 42697 61803 10142 20004 39948 40135 57013 83831 333 91111=
 23518 42598 52205 10135 20002 30068 40156 57010 85100=
 23606 42762 71904 10160 20011 39970 40128 57020 83301=
 23701 82699 71805 10146 20023 39986 40109 57025 86908 333 91112=
 23704 86/// /1905 10163 20035 39926 40039 55004 333 91111=
 23707 82498 81807 10157 20024 39976 40101 57032 84931 333 91011 91113=
 23708 42998 71605 10152 21009 39994 40136 58023 81019 333 91010 91112=
 23709 42598 61803 10150 21025 39969 40153 57014 82120=
 23711 42998 61403 10146 21003 39995 40157 57012 84085=
 23803 42999 81803 10152 20009 39981 40152 58016 83081=
 23804 82597 81903 10164 20019 39979 40116 57027 84331=
 23807 42598 71907 10160 20051 39970 40123 57025 85839 333 83621 91011
 91113=
 23808 86/// /1405 10171 20006 39984 40143 57023 333 91111=
 23812 42597 61902 10143 21006 30013 40169 57010 85202=
 23904 42670 71905 10160 20040 39994 40143 57019 87300 333 86638 91110=
 23905 82599 61804 10167 20016 39937 40152 57015 86200=
 23909 82598 22202 10170 20009 39929 40161 57014 82100=
 23912 82599 62102 10144 20015 39994 40178 57008 86800=
 23913 82599 62503 10150 21024 39965 40184 57008 86100=
 23914 82499 62302 10149 20013 39931 40176 57009 86500=
 28013 82699 61703 10160 20023 39950 40170 57010 86200=
 28016 82599 72002 10174 20048 39957 40170 57010 87900=
 28029 82699 52103 10158 20015 39974 40183 57007 85100=
 28116 81599 62102 10165 20051 39958 40177 57010 72511 86900=
 28128 82599 61802 10155 20028 30044 40191 57006 86400=
 28134 82598 83401 10138 20023 39855 40192 57004 885//=
 28138 42599 62502 10133 20001 39645 40189 57001 86500=
 28216 82599 72003 10151 20050 39905 40190 57004 86230=
 28222 82598 81801 10157 20029 30009 40195 54001 8325/=
 28224 82570 60601 10155 20031 39989 40193 57004 86430=
 28234 82599 62101 10152 21014 39930 40197 57003 86200=
 28238 82599 60401 10146 21001 39906 40197 54000 86100=
 28313 81598 82002 10166 20051 30010 40193 57005 72522 889//=
 28319 82599 62002 10180 20059 30041 40196 58007 84130=
 28321 82599 72104 10161 20045 30000 40194 53008 85230=
 28324 82599 70201 10175 20002 30081 40196 57005 87900=
 28326 82598 62102 10158 20049 30020 40198 54000 86500=
 28413 82599 72801 10171 20041 30079 40195 57007 87300=
 28428 82599 62701 10174 20015 30020 40196 57003 86900=
 28429 82598 73402 10152 20024 39803 40197 54001 87800=
 22983 41465 82203 10144 20078 30007 40107 57018 78082 8695/ 333 91005
 91111=
 27083 42599 61706 10172 20056 39909 40119 57023 85101 333 91010
 91112=
 27097 42498 61904 10158 20082 39893 40142 57019 86300 333 91008
 91109=
 27185 42698 71902 10187 20074 39969 40142 57020 87800 333 91005
 91107=
 27199 42598 62003 10175 20074 39972 40159 57016 86301 333 91006
 91106=
 27281 42582 71804 10186 20081 39946 40141 57021 86202 333 91008
 91110=
 27283 42598 62104 10182 20068 30007 40154 57017 85201 333 91008
 91109=
 27295 42998 61903 10178 20036 39926 40163 57015 84085 333 91007
 91109=
 27296 42598 61903 10166 20061 39959 40166 57013 86900 333 91007
 91107=
 27385 425// 61903 10193 20074 30040 40161 57018 85530 333 91007
 91107=
 27393 42598 72204 10171 20060 30017 40179 57014 86230 333 91008
 91108=
 27480 42698 21902 10211 20077 30038 40158 57021 82100 333 91005
 91106=
 28007 42699 71902 10157 20046 39911 40160 57015 87200 333 91006
 91107=
 28009 42498 62104 10164 20035 39969 40169 57013 86900 333 91007
 91108=
 28105 42598 71903 10160 20059 39977 40167 57013 87500 333 91006
 91106=
 28202 42683 52203 10178 20066 39962 40172 57012 83930 333 91006
 91108=
 28302 42598 71802 10162 20060 39963 40181 57012 85930 333 91006
 91106=
 28307 42498 51703 10189 20038 30042 40179 57014 85100 333 91007
 91107=
 28402 42598 62201 10172 20065 30015 40185 57011 86201 333 91004
 91105=
 28502 42598 61703 10186 20044 30090 40189 57011 86105 333 91006
 91107=
 22550 81597 83404 10050 20034 30108 40118 52035 72582 889// 333 88622
 91010 91110=
 22778 41598 62103 10120 20101 30009 40075 57007 72582 83570=
 22889 42/// /2002 10158 20062 30019 40101 55022 333 91112=
 22762 81598 62602 10115 20093 30030 40067 53004 72581 83939=
 22638 NIL=
 22671 41497 73602 10094 20085 39971 40047 55002 78082 86930 333
 86917=
 22456 41497 80301 10050 20043 30016 40101 52005 78082 889//=
 22583 41597 81702 10086 20082 39985 40063 56016 78088 889//=
 22749 NIL=
 22951 41498 62903 10109 20070 39840 40111 52011 70282 86900 333
 91110=
 22887 41596 82806 10128 20094 30027 40094 57011 78082 8695/ 
 333 86920 91114=
 22876 41593 82002 10104 20098 30020 40090 58007 72582 86970 333
 86921=
 22481 41496 83504 10070 20069 30022 40073 57008 78082 889//=
 22854 41499 72905 10080 20060 39827 40108 53018 70182 87900 333 85918=
 22781 NIL=
 22676 NIL=
 22648 NIL=
 22559 81597 83404 10054 20038 30084 40100 52038 78086 8592/ 333
 91110=
 22869 41497 82002 10113 20091 39953 40096 58002 70282 8697/ 333
 86912=
 22768 42497 62806 10114 20053 30029 40077 52004 85931 333 84912 91011
 91112=
 22798 42498 81506 10153 20018 39984 40091 57031 889// 333 91013
 91114=
 22375 NIL=
 23207 41599 81903 10145 20017 30062 40083 57012 71622 8694/ 333
 91111=
 23215 NIL=
 23219 NIL=
 27095 NIL=
 22408 41684 83504 10076 21016 30079 40227 52020 70282 889// 333  
 88933 91110=
 22511 42598 73304 10079 21005 30096 40215 52023 84930 333   91112=
 22529 42599 63505 10088 20015 30179 40186 52026 84202 333   91013
 91113=
 22602 42477 73502 10080 21022 39996 40218 52020 87900 333   87918=
 22621 83569 /3203 10073 20038 30058 40196 52026=
 22619 41459 73204 10068 20040 30041 40198 52027 78082 87900 333  
 91114=
 22721 41497 83101 10065 20047 30097 40194 52032 78082 8692/ 333  
 85917 91110=
 22727 86770 /3303 10110 20023 30140 40187 52027 333   91110=
 22717 83/67 /3404 10089 20017 30016 40206 52025=
 22802 42699 73503 10127 20010 30192 40215 52020 85531 333   85646
 91110=
 22820 42770 53204 10102 20017 30054 40188 52028 85300 333   85855
 91111=
 22831 41598 73402 10100 20039 30108 40162 52036 70282 87900 333  
 87928 91110=
 22805 42598 73501 10096 20034 30199 40218 52028 87800=
 22912 41699 63504 10127 20036 30178 40193 52025 70282 85330 333  
 84634=
 
