03:31:00 MSK 21.12.2023
020 123456/=о000=0031
 унту01 бтул 210000
 22686 41496 82204 11011 21026 39725 49822 52033 77173 8872/ 333 85512 91110 555 1/102=
 22695 41495 82082 11114 21028 39635 49784 52004 77372 8772/ 555 1/102=
 22996 41598 72203 11001 21020 39750 49933 52026 70282 87900 333 85628 91111 555 1/102=
 23220 41598 81705 11045 21097 39691 49831 57006 73683 885// 333 88622 91110 555 1/105=
 23226 41460 81608 11073 21103 39610 49825 57016 70273 885// 333 88617 
 91010 91114 92980 555 1/108=
 23305 42/// /1802 11022 21022 39744 49771 52003 555 1/104=
 23320 86/// /2004 11020 21035 39752 49824 52002=
 23324 41479 71803 11029 21050 39746 49822 53002 70272 87600 333 87714
 555 1/104=
 23405 41496 81602 11022 21028 39683 49780 52006
 77172 8252/ 555 1/103=
 23410 86/// /1705 11019 21033 39709 49803 54001 333 91110 555 53011=
 23411 NIL=
 23412 41397 81904 11015 21030 39707 49802 52001 77172 8872/ 333 86708 555 1/103=
 23416 NIL=
 23418 41460 81904 11014 21031 39747 49818 54000 77187
 8652/ 333 86618 555 1/103=
 23503 NIL=
 23507 86/// /2202 11028 21028 39487 49791 53006=
 23509 NIL=
 23514 41395 81804 11023 21028 39621 49813 58007 78583 889// 333 84708  93403 555 1/103=
 23518 42/// /2006 11015 21036 39752 49842 54001 555 1/103=
 23606 41456 82005 11015 21015 39659 49822 52001 78582 889// 333 86915 91110 555 1/101=
 23612 NIL=
 23701 42/// /2305 11009 21017 39710 49836 53017 555 1/102=
 23704 86/// /2204 11007 21007 39676 49791 52012 555 53011=
 23707 81598 82307 11002 21023 39729 49858 52023 73683 889// 333 85620 91010 91112 555 1/101=
 23708 42/// /2106 11008 21025 39723 49869 53015 333 91112 555 1/102=
 23709 41497 81905 11014 21031 39687 49877 53007 78582 889// 333 88919 91111 555 1/102=
 23711 41497 82004 11017 21030 39702 49868 58001 78582 889// 333 88913 555 1/103=
 23803 41497 82207 11008 21035 39724 49901 53014 78583 889// 333 88919 91010 91112 555 1/102=
 23804 41597 62204 10001 21026 39736 49878 52018 70282 82930 333 91110 555 1/102=
 23807 42/// /2209 10002 21019 39743 49902 52019 333 91014 91114 555 1/101=
 23808 86/// /2007 11003 21018 39746 49911 52015 333 91114=
 23812 41496 82104 11013 21040 39746 49907 52004 78582 889// 333 934//
 555 1/103=
 23904 42681 82103 11001 21023 39782 49937 53022 885// 333 88641 555
 1/102=
 23905 41596 82104 11007 21027 39714 49938 52019 77172 885// 333 91111
 555 1/102=
 23909 41497 82205 11004 21033 39706 49948 52015 78583 883// 333
 91110=
 23912 41498 82004 11010 21031 39756 49946 52012 70272 886// 555
 1/103=
 23913 41597 80801 11007 21033 39732 49959 53014 77172 8872/ 555
 1/102=
 23914 81498 82105 11012 21032 39700 49954 52014 70275 885// 333 91110
 93400=
 27095 86/// /2304 11001 21019 39745 49971 52022 333 91111=
 28013 41397 82105 11005 21042 39734 49962 52016 77173 8872/ 333 91111
 555 1/102=
 28016 42/// /2304 11001 21024 39752 49974 52019 555 1/102=
 28029 42599 82105 10002 21030 39773 49990 52026 8655/ 333 91110 555
 1/102=
 28116 41499 72203 11003 21024 39765 49993 52022 70172 87500 333
 91110=
 28128 41598 72103 10001 21011 39855 40008 52023 70283 87300 333 91110
 555 1/101=
 28134 41598 82002 11004 21024 39662 40010 52025 70272 885// 555
 1/102=
 28138 43/// /2306 11016 21033 39454 40018 52023 333 91011 91112=
 28216 41896 82405 10004 21019 39726 40021 52020 77172 8802/ 333 91010
 91112 555 1/102=
 28222 42/// /2203 10008 21011 39825 40017 52021 555 1/101=
 28224 41570 82204 10012 21013 39815 40026 52022 70282 889// 333
 91110=
 28234 41598 82004 10002 21019 39754 40031 51022 70272 885// 333 91111
 555 1/001=
 28238 41596 82203 10002 21018 39735 40036 51022 77172 885// 333 91111
 555 1/101=
 28313 42/// /2104 10011 21010 39843 40033 51023 555 1/100=
 28319 41598 82304 10015 21007 39891 40053 52021 70272 885//=
 28321 42899 62204 10014 21014 39831 40032 52021 86070=
 28324 42/// /2105 10020 21010 39928 40048 51022 333 91110 555 1/100=
 28326 41597 72305 10010 21002 39861 40046 52022 78382 87300 333 91010
 91110 555 1/100=
 28413 41499 82104 10017 21008 39938 40059 51021 70262 887// 555
 1/000=
 28428 41598 82204 10010 21004 39889 40073 52020 70272 885// 555
 1/100=
 28429 42/// /2305 11001 21006 39663 40074 52018 555 1/101=
 22983 41484 72405 10005 21025 39813 49916 52026 70282 8693/ 333 91008
 91110 555 1/102=
 27083 42584 82205 11003 21034 39728 49948 52022 8553/ 333 91008 91110
 555 1/102=
 27097 42/// /2004 11005 21026 39711 49971 52020 333 91007 91110 555
 1/102=
 27185 42/// /1902 10003 21034 39808 49990 53018 333 91008 91108 555
 1/102=
 27199 42998 82304 10004 21036 39803 49999 52019 8805/ 333 91007 91109
 555 1/101=
 27281 42484 72103 11003 21035 39793 49999 52012 87500 333 91005 91109
 555 1/102=
 27283 42497 82303 10005 21033 39848 40003 52016 889// 333 91006 91110
 555 1/102=
 27295 42/// /2003 11001 21035 39763 40013 52014 333 91006 91110 555
 1/102=
 27296 42997 82203 10005 21041 39796 40012 52018 8802/ 333 91005 91111
 555 1/101=
 27385 425// 72003 10015 21002 39892 40020 52010 82530 333 91006 91108
 555 1/100=
 27393 42598 82205 10016 21015 39858 40027 52014 8657/ 333 91008 91111
 555 1/100=
 27480 42598 82002 10013 20005 39898 40025 52006 87501 333 91005 91108
 555 1/100=
 28007 42699 82204 11003 21037 39721 49980 52023 885// 333 88636 91009
 91111 555 1/102=
 28009 41497 82204 10001 21040 39775 49983 52024 78582 889// 333 91007
 91110 555 1/102=
 28105 42498 82305 10002 21041 39802 49993 52019 885// 333 91007 91109
 555 1/102=
 28202 42597 82502 10004 21039 39789 40009 52021 889// 333 91007 91109
 555 1/102=
 28302 41997 62203 10007 21023 39799 40025 52017 70282 86030 333 91005
 91108 555 1/101=
 28307 42498 81802 10018 21010 39893 40036 52016 885// 333 91004 91106
 555 1/100=
 28402 41984 72105 10017 21006 39865 40042 52014 70272 87070 333 91009
 91109 555 1/100=
 28502 42597 82106 10015 21006 39956 40059 51012 8802/ 333 91007 91108
 555 1/000=
 22550 81558 82503 11019 21020 39799 49809 52027 78582 889// 333 88925
 555 1/103=
 22778 41598 82504 11016 21054 39805 49873 52037 70283 885// 333 88630
 91112 555 1/103=
 22889 42/// /2305 10004 21019 39821 49905 52029 333 91112 555 1/101=
 22762 41996 82402 11025 21040 39822 49861 52035 77072 8007/ 555
 1////=
 22638 46/// /2803 11057 21077 39646 49871 52021=
 22671 42/// /2602 11023 21027 39732 49809 52035 555 1/102=
 22456 41596 82701 11040 21056 39710 49796 52028 78582 889// 555
 1/105=
 22583 41598 72502 11025 21033 39705 49784 52023 70282 875// 555 
 1/106=
 22749 42/// /2604 11018 21038 39759 49883 52018 555 1////=
 22951 42/// /2503 11014 21035 39636 49915 51016 555 1/103=
 22887 41597 82103 10004 21026 39828 49897 52032 70282 8655/ 
 333 86627 555 1/101=
 22876 41497 32405 11010 21036 39820 49892 51033 73683 83900 333 91010
 91114 555 1/104=
 22481 42/// /2301 11032 21036 39722 49774 52022 555 1/104=
 22854 42/// /2304 11029 21037 39611 49897 51022 333 91111 555 1/104=
 22781 NIL=
 22676 41596 82506 11017 21041 39742 49819 52038 77072 885// 333 91110
 555 1/103=
 22648 41598 82605 11033 21043 39818 49864 52025 73683 885// 333 88620
 555 1/105=
 22559 42/// /2604 11022 21028 39804 49820 52033 555 1/103=
 22869 42698 82504 11006 21039 39765 49912 52024 885// 333 88641 91112
 555 1/102=
 22768 41597 82305 11024 21055 39829 49878 52033 70273 885// 333 88621
 91112 555 1/105=
 22798 41597 82304 11008 21030 39754 49864 52028 73683 885// 333 91114
 555 1/102=
 22375 46/// /3505 11046 21053 39758 49773 52023=
 23207 NIL=
 23215 41498 81905 11028 21032 39698 49785 54001 70272 885// 555
 1/104=
 23219 NIL=
 22408 42981 82801 11110 21119 39721 49874 52009 80005 555   1/113=
 22511 42984 82402 11094 21109 39752 49875 52014 8801/ 555   1/112=
 22529 41496 82703 11046 21059 39847 49854 52021 77173 8872/ 333  
 88510 555   1/105=
 22602 41473 82402 11084 21099 39654 49882 52005 70272 885// 333  
 88618 555   1/106=
 22621 83/57 /2603 11060 21074 39735 49875 52018 555   1////=
 22619 42498 82403 11054 21072 39719 49878 52015 885// 333   88617
 555   1/106=
 22721 41597 73002 11040 21054 39784 49882 52015 70282 87500 333  
 87627 555   1/105=
 22727 86569 /2402 11016 21027 39841 49888 52012 555   1////=
 22717 83/70 /2202 11023 21041 39695 49891 52010 555   1////=
 22802 42598 82201 11014 21042 39876 49899 52006 885// 333   88621
 555   1/103=
 22820 41598 82503 11012 21047 39758 49892 52014 70273 8751/ 333  
 87623 91111 555   1/103=
 22831 41497 82802 11015 21023 39839 49894 52015 70282 889// 333  
 88917 555   1/102=
 22805 425// 82605 11004 21031 39877 49902 52002 885// 555   1/101=
 22912 42584 82403 11006 21035 39892 49907 52002 885// 333   88628
 555   1/102=
 
