00:31:00 MSK 12.12.2023
020 123456/=о000=2131
 уйту01 бтул 112100
 22686 41396 81604 11142 21166 30216 40324 57009 77173 8872/ 333 86709=
 22695 41495 81603 11149 21178 30156 40322 57008 77372 8772/=
 22996 41997 81704 11162 21186 30204 40407 57012 77173 8807/ 333 91112=
 23220 42999 21504 11195 21240 30225 40382 57032 82030=
 23226 41960 81909 11172 21206 30134 40341 57037 73632 8805/ 333 91012 
 91113=
 23305 42/// /1805 11153 21175 30284 40314 57011 333 91111=
 23320 86/// /2107 11138 21192 30301 40380 56024 333 91014 91118=
 23324 41976 32107 11140 21192 30287 40370 56023 73630 83070 333 91014
 91113=
 23405 41995 81505 11156 21183 30223 40331 57007 77373 8802/=
 23410 86/// /1610 11190 21226 30261 40368 56022 333 91016 91116=
 23411 NIL=
 23412 41397 81906 11180 21209 30256 40363 57020 77172 8572/ 333 85707 91010 91112=
 23416 NIL=
 23418 41958 71706 11191 21217 30318 40400 57015 73631 
 87030 333 91011 91111=
 23503 42/// /1805 11161 21194 30302 40357 57020 333 91010 91111=
 23507 86/// /2003 11167 21180 30005 40343 57012=
 23509 NIL=
 23514 41597 81805 11187 21215 30177 40394 57019 77173 8557/ 333 85624 91010 91111=
 23518 NIL=
 23606 41960 51808 11184 21219 30210 40394 57018 73632 85030 333 91012 91114=
 23704 86/// /1705 11155 21169 39114 49228 51050 333 91111=
 23701 NIL=
 23707 81996 81705 11154 21180 30230 40375 57010 77173 8807/ 333 91111 92981=
 23708 42/// /1607 11187 21225 30254 40420 57015 333 91112=
 23709 42998 01501 11236 21273 30243 40462 56014=
 23711 42998 81804 11247 21277 30282 40475 57013 82045=
 23803 42999 61303 11241 21282 30268 40474 58015 80001=
 23804 81996 81804 11159 21196 30234 40393 57012 77173 8802/ 333 91010 91112=
 23807 42/// /1806 11162 21183 30230 40407 57011 333 91111=
 23808 86/// /1305 11212 21230 30262 40451 57016=
 23812 42997 01702 11251 21292 30325 40511 57011 333 934//=
 23904 41983 81604 11182 21208 30264 40438 57014 73632 8807/=
 23905 42999 01402 11240 21266 30217 40476 57016=
 23909 42998 31503 11264 21292 30227 40510 57014 80001 333 93607=
 23912 42998 61904 11261 21294 30318 40540 58006 80001=
 23913 42999 01502 11342 21386 30305 40579 58005=
 23914 82998 01603 11296 21326 30246 40547 57005 333 93610=
 28013 42998 01503 11280 21319 30263 40531 57006=
 28016 42/// /1602 11270 21295 30266 40526 58010=
 28029 42999 01502 11278 21308 30303 40558 57005=
 28116 42999 01602 11280 21309 30274 40542 57004=
 28128 42999 01401 11279 21309 30382 40561 57006=
 28134 42998 00000 11328 21360 30167 40584 57003=
 28138 43/// /0000 11304 21342 39932 40598 54000=
 28216 42999 21102 11297 21334 30204 40553 57003 80005=
 28222 42/// /1603 11277 21316 30340 40567 55002=
 28224 42970 01602 11283 21318 30321 40570 52001 333 93602=
 28234 42997 01602 11298 21340 30257 40584 57007=
 28238 42999 00000 11398 21448 30247 40620 50000=
 28313 42/// /1701 11312 21346 30331 40558 56003=
 28319 42998 00801 11295 21325 30371 40563 58001=
 28321 42999 01701 11302 21337 30320 40560 57004=
 28324 42/// /1102 11342 21381 30423 40568 54000=
 28326 42998 40000 11339 21376 30362 40586 54000 80001=
 28413 42999 01101 11270 21308 30409 40552 53002=
 28428 42998 00000 11332 21372 30359 40580 52002=
 28429 42/// /0601 11305 21339 30105 40590 52002=
 22983 41558 81603 11136 21163 30249 40363 57008 77173 885// 333 91006
 91107=
 27083 41584 81604 11155 21194 30150 40394 57009 70272 885// 333 91007
 91113=
 27097 42/// /1505 11166 21188 30136 40424 57012 333 91009 91111=
 27185 42/// /1303 11159 21196 30211 40413 57009 333 91006 91110=
 27199 41998 81405 11184 21218 30234 40454 57007 73632 8801/ 333 91008
 91110=
 27281 41959 81407 11151 21186 30173 40400 57009 77173 8807/ 333 91010
 91110=
 27283 41997 81605 11159 21201 30255 40426 57008 73632 8807/ 333 91010
 91110=
 27295 42/// /1304 11182 21222 30170 40450 58009 333 91007 91108=
 27296 41998 81403 11211 21247 30225 40470 57004 73622 8807/ 333 91006
 91110=
 27385 419// 81504 11148 21208 30286 40430 57004 73832 8807/ 333 91006
 91108=
 27393 42598 81301 11202 21236 30293 40485 57004 8657/ 333 91003
 91107=
 27480 41598 81505 11144 21200 30279 40420 57005 73632 885// 333 91008
 91110=
 28007 42999 81703 11208 21235 30175 40469 57011 8805/ 333 91006
 91106=
 28009 42998 81603 11220 21271 30255 40493 57011 80001 333 91007
 91108=
 28105 42998 81702 11216 21255 30259 40477 57010 8802/ 333 91005
 91107=
 28202 42997 81602 11248 21280 30250 40503 57006 80004 333 91004
 91105=
 28302 42997 81404 11246 21283 30248 40510 57002 80001 333 91007
 91108=
 28307 41998 81104 11218 21255 30320 40483 56006 73632 8807/ 333 91008
 91109=
 28402 42984 81003 11242 21268 30303 40508 52003 86071 333 91004
 91106=
 28502 42997 61102 11239 21275 30392 40511 52002 80001 333 91004
 91106=
 22550 82368 71502 11143 21166 30238 40249 57006 87600 333 87707=
 22778 41496 81404 11134 21158 30230 40305 57008 77172 8872/ 333
 86711=
 22889 42/// /1404 11133 21160 30266 40360 57010 333 91111=
 22762 41996 81402 11139 21154 30236 40278 57008 77177 8007/=
 22638 46/// /1401 11140 21158 39976 40216 57008=
 22671 42/// /1903 11144 21164 30194 40279 57006=
 22456 41496 81601 11159 21194 30159 40253 57003 77172 8672/=
 22583 41597 81602 11146 21171 30211 40298 57007 78588 889//=
 22749 NIL=
 22951 42/// /1503 11133 21149 39951 40253 58009=
 22887 41295 81505 11132 21159 30260 40336 57006 77377 8672/ 
 333 86705 91010 91110=
 22876 41996 81503 11129 21147 30243 40321 57007 77177 8802/=
 22481 42/// /1705 11155 21181 30219 40276 58006=
 22854 42/// /1403 11143 21158 39944 40254 57009=
 22781 NIL=
 22676 41496 81503 11141 21168 30210 40294 57007 77172 8872/=
 22648 NIL=
 22559 42/// /1602 11144 21166 30245 40263 57006=
 22869 41997 81503 11128 21151 30136 40296 57010 77177 8002/=
 22768 41396 81602 11129 21154 30224 40277 57008 77172 8872/ 333
 86708=
 22798 41496 81604 11141 21165 30234 40356 57011 77173 8802/ 333 91011
 91111=
 22375 46/// /2006 11168 21193 30236 40252 57006=
 23207 NIL=
 23215 NIL=
 23219 NIL=
 27095 NIL=
 22408 41459 81201 11138 21154 30042 40202 57001 78587 889// 333  
 88913 93505=
 22511 41468 80901 11142 21163 30072 40202 57002 77172 8272/ 333  
 93501=
 22529 41598 80000 11162 21181 30209 40216 57004 70282 889// 333  
 87922=
 22602 41477 80701 11137 21154 39949 40189 57004 70272 885// 333  
 88615=
 22621 83841 /1002 11144 21159 30057 40207 57008=
 22619 41296 80904 11131 21148 30021 40190 57008 77172 8872/ 333  
 87704=
 22721 41696 81101 11125 21139 30092 40197 57010 78582 8695/ 333  
 85641=
 22727 86230 /1501 11084 21092 30127 40177 57010=
 22717 83/40 /0701 11119 21137 39959 40168 57011=
 22802 41996 80503 11109 21125 30126 40151 57011 77187 8802/=
 22820 41497 81204 11103 21118 30032 40176 57008 77172 8752/ 333  
 87618 555   51139=
 22831 41995 81002 11119 21136 30144 40203 57010 77172 8802/=
 22805 414// 80804 11067 21073 30113 40138 57011 77172 8872/=
 22912 41456 81003 11093 21109 30136 40152 57012 77175 8802/ 333  
 88514 93403=
 
