00:31:00 MSK 17.05.2023
020 123456/=о000=2131
 уйту01 бтул 162100
 22686 82598 70000 10088 20053 30120 40218 52006 82265=
 22695 42998 60000 10131 20005 30058 40206 52005 80050=
 22996 42/// /0000 10104 20060 30055 40236 52005=
 23220 42999 50606 11042 21072 30110 40256 57010 85030=
 23226 42960 51404 11042 21065 30039 40261 57008 85030=
 23305 42/// /2103 10107 20034 30186 40213 52008=
 23320 86/// /1401 10021 21039 30168 40241 54001=
 23324 42984 70000 10013 21022 30166 40244 57005 87070=
 23405 42567 51302 10112 20058 30116 40213 54000 82930=
 23410 86/// /1404 10060 20019 30131 40227 57002=
 23411 42/// /1901 10092 20046 30128 40215 54000=
 23412 41699 41503 10077 20031 30130 40225 57004 70281 83530=
 23416 NIL=
 23418 41965 61202 10078 20034 30157 40229 58004 70282
 85081=
 23503 NIL=
 23507 86/// /3401 10100 20050 39914 40217 52002=
 23509 NIL=
 23514 41597 71403 10100 20074 30041 40232 52003 78082 86930 333 86925=
 23518 42/// /1301 10071 20033 30159 40250 53010=
 23606 42960 82001 10138 20058 30060 40220 57002 8805/=
 23704 86/// /1501 10086 20053 39926 40039 55004=
 23701 42/// /2001 10081 20044 30102 40229 52005=
 23707 82998 41701 10125 20047 30098 40226 52003 82041=
 23708 42/// /1901 10081 20042 30093 40240 52004=
 23709 42998 60000 10073 20030 30057 40247 52004 86030=
 23711 42998 52001 10101 20041 30078 40244 52001 85030=
 23803 42999 81201 10107 20034 30076 40252 52005 83031=
 23804 82997 60000 10091 20055 30092 40234 52004 86030=
 23807 42/// /0000 10106 20069 30081 40238 52005=
 23808 86/// /1201 10118 20057 30081 40244 52006=
 23812 42997 00000 10029 20014 30095 40258 52006=
 23904 42965 80000 10085 20066 30089 40243 52005 8805/=
 23905 42999 00000 10101 20030 30025 40248 52005=
 23909 42998 61101 10087 20028 30012 40253 52006 80001=
 23912 42998 10000 10068 20025 30066 40256 52004 80001=
 23913 42999 20000 10011 21006 30040 40272 52006 80001=
 23914 82999 31102 10123 20018 30002 40252 52004 80004=
 28013 42999 20701 10111 20015 30025 40250 52006 80001=
 28016 42/// /0000 10079 20036 30031 40252 52004=
 28029 42999 01001 10120 20019 30031 40245 52005=
 28116 42999 20000 10068 20031 30022 40250 52005 80005=
 28128 42999 0//01 10085 20041 30093 40244 52005=
 28134 42998 00000 10071 20020 39906 40253 52006=
 28138 43/// /0802 10113 21002 39702 40254 52012=
 28216 42699 30702 10141 20022 39952 40239 52005 83400=
 28222 42/// /0301 10074 20038 30052 40244 52006=
 28224 42970 00000 10081 20039 30029 40239 52005=
 28234 42998 00000 10108 20031 39969 40241 52008=
 28238 42599 50000 10095 20031 39952 40249 52014 85500=
 28313 42/// /0000 10063 20034 30053 40244 52007=
 28319 42999 00000 10068 20030 30074 40235 52004=
 28321 42899 53402 10139 20037 30039 40235 52006 85030=
 28324 42/// /0000 10054 20018 30115 40235 52005=
 28326 42898 20000 10053 20026 30049 40235 52006 82030=
 28413 42999 00000 10089 20038 30111 40231 52004=
 28428 42999 03301 10073 20025 30044 40227 52002=
 28429 42/// /0402 10071 20027 39829 40236 52002=
 22983 42984 60000 10068 20050 30129 40233 52006 80005 333 91000
 91101=
 27083 42984 00000 10078 20036 30018 40238 52009 333 91000 91102=
 27097 42/// /3101 10078 20047 39986 40244 52005 333 91001 91103=
 27185 42/// /0000 10061 20038 30063 40246 52006 333 91000 91101=
 27199 42998 00000 10087 20032 30049 40243 52004 333 91000 91101=
 27281 42984 20000 10096 20047 30040 40243 52005 80001 333 91001
 91103=
 27283 42997 13501 10057 20038 30088 40244 52003 80001 333 91002
 91102=
 27295 42/// /0301 10098 20025 39997 40244 52003 333 91001 91102=
 27296 42997 00000 10080 20043 30027 40242 52005 333 91000 91101=
 27385 429// 00000 10058 20051 30116 40244 52006 333 91000 91101=
 27393 42998 00000 10104 20037 30077 40244 52005 333 91000 91101=
 27480 41998 00000 10065 20062 30116 40244 52004 71100 333 91000
 91101=
 28007 42999 70000 10146 20025 39988 40240 52004 87030 333 91000
 91101=
 28009 42698 80000 10101 20029 30042 40248 52005 82501 333 91001
 91102=
 28105 42598 20000 10077 20037 30045 40242 52003 82500 333 91000
 91101=
 28202 42997 60201 10129 20023 30021 40236 52004 80030 333 91001
 91102=
 28302 42997 00000 10083 20036 30015 40240 52003 333 91000 91102=
 28307 42998 01501 10086 20028 30097 40239 52005 333 91002 91102=
 28402 42982 20401 10091 20057 30060 40236 52005 80005 333 91002
 91103=
 28502 42997 02801 10064 20022 30129 40232 52003 333 91002 91104=
 22550 82972 61202 10135 20048 30173 40183 57003 86031=
 22778 42998 20901 10082 20031 30148 40216 52006 80002=
 22889 42/// /1001 10061 20047 30149 40234 52006=
 22762 82997 01301 10080 20036 30162 40200 52002=
 22638 NIL=
 22671 42/// /0000 10081 20043 30124 40201 54001=
 22456 42997 60000 10055 20031 30102 40189 57001 80004=
 22583 42998 60000 10079 20032 30131 40210 52005 84071=
 22749 NIL=
 22951 42/// /2401 10072 20021 39940 40218 52003=
 22887 42997 51102 10090 20021 30153 40222 52003 80001=
 22876 42997 01802 10134 20016 30149 40219 52005=
 22481 42/// /1501 10043 20043 30148 40200 54001=
 22854 42/// /1101 10097 20026 39925 40207 52003=
 22781 NIL=
 22676 42598 11301 10096 20040 30132 40208 52003 82105=
 22648 NIL=
 22559 42/// /1101 10126 20051 30174 40190 57002=
 22869 42998 00301 10114 20027 30077 40222 52005=
 22768 42897 11703 10161 20020 30155 40203 52002 81030=
 22798 42998 30301 10094 20032 30118 40228 52005 83030=
 22375 NIL=
 23207 NIL=
 23215 NIL=
 23219 NIL=
 27095 86/// /0000 10073 20052 30028 40255 52008=
 22408 42584 80000 10115 20038 39976 40120 57006 8437/=
 22511 42584 81502 10155 20036 30006 40121 57008 84576=
 22529 42598 80000 10064 20053 30145 40152 57008 85532 333   85624=
 22602 42475 81903 10163 20065 39903 40117 57009 889// 333   88913=
 22621 83/64 /1202 10129 20039 30009 40143 57011=
 22619 42498 81302 10104 20037 39980 40134 57011 82575=
 22721 42998 51301 10087 20028 30054 40150 57008 85030=
 22727 86/70 /1502 10093 20046 30103 40150 57006=
 22717 83/70 /0000 10154 20043 39951 40135 57007=
 22802 41598 81201 10100 20069 30110 40133 57008 72582 8692/ 333  
 84920=
 22820 42998 71603 10161 20038 30018 40148 57006 80001 555   50129=
 22831 42997 30000 10103 20046 30122 40176 52002 80001=
 22805 415// 80902 10105 20080 30116 40135 56010 70262 8652/=
 22912 42984 81803 10170 20052 30127 40141 57003 85031=
 
