03:31:00 MSK 20.10.2023
020 123456/=о000=0031
 унту01 бтул 200000
 22686 41498 83303 11005 21015 30049 40149 52015 70272 8652/ 333 86612 555 1/101=
 22695 42598 83203 11004 21024 39974 40128 52012 8655/ 555 1/100=
 22996 42998 50000 11007 21007 39953 40140 52005 85070 555 12001=
 23220 41296 82703 11006 21009 39811 49951 52020 77172 8872/ 333 86706 555 1/101=
 23226 41256 82704 11006 21012 39736 49948 52018 78582 889// 333
 86706 555 1/101=
 23305 42/// /3005 10004 21007 30067 40095 52019 555 1/101=
 23320 86/// /2804 10001 20001 39938 40010 52031 333 91111=
 23324 41336 83005 10006 20001 39916 49992 52027 78582 88900 333 85707
 555 1/100=
 23405 42497 72903 11008 21017 30006 40106 52017
 85530 333 85614 555 11101=
 23410 86/// /2605 11002 21019 39948 40044 51028 333 91111 555 53014=
 23411 42/// /3004 10000 21011 39982 40070 52021 555 1/100=
 23412 41699 83006 10004 21015 39956 40052 52026 70272 8355/ 333 91112 555 1/000=
 23416 NIL=
 23418 41465 82904 10006 21011 39991 40065 52027 70282
 885// 333 88616 91111 555 11000=
 23503 NIL=
 23507 86/// /3402 11016 21019 39812 40124 52014=
 23509 NIL=
 23514 41497 82903 11006 21017 39901 40098 52022 77187 8677/ 333 84713 555 1/100=
 23518 42/// /2803 11000 21008 39987 40079 52021 555 1/100=
 23606 81360 82601 11003 21012 39938 40110 52015 70282 887// 333 85708 555 14101=
 23612 NIL=
 23701 42/// /2401 11011 21017 30006 40137 52011 555 1/102=
 23704 86/// /2601 11009 21009 39437 49549 55012 555 53006=
 23707 81997 83101 11004 21010 30003 40136 52009 77072 8807/ 555 14000=
 23708 42/// /2601 11013 21022 39986 40136 52010 555 1/100=
 23709 81598 62702 11011 21024 39938 40132 52012 70282 86300 555 12101=
 23711 41497 62701 11004 21011 39943 40113 52015 78581 84930 555 11100=
 23803 41499 73302 11004 21028 39952 40133 52013 70282 87900 555 14000=
 23804 41396 83201 10003 21001 39990 40135 52009 78582 8792/ 333 86708 555 12002=
 23807 42/// /2202 11009 21009 39979 40142 52006 555 1/100=
 23808 86/// /2003 11004 21010 39972 40141 52007=
 23812 41496 82902 10004 21005 39962 40125 52014 78582 889// 555 11001=
 23904 42473 82201 11003 21003 39988 40146 52005 885// 333 88612 555
 11001=
 23905 41599 80000 11002 21007 39915 40144 52005 70272 885// 555
 11001=
 23909 41498 82601 11003 21012 39899 40146 52005 70282 883//=
 23912 41598 82402 10004 21006 39947 40140 52007 70282 82931 555
 11001=
 23913 41599 80000 10010 21001 39908 40137 52008 72582 889// 555
 11001=
 23914 81497 72704 10000 21009 39885 40143 52007 72682 87900=
 27095 86/// /0000 11001 20004 39925 40153 52002=
 28013 42598 22102 11002 21016 39912 40144 54001 82500 555 11101=
 28016 42/// /2301 10007 20005 39922 40147 52002 555 1/002=
 28029 42599 62103 10024 21017 39926 40145 54000 86500 555 11001=
 28116 42499 82001 10008 21021 39918 40149 54000 885//=
 28128 42599 80000 10024 21009 39998 40151 57002 8653/ 555 11002=
 28134 42898 80000 10004 21022 39804 40156 54000 8801/ 555 11100=
 28138 NIL=
 28216 41496 81102 10015 20008 39853 40151 57004 76176 886// 555
 11002=
 28222 42/// /0000 10023 20011 39959 40153 57004 555 1/003=
 28224 41646 70000 10028 20023 39939 40151 57005 72162 87500=
 28234 42898 81101 10024 20007 39878 40156 57006 8805/ 555 11004=
 28238 41599 82101 10025 20014 39856 40158 57005 70262 885// 555
 11003=
 28313 42/// /0000 10036 20024 39957 40148 57005 555 1/003=
 28319 41496 82102 10044 20037 39989 40151 58007 76162 8802/=
 28321 41599 81901 10038 20031 39946 40148 57005 70262 8652/=
 28324 42/// /1901 10044 20029 30030 40150 57006 555 1/004=
 28326 41598 72102 10045 20036 39968 40152 57006 72582 87300 555
 11004=
 28413 41597 82302 10040 20020 30030 40151 57004 76186 8752/ 555
 11004=
 28428 41597 81802 10036 20019 39980 40164 57005 76162 8802/ 555
 11004=
 28429 42/// /2202 10029 20016 39760 40170 57006 555 1/003=
 22983 41464 82601 10000 21002 30038 40143 52006 78582 889// 333 91001
 91102 555 12001=
 27083 42984 00000 11030 21032 39917 40143 52004 333 91000 91101 555
 14101=
 27097 42/// /3301 10002 20002 39881 40144 54001 333 91002 91102 555
 1/002=
 27185 42/// /0000 10006 20003 39957 40141 52004 333 91000 91102 555
 1/002=
 27199 41998 80601 10021 20005 39943 40140 57001 76162 8802/ 333 91002
 91103 555 11002=
 27281 42484 80202 10011 20001 39929 40136 52003 885// 333 91002 91102
 555 11002=
 27283 41597 80601 10016 20011 39980 40136 54000 70282 885// 333 91001
 91102 555 11003=
 27295 42/// /0201 10016 20007 39882 40134 57002 333 91003 91103 555
 1/003=
 27296 41497 80701 10016 20003 39917 40134 57004 76162 8872/ 333 91003
 91104 555 12002=
 27385 414// 80000 10034 20032 39998 40126 57001 71082 8675/ 333 91000
 91101 555 11004=
 27393 41497 81001 10030 20023 39964 40134 57005 70282 8792/ 333 91001
 91103 555 11004=
 27480 42498 80401 10028 20028 39999 40127 52002 886// 333 91002 91102
 555 12004=
 28007 42999 30000 10006 21006 39883 40146 54000 80030 333 91000 91102
 555 11002=
 28009 42698 80000 10008 21009 39938 40149 54000 82507 333 91001 91102
 555 11002=
 28105 42598 80000 10008 21000 39948 40142 57002 885// 333 91000 91101
 555 12002=
 28202 41596 80601 10009 21006 39920 40142 58002 78022 889// 333 91001
 91102 555 11002=
 28302 41597 80701 10027 20019 39910 40137 57004 76162 885// 333 91002
 91102 555 11003=
 28307 41497 81401 10039 20028 39987 40130 57004 76162 885// 333 91002
 91102 555 11004=
 28402 41482 81802 10035 20027 39957 40135 57005 70262 886// 333 91003
 91105 555 11004=
 28502 41597 81702 10032 20017 30037 40140 57005 70286 885// 333 91002
 91104 555 11003=
 22550 82971 03201 11030 21031 30176 40186 52007 555 14101=
 22778 42998 53603 11008 21016 30090 40161 52010 85030 555 14100=
 22889 42/// /2901 11000 21000 30057 40144 52008 555 1/000=
 22762 42497 83401 11011 21019 30140 40180 52010 886// 555 14100=
 22638 46/// /3401 11044 21049 39985 40217 52008=
 22671 NIL=
 22456 41597 63201 11011 21005 30094 40173 52010 70282 86500 555
 1/000=
 22583 42598 83003 11015 21023 30068 40149 52016 8457/ 555 1/101=
 22749 42/// /3601 11015 21022 30063 40190 52010 555 1/101=
 22951 42/// /0302 11015 21018 39894 40180 52008 555 1/101=
 22887 41297 83202 10004 20001 30080 40151 52014 70282 885//
 333 86704 555 1/100=
 22876 41497 83101 10003 20003 30081 40154 52008 70282 889// 333 88914
 555 1/000=
 22481 NIL=
 22854 42/// /3602 11017 21023 39893 40187 52009 555 1/102=
 22781 NIL=
 22676 42598 63204 11012 21031 30081 40160 52012 86500 555 1/100=
 22648 42998 02801 11030 21032 30156 40204 52010 555 14102=
 22559 42/// /3202 11013 21026 30173 40190 52011 555 1/100=
 22869 41698 80201 11005 21010 30017 40167 52007 70281 885// 333 88636
 555 1/000=
 22768 42597 83503 11010 21019 30120 40171 52012 8657/ 333 86627 555
 14100=
 22798 42997 63301 11004 21005 30028 40142 52008 86030 555 10001=
 22375 46/// /3303 11026 21042 30145 40160 52011=
 23207 NIL=
 23215 41396 83006 10001 21006 39924 40012 52031 77087 885// 333 87609
 91113 555 12100=
 23219 NIL=
 22408 42984 03302 11067 21074 30102 40258 54000 333   93501 555  
 14107=
 22511 42784 82801 11022 21036 30123 40247 52001 84535 333   84655
 555   14102=
 22529 41598 82202 11003 21021 30212 40219 52005 72782 889// 333  
 88925 555   1/100=
 22602 42974 03001 11049 21056 30019 40253 52007 555   14109=
 22621 83870 /3602 11018 21032 30089 40232 52008 555   1////=
 22619 42598 23203 11013 21027 30067 40230 52008 82500 555   14101=
 22721 42997 02901 11031 21038 30124 40225 52009 555   1/104=
 22727 86/70 /3601 11005 21018 30168 40217 52007 555   1////=
 22717 83/70 /0303 11012 21032 30022 40224 52006 555   1////=
 22802 42998 00404 11004 21031 30197 40221 52005 555   14101=
 22820 41698 63401 11012 21022 30072 40211 52007 70272 86500 333  
 86633 555   14102=
 22831 42597 50501 11010 21026 30142 40198 52007 85500 333   85631
 555   14103=
 22805 425// 10603 10010 21023 30189 40215 52004 81500 333   91110
 555   14100=
 22912 42584 60102 11011 21024 30185 40200 52007 82530 555   14101=
 
