15:31:00 MSK 04.09.2023
020 123456/=о000=1231
 унту01 бтул 041200
 22686 82598 81801 10200 20151 30085 40178 57005 8357/ 555 10022=
 22695 41598 62101 10188 20136 30023 40167 57005 70282 85931 555 11021=
 22996 82598 72901 10221 20126 30013 40186 57003 83270 555 10022=
 23220 42999 11602 10184 20015 30083 40218 57009 80001 555 11015=
 23226 42960 11902 10180 20058 30017 40221 57008 80001 555 10025=
 23305 42999 21604 10213 20135 30157 40183 57007 82030 555 10030=
 23320 86/// /1102 10192 20078 30148 40217 57008=
 23324 42587 42202 10884 20082 30146 40219 56006 82801 555 10020=
 23405 42572 81704 10176 20147 30095 40189 57002 8655/ 333 86622 555
 10022=
 23410 86/// /1804 10190 20082 30117 40209 57007 555 50139 53008=
 23411 42599 61704 10197 20102 30112 40196 57007 86100 555 10025=
 23412 42699 21703 10186 20102 30116 40208 57006 82101 555 10025=
 23416 NIL=
 23418 42665 51403 10187 20073 30144 40213 57008 85100
 555 10025=
 23501 NIL=
 23503 42698 71803 10191 20095 30150 40197 57002 87500 333 87636 555
 10025=
 23507 86/// /1502 10155 20155 39891 40186 50003=
 23509 42598 72005 10170 20115 30128 40202 58002 87500 333 87625 555
 10024=
 23514 42597 81803 10171 20093 30019 40205 57005 83931 555 10021=
 23518 42/// /1801 10183 20057 30130 40217 57009 555 1/029=
 23606 42562 81604 10153 20102 30044 40203 57003 885// 333 88628 555 11019=
 23612 NIL=
 23701 81580 71501 10188 20165 30066 40188 57003 70282 84970 555
 11021=
 23704 86/// /1801 10199 20156 30117 40228 51155 555 53003=
 23707 82698 82003 10187 20134 30063 40187 57001 8254/ 555 10020=
 23708 42498 81402 10154 20127 30061 40204 57001 8595/ 333 85917 555
 11017=
 23709 41598 81601 10153 20094 30026 40210 57003 70262 8652/ 333 86623
 555 11017=
 23711 42598 61801 10176 20097 30050 40211 57007 83230 555 10025=
 23803 41999 81501 10151 20097 30030 40202 58007 70282 8805/ 555 11017=
 23804 81596 82101 10174 20150 30055 40192 58001 78022 889// 333 85925 555 11018=
 23807 42/// /0602 10194 20155 30037 40189 54001 555 1/024=
 23808 86/// /1002 10155 20147 30043 40203 50001=
 23812 42597 41201 10170 20071 30058 40213 57007 82130 555 10020=
 23904 42470 81502 10186 20135 30047 40195 57001 8234/ 555 10023=
 23905 82599 81601 10167 20119 39987 40203 57002 885// 555 11021=
 23909 82598 71201 10173 20105 39971 40204 57002 82550=
 23912 82598 70802 10174 20088 30027 40209 57005 82830 555 10023=
 23913 82999 70701 10155 20063 39997 40216 54000 80032 555 11017=
 23914 82499 71101 10175 20076 39964 40208 57006 85531=
 28013 82598 51201 10183 20088 39983 40201 57003 85900 555 10024=
 28016 82599 72601 10180 20128 39990 40203 57002 86930 555 10025=
 28029 82699 60902 10173 20091 39998 40207 57002 85110 555 11022=
 28116 81499 71001 10175 20111 39983 40202 57001 70182 85930=
 28128 82599 30802 10186 20104 30061 40206 54000 81539 555 10030=
 28134 82698 80000 10153 20073 39876 40211 54000 84509 555 10020=
 28138 42599 63201 10141 20037 39667 40211 52001 86500=
 28216 82599 70702 10185 20111 39913 40194 54001 87900 555 10022=
 28222 82598 81801 10187 20092 30020 40204 54000 85851 555 10025=
 28224 82670 41102 10178 20100 30001 40203 54000 82539=
 28234 82598 72901 10166 20067 39944 40209 54000 86570 555 10023=
 28238 82599 80702 10170 20038 39918 40207 57005 82101 555 10024=
 28313 82598 80201 10200 20120 30013 40194 54000 889// 555 10021=
 28319 81598 72402 10205 20119 30042 40196 57004 70182 84570=
 28321 82599 70000 10189 20110 30003 40195 54001 83280=
 28324 82599 81001 10195 20097 30081 40195 54001 884// 555 11021=
 28326 82598 61301 10179 20111 30026 40203 57002 84580 555 11022=
 28413 82599 23001 10223 20088 30081 40195 57005 81139 555 10031=
 28428 81598 81202 10169 20103 30027 40203 54001 72522 889// 555
 11020=
 28429 82598 72901 10152 20100 39816 40209 52002 87900 555 10019=
 22983 42498 72601 10213 20121 30090 40188 57003 83950 333 91002 91105
 555 10026=
 27083 42599 60601 10206 20108 39979 40188 57003 86900 333 91001 91103
 555 10026=
 27097 42498 72801 10207 20114 39947 40193 57004 84931 333 91002 91104
 555 10025=
 27185 42698 82801 10212 20096 30025 40197 57002 83875 333 91002 91103
 555 10024=
 27199 42598 62501 10227 20091 30011 40195 57003 83239 333 91003 91104
 555 10039=
 27281 42582 72602 10210 20114 30006 40200 57001 85245 333 91004 91104
 555 10030=
 27283 42498 62803 10224 20108 30052 40197 57002 85831 333 91005 91105
 555 10032=
 27295 42598 72801 10221 20063 39962 40198 57002 83580 333 91004 91105
 555 10029=
 27296 42598 72202 10223 20073 39992 40195 57004 87500 333 91003 91104
 555 10031=
 27385 426// 62502 10234 20085 30077 40197 57003 83131 333 91004 91105
 555 10032=
 27393 42598 73301 10226 20071 30041 40201 57003 85441 333 91003 91107
 555 10033=
 27480 42698 62601 10248 20085 30079 40198 57004 81131 333 91003 91105
 555 10040=
 28007 42599 70000 10227 20111 39947 40191 57005 82330 333 91000 91102
 555 10031=
 28009 42698 70701 10195 20106 30003 40201 52001 87500 333 91002 91103
 555 10025=
 28105 42598 60000 10217 20109 30013 40193 57003 86200 333 91000 91103
 555 10025=
 28202 42683 50402 10222 20096 39984 40191 58004 82431 333 91005 91105
 555 10022=
 28302 42598 70000 10218 20090 39978 40192 57005 86901 333 91000 91103
 555 10025=
 28307 42498 82801 10214 20070 30064 40199 57002 86501 333 91002 91105
 555 10028=
 28402 42698 63002 10219 20078 30030 40198 57003 82239 333 91004 91106
 555 10027=
 28502 42998 82804 10232 20037 30102 40199 57005 83031 333 91006 91106
 555 10030=
 22550 82597 62602 10195 20145 30156 40166 57006 82131 555 10026=
 22778 42598 51702 10226 20109 30112 40176 57008 82571 555 10032=
 22889 42598 62301 10235 20105 30105 40185 57005 84880 555 10028=
 22762 82598 70000 10207 20149 30135 40171 5//// 8790/ 555 10022=
 22638 46/// /2402 10192 20113 39961 40174 57006=
 22671 42699 21802 10235 20128 30092 40168 58011 81289 555 10030=
 22456 42598 62302 10222 20127 30071 40153 57007 85470 555 11026=
 22583 42598 60000 10226 20155 30091 40166 57010 83271
 555 11023=
 22749 41598 62802 10197 20140 30062 40180 57002 70282 83570 555
 10026=
 22951 42598 72702 10183 20126 39927 40193 54000 86130 555 1/024=
 22887 42599 71702 10227 20136 30120 40185 57004 83531
 555 10034=
 22876 42597 61901 10218 20119 30116 40184 57004 83260 555 10026=
 22481 42/// /2203 10238 20127 30111 40160 57012 555 1/031=
 22854 42/// /2403 10165 20147 39914 40188 54001 555 1/022=
 22781 NIL=
 22676 42698 71101 10222 20127 30094 40166 57010 82130 555 10025=
 22648 41498 71701 10178 20174 30135 40179 57005 70282 86930 333 86615
 555 11022=
 22559 82598 52002 10225 20126 30149 40164 57010 85900 555 10024=
 22869 42597 60000 10201 20140 30048 40188 58003 82331 555 11022=
 22768 41497 62604 10206 20117 30122 40169 57007 70281 83970 555
 10026=
 22798 41498 80801 10189 20174 30080 40186 57005 70282 8695/ 555
 11020=
 22375 46/// /2503 10215 20134 30140 40154 57012=
 23207 41599 60801 10220 20159 30149 40170 57014 70282 82571 555
 11026=
 23215 42598 22103 10196 20099 30117 40201 57010 82102 555 11026=
 23219 NIL=
 27095 NIL=
 22408 41699 82103 10150 20103 39989 40131 57002 72582 889// 333  
 88942 555   11015=
 22511 41598 82104 10170 20109 30022 40137 57008 72522 8497/ 555  
 10019=
 22529 42599 42204 10197 20116 30154 40160 57006 84800 555   10023=
 22602 42477 72404 10161 20098 39942 40156 52003 86930 333   86917
 555   11018=
 22621 83570 /1804 10187 20123 30031 40162 57006 555   1////=
 22619 42498 32103 10194 20099 30011 40161 57008 83500 555   11026=
 22721 42598 51401 10198 20134 30084 40176 57011 85500 555   11022=
 22727 86/70 /2302 10186 20125 30142 40187 57008 555   1////=
 22717 83/70 /2302 10179 20112 39996 40183 57005 555   1////=
 22802 42599 72303 10191 20109 30170 40192 57001 83931 555   11022=
 22820 42470 42403 10195 20110 30060 40191 57008 70141 84500 555  
 11024=
 22831 41698 22401 10182 20132 30143 40195 52001 70141 82900 555  
 11026=
 22805 42598 62302 10199 20143 30177 40201 57003 82831 555   10028=
 22912 42599 32504 10191 20114 30192 40206 57002 83100 555   11020=
 
