15:31:00 MSK 02.10.2023
020 123456/=о000=1231
 унту01 бтул 021200
 22686 81497 82804 10094 20086 39939 40035 53036 75052 8767/ 333 84611 91110 555 11011=
 22695 41598 82904 10094 20068 39868 40014 52031 70262 885// 333 91110
 555 1/011=
 22996 82598 82203 10115 20095 39895 40072 52011 885// 333 88629 555 12013=
 23220 42599 62304 10119 20071 39786 49919 57005 84530 333 91110 555 12010=
 23226 41560 82208 10110 20077 39705 49907 58010 70282 8295/ 333 91012 
 91113 555 11010=
 23305 41565 83104 10073 20056 39959 49986 53042 78082 8693/ 333 91113
 555 11008=
 23320 86/// /2104 10119 20092 39854 49923 58014 333 91112=
 23324 41579 82104 10110 20090 39849 49922 57009 72582 889// 333 85633
 555 11010=
 23405 41460 83204 10071 20064 39896 49991 52046
 78082 8695/ 333 86915 91111 555 12008=
 23410 86/// /2504 10098 20087 39832 49924 55001 333 91111 555 50110 53011=
 23411 41499 83205 10080 20063 39868 49953 53028 70262 887// 333 91010 91111
 555
 12009=
 23412 41497 83003 10092 20089 39837 49929 53004 76162 8377/ 555 12009=
 23416 NIL=
 23418 41556 73004 10113 20089 39864 49933 57004 78082 
 86930 333 84920 91110 555 11011=
 23501 NIL=
 23503 41498 83104 10099 20084 39927 49975 52041 76062 887// 333 86712 555 12010=
 23507 86/// /3003 10093 20086 39699 49995 52028=
 23509 41598 62502 10112 20077 39914 49989 53035 70286 86900 333 86922
 555 11013=
 23514 41597 72503 10086 20078 39790 49978 52037 72582 83970 333 91112 555 11010=
 23518 42/// /2506 10102 20086 39877 49964 53005 333 91113 555
 1/011=
 23606 41562 72604 10117 20087 39836 49998 52030 70282 86930 333 85923 91111 555 11012=
 23612 NIL=
 23701 41599 72703 10123 20080 39893 40016 52017 72582 86970 555 11012=
 23704 86/// /2603 10128 20094 39940 40052 51066 555 53010=
 23707 81499 82505 10116 20089 39908 40034 52020 70282 8438/ 333 91110 555 11013=
 23708 41598 62303 10114 20093 39895 40037 52022 70282 84930 555 11013=
 23709 81498 82105 10114 20077 39850 40033 52017 78082 883// 333 86918 91111 555 11012=
 23711 41498 82403 10109 20093 39855 40016 52020 78082 8695/ 333 86917 555 11012=
 23803 83/// ///// 1//// 2//// 3//// 4//// 5//// 555 1////=
 23804 41597 72602 10125 20085 39903 40041 52017 70282 86930 333 86926 555 11013=
 23807 42/// /2404 10110 20106 39905 40059 52015 555 1/012=
 23808 NIL=
 23812 42497 82606 10123 20065 39889 40044 52013 889// 333 91010 91112
 555 11011=
 23904 42570 82205 10117 20088 39927 40077 52013 883// 333 86622 555
 11012=
 23905 42599 82204 10111 20077 39861 40079 52015 885// 555 11011=
 23909 42598 82403 10122 20067 39848 40082 52014 885// 333 91110=
 23912 42598 82504 10132 20073 39888 40071 53014 8695/ 333 91112 555
 11012=
 23913 41599 61402 10132 20085 39850 40068 54001 70282 86900 555
 11013=
 23914 82499 72705 10135 20068 39830 40074 52012 87400 333 91110=
 28013 42598 72603 10140 20050 39864 40083 52015 86905 333 91110 555
 10014=
 28016 42599 82604 10145 20069 39877 40090 52014 85901 555 10015=
 28029 42599 62004 10145 20095 39879 40087 52009 84520 333 91110 555
 11014=
 28116 42599 72604 10158 20051 39875 40093 52010 83905=
 28128 41599 82205 10145 20105 39955 40100 52005 70262 82501 555
 10017=
 28134 41598 82101 10130 20094 39771 40105 52006 70282 86431 555
 11013=
 28138 41599 82102 10114 20085 39570 40113 52004 70282 885//=
 28216 42599 72304 10149 20082 39827 40109 52008 87901 333 91110 555
 10016=
 28222 42598 82203 10155 20094 39923 40107 51005 8525/ 555 10016=
 28224 42670 82203 10157 20094 39910 40112 52003 82578 333 91110=
 28234 42599 82103 10146 20086 39852 40116 55000 885// 333 91110 555
 10015=
 28238 42899 82106 10163 20072 39830 40117 52004 8802/ 333 91113 555
 10017=
 28313 42598 82401 10162 20093 39933 40115 52005 889// 555 10015=
 28319 41596 72102 10150 20110 39972 40127 52003 78082 86970=
 28321 42599 62404 10162 20096 39921 40113 52003 85901=
 28324 42599 82204 10168 20080 30008 40123 53002 8646/ 555 10017=
 28326 42598 72205 10169 20085 39946 40122 52007 85530 333 91010 91111
 555 11015=
 28413 42599 82103 10158 20099 30016 40132 52007 87335 555 10017=
 28428 41598 82004 10140 20093 39970 40147 52006 70282 889// 555
 11014=
 28429 41598 82204 10129 20089 39760 40155 53011 72522 889// 333 91111
 555 11013=
 22983 41498 82503 10114 20098 39970 40071 52016 72582 86935 333 91005
 91108 555 12013=
 27083 42599 72103 10116 20082 39870 40083 52013 87800 333 91006 91108
 555 11013=
 27097 42598 82404 10115 20072 39848 40100 52013 885// 333 91007 91109
 555 11011=
 27185 42698 82102 10122 20080 39934 40111 52010 885// 333 91005 91108
 555 11014=
 27199 42598 82502 10140 20073 39923 40111 52008 85305 333 91006 91108
 555 10017=
 27281 42482 82503 10123 20084 39919 40118 52010 885// 333 91005 91108
 555 11013=
 27283 42498 62803 10141 20081 39965 40114 52008 86900 333 91006 91108
 555 10014=
 27295 42998 72303 10150 20058 39876 40115 52006 82585 333 91006 91107
 555 11016=
 27296 42598 82502 10152 20063 39906 40113 52005 82901 333 91005 91107
 555 10019=
 27385 426// 82803 10163 20062 39999 40121 52004 83131 333 91005 91106
 555 10021=
 27393 42598 62603 10159 20057 39961 40123 52004 82541 333 91006 91109
 555 10019=
 27480 42598 82601 10172 20068 30004 40126 52005 85901 333 91002 91105
 555 10022=
 28007 42599 72503 10124 20063 39851 40102 52011 87500 333 87622 91007
 91109 555 11013=
 28009 42498 82404 10130 20056 39902 40103 52010 8791/ 333 91007 91109
 555 11012=
 28105 42598 72604 10138 20061 39923 40107 52010 87200 333 91007 91109
 555 11014=
 28202 42699 82502 10152 20051 39897 40107 52007 82204 333 91005 91106
 555 10016=
 28302 42598 82403 10153 20044 39900 40117 52006 84901 333 91007 91108
 555 10018=
 28307 42498 81902 10162 20048 39988 40124 52004 83801 333 91004 91106
 555 10021=
 28402 41698 82303 10148 20070 39959 40130 52005 70262 82579 333 91004
 91106 555 10017=
 28502 41598 82104 10152 20118 30036 40135 51006 70282 889// 333 91005
 91107 555 10016=
 22550 82697 73402 10085 20028 30097 40107 52032 86530 333 86639 555
 11010=
 22778 41598 73104 10098 20072 30006 40072 52035 72582 86570 555
 11013=
 22889 41498 62802 10115 20100 39982 40064 52019 70186 85830 333 85818
 555 12014=
 22762 81497 72901 10087 20073 30054 40091 52030 70262 85770 555
 12011=
 22638 46/// /3601 10068 20056 39909 40130 54020=
 22671 42/// /3502 10074 20058 39997 40074 52043 555 1/010=
 22456 41598 63402 10071 20022 30013 40099 52035 70252 86500 555
 11010=
 22583 41598 73105 10083 20060 39963 40041 53051 70288 86570 555 
 11010=
 22749 42598 73501 10094 20051 39993 40114 52021 87900 555 12011=
 22951 41498 83302 10073 20059 39845 40120 52025 70285 889// 555
 1/011=
 22887 42699 72204 10127 20093 39993 40059 52017 
 84531 555 11015=
 22876 41597 72903 10096 20086 30001 40071 53027 72582 87900 333 87923
 555 12012=
 22481 41597 63106 10063 20019 30008 40060 52048 78082 85903 333 91011
 91114 555 11008=
 22854 41599 73002 10074 20054 39833 40115 51023 70162 87500 333 87624
 555 12011=
 22781 NIL=
 22676 41598 73105 10084 20070 39983 40058 52042 70282 87800 333 91111
 555 12010=
 22648 42498 63102 10107 20062 30068 40113 52023 83930 555 11013=
 22559 81698 73303 10082 20035 30087 40103 52037 70282 85931 333 91110
 555 12010=
 22869 41597 73303 10087 20072 39955 40098 52029 72582 86930 333 85629
 91110 555 11012=
 22768 41497 73203 10092 20074 30040 40089 52029 78082 86971 333 84913
 555 11012=
 22798 41598 72402 10117 20098 39933 40040 52019 72582 86930 555
 11013=
 22375 NIL=
 23207 41496 83307 10066 20044 39971 49993 52039 78082 86941 333 91013
 91113 555 11007=
 23215 41598 72808 10062 20049 39831 49916 53022 70282 87900 333 86920
 91012 91114 555 12007=
 23219 NIL=
 27095 86/// /2504 10120 20084 39884 40104 52014=
 22408 42699 62102 10096 20035 39983 40128 52004 85401 555   10012=
 22511 42598 60902 10079 20030 30011 40129 52007 86500 333   86631
 555   11011=
 22529 41599 83402 10083 20034 30123 40130 52018 70282 889// 333  
 88925 555   12010=
 22602 42477 71602 10089 20047 39906 40125 52007 86530 333   86619
 555   11014=
 22621 83/// ///// 1//// 2//// 3//// 4//// 5//// 555   1////=
 22619 42682 80901 10084 20043 39974 40129 52011 885// 333   88636
 555   11011=
 22721 42698 70000 10097 20035 30036 40132 52012 87500 333   87641
 555   11011=
 22727 NIL=
 22717 83/70 /0000 10092 20077 39944 40136 52010 555   1////=
 22802 42599 72801 10108 20076 30118 40141 52010 87500 333   87627
 555   11013=
 22820 41670 82501 10089 20071 30003 40136 52015 72162 8653/ 333  
 86640 555   11013=
 22831 42598 63102 10091 20044 30079 40133 52018 82931 555   12012=
 22805 42598 62502 10113 20076 30121 40145 52010 85530 555   11015=
 22912 41599 60000 10111 20055 30128 40143 52013 72582 83331 555  
 11014=
 
