18:31:00 MSK 27.10.2023
020 123456/=о000=1531
 уйту01 бтул 271500
 22686 11998 81501 11032 21044 30082 40184 57001 69902 70282 86079 333 11006 555 51022 53003=
 22695 12998 61201 11042 21064 30017 40173 58001 69922 86030 333 11013
 555 51026 53006=
 22996 11597 81501 11040 21080 30005 40196 57004 69902 78582 889// 333 11016 85620 555 51045 53005=
 23220 11496 72403 11105 21116 30000 40148 52002 60012 78582 87900 333 11105 85914 555 51148 53006=
 23226 11450 83405 11078 21092 39920 40142 52005 69982 77172 8652/ 333 
 11076 86619 555 51113 53008=
 23305 12984 81102 11068 21072 30161 40190 51004 60002 8807/ 333 11058
 555 51057 53005=
 23320 76/// /2401 11110 21113 30115 40192 52008 333 60002 555 51096 53004=
 23324 12376 82202 11091 21102 30100 40181 51003 60002 886// 333 11091
 88708 555 51107 53005=
 23405 11395 80903 11044 21046 30079 40182 52005 60012 77372
 8572/ 333 11028 85707 555 51030 53006=
 23410 76/// /3201 11109 21126 30096 40198 53009 333 60002=
 23411 11496 80000 11095 21102 30107 40200 52008 60002 71022 886// 333
 11076 555 51069 53003=
 23412 11/93 92401 11107 21120 30098 40200 52008 69902 74542 333 11071 555 51079 53003=
 23416 NIL=
 23418 12565 73102 11090 21101 30123 40200 52009 60002
 87500 333 11063 87631 555 51075 53004=
 23503 11398 81302 11061 21073 30139 40191 52008 69942 77072 8662/ 333 11035 86707 555 51034 53005=
 23507 66/// /2901 11043 21044 39865 40183 52003 60002 333 11022 555 51034 53006=
 23509 11497 80901 11026 21032 30103 40182 52005 69952 77172 885// 333
 11020 88619 555 51025 53002=
 23514 12997 71201 11084 21092 39989 40194 52006 69902 87070 333 11047 555 51050 53004=
 23518 12697 83402 11139 21154 30099 40197 51007 60002 8357/ 333 11061
 555 51085 53005=
 23606 12560 80000 11031 21045 30005 40180 52006 69922 885// 333 11022 88620 555 51028 53005=
 23701 12581 60000 11048 21053 30059 40192 51001 69902 82530 333 11008
 555 51026 53004=
 23704 76/// /0000 11024 21033 39454 49567 58052 333 60002=
 23707 62598 82101 11025 21056 30053 40188 57001 69902 8655/ 333 11010 86631 555 51020 53006 =
 23708 12984 81901 11030 21055 30042 40195 52002 69922 8805/ 333 11012
 555 51023 53006=
 23709 61496 70000 11034 21051 39997 40194 52003 60022 78582 87900 333
 11014 87918 555 51030 53005=
 23711 11597 82701 11041 21053 30011 40185 52006 60012 78582 8697/ 333 11025 86927 555 51029 53006=
 23803 11999 82301 11030 21070 30020 40205 52002 69922 70282 8806/ 333 11011 555 51022 53007=
 23804 11596 71801 11027 21075 30043 40191 57001 69902 77022 85530 333 11001 85629 555 51017 53005=
 23807 11597 71902 11033 21045 30030 40196 57005 60002 72782 83570 333
 11014 555 51024 53005=
 23808 66/// /1801 11028 21054 30033 40205 54001 60002 333 11011=
 23812 12997 22401 11079 21087 30026 40195 52005 69932 82030 333 11019
 555 51034 53007=
 23904 12580 81702 11031 21083 30042 40203 57004 69902 883// 333 11013
 86632 555 51029 53006=
 23905 11599 82201 11034 21055 39973 40206 57002 69902 70272 885// 333
 11012 555 53005=
 23909 12498 80000 11031 21065 39957 40208 57002 69902 885// 333
 11012=
 23912 12598 81701 11042 21061 30006 40203 52003 69902 83531 333 11010
 555 53007=
 23913 11599 70801 11034 21062 39968 40203 52006 69922 70282 87900 333
 11017 555 53008=
 23914 62498 73101 11027 21061 39943 40205 52003 60002 85540 333
 11012=
 28013 12598 82201 11027 21071 39973 40209 54001 69902 885// 333 11011
 555 53006=
 28016 11598 70000 11027 21060 39981 40211 57004 69902 72622 87900 333
 11011 555 53005=
 28029 12599 62301 11020 21063 39985 40209 57001 69922 86500 333 11007
 555 53007=
 28116 12899 31701 11040 21069 39978 40215 57004 60002 83070 333
 11008=
 28128 12599 82701 11017 21075 30059 40216 57005 60002 8653/ 333 10012
 555 53006=
 28134 11698 71701 11033 21061 39859 40218 54000 69932 70282 87500 333
 11018 555 53006=
 28138 11899 22201 11066 21076 39637 40224 54000 69922 70282 82040 333
 11032=
 28216 12699 81702 11039 21103 39915 40221 57007 60002 885// 333 11010
 555 53008=
 28222 12898 62202 11023 21085 30020 40219 57004 60002 86070 333 10001
 555 53007=
 28224 12870 31901 11054 21095 30004 40224 57005 60002 83030 333
 10007=
 28234 12898 51701 11042 21102 39939 40226 54001 60002 85040 333 11008
 555 53006=
 28238 12899 22302 11063 21107 39916 40231 54001 60002 82070 333 11015
 555 53007=
 28313 12598 81701 11036 21090 30025 40223 57008 69902 885// 333 11018
 555 53005=
 28319 12598 81501 11036 21083 30058 40227 57009 69902 885// 333
 11018=
 28321 12899 81901 11034 21083 30014 40223 57007 60002 8802/ 333
 11013=
 28324 12699 81802 11034 21081 30102 40226 58007 69902 884// 333 11013
 555 53005=
 28326 12598 71902 11032 21070 30036 40227 57005 60002 87500 333 11001
 555 53006=
 28413 12599 81201 11043 21091 30093 40219 57012 69902 81535 333 11020
 555 53005=
 28428 12598 32701 11052 21091 30037 40228 57010 60002 83500 333 11024
 555 53002=
 28429 12598 81401 11054 21090 39810 40236 57008 69902 885// 333 11036
 555 53005=
 22983 12584 80601 11038 21082 30076 40184 57010 69902 8555/ 333 11022
 91001 91105 555 51037 53005=
 27083 12584 81202 11033 21089 39954 40181 57008 69902 885// 333 11029
 91004 91104 555 51047 53006=
 27097 12598 71202 11035 21085 39922 40190 57008 60002 87500 333 11028
 91004 91106 555 51048 53006=
 27185 12698 80902 11023 21091 39989 40176 57012 60002 885// 333 11012
 91005 91105 555 51026 53006=
 27199 12998 71101 11034 21092 39990 40193 57012 60002 87030 333 11017
 91003 91105 555 51028 53005=
 27281 12984 81204 11026 21082 39956 40167 57010 60002 8805/ 333 11010
 91006 91109 555 51029 53009=
 27283 12597 81304 11029 21091 30021 40180 57011 60002 885// 333 11009
 91007 91107 555 51026 53007=
 27295 12597 81003 11039 21094 39929 40187 57012 60002 885// 333 11018
 91005 91106 555 51032 53006=
 27296 12598 81202 11035 21095 39968 40191 57013 60002 885// 333 11021
 91004 91105 555 51029 53005=
 27385 125// 80803 11034 21077 30035 40167 57015 60002 8355/ 333 11010
 91006 91107 555 51047 53007=
 27393 12598 70902 11043 21086 30021 40197 57013 60002 82575 333 11024
 91003 91105 555 51034 53006=
 27480 12998 80904 11023 21066 30022 40153 57016 60002 8807/ 333 11004
 91006 91107 555 51028 53008=
 28007 12599 80000 11044 21103 39938 40207 57007 60002 885// 333 11036
 88630 91000 91103 555 51043 53005=
 28009 12998 31401 11044 21100 39998 40215 57006 69902 83030 333 11018
 91002 91103 555 51035 53006=
 28105 12598 81201 11036 21107 30004 40202 57008 60002 885// 333 11026
 91002 91104 555 51029 53005=
 28202 12697 81602 11039 21099 39977 40205 57008 69902 885// 333 11025
 91004 91105 555 51028 53006=
 28302 12997 81302 11043 21095 39970 40205 57011 60002 8807/ 333 11024
 91004 91106 555 51030 53006=
 28307 12498 80602 11039 21086 30039 40187 56017 60002 85531 333 11019
 91004 91104 555 51036 53007=
 28402 12984 80803 11044 21082 30010 40194 57014 60002 8807/ 333 11022
 91005 91105 555 51033 53006=
 28502 12997 81003 11025 21079 30079 40185 57016 60002 8802/ 333 11009
 91006 91107 555 51025 53007=
 22550 62570 81001 11019 21063 30135 40145 57007 60002 885// 333 11007
 88633 555 51019 53005=
 22778 12598 81403 11028 21087 30097 40167 57009 69902 8257/ 333 11018
 555 51026 53007=
 22889 12498 81203 11034 21092 30099 40188 57006 69902 885// 333 11013
 88619 555 51026 53007=
 22762 11597 81302 11024 21074 30118 40158 57007 69902 70282 885// 333
 11010 555 51020 53005=
 22638 46/// /1301 11039 21093 39897 40127 57007=
 22671 11397 71401 11031 21044 30084 40165 57004 69922 78582 86930 333
 11013 86709 555 51024 53004=
 22456 12997 20000 11071 21071 30064 40155 54001 60002 82040 333 11010
 555 51031 53004=
 22583 11598 71901 11039 21052 30095 40178 54000 69902 70228 83570 333
 11010 555 41027 53003=
 22749 NIL=
 22951 12598 81103 11026 21081 39837 40123 57010 60002 885// 333 11017
 555 51026 53009=
 22887 12697 81202 11033 21084 30107 40180 57007 69902 8655/ 
 333 11017 86636 555 51030 53007=
 22876 12997 81303 11030 21079 30100 40176 57008 60002 8805/ 333 11016
 555 51029 53007=
 22481 11998 71302 11045 21051 30114 40168 52002 69902 70282 87030 333
 11022 555 51044 53004=
 22854 12599 71103 11030 21019 39837 40131 57011 60002 87500 333 11028
 87632 555 51028 53008=
 22781 NIL=
 22676 11598 71202 11038 21053 30090 40170 57004 69942 70282 85530 333
 11011 555 51023 53005=
 22648 NIL=
 22559 11798 81302 11023 21046 30139 40156 57006 69902 70282 8697/ 333
 11011 86655 555 51021 53004=
 22869 12698 81103 11023 21082 30002 40153 57012 69902 885// 333 11015
 88633 555 51021 53007=
 22768 12597 81302 11022 21088 30099 40150 57009 69902 885// 333 11013
 88629 555 11016 53006=
 22798 12598 60000 11042 21057 30073 40189 54001 69902 82530 333 11007
 555 51022 53005=
 22375 46/// /1904 11033 21046 30136 40152 57001=
 23207 11496 81103 11072 21080 30153 40176 52001 69902 78582 889// 333
 11071 555 51076 53005=
 23215 NIL=
 23219 NIL=
 27095 76/// /1202 11038 21080 39972 40207 57008 333 60002 555 51052 53005=
 22408 21484 80000 11030 21057 39961 40113 57003 70282 8633/ 333  
 69902 86919=
 22511 21584 71101 11039 21074 39991 40115 57006 70282 87500 333  
 69902 87631=
 22529 22598 81401 11037 21048 30117 40124 57005 885// 333   60002
 88625=
 22602 22475 81103 11029 21062 39872 40101 57007 885// 333   60002
 88618=
 22621 73561 /1202 11022 21066 39975 40117 57005 333   69932=
 22619 22698 81306 11017 21061 39941 40102 57006 885// 333   60002
 88644 91110=
 22721 22597 81001 11027 21078 30012 40112 57004 885// 333   69942
 88628=
 22727 76670 /0804 11009 21076 30051 40099 57005 333   60002=
 22717 73/70 /0802 11015 21102 39887 40086 57007 333   60002=
 22802 22598 71003 11004 21061 30053 40077 57005 86531 333   60002
 86633=
 22820 22598 81403 11007 21066 39952 40089 57007 885// 333   60002
 88630 91110=
 22831 22697 70902 11020 21083 30051 40107 57008 87500 333   60002
 87636=
 22805 22598 81004 10000 21053 30048 40073 57002 885// 333   60002
 91112=
 22912 22684 70702 11015 21069 30058 40073 57006 87500 333   60002
 87641=
 
