03:31:00 MSK 13.01.2023
020 123456/=о000=0031
 унту01 бтул 130000
 22686 41497 81904 11089 21111 30024 40128 56006 77173 8652/ 333 86614 555 1/110=
 22695 41497 82004 11097 21122 39960 40119 57013 77172 8752/ 333 87615
 555 1/110=
 22996 42/// /2104 11094 21105 30030 40225 57003 333 91110 555 1/110=
 23220 41496 80708 11178 21201 39992 40144 57015 77173 8872/ 333 91112 555 1/116=
 23226 41460 81401 11168 21187 39915 40144 57018 70272 885// 333 88611 
 555 1/116=
 23305 42/// /1904 11071 21079 30044 40072 57014 555 1/107=
 23320 86/// /2204 11081 21099 30050 40125 57015=
 23324 41435 81803 11083 21097 30043 40123 57015 77372 8272/ 555 1/109=
 23405 41496 82003 11080 21098 39990 40093 57008
 77172 8552/ 333 85614 93401 555 1/107=
 23410 86/// /1606 11086 21101 30005 40105 57017 333 91110 555 53010=
 23411 42/// /2007 11083 21089 30001 40093 57008 333 91110 555
 1/108=
 23412 41496 82005 11081 21097 30002 40102 57015 77172 8377/ 555 1/109=
 23416 NIL=
 23418 41458 81604 11085 21113 30052 40129 52012
 77172 8652/ 333 86616 555 1/109=
 23503 43/// /2104 11088 21112 30061 40113 56012 333 91111 555 1/109=
 23507 86/// /0000 11109 21116 39794 40117 58012=
 23509 42/// /1904 11095 21116 30049 40130 57014 555 1/109=
 23514 41396 82005 11105 21121 39932 40137 57013 77173 886// 333 85709  93400 555 1/111=
 23518 NIL=
 23606 41558 82104 11105 21125 39978 40159 57013
 77172 8652/ 333 86632 93400 555 1/111=
 23612 NIL=
 23701 42/// /2104 11101 21115 30025 40160 56012 555 1/111=
 23704 86/// /2103 11101 21105 39926 40039 55004 555 53008=
 23707 81597 82105 11098 21118 30033 40171 57010 77177 8652/ 333 86620  93402 555 1/110=
 23708 42/// /1905 11107 21127 30034 40191 57009 555 1/111=
 23709 NIL=
 23711 41497 81904 11115 21136 30015 40194 57012 78582 889// 333 88915
 555 1/112=
 23803 41597 81803 11109 21137 30022 40211 57016 77172 8802/ 555 1/116=
 23804 81496 82003 11098 21119 30038 40190 57006 77172 885// 333 88618 555 1/109=
 23807 42/// /2206 11095 21102 30038 40207 55008 333 91111 555 1/110=
 23808 NIL=
 23812 41396 82004 11118 21143 30058 40230 57015 77172 8872/ 333 87708 555 1/112=
 23904 42478 82104 11092 21110 30066 40231 56009 885// 333 88614 555
 1/110=
 23905 41596 82003 11100 21117 39996 40235 57012 77172 885// 555
 1/111=
 23909 41497 82104 11102 21120 39989 40247 57018 77173 8752/=
 23912 42/// /1804 11122 21137 30055 40260 58016 555 1/112=
 23913 41597 81501 11124 21158 30036 40281 57008 77172 8872/ 555
 1/114=
 23914 81496 81804 11122 21139 39991 40264 57016 77172 8802/ 333
 93604=
 27095 86/// /1904 11093 21105 30019 40260 57005 333 91110=
 28013 41897 81803 11107 21133 30015 40260 57018 77172 8802/ 555
 1/110=
 28016 42/// /2003 11096 21128 30029 40267 57018 555 1/110=
 28029 41596 81905 11119 21142 30059 40292 57010 77172 8452/ 333 93400
 555 1/112=
 28116 41496 72203 11102 21129 30041 40285 57012 77173 87500=
 28128 41596 82002 11107 21130 30142 40305 57013 77172 8802/ 555
 1/111=
 28134 41596 81901 11128 21151 39942 40318 57006 77072 885// 555
 1/113=
 28138 43/// /2306 11145 21167 39709 40319 57008 333 91010 91111=
 28216 41896 82105 11120 21149 30003 40321 57007 77173 8802/ 333 91110
 555 1/113=
 28222 42/// /2103 11113 21140 30113 40321 57009 555 1/111=
 28224 41570 82104 11112 21149 30103 40331 57007 77073 8802/ 333
 91111=
 28234 41596 81904 11130 21159 30042 40342 57005 77372 885// 555
 1/112=
 28238 41596 82303 11131 21160 30018 40345 57005 77173 885// 333 91110
 555 1/113=
 28313 42/// /2005 11117 21157 30134 40340 58004 333 91110 555 1/113=
 28319 42598 82204 11113 21161 30188 40364 57003 885//=
 28321 42899 82105 11118 21155 30122 40340 57006 8802/=
 28324 42/// /2205 11108 21173 30226 40356 57005 555 1/112=
 28326 42598 82204 11121 21164 30153 40354 57005 885// 555 1/112=
 28413 42599 82104 11111 21173 30238 40369 50001 86575 555 1/112=
 28428 41599 82105 11117 21186 30187 40386 50001 73632 885// 555
 1/112=
 28429 42/// /2306 11149 21185 39942 40389 58002 333 91011 91111 555
 1/114=
 22983 41578 82103 11091 21118 30094 40204 57006 77873 885// 333 91006
 91108 555 1/110=
 27083 41584 82104 11094 21117 30000 40233 57002 73673 885// 333 91007
 91111 555 1/109=
 27097 42/// /1905 11093 21106 39977 40253 57005 333 91008 91112 555
 1/110=
 27185 42/// /1903 11077 21099 30071 40264 57008 333 91006 91107 555
 1/109=
 27199 41997 82203 11081 21104 30073 40281 57007 77173 8807/ 333 91007
 91109 555 1/109=
 27281 41457 82004 11071 21090 30053 40270 57007 77173 8872/ 333 91007
 91111 555 1/108=
 27283 41497 82205 11073 21095 30107 40271 57007 73683 889// 333 91009
 91110 555 1/108=
 27295 42/// /1905 11077 21099 30028 40293 57006 333 91009 91113 555
 1/108=
 27296 41597 82204 11077 21107 30062 40291 57008 70272 885// 333 91008
 91110 555 1/109=
 27385 414// 82106 11063 21086 30167 40302 57006 77173 8677/ 333 91011
 91112 555 1/107=
 27393 41496 82308 11069 21090 30131 40311 57011 77173 8672/ 333 91012
 91114 555 1/108=
 27480 41498 82205 11060 21080 30180 40314 57006 73683 889// 333 91011
 91111 555 1/107=
 28007 41499 82104 11098 21124 39993 40269 55002 73683 883// 333 88917
 91009 91111 555 1/110=
 28009 41597 82207 11087 21125 30049 40270 57007 77173 8352/ 333 91011
 91111 555 1/109=
 28105 41498 82204 11090 21120 30072 40282 57003 73632 885// 333 91007
 91111 555 1/108=
 28202 41596 82305 11093 21120 30063 40297 57008 77172 885// 333 91008
 91110 555 1/110=
 28302 41997 82004 11101 21126 30074 40317 57008 77173 8802/ 333 91008
 91109 555 1/111=
 28307 41498 81703 11084 21117 30175 40328 57009 77173 885// 333 91006
 91109 555 1/109=
 28402 41983 82108 11098 21110 30150 40341 57009 73632 8807/ 333 91012
 91112 555 1/110=
 28502 41997 82105 11111 21149 30261 40373 50000 70232 8802/ 333 91007
 91112 555 1/112=
 22550 81324 82004 11048 21061 30038 40048 57008 77372 8872/ 333 88709
 555 1/105=
 22778 41598 81903 11082 21104 30075 40148 57009 70282 885// 555
 1/109=
 22889 42/// /2002 11091 21112 30105 40196 58006 555 1/109=
 22762 42/// /1602 11071 21076 30073 40113 57003 555 1/107=
 22638 46/// /2103 11045 21057 39824 40053 54000=
 22671 42/// /2004 11073 21077 3//// 4//// 5//// 555 1/107=
 22456 42/// /2102 11056 21064 39942 40031 57005 555 1/106=
 22583 41558 81801 11080 21097 30002 40085 57010 78582 889// 
 555 1/108=
 22749 42/// /2105 11059 21078 39982 40111 55001 333 91110 555 1/107=
 22951 42/// /2303 11078 21092 39865 40157 52003 555 1/108=
 22887 41597 81504 11090 21115 30106 40180 57009 78582 8595/
 333 85923 555 1/109=
 22876 42/// /2006 11086 21110 30085 40161 58014 333 91011 91111 555
 1/109=
 22481 42/// /1907 11069 21073 39991 40045 57013 333 91010 91112 555
 1/107=
 22854 42/// /2005 11077 21086 39835 40133 55002 333 91110 555 1/108=
 22781 NIL=
 22676 41496 81905 11075 21104 30027 40107 57013 77073 885// 333 91110
 555 1/108=
 22648 42/// /2005 11045 21061 30034 40081 55003 555 1/105=
 22559 42/// /1904 11058 21073 30048 40065 57006 333 91110 555 1/105=
 22869 42/// /2005 11092 21110 30021 40177 55002 555 1/109=
 22768 41597 82107 11077 21101 30083 40135 57001 73632 885// 333 88620
 91010 91110 555 1/109=
 22798 42/// /2004 11095 21113 30050 40168 58012 555 1/110=
 22375 46/// /2107 11060 39997 40012 57012=
 23207 NIL=
 23215 42/// /1705 11085 21102 39986 40078 57024 555 1/109=
 23219 NIL=
 22408 41459 81904 11003 21020 39804 49952 57005 78582 883// 333  
 88911 555   1/101=
 22511 42484 81903 11008 21030 39849 49969 57003 886// 333   88712
 555   1/102=
 22529 41598 82006 11027 21053 30007 40014 57002 73673 885// 333  
 88624 91011 91111 555   1/104=
 22602 41357 81903 11016 21016 39752 49977 57010 77172 8872/ 333  
 88509 555   1/102=
 22621 83356 /1806 11028 21040 39875 40015 57006 333   91111 555  
 1////=
 22619 42/70 /1703 11021 21038 39855 40015 57008 555   1/103=
 22721 41397 81401 11036 21047 39947 40047 57003 70272 887// 333  
 86709 555   1/104=
 22727 86457 /1604 11034 21050 30016 40065 57004 555   1////=
 22717 83/29 /1703 11024 21036 39846 40041 57007 555   1////=
 22802 42498 81804 10002 21011 30010 40033 57008 885// 333   91110
 555   1/101=
 22820 41698 82104 11035 21060 39929 40067 57004 70272 885// 333  
 88643 555   1/105=
 22831 41497 82002 11043 21061 30042 40098 54000 70282 889// 333  
 88912 555   1/105=
 22805 415// 81709 11003 21010 30014 40034 57009 73632 885// 333  
 91012 91114 555   1/101=
 22912 41381 81905 11036 21050 30063 40078 57010 73673 886// 333  
 88709 91110 555   1/104=
 
