00:31:00 MSK 15.10.2023
020 123456/=о000=2131
 уйту01 бтул 142100
 22686 42998 81203 10019 20004 39865 49963 58043 8805/=
 22695 42998 81106 10009 21011 39857 40008 57015 8805/=
 22996 42998 81703 10059 20038 39819 49999 5//// 8805/=
 23220 43/// /3102 11007 21017 39847 49987 52015=
 23226 41456 83003 11010 21017 39771 49983 52016 77072 885// 333 88611=
 23305 42/// /1402 10010 20010 39982 40009 57006=
 23320 86/// /2601 11027 21027 39954 40027 52011=
 23324 42477 82601 11022 21034 39945 40022 51010 886// 333 88713=
 23405 41497 61301 10010 20010 39913 40012 58007 
 70242 86500 333 86613=
 23410 86/// /0602 11021 21028 39928 40024 52007=
 23411 42/// /2202 11002 21002 39929 40018 54000=
 23412 41297 81103 11018 21021 39927 40024 52005 77172 8872/ 333 86705=
 23416 NIL=
 23418 42565 82201 10002 21001 39953 40027 52004 885//
 333 88621=
 23503 42/// /1702 10004 20001 39970 40019 57005=
 23507 86/// /1703 11007 21007 39705 40013 57015=
 23509 NIL=
 23514 41396 81701 10001 20001 39831 40026 57003 75152 886// 333 88707 93401=
 23518 42/// /2501 11007 21013 39944 40035 52004=
 23606 42260 82203 10008 20003 39862 40032 58001 886// 333 88705=
 23704 86/// /1202 10015 20014 39546 49658 58027=
 23701 42/// /1402 10011 20005 39884 40012 58029=
 23707 82598 61102 10017 20006 39869 49999 57034 86500 333 86624=
 23708 42/// /1302 10011 21004 39885 40033 57022=
 23709 81497 81602 10010 21008 39860 40051 57011 76062 885// 333 88618=
 23711 42498 82101 10013 20006 39878 40046 51001 887// 333 86711=
 23803 42699 89901 10006 21008 39872 40050 58015 885//=
 23804 42997 81402 10023 20010 39863 40006 57035 8807/=
 23807 NIL=
 23808 86/// /1103 10003 21002 39871 40038 58027=
 23812 42597 82201 10016 20009 39901 40062 58003 8695/=
 23904 42974 81602 10036 20018 39869 40023 57034 8802/=
 23905 42599 81401 10002 21002 39823 40050 57023 885//=
 23909 42498 61603 10012 21003 39825 40069 57018 86500=
 23912 42598 82002 10018 20008 39890 40081 57004 8355/=
 23913 42599 83101 10025 20011 39855 40082 54000 889//=
 23914 82899 22002 10002 21003 39827 40083 57007 82030=
 28013 42598 31703 10002 21015 39848 40078 57014 83500=
 28016 42/// /1201 10002 21002 39854 40078 57016=
 28029 42599 52003 10018 20003 39876 40094 57007 85500=
 28116 42499 51602 10011 21003 39857 40087 57017 85500=
 28128 42999 02201 10035 20017 39950 40101 57010=
 28134 42898 81901 10004 20001 39759 40110 57006 87071=
 28138 43/// /2504 10007 20001 39548 40113 57001=
 28216 42699 61803 10034 20004 39805 40099 57015 86500=
 28222 42/// /1502 10021 20007 39914 40108 57010=
 28224 42870 71402 10013 21004 39900 40112 57011 87030=
 28234 42598 81802 10022 21003 39844 40120 57004 885//=
 28238 42599 82403 10029 21006 39822 40123 55001 885//=
 28313 42/// /1602 10033 20009 39917 40107 57015=
 28319 42598 52002 10055 20024 39955 40116 52016 85500=
 28321 42999 31802 10026 20011 39908 40110 57014 80001=
 28324 42/// /1601 10030 20005 39997 40117 57012=
 28326 42598 41502 10003 21004 39937 40125 57009 84500=
 28413 42599 71604 10064 20020 39994 40113 57019 83531=
 28428 42599 61702 10022 21004 39952 40136 57009 86500=
 28429 42/// /2202 10026 20000 39730 40140 57006=
 22983 41465 81502 10064 20057 39865 49966 57040 78082 889// 333 91004
 91106=
 27083 41456 81804 10061 20050 39773 49989 57033 76162 8802/ 333 91007
 91109=
 27097 42/// /1503 10057 20054 39759 40013 57030 333 91007 91108=
 27185 42/// /1603 10072 20068 39835 40013 57028 333 91006 91107=
 27199 41497 81902 10071 20056 39845 40036 57028 76162 8672/ 333 91005
 91107=
 27281 41460 81905 10078 20072 39817 40016 57026 76162 8872/ 333 91009
 91108=
 27283 41496 81903 10073 20067 39877 40028 57027 78082 889// 333 91007
 91108=
 27295 42/// /1803 10068 20055 39800 40045 58019 333 91008 91109=
 27296 41597 81903 10071 20042 39838 40050 57027 76122 8802/ 333 91005
 91107=
 27385 414// 82104 10080 20074 39922 40047 57026 76062 8677/ 333 91007
 91109=
 27393 42598 62206 10077 20054 39901 40066 57024 85530 333 91008
 91111=
 27480 41498 81902 10083 20076 39931 40056 57021 70262 8802/ 333 91006
 91108=
 28007 42999 01702 10056 20020 39783 40038 58028 333 91004 91105=
 28009 42698 81603 10054 20007 39850 40056 57027 885// 333 91005
 91106=
 28105 42598 81702 10066 20021 39857 40045 57027 885// 333 91005
 91107=
 28202 42597 72004 10057 20023 39846 40062 57025 87900 333 91005
 91106=
 28302 42997 81803 10070 20025 39850 40073 57024 8807/ 333 91007
 91107=
 28307 42498 81803 10082 20049 39934 40074 57022 885// 333 91008
 91109=
 28402 42984 82106 10084 20046 39910 40084 57022 8807/ 333 91010
 91110=
 28502 41996 82104 10073 20048 30004 40105 57016 76162 8802/ 333 91007
 91107=
 22550 81456 81205 10044 20042 39813 49823 57055 76162 8872/ 333 88711
 91012 91113=
 22778 41596 81405 10053 20048 39848 49915 57040 78082 889//=
 22889 42/// /1003 10049 20045 39887 49971 57042=
 22762 82/// /1403 10060 20057 39839 49877 56040=
 22638 46/// /2303 10106 20090 39573 49784 57012=
 22671 42/// /1503 10026 20020 39820 49897 57047=
 22456 41496 81203 10021 20021 39769 49855 56052 77176 8872/ 333
 91111=
 22583 42598 81402 10014 20001 39881 49960 58036 885//=
 22749 NIL=
 22951 42/// /2003 10100 20096 39614 49880 57018=
 22887 41496 81104 10062 20060 39880 49948 57044 76166 8872/ 
 333 86712=
 22876 41496 81302 10061 20061 39861 49931 56043 78082 889// 333
 88710=
 22481 42/// /1106 10009 21007 39890 49942 57041 333 91010 91111=
 22854 42/// /1804 10084 20084 39589 49862 57024=
 22781 NIL=
 22676 41496 81205 10026 20018 39840 49916 57047 76062 8872/=
 22648 NIL=
 22559 42/// /1304 10046 20039 39830 49846 57052 333 91110=
 22869 41397 82003 10076 20070 39769 49911 57030 78088 889// 333
 86709=
 22768 41497 81803 10072 20066 39832 49879 57033 72582 889// 333
 86912=
 22798 41497 80802 10024 20015 39872 49982 57039 78081 889//=
 22375 NIL=
 23207 NIL=
 23215 NIL=
 23219 NIL=
 27095 86/// /1603 10056 20056 39804 40026 57031=
 22408 41725 80000 10046 20042 39606 49748 57011 71065 885// 333  
 88650=
 22511 41384 82202 10056 20050 39638 49753 57009 70262 8472/=
 22529 41497 82102 10071 20067 39739 49745 57039 76162 8872/ 333  
 88517=
 22602 41977 02303 10060 20049 39555 49769 52004 70161=
 22621 83770 /2305 10074 20070 39644 49776 52012=
 22619 41598 52403 10068 20060 39638 49789 52034 70262 85500 333  
 91114=
 22721 41997 02803 10084 20066 39711 49804 52032 70261=
 22727 86/70 /2205 10091 20066 39785 49830 52036 333   91112=
 22717 83/70 /2304 10066 20055 39640 49828 52028 333   91010 91112=
 22802 42698 72002 10076 20059 39807 49829 52005 83501=
 22820 42998 62404 10077 20055 39711 49840 52034 86030 333   91010
 91113 555   50064=
 22831 42697 62403 10102 20078 39792 49844 52015 83930 333   91110=
 22805 429// 02212 10095 20065 39818 49841 52004 333   91018 91118=
 22912 42584 62206 10095 20066 39854 49868 52019 86400 333   85628
 91010 91113=
 
