06:31:00 MSK 31.05.2023
020 123456/=о000=0331
 уйту01 бтул 310300
 22686 62998 80000 10106 20081 30031 40127 57005 60002 81075 333 20057  30008 55138 555 53005 7000/=
 22695 12598 63101 10101 20070 39966 40114 57008 69902 83131 333 20079
 31007 555 53012 7990/=
 22996 11598 80901 10131 20118 39940 40118 57017 60022 72582 889// 333
 20115 32014 55148 555 53005 7002/=
 23220 12599 80603 10116 20069 30012 40148 57006 60002 885// 333 20037
 32004 555 53006 7002/=
 23226 12960 31304 10130 20053 39939 40145 58013 60002 83030 333 20053 
 3/003 41998 555 53006 7996/=
 23305 12999 72801 10104 20081 30093 40120 57006 69902 87070 333 20087
 31009 555 53006 7990/=
 23320 76/// /1703 10167 20082 30063 40132 57014 333 20063 60002 555 53008 7000/=
 23324 12984 71403 10158 20085 30061 40134 57006 60002 83089 333 20049
 55065 555 53010 7993/=
 23405 12975 62702 10128 20075 30027 40121 53003 69902 86030 333
 20101 31009 55155 555 53006 7990/=
 23410 76/// /1605 10130 20078 30025 40117 57008 333 20103 60002 91110 555 7000/=
 23411 12599 70000 10131 20071 30029 40115 54000 60002 83931 333 20114
 31010 555 53006 7000/=
 23412 12499 72002 10132 20078 30024 40116 57007 60002 86330 333 20105
 31007 55123 84917 555 53006 7990/=
 23416 NIL=
 23418 12665 71201 10143 20072 30061 40131 57005 69902 82930
 333 20116 31009 55094 555 53005 7990/=
 23501 NIL=
 23503 12998 62502 10154 20050 30075 40123 54000 60002 80005 333 20063
 31008 555 53006 7990/=
 23507 66/// /3601 10113 20083 39826 40124 57004 60002 333 20085 555 53007 7////=
 23509 12998 62002 10140 20091 30056 40130 54000 69942 85033 333 20087
 31010 555 53008 7994/=
 23514 12697 82201 10132 20081 39943 40131 57005 60002 8255/ 333 20104 31009 55123 555 53005 7990/=
 23518 12598 81302 10143 20100 30051 40138 57009 69942 8297/ 333 20099
 31009 55092 555 53008 7994/ 91212=
 23606 12962 81601 10128 20086 39972 40131 57005
 60002 8805/ 333 20108 31011 55113 555 53006
 7000/=
 23612 12698 82201 10141 20075 30013 40141 57007 60002 82937 333
 20109 31012 555 53005 7000/=
 23701 61670 73601 10110 20107 30007 40132 56008 60002 71182
 83930 333 20067 31008 555 50146 53011 7000/ 91211=
 23704 76/// /0000 10119 20119 39926 40039 55004 333 20089 60002 555 50155 7000/=
 23707 62598 80000 10126 20094 39995 40122 57006 60002 85974 333 20104 31011 55136 84629 555 53009 7990/=
 23708 12598 80401 10122 20085 39990 40134 55004 69982 8192/ 333 20090
 555 53007 7998/=
 23709 61997 82301 10109 20085 39956 40142 55002 69952 76062 8802/ 333
 20087 32009 555 53004 7994/=
 23711 12498 81802 10122 20086 39978 40144 57012 60002 8694/ 333 20088
 31009 55144 86917 555 53004 7000/=
 23803 11497 81401 10117 20093 39976 40150 53003 69962 76162 8872/ 333 20109 31012 55153 86711 555 53005 7996/=
 23804 11597 82001 10132 20101 39985 40124 57002 69932 72582 8395/ 333
 20099 32012 55160 555 53006 7993/=
 23807 11497 72001 10130 20109 39974 40128 56001 69912 72582 83930 333
 20109 32012 55157 555 53007 7991/=
 23808 66/// /0801 10112 20103 39978 40140 50000 60002 333 20093 555 7000/=
 23812 12597 80000 10126 20101 39992 40148 57014 60002 888// 333 20071
 31008 555 53004 7000/=
 23904 11958 80201 10116 20116 39979 40130 57016 60022 76162 8802/ 333
 20099 31012 555 53005 7002/=
 23905 NIL=
 23909 11597 80802 10131 20120 39895 40129 57017 60022 78082 8731/ 333
 20127 31013 55156=
 23912 11598 81203 10150 20089 39955 40138 57023 69932 78082 8495/ 333
 20112 30012 555 53006 7993/=
 23913 11599 81703 10116 20073 39944 40164 57021 69942 72582 889// 333
 20051 31004 55120 555 53004 7994/=
 23914 61498 81002 10137 20103 39893 40138 57022 60002 72582 889// 333
 20129 30013 55160=
 28013 11598 80000 10142 20108 39904 40124 56020 69952 70282 889// 333
 20132 31014 555 53005 7995/=
 28016 12598 70000 10155 20124 39907 40120 56017 60012 87900 333 20133
 31015 555 53005 7001/=
 28029 11599 81403 10173 20118 39926 40132 57020 69952 70262 8652/ 333
 20143 31015 55151 555 53007 7000/=
 28116 11598 71501 10158 20121 39903 40121 57014 69932 70182 87900 333
 20140 31013 55158=
 28128 12599 81704 10192 20133 39991 40135 57012 69932 8353/ 333 20149
 31015 55149 555 53008 7993/=
 28134 11598 81901 10193 20114 39816 40145 57017 60002 70262 885// 333
 20132 31014 555 53005 7000/=
 28138 12599 83601 10165 20100 39632 40168 57012 60002 885// 333 20115
 30011 55149=
 28216 12699 71705 10205 20114 39848 40125 57004 69902 82520 333 20164
 30017 555 53009 7990/=
 28222 12598 81503 10196 20125 39964 40147 55003 60002 84851 333 20162
 31015 555 53008 7000/=
 28224 11698 81503 10184 20131 39945 40145 57009 69932 70282 8593/ 333
 20158 31015 55139=
 28234 11498 80201 10172 20115 39891 40154 57013 69942 70272 889// 333
 20162 30012 555 53006 7994/=
 28238 12599 80301 10155 20104 39880 40168 58013 60002 885// 333 20129
 30014 55143 555 53003 7000/=
 28313 31051 333 90024 10166 3018/ 4016/ 5000/ 70918 91//4 13027 22221
 30937=
 28319 12598 71902 10210 20129 39992 40144 57002 60002 86530 333 20175
 30018=
 28321 11599 81703 10187 20138 39952 40143 52003 69902 72582 8495/ 333
 20175 31016=
 28324 11598 81501 10191 20142 30035 40148 50004 69932 72582 8696/ 333
 20175 31018 555 53007 7993/=
 28326 12598 70000 10198 20120 39978 40153 57003 60002 87500 333 20159
 30017 55123 555 53004 7000/=
 28413 12599 81503 10216 20111 30025 40139 50003 60002 8657/ 333 20197
 30018 555 53012 7990/=
 28428 12599 80000 10191 20139 39980 40154 50000 60002 889// 333 20160
 30016 555 53003 7000/=
 28429 12598 82202 10211 20114 39778 40162 52004 60002 889// 333 20166
 30016 555 53005 7000/=
 22983 12998 50000 10152 20103 30014 40113 57008 60002 81031 333 20083
 31009 55140 91000 91103 555 52005 53003 7000/=
 27083 11599 63201 10128 20114 39902 40115 57014 69952 72162 84230 333
 20112 31012 91002 91102 555 52010 53004 7995/=
 27097 11998 80101 10122 20117 39865 40116 58017 60032 72162 8807/ 333
 20115 32013 91003 91103 555 52011 53007 7003/=
 27185 12998 80000 10126 20118 39938 40114 56017 60032 8807/ 333 20122
 31014 91000 91102 555 52011 53003 7003/=
 27199 12598 70203 10146 20112 39919 40106 57017 69932 84330 333 20142
 30013 55143 91006 91108 555 52013 53008 7993/=
 27281 11482 80502 10130 20116 39914 40112 57014 60032 70262 8655/ 333
 20124 32013 91003 91105 555 52011 53006 7003/=
 27283 12498 80303 10141 20118 39962 40111 57013 69992 8697/ 333 20125
 31013 91005 91106 555 52013 53006 7999/=
 27295 12598 80302 10134 20110 39870 40108 57007 69952 884// 333 20134
 31014 91003 91107 555 52013 53007 7995/=
 27296 11562 80302 10132 20114 39895 40103 57006 60022 72582 889// 333
 20128 31014 55138 91003 91104 555 52010 53004 7002/=
 27385 125// 70202 10144 20119 39978 40100 57009 69902 82530 333 20140
 30013 91004 91106 555 52012 53006 7990/=
 27393 11597 80901 10134 20121 39943 40106 57004 69982 78082 8697/ 333
 20132 31014 55096 91002 91103 555 52012 53004 7998/=
 27480 12598 80301 10143 20127 39977 40099 57009 60002 889// 333 20127
 31013 91003 91105 555 52012 53005 7000/=
 28007 11499 80103 10127 20111 39866 40116 57016 60012 70282 8635/ 333
 20123 31013 55150 88913 91005 91107 555 52011 53007 7001/=
 28009 11498 70000 10135 20122 39918 40118 57009 60042 72582 87900 333
 20128 32014 91001 91104 555 52011 53005 7004/=
 28105 11598 70101 10137 20120 39919 40109 57011 60012 70282 87200 333
 20133 31015 91003 91104 555 52013 53005 7001/=
 28202 11568 81702 10133 20119 39895 40106 57005 60062 72582 889// 333
 20122 31013 91003 91103 555 52011 53004 7006/=
 28302 11598 81603 10182 20130 39889 40103 57007 69902 70282 82931 333
 20133 30013 91005 91106 555 52010 53006 7990/=
 28307 11498 80000 10152 20132 39961 40097 57007 60022 70262 86501 333
 20136 31014 91000 91101 555 52012 53005 7002/=
 28402 12598 81704 10188 20124 39935 40103 57003 69932 8647/ 333 20156
 30015 91007 91110 555 52014 53010 7993/=
 28502 12598 81501 10190 20126 30012 40110 58005 60002 889// 333 20184
 30017 55105 91003 91107 555 52016 53008 7000/=
 22550 62997 01601 10094 20057 30110 40120 57009 60002 333 20019 30004 55091 555 53004 7000/=
 22778 12998 30301 10114 20075 30055 40121 57010 60002 82035 333 20040
 30007 55117 555 53004 7994/=
 22889 12998 21001 10110 20103 30035 40118 58008 60002 82081 333 20077 32009 555 53007 7000/=
 22762 62998 80000 10081 20065 30086 40124 57005 60002 8007/ 333 20027
 31007 555 53006 7000/ 91208=
 22638 NIL=
 22671 12999 60000 10107 20056 30046 40122 58006 60002 82031 333 20051 30006 55149 555 53005 7000/=
 22456 12997 02101 10095 20053 30027 40112 57009 60002 333 20006 31004
 555 53006 7001/=
 22583 12998 63401 10109 20078 30047 40124 57002 60002 83071 333 20074 31008 55091 555 53006 7000/=
 22749 NIL=
 22951 42/// /3501 10098 20028 39873 40146 56011=
 22887 12699 73601 10145 20100 30048 40115 57008 69902 81531
 333 20110 30010 55132 555 53007 7990/=
 22876 12997 71601 10118 20100 30048 40118 57006 69902 87070 333 20106 31011 555 50155 53004 7990/ 91208=
 22481 12998 11902 10101 20057 30069 40120 57002 69942 81080 333 
 20052 31006 555 53005 7003/ =
 22854 12899 72901 10080 20049 39851 40133 57006 60002 87050 333 20057
 30007 55140 555 53008 7000/=
 22781 NIL=
 22676 12898 60000 10100 20058 30048 40123 57007 60002 86070 333 20048
 30007 555 53004 7000/=
 22648 NIL=
 22559 12998 00000 10102 20059 30110 40126 57009 60002 333 20042 31006
 55080 555 53005 7000/ 91209=
 22869 42997 63003 10097 20061 39981 40125 55008 69902 86030 333 20073
 31009 555 53005 7990/ 91212=
 22768 12697 72601 10092 20041 30075 40123 57006 60002 85530 333 20055
 30006 55157 555 53006 7000/=
 22798 12597 70101 10138 20107 30010 40118 57011 69932 83531 333 20103
 31011 555 53008 7993/=
 22375 NIL=
 23207 12999 62302 10097 20077 30089 40111 57007 60042 86041 333 20034
 55103 555 53014 7004/=
 23215 NIL=
 23219 NIL=
 27095 NIL=
 22408 21699 81702 10074 20048 39917 40062 57025 72582 889// 333  
 20074 55122 69952 88944 555   7995/=
 22511 22998 82002 10086 20029 39957 40074 57023 8803/ 333   20071
 60002 555   7990/=
 22529 22999 21802 10087 20056 30098 40105 57013 80002 333   20022
 60002 555   7990/=
 22602 22478 82103 10080 20027 39865 40084 57028 889// 333   20072
 55090 69932 88913 555   7993/=
 22621 73970 /2003 10084 20038 39973 40109 57018 333   20029 55067
 60002 555   7000/=
 22619 22982 62202 10088 20031 39954 40109 57020 86030 333   20067
 55093 60002 555   7990/=
 22721 22998 10000 10052 20045 30030 40127 57011 80001 333   20029
 60002 555   7002/=
 22727 76/70 /1401 10070 20056 30091 40138 57011 333   20037 60002
 555   7004/=
 22717 73/70 /2102 10070 20035 39944 40134 57017 333   20023 60002
 555   7002/=
 22802 22999 70000 10053 20049 30112 40135 57020 87030 333   20013
 55057 60002 555   7990/=
 22820 22970 02302 10080 20038 30007 40140 57010 333   20043 55063
 60002 555   7007/=
 22831 22998 10000 10058 20034 30088 40143 57006 80001 333   21002
 55116 60002 555   7000/=
 22805 22598 61602 10052 20032 30127 40147 57014 85530 333   20044
 55095 60002 555   7000/=
 22912 22999 01101 10036 20024 30136 40151 57011 333   21019 60002
 555   7000/=
 
