06:31:00 MSK 02.11.2023
020 123456/=о000=0331
 уйту01 бтул 020300
 22686 11396 81103 11051 21067 39996 40098 57032 69922 77173 8872/ 333 21057 47007 55000 85708 555 53008 7992/=
 22695 11597 81106 11061 21090 39948 40105 57024 69902 77072 8552/ 333
 21061 47009 91010 91110 555 53010 7990/=
 22996 11298 81402 11018 21018 39898 40085 57021 60012 72452 886// 333
 21030 43013 55000 88706 93401 555 53007 7008/=
 23220 11596 82201 11115 21128 30048 40197 52012 69972 78582 889// 333 21141 47020 55000 88927 555 53004 7003/=
 23226 11460 81902 11116 21129 39964 40190 52009 69952 77172 885// 333 
 21152 47015 88612 555 53004 7002/=
 23305 12984 31402 11063 21088 30142 40171 58005 69902 83030 333 21063
 47008 555 53006 7992/=
 23320 76/// /2204 11079 21081 30125 40201 51010 333 21101 60002 555 53006 7000/=
 23324 11958 82102 11076 21087 30115 40195 51008 69962 77172 8802/ 333
 21115 48022 55000 555 53005 7002/=
 23405 11496 81303 11090 21093 30067 40171 57011 60002 
 71022 8261/ 333 21104 47009 55006 555 53005 7990/=
 23410 76/// /1403 11070 21087 30092 40192 52002 333 21074 60002 555 7000/=
 23411 12999 82103 11057 21080 30095 40187 52002 60002 8807/ 333
 21068 47016 555 53007 7993/ =
 23412 12599 81802 11064 21082 30092 40192 52002 69902 885// 333 21069 47014 55008 88620 555 53007 7997/=
 23416 NIL=
 23418 11460 81701 11068 21092 30129 40205 52006 69922 
 77087 8672/ 333 21068 47008 55003 86713 555 53004
 7996/=
 23501 NIL=
 23503 12998 71602 11090 21104 30134 40186 58002 60002 87070 333 21129 47012 555 53004 7990/ 91204=
 23507 66/// /1502 11121 21128 39844 40170 57014 60002 333 21148 555 53003 7000/=
 23509 12998 20000 11123 21136 30106 40188 52003 60002 80001 333 21128
 47016 555 53000 7994/=
 23514 12997 61601 11109 21118 39991 40197 57002 69902 86070 333 21147 47020 55000 555 53003 7992/=
 23518 11496 81502 11072 21099 30113 40208 52004 60002 77172
 8657/ 333 21073 47017 55000 86618 555 51068 7995/ 91206=
 23606 12960 01403 11122 21125 30014 40190 57005 60002 333 21162 47013 55000 555 53004 7992/=
 23612 12484 81201 11078 21100 30068 40208 52002 69902 8552/ 333 21079 47012 85618 555 53004 7001/=
 23701 12481 71102 11067 21082 30016 40150 57021 60002 86570 333 21090
 47007 86613 555 53006 7990/=
 23704 76/// /1104 11055 21064 39346 49459 55005 333 21064 60002 555 51052 7000/=
 23707 61998 81104 11053 21073 39990 40125 57022 69902 77172 8802/ 333 21063 47005 55000 555 53009 7990/=
 23708 12484 81205 11064 21089 30012 40166 57010 60002 886// 333 21066
 47014 88712 555 53008 7990/=
 23709 12998 80801 11088 21108 39986 40187 58006 69902 8801/ 333 21104
 47008 555 53004 7992/ 91204=
 23711 12998 81203 11080 21099 30026 40203 58001 69902 85035 333 21108 47016 55002 555 53006 7990/=
 23803 12999 81203 11083 21109 39996 40184 58009 60002 80001 333 21091 47006 55000 555 53007 7000/=
 23804 61496 81103 11052 21065 39977 40126 57023 69992 78582 8593/ 333 21073 47004  55000 85913 555 53008 7999/=
 23807 11496 81105 11037 21038 39949 40113 57022 60022 71072 889// 333
 21047 47006 55000 85912 555 53009 7005/=
 23808 66/// /0904 11056 21057 39978 40150 58015 60002 333 21067 555 7000/=
 23812 12997 00000 11205 21230 30038 40216 52004 69902 333 21205 47021
 555 53003 7990/=
 23904 11372 81303 11032 21036 39958 40118 57017 60032 70262 8672/ 333
 21033 43011 86708 93401 555 53009 7007/=
 23905 11599 81002 11054 21065 39912 40146 57015 60022 70272 8802/ 333
 21054 47011 555 53007 7005/=
 23909 11495 80904 11067 21078 39917 40171 57009 60012 77372 8652/ 333
 21067 47009 55000=
 23912 12898 81101 11080 21095 39992 40192 57002 60002 82031 333 21143
 47016 555 53004 7990/=
 23913 12999 21303 11100 21121 39971 40211 52009 60002 80001 333 21122
 47011 55000 555 53005 7992/=
 23914 62499 81102 11085 21102 39922 40190 57001 60002 8554/ 333 21097
 47011 55000=
 28013 11395 80903 11058 21073 39933 40171 57007 60022 77372 8572/ 333
 21059 47012 555 53006 7005/=
 28016 12598 81002 11041 21044 39931 40161 57005 60032 885// 333 21043
 43007 93401 555 53006 7007/=
 28029 11496 81102 11040 21047 39953 40177 52003 60022 77172 8872/ 333
 21046 46999 555 53005 7005/=
 28116 11396 81002 11031 21037 39921 40156 57004 60042 77172 8872/ 333
 21032 47010 55000 93402=
 28128 11598 81003 11016 21029 30011 40167 54000 60042 70276 8802/ 333
 21024 43012 55000 93400 555 53006 7008/=
 28134 11495 81003 11039 21053 39820 40179 52005 60042 77372 8872/ 333
 21039 43013 555 53008 7006/=
 28138 11596 80703 11062 21073 39618 40202 52011 60062 78582 883// 333
 21062 47011 55000=
 28216 11496 81102 11003 21005 39842 40141 58004 60022 75652 886// 333
 21009 43007 93404 555 53004 7009/=
 28222 12598 81202 11016 21025 39968 40165 54001 60022 8802/ 333 21018
 47008 555 53005 7006/=
 28224 11421 81102 11003 21008 39944 40159 52001 60022 75252 886// 333
 21008 43009 55000 93402=
 28234 12598 81203 11025 21046 39895 40178 52004 60042 885// 333 21025
 47012 555 53007 7007/=
 28238 11496 80803 11027 21040 39879 40188 52008 60062 77072 8802/ 333
 21030 47012 55000 555 53006 7007/=
 28313 11496 80401 10006 20000 39948 40141 57006 60012 75152 886// 333
 20002 43010 555 53004 7008/=
 28319 11593 82201 10054 20053 39980 40142 58003 60022 74444 885// 333
 20010 43005=
 28321 11496 80802 10006 20005 39939 40143 57006 60022 75152 886// 333
 21001 43007=
 28324 11496 80801 10017 20015 30021 40141 57004 60032 75152 886// 333
 20007 43003 555 53004 7008/=
 28326 11497 81201 10007 20005 39971 40158 54000 60052 76162 8802/ 333
 21001 43008 55000 555 53003 7010/=
 28413 11596 81902 10070 20058 30018 40138 57003 69902 71022 885// 333
 20042 42997 555 53011 7001/=
 28428 11/93 91902 10057 20051 39971 40153 57002 60012 74544 333 20015
 41998 555 53009 7003/=
 28429 11/92 92202 10049 20045 39754 40160 52002 60072 74542 333 20003
 43003 93400 555 53010 7007/=
 22983 12475 81303 11014 21018 39956 40061 57026 60032 886// 333 21027
 43012 55000 91006 91107 93402 555 53007 7010/=
 27083 11484 81103 11006 21008 39842 40065 57016 60012 72452 886// 333
 21026 43013 91005 91105 93404 555 53005 7011/=
 27097 11496 81102 11003 21003 39816 40078 57017 69932 71052 886// 333
 21020 43006 91004 91104 93404 555 53004 7009/=
 27185 11996 80000 10015 20015 39882 40064 57015 69952 710// 8801/ 333
 21001 43001 91000 91103 555 53004 7005/=
 27199 11192 81102 10012 20011 39888 40085 57013 69952 74442 886// 333
 20000 43005 55000 91004 91105 555 53005 7006/=
 27281 11425 81503 10045 20044 39855 40058 57013 60002 71042 886// 333
 20010 91004 91104 555 53005 7006/=
 27283 11593 81602 10034 20034 39914 40068 57013 69962 74442 885// 333
 20005 43001 91003 91104 555 53004 7004/=
 27295 11597 81701 10050 20041 39833 40080 57011 69932 72842 885// 333
 20021 43001 91003 91104 555 53004 7004/=
 27296 11996 81502 10031 20022 39873 40088 57010 69952 71062 8801/ 333
 20008 43005 55000 91004 91106 555 53006 7004/=
 27385 115// 71901 10041 20041 39949 40076 57012 60002 71042 85530 333
 20034 42008 91002 91102 555 53003 7994/=
 27393 11494 52701 10024 20020 39931 40101 57011 60002 71042 85500 333
 20009 43003 55000 91003 91103 555 53003 7003/=
 27480 12498 81602 10068 20064 39949 40074 57011 60002 87501 333 20049
 43005 91003 91104 555 53005 7996/=
 28007 11/93 91301 11014 21020 39843 40107 57015 69942 74552 333 21025
 43007 55000 91002 91104 93403 555 53004 7011/=
 28009 11996 80902 11017 21029 39918 40130 57012 60012 71062 8802/ 333
 21028 43008 91005 91106 93404 555 53007 7009/=
 28105 12498 80902 10005 20000 39908 40101 56010 60032 885// 333 21007
 43001 91004 91105 93400 555 53005 7008/=
 28202 11/93 91302 10002 21006 39892 40114 57004 69992 74554 333 21004
 43008 91004 91105 93402 555 53005 7007/=
 28302 11493 81402 10033 20027 39882 40108 57008 69942 74442 886// 333
 20011 43004 91003 91104 555 53004 7007/=
 28307 11492 61101 10031 20026 39959 40102 57008 60002 74442 82530 333
 21000 43006 91002 91103 555 53005 7997/=
 28402 12575 71903 10058 20052 39933 40109 57006 60002 82575 333 20051
 43002 91004 91107 555 53008 7997/=
 28502 12697 80301 10061 20048 30019 40121 57006 60002 84501 333 20051
 41998 55000 91002 91104 555 53008 7990/=
 22550 11457 80803 11048 21055 30001 40011 57032 60032 77173 8802/ 333
 21065 47007 55026 88514 91113 555 53013 7003/=
 22778 11497 81305 11021 21032 39953 40023 57037 60052 70282 886// 333
 21033 43009 55000 88712 91111 555 53011 7005/=
 22889 11496 80905 11015 21016 39982 40069 57027 60042 76662 8872/ 333
 21031 43005 88510 93499 555 53008 7008/=
 22762 11396 81203 11015 21020 39960 49999 56028 60122 77177 8677/ 333
 21031 43010 555 53010 7012/=
 22638 46/// /1001 11033 21056 39745 49970 57013=
 22671 11295 81104 11044 21054 39953 40033 57051 60022 77372 8872/ 333
 21063 47015 55000 86705 91010 555 53010 7002/=
 22456 11595 80802 11063 21070 39965 40054 57031 69932 78682 889// 333
 21079 47011 555 53007 7993/=
 22583 12598 71202 11072 21096 30030 40113 58028 60002 84571
 333 21090 47007 55020 555 53008 7000/=
 22749 NIL=
 22951 11495 80000 10007 20006 39715 49993 53001 60102 75152 886// 333
 21015 43009 555 53007 7018/=
 22887 11497 81003 11009 21013 39981 40051 57028 60032 77172 8872/ 
 333 21025 47008 55000 86710 93402 555 53007 7008/=
 22876 12397 81103 11017 21017 39966 40039 57031 60022 886// 333 21032
 47010 88708 555 51033 53010 7006/ 91210=
 22481 12998 81105 11079 21097 30052 40107 57025 60002 8807/ 333 21091
 47023 555 53008 7990/=
 22854 11/93 90000 10003 20003 39697 49983 56004 60142 74542 333 21029
 48007 55000 93414 555 53008 7019/=
 22781 NIL=
 22676 11495 81106 11049 21063 39962 40041 57051 60032 77372 8872/ 333
 21055 47007 91111 555 53011 7003/=
 22648 NIL=
 22559 11595 80904 11045 21053 30001 40017 56037 60032 77372 8252/ 333
 21064 47012 55009 555 53009 7003/ 91209=
 22869 11397 81201 11001 21008 39862 40009 57019 60032 78582 889// 333
 21021 43011 86707 555 53008 7011/ 91208=
 22768 11497 81201 10000 21006 39941 49991 57027 60022 78082 889// 333
 21025 43010 55000 86910 555 53008 7004/=
 22798 11498 80903 11045 21053 39989 40104 57027 60012 72682 889// 333
 21055 47005 555 53009 7001/=
 22375 46/// /1304 11074 21090 30087 40103 57023=
 23207 12999 21302 11086 21099 30129 40152 57007 60002 80001 333 21086
 47019 55030 555 53007 7000/=
 23215 NIL=
 23219 NIL=
 27095 76/// /1302 11010 21014 39868 40117 57018 333 21024 60002 555 53006 7000/=
 22408 21215 80504 11021 21028 39849 49999 57013 77573 8872/ 333  
 21025 55000 60062 88505 555   7006/=
 22511 21221 80703 11020 21027 39865 49986 57013 77373 8872/ 333  
 21028 60092 88703 92980 555   7009/=
 22529 21495 81104 11019 21028 39974 49981 57021 77172 8872/ 333  
 21024 60072 88515 91111 92982 555   7007/=
 22602 21459 80702 11041 21051 39744 49971 57006 77172 8872/ 333  
 21042 55000 60082 88512 555   7010/=
 22621 73231 /0601 11038 21044 39832 49972 57012 333   21041 55000
 60122 555   7013/=
 22619 21396 81002 11012 21016 39800 49958 57008 76876 8872/ 333  
 21026 55000 60082 93401 555   7011/=
 22721 21/93 90000 10000 21003 39863 49960 57006 75354 333   21022
 60102 93402 96047 555   7016/=
 22727 76/56 /2102 10015 20009 39925 49972 52007 333   20002 60062
 555   7012/=
 22717 73/64 /2501 11001 21006 39773 49968 52001 333   21002 60032
 555   7009/=
 22802 21498 82003 10004 21003 39953 49976 52002 70281 889// 333  
 21006 55000 69952 85912 555   7004/=
 22820 21498 82503 10014 20002 39841 49976 52008 70262 8653/ 333  
 20007 55000 60072 86613 555   7016/=
 22831 21497 82401 10005 21002 39926 49981 52009 70262 8802/ 333  
 21007 55000 60102 88517 93402 555   7014/=
 22805 225// 62507 10031 20010 39956 49981 52003 86500 333   20022
 55000 60032 91011 91111 555   7007/=
 22912 21584 72202 10035 20006 39975 49990 52001 72511 86330 333  
 20014 60012 86630 555   7015/=
 
