15:31:00 MSK 22.03.2023
020 123456/=о000=1231
 унту01 бтул 221200
 22686 41598 52706 11016 21082 39897 49997 53022 70283 83960 333 91111
 555 1/100=
 22695 42/// /2909 11028 21074 39818 49971 53015 333 91013 91113 555 1/101=
 22996 42/// /3004 10009 21044 39849 40033 52019 333 91113 555 1/001=
 23220 41597 80710 11063 21113 39775 49917 57037 73832 885// 333 91014 91114 555 1/106=
 23226 42960 80908 11059 21117 39720 49936 57036 8802/ 333 91010 91111 
 555 1/107=
 23305 41999 53506 11045 21113 39915 49943 53003 73632 333 91110 80005
 555 1/106=
 23320 86/// /0805 11046 21070 39804 49877 56037 333 91112=
 23324 41334 80505 11057 21070 39818 49896 57036 77373 8872/ 333 86708
 91111 555 1/105=
 23405 41971 33405 11026 21115 39838 49936 53009 73631 80001
 333 91010 91112 555 1/103=
 23410 86/// /0106 11055 21068 39775 49872 57023 333 91110 555 51060 53011=
 23411 41999 80106 11050 21104 39807 49896 56007 73632 8802/ 333
 91010 91111 555 1/105=
 23412 41495 80205 11057 21071 39780 49877 57018 77372 8372/ 333 91111 555 1/105=
 23416 NIL=
 23418 41307 83503 11026 21039 39769 49841 57024 77572 8872/ 
 333 86708 555 1/102=
 23501 NIL=
 23503 41998 83304 11032 21121 39856 49905 53016 70273 8807/ 333 91111 555 1/103=
 23507 86/// /3306 11043 21091 39639 49949 52023 333 91111=
 23509 41497 83006 11034 21058 39837 49915 53032 77173 8552/ 333 85613
 91013 91113 555 1/102=
 23514 41395 83104 11061 21067 39685 49882 53029 77373 8802/ 333 88508 555 1/106=
 23518 42/// /2110 11011 21018 39754 49843 55006 333 91015 91115
 555 1/101=
 23606 41424 82903 11034 21055 39747 49918 52037
 78583 889// 333 86910 91111 92980 555 1/103=
 23612 NIL=
 23701 41662 62704 11025 21049 39847 49977 52026 78587 84330 333
 91113 555 1/102=
 23704 86/// /2704 11018 21042 39926 40039 55004 333 91112 555 53012=
 23707 81498 42708 11021 21061 39862 49995 52026 73683 84900 333 91012 91114  92980 555 1/101=
 23708 41442 82807 11033 21055 39832 49982 52031 78782 889// 333 85710 91010 91114 555 1/102=
 23709 41493 82606 11033 21052 39772 49964 53029 78682 889// 333 88916 91012 91114 555 1/100=
 23711 41598 82604 11014 21064 39752 49919 52029 70282 8593/ 333 85920 91010 91114 555 1/100=
 23803 41599 52708 11011 21105 39806 49985 51026 73683 82960 333 91013 91118 555 1/101=
 23804 81597 62804 11006 21093 39856 40001 52023 70283 84931 333 91010 91112 555 1/101=
 23807 42/// /2905 11007 21041 39859 40020 52022 333 91112 555 1/000=
 23808 NIL=
 23812 42/// /2904 11005 21054 39786 49947 51026 333 91114 555 1/100=
 23904 41470 72804 10007 21038 39870 40026 51017 72682 87300 333 87914
 91010 91111 555 1/100=
 23905 41599 62604 10003 21072 39788 40013 52020 70182 86900 333 91010
 91113 555 1/100=
 23909 41598 42705 10002 21060 39763 40006 52022 73686 84300 333 91010
 91114=
 23912 41598 52809 10012 21068 39788 49978 53021 70186 85900 333 91015
 91118 555 1/000=
 23913 41599 82904 10011 21019 39741 49966 53007 72582 889// 333 91013
 91113 555 1/000=
 23914 81499 32709 10006 21061 39731 49984 52020 70186 83900 333 91015
 91118=
 28013 41598 62809 10016 21089 39776 40004 52021 70286 86900 333 91014
 91116 555 1/100=
 28016 41599 62705 10003 21033 39798 40022 51025 72782 86900 333 91011
 91114 555 1/000=
 28029 41499 82505 10006 20000 39782 49999 52004 72276 887// 333 91112
 555 1/000=
 28116 41599 42907 10013 21030 39796 40024 52017 72686 84900 333 91011
 91113=
 28128 41599 82705 10035 21019 39866 40017 52002 70262 86071 333 91112
 555 1/000=
 28134 41497 82102 10013 20004 39668 40014 52001 77076 8572/ 555
 1/000=
 28138 41594 82105 10002 21004 39456 40016 57008 78682 883// 333
 91112=
 28216 41599 62706 10022 21018 39748 40042 52006 70186 84980 333 91010
 91113 555 1/000=
 28222 41598 82403 10026 20006 39836 40027 52002 72162 8665/ 333 91110
 555 1/100=
 28224 41457 82404 10020 20009 39828 40038 52005 78086 889// 333
 91110=
 28234 41597 82104 10021 20001 39758 40032 57004 76362 885// 333 91112
 555 1/001=
 28238 42599 82206 10040 21012 39732 40029 57015 885// 333 91012 91113
 555 1/000=
 28313 41598 82303 10025 21001 39864 40054 52007 70262 885// 555
 1/100=
 28319 41496 82505 10025 20005 39906 40067 53007 76162 8802/ 333
 91111=
 28321 41498 82504 10020 20007 39847 40048 52008 76162 8872/=
 28324 41597 82505 10035 21006 39940 40059 53005 76162 8652/ 333 91010
 91113 555 1/100=
 28326 41597 82405 10037 20009 39864 40047 57002 76162 8802/ 333 91111
 555 1/000=
 28413 41599 82604 10034 21006 39958 40079 53008 76162 8357/ 333 91111
 555 1/001=
 28428 42599 82304 10048 21010 39894 40076 57002 889// 333 91111 555
 1/100=
 28429 42598 82205 10037 21007 39668 40073 57007 85507 333 91113 555
 1/000=
 22983 41498 72906 10004 21078 39949 40054 52030 73683 8696/ 333 91011
 91113 555 1/000=
 27083 41599 52805 10002 21079 39837 40059 52026 72683 85900 333 91009
 91112 555 1/102=
 27097 41498 62708 10021 21084 39798 40058 52012 70282 86900 333 91013
 91115 555 1/000=
 27185 42698 52803 10042 21091 39897 40078 52016 85800 333 91009 91111
 555 1/000=
 27199 41498 42803 10029 21065 39875 40070 52015 70281 84300 333 91007
 91113 555 1/000=
 27281 42982 32805 10046 21088 39883 40087 52014 82031 333 91011 91111
 555 1/000=
 27283 42598 62905 10048 21078 39924 40079 52020 85130 333 91008 91111
 555 1/001=
 27295 41998 72405 10038 21080 39835 40082 52015 70282 86082 333 91010
 91111 555 1/001=
 27296 42598 52805 10036 21078 39860 40075 52017 85500 333 91010 91110
 555 1/000=
 27385 414// 32604 10050 21071 39972 40098 52012 70262 82501 333 91007
 91109 555 1/000=
 27393 41598 32708 10031 21046 39924 40093 52022 70276 83100 333 91011
 91112 555 1/002=
 27480 42998 02802 10061 21062 39984 40109 52014 333 91005 91108 555
 1/000=
 28007 41561 62908 10003 21070 39793 40054 52018 78582 86300 333 91015
 91115 555 1/100=
 28009 41598 42605 10009 21057 39837 40045 52022 70281 84900 333 91008
 91113 555 1/000=
 28105 42598 62804 10022 21091 39861 40058 52015 86200 333 91009 91113
 555 1/000=
 28202 41599 62805 10032 21060 39840 40059 52014 70272 86500 333 91011
 91111 555 1/001=
 28302 41598 32805 10031 21066 39849 40075 52020 70287 82900 333 91009
 91111 555 1/000=
 28307 41498 12804 10042 21068 39953 40096 52018 70281 81100 333 91007
 91109 555 1/000=
 28402 41598 62704 10047 21022 39910 40086 52010 70272 85105 333 91010
 91110 555 1/000=
 28502 42598 22606 10027 21005 30002 40105 57014 82400 333 91008 91110
 555 1/100=
 22550 81597 63103 11017 21068 30004 40014 52015 70281 82530 555
 1/102=
 22778 41598 62705 11008 21062 39974 40043 52021 70282 83570 333 91111
 555 1/100=
 22889 41496 82605 11010 21039 39957 40044 53034 78587 889// 333 88815
 91113 555 1/100=
 22762 42/// /2502 10004 21070 39997 40036 52011 555 1/000=
 22638 46/// /2302 11005 21047 39808 40033 57001=
 22671 42/// /2502 11017 21054 39926 40005 52016 555 1/101=
 22456 42/// /2704 11020 21061 39899 49987 52010 555 1/102=
 22583 41598 73003 11020 21073 39898 49978 52016 78582 87900 
 555 1/102=
 22749 41698 62704 10019 21072 39931 40055 50004 70331 86500 333 91112
 555 1/100=
 22951 42598 42603 10006 21063 39807 40088 52006 84200 555 1/004=
 22887 41599 62806 11004 21067 39980 40050 52036 70282 83531 333 
 91012 91113 555 1/101=
 22876 41497 32506 10003 21053 39978 40051 51030 73683 83200 333 91011
 91113 555 1/100=
 22481 42/// /2603 11021 21089 39920 49973 52005 555 1/102=
 22854 42/// /2305 10000 21049 39780 40069 52005 333 91111 555 1////=
 22781 NIL=
 22676 41597 72804 11023 21063 39932 40010 52018 72683 87900 333 91110
 93610 555 1/103=
 22648 41698 72705 10015 21066 39992 40038 52003 70232 82139 333 91111
 555 1/000=
 22559 42/// /3105 11013 21077 39997 40014 53012 333 91111 555 1/102=
 22869 42/// /2504 11001 21051 39931 40080 52015 333 91111 555 1/000=
 22768 42597 52504 10007 21054 30001 40051 52011 85500 333 91110 555
 1/100=
 22798 41598 52901 11005 21054 39898 40010 52023 72682 85900 333 93720
 555 1/100=
 22375 46/// /2604 11048 39953 49968 52006=
 23207 42599 33303 11080 21114 39935 49958 52001 82501 555 1/109=
 23215 42/// /0304 11093 21123 39839 49930 57023 555 1/108=
 23219 NIL=
 27095 86/// /2905 11010 21035 39840 40070 53024 333 91010 91114=
 22408 42699 82001 11022 21077 39863 40013 57004 82505 555   1/101=
 22511 42698 72502 11001 21078 39894 40015 57003 82405 555   1/001=
 22529 42599 62703 10008 21082 30012 40019 52001 83532 555   1/000=
 22602 42979 72202 11006 21062 39798 40023 57007 8703/ 555   1/001=
 22621 83969 /2304 10003 21067 39888 40027 57003 555   1////=
 22619 42482 72504 10015 21049 39870 40028 57005 87500 555   1/100=
 22721 42998 72801 10023 21046 39941 40038 57004 87010 555   1/000=
 22727 86670 /2304 10026 21039 30007 40055 57006 555   1////=
 22717 83/70 /2103 10003 21034 39860 40053 57007 555   1////=
 22802 41559 81902 10014 21020 30032 40055 57010 78582 8597/ 333  
 85922 555   1/000=
 22820 42570 82304 10021 21037 39923 40058 57006 82551 333   91110
 555   1/000=
 22831 42698 62502 10022 21052 30013 40068 54000 82531 555   1/100=
 22805 42598 82004 10006 21010 30046 40066 57012 8651/ 333   91110
 555   1/000=
 22912 41599 82103 10000 21025 30065 40080 57009 70281 884// 333  
 88631 555   1/100=
 
