00:31:00 MSK 02.03.2023
020 123456/=о000=2131
 уйту01 бтул 012100
 22686 42998 03302 11191 21210 39872 49978 52007=
 22695 42998 23204 11197 21229 39793 49956 52008 82030=
 22996 NIL=
 23220 42999 23101 11299 21331 39738 49893 58004 82030=
 23226 42960 50402 11260 21284 39665 49897 58006 80001=
 23305 42/// /3503 11207 21228 39927 49957 54001=
 23320 86/// /3301 11328 21371 39827 49908 55006=
 23324 42982 03101 11305 21334 39819 49904 58006=
 23405 42997 23002 11213 21225 39845 49950 54000
 80001=
 23410 NIL=
 23411 42999 63403 11218 21238 39833 49928 57004 80005=
 23412 41998 73603 11227 21252 39810 49914 58007 77172 87010=
 23416 NIL=
 23418 41960 83103 11243 21261 39830 49909 58009 77171 8801/=
 23503 42/// /3602 11226 21255 39882 49936 54001=
 23507 86/// /3403 11208 21225 39621 49952 57003=
 23509 42/// /3202 11228 21252 39848 49933 50000=
 23514 41997 83202 11233 21257 39706 49918 57002 77172 85025=
 23518 42/// /3301 11256 21278 39800 49899 57003=
 23606 41660 83302 11199 21218 39741 49924 54000
 77172 8252/=
 23704 86/// /3501 11206 21214 39926 40039 55004=
 23701 42/// /3401 11208 21227 39814 49952 52007=
 23707 82998 43303 11184 21205 39804 49944 52012 82035=
 23708 42/// /3103 11193 21219 39772 49930 52005=
 23709 42/// /3002 11186 21217 39710 49913 52003=
 23711 41597 83302 11160 21184 39715 49892 54000 78582 84905=
 23803 42999 03202 11181 21212 39730 49920 52004=
 23804 81596 80000 11168 21187 39785 49938 52012 77172 8452/=
 23807 42/// /3403 11152 21154 39771 49939 52014=
 23808 86/// /2902 11170 21188 39752 49929 52008=
 23812 41596 63401 11157 21180 39713 49882 58001 78582 82920=
 23904 42976 60000 11203 21216 39769 49936 52009 82035=
 23905 41999 53002 11163 21181 39684 49922 52008 70172 80005=
 23909 41897 82802 11169 21186 39651 49907 52006 77187 84011=
 23912 41897 83303 11119 21135 39676 49873 52002 77187 86075=
 23913 41597 80000 11116 21133 39630 49864 57008 78582 889//=
 23914 81497 72904 11134 21150 39611 49876 52002 77087 85501=
 28013 41397 82903 11146 21171 39657 49897 52007 77187 8872/=
 28016 42/// /2702 11147 21174 39674 49909 52008=
 28029 41596 83103 11100 21117 39648 49870 52002 77172 8452/=
 28116 41896 62903 11135 21163 39665 49903 54000 77172 86070=
 28128 41596 82903 11105 21125 39732 49888 52007 77172 8257/=
 28134 41496 82101 11088 21103 39517 49871 57002 77172 8872/=
 28138 43/// /2203 11102 21115 39298 49872 57007=
 28216 41698 72803 11118 21141 39604 49909 52010 72273 87500=
 28222 NIL=
 28224 41419 82803 11081 21100 39675 49890 52001 78682 889//=
 28234 41896 82002 11094 21114 39603 49885 57003 77172 8802/=
 28238 41896 82303 11085 21105 39579 49886 55003 77172 8802/=
 28313 42/// /3101 11086 21112 39715 49910 53009=
 28319 41496 82505 11077 21096 39747 49913 57003 77177 8802/=
 28321 41896 83103 11086 21107 39695 49901 53003 77172 8802/=
 28324 42/// /2503 11071 21098 39782 49904 55003=
 28326 41596 82204 11086 21105 39707 49896 57001 77072 8802/=
 28413 42597 62403 11069 21099 39801 49925 55001 86570=
 28428 41896 82305 11085 21118 39737 49925 54001 77072 8807/=
 28429 42/// /2305 11090 21107 39506 49924 52005=
 22983 42984 53201 11141 21161 39852 49962 52021 80005 333 91004
 91106=
 27083 41559 33502 11111 21137 39713 49941 52014 77171 83500 333 91005
 91109=
 27097 42/// /3004 11099 21107 39667 49935 52009 333 91007 91107=
 27185 42/// /2601 11079 21092 39756 49943 52008 333 91002 91105=
 27199 41998 80000 11096 21110 39735 49937 52008 70272 84077 333 91001
 91104=
 27281 41959 82903 11068 21088 39743 49953 52005 77172 8807/ 333 91004
 91109=
 27283 41497 83203 11069 21098 39784 49944 53007 70272 885// 333 91004
 91108=
 27295 42/// /2702 11068 21084 39684 49939 53005 333 91004 91108=
 27296 41496 83402 11078 21095 39709 49930 52005 77172 8872/ 333 91003
 91105=
 27385 415// 62703 11062 21083 39824 49954 57006 77073 84530 333 91006
 91107=
 27393 41495 82707 11069 21085 39765 49938 57001 77173 8677/ 333 91008
 91111=
 27480 42998 82702 11062 21092 39843 49973 57005 80007 333 91006
 91106=
 28007 41999 63302 11130 21149 39664 49935 52007 72682 80030 333 91003
 91106=
 28009 41997 83001 11140 21165 39714 49931 52010 77172 8801/ 333 91001
 91104=
 28105 42998 30000 11119 21137 39726 49931 52009 83020 333 91000
 91105=
 28202 41996 73602 11103 21133 39700 49926 52010 77172 87010 333 91004
 91106=
 28302 41596 83302 11079 21096 39694 49926 52007 77172 8802/ 333 91003
 91106=
 28307 41998 82503 11070 21096 39798 49944 57001 73673 82035 333 91006
 91109=
 28402 41961 82603 11066 21087 39759 49940 52001 77173 8807/ 333 91006
 91108=
 28502 41997 72508 11064 21091 39852 49958 54000 70273 87030 333 91010
 91111=
 22550 81570 83402 11076 21088 30023 40034 52001 72681 885// 333
 88623=
 22778 42998 03202 11143 21169 39922 49994 52016=
 22889 43/// /3203 11140 21162 39873 49963 5////=
 22762 42/// /2902 11107 21112 39976 40016 52009=
 22638 46/// /3402 11063 21070 39838 40069 57002=
 22671 42/// /3502 11136 21142 39919 40002 52007=
 22456 42/// /0000 11178 21194 39937 40031 52002=
 22583 42998 03202 11178 21199 39900 49985 52008=
 22749 NIL=
 22951 42/// /3302 11074 21091 39748 40037 52022 333 91110=
 22887 41597 63303 11128 21155 39897 49970 52018 72682 82931 =
 22876 41596 83202 11123 21146 39907 49983 52017 78581 8695/ 333
 86920=
 22481 42/// /2902 11194 21205 39945 40002 50004=
 22854 42/// /3304 11080 21100 39742 40038 52017 333 91111=
 22781 NIL=
 22676 NIL=
 22648 NIL=
 22559 42/// /3203 11106 21121 30013 40030 52008=
 22869 42/// /3404 11113 21138 39855 40009 52020=
 22768 41597 63402 11105 21127 39962 40014 52015 70231 85530 333
 85622=
 22798 42/// /0000 11189 21204 39841 49961 52016=
 22375 46/// /3603 11165 39994 40010 57002=
 23207 NIL=
 23215 NIL=
 23219 NIL=
 27095 86/// /0000 11116 21118 39707 49942 52004=
 22408 42984 70000 11137 21150 39931 40089 57026 82039=
 22511 42984 20000 11130 21149 39963 40091 57022 82031=
 22529 42598 32902 11063 21075 30059 40066 57010 83500=
 22602 42977 02702 11085 21108 39877 40111 57017=
 22621 83968 /2902 11070 21097 39942 40086 57011=
 22619 42498 62703 11063 21093 39929 40093 57010 86500=
 22721 41997 83002 11062 21086 39989 40090 57003 70281 82035=
 22727 86970 /3001 11054 21080 30049 40098 52003=
 22717 43/70 /2702 11063 21095 39920 40119 52001=
 22802 42998 00000 11065 21102 30111 40135 52005=
 22820 41998 22902 11052 21084 39963 40102 52008 70271 82030 555  
 51039=
 22831 42997 02902 11066 21084 30018 40075 52010=
 22805 429// 03402 11023 21055 30110 40130 52021=
 22912 42984 12902 11054 21092 30100 40116 52011 81030=
 
