15:31:00 MSK 09.03.2023
020 123456/=о000=1231
 унту01 бтул 091200
 22686 41996 81503 11045 21062 39746 49845 56019 77173 8802/ 555 1/104=
 22695 42/// /1303 11051 21071 39685 49837 56025 555 1/105=
 22996 42/// /2205 11002 21034 39737 49920 52016 333 91112 555 1/000=
 23220 41999 51407 11105 21141 39897 40044 57017 73632 83035 333 91010 91112 555 1/113=
 23226 41660 81409 11130 21165 39819 40042 57011 73673 82504 333 91013 
 91113 555 1/115 =
 23305 41599 81405 11046 21089 39873 49901 57033 73632 885// 333 88628
 91010 91112 555 1/104=
 23320 86/// /1404 11046 21142 39913 49987 58043=
 23324 42982 81404 11056 21128 39919 49997 57037 82077 555 1/110=
 23405 41942 81305 11051 21080 39794 49894 57035
 77087 8802/ 333 91114 555 1/105=
 23410 86/// /1204 11047 21109 39855 49952 58044 333 91111 555 51121 53011=
 23411 41599 81607 11046 21089 39837 49926 58041 73632 885// 333 91011
 91114 555 1/106=
 23412 41999 81410 11051 21098 39848 49945 57045 70272 80007 333 91110 555 1/107=
 23416 NIL=
 23418 41665 81304 11037 21108 39872 49946 57052 70232
 8355/ 333 83639 91113 555 1/106=
 23501 NIL=
 23503 41997 81504 11044 21077 39853 49903 58047 77073 8802/ 333 91110 555 1/104=
 23507 86/// /1403 11062 21069 39563 49873 56040=
 23509 41495 81203 11045 21064 39815 49893 57052 77373 8652/ 333 86613
 91110 555 1/104=
 23514 41496 81305 11052 21075 39718 49914 57050 78587 889// 333 86712 91010 91114 555 1/105=
 23518 NIL=
 23606 41313 81306 11047 21063 39724 49894 57053 
 77573 8872/ 333 86708 91113 92982 555 1/105=
 23612 NIL=
 23701 41426 81803 11044 21053 39740 49869 56031 78582 8592/ 333 85913
 555 1/104=
 23704 86/// /1903 11038 21039 39926 40039 55004 333 91110 555 53012=
 23707 81498 71905 11029 21055 39739 49870 57009 78587 83950 333  92980 555 1/103=
 23708 41358 81805 11031 21047 39741 49889 56023 77173 8872/ 333 87708
 91110 555 1/103=
 23709 41495 81502 11035 21050 39711 49903 56037 77372 8472/ 333 84711 555 1/103=
 23711 41494 81404 11040 21051 39753 49922 57059 78683 889// 333 86711 91110 555 1/105=
 23803 41496 81804 11024 21045 39735 49914 56023 77373 8802/ 333 88516 91111 555 1/103=
 23804 81596 72004 11019 21056 39743 49886 53001 77173 84531 333 91111 555 1/103=
 23807 42/// /2106 11012 21033 39743 49902 52010 333 91111 555 1/102=
 23808 86/// /2107 11015 21034 39752 49918 53005 333 91112=
 23812 NIL=
 23904 41570 42204 10003 21044 39775 49929 53016 70273 84300 333 91111
 555 1/100=
 23905 41599 52205 11005 21045 39713 49937 52015 73687 85900 333 91010
 91112 555 1/103=
 23909 41598 52204 11006 21021 39702 49943 57007 72787 84301 333
 91114=
 23912 41494 81805 11013 21022 39764 49954 56035 77573 8802/ 333 91113
 555 1/101=
 23913 41597 81405 11031 21053 39760 49989 56039 77173 8872/ 333 91110
 555 1/105=
 23914 81493 81705 11013 21017 39703 49958 57029 77573 8872/ 333 91011
 91112=
 28013 41395 81806 10001 21012 39723 49950 56014 77373 8872/ 333 91011
 91113 555 1/100=
 28016 41499 72304 10006 21009 39744 49967 53004 72783 87900 333 91113
 555 1/000=
 28029 41496 81907 10007 21001 39771 49987 57016 77373 8872/ 333 91010
 91112 555 1/100=
 28116 41499 62204 10016 21003 39752 49979 52001 70173 84510 333
 91112=
 28128 41599 82002 10016 21001 39851 40002 57003 70273 8802/ 333 91112
 555 1/000=
 28134 41498 81903 10004 21009 39670 40017 57009 72272 8672/ 555
 1/100=
 28138 41595 81905 11014 21021 39475 40040 57016 78682 883//=
 28216 41599 82106 10021 21005 39717 40010 53009 70276 8872/ 333 91011
 91113 555 1/000=
 28222 41598 82004 10019 20006 39825 40017 53004 70273 889// 333 91111
 555 1/100=
 28224 41567 82005 10024 20003 39820 40030 52009 78087 889// 333 91010
 91112=
 28234 41596 82007 10012 21007 39770 40045 55001 77073 885// 333 91011
 91113 555 1/001=
 28238 41599 82107 10014 21005 39756 40056 55006 76176 885// 333 91012
 91112 555 1/101=
 28313 41498 82004 10024 20005 39837 40026 52011 70276 887// 333 91111
 555 1/100=
 28319 41496 82103 10024 20013 39890 40051 53013 76176 8802/ 333
 91111=
 28321 41598 82105 10023 20007 39831 40032 52011 70276 8592/ 333 91011
 91112=
 28324 41896 82105 10029 20002 39930 40049 52012 76173 8802/ 333 91010
 91112 555 1/100=
 28326 41598 82206 10024 20006 39870 40054 52010 72176 8802/ 333 91011
 91112 555 1/000=
 28413 41498 82004 10027 20004 39935 40056 52015 72582 8775/ 333 91110
 555 1/000=
 28428 41598 82006 10020 21003 39898 40081 52010 70282 889// 333 91010
 91114 555 1/100=
 28429 41497 82106 10008 20001 39683 40093 51010 75375 886// 333 91011
 91115 555 1/000=
 22983 41556 82304 11009 21036 39796 49900 52017 77173 8555/ 333 91008
 91109 555 1/101=
 27083 41499 62206 11003 21062 39709 49928 52020 73673 86500 333 91007
 91113 555 1/102=
 27097 41498 52105 11005 21038 39693 49952 52020 73883 84930 333 91009
 91112 555 1/101=
 27185 41598 82204 11018 21032 39792 49975 52028 72682 883// 333 91012
 91113 555 1/102=
 27199 41598 62305 10009 21046 39783 49978 52020 70287 85201 333 91010
 91111 555 1/001=
 27281 41482 52305 10004 21060 39772 49976 52020 72687 85900 333 91009
 91114 555 1/101=
 27283 41598 62307 10017 21078 39825 49981 52022 70283 85801 333 91012
 91113 555 1/001=
 27295 41598 62105 10014 21067 39743 49991 52018 70273 86571 333 91011
 91113 555 1/102=
 27296 41598 62305 10015 21058 39774 49989 52021 70287 83901 333 91009
 91111 555 1/000=
 27385 415// 62204 10029 21072 39872 49998 52013 70272 83501 333 91007
 91112 555 1/000=
 27393 41598 62408 10023 21060 39841 40009 52018 70276 82879 333 91013
 91113 555 1/000=
 27480 41598 52204 10036 21067 39879 40005 52009 70282 81531 333 91009
 91110 555 1/100=
 28007 41459 72104 11001 21048 39704 49963 52024 78587 87300 333 87914
 91007 91110 555 1/100=
 28009 41498 72206 11001 21052 39766 49974 52032 78583 87900 333 91010
 91111 555 1/102=
 28105 41598 62306 10008 21058 39778 49975 52022 73673 86200 333 91013
 91113 555 1/100=
 28202 41683 72503 10015 21048 39775 49993 53033 70272 82404 333 91008
 91112 555 1/000=
 28302 41598 82104 10019 21032 39786 40012 52024 70287 84931 333 91008
 91116 555 1/000=
 28307 41998 71702 10035 21049 39875 40017 51015 70282 82031 333 91005
 91112 555 1/001=
 28402 41998 82007 10024 21033 39853 40029 52024 70272 8807/ 333 91012
 91117 555 1/000=
 28502 41598 82206 10029 21002 39943 40046 52017 72162 8342/ 333 91009
 91112 555 1/000=
 22550 81495 83103 11058 21081 39847 49857 52017 77372 8872/ 333 88713
 555 1/102=
 22778 41595 82503 11034 21049 39792 49861 52021 78682 889// 555
 1/103=
 22889 41497 82004 11007 21030 39802 49887 56018 72687 888// 333 88615
 91110 92980 555 1/100=
 22762 NIL=
 22638 46/// /3203 11097 21133 39673 49903 52027=
 22671 42/// /1901 11044 21054 39760 49838 55001 555 1/103=
 22456 NIL=
 22583 41496 81302 11050 21066 39767 49847 56019 77072 8377/ 555 1/104=
 22749 41598 82903 11042 21087 39760 49885 52029 70282 885// 333 88626
 555 1/105=
 22951 41497 82502 11028 21051 39612 49891 52022 78582 889// 555
 1/100=
 22887 41597 82006 10001 21033 39808 49877 53018 78587 85931 
 333 91012 91111 555 1/100=
 22876 41396 82304 11021 21032 39801 49872 53028 78583 889// 333 88708
 91114 555 1/102=
 22481 42/// /1204 11051 21068 39794 49847 57013 555 1/105=
 22854 42/// /2602 11043 21075 39598 49886 52027 555 1////=
 22781 NIL=
 22676 41496 71702 11043 21061 39762 49839 56005 77172 87710 555
 1/104=
 22648 41497 83005 11058 21084 39835 49881 53031 77073 8377/ 555
 1/103=
 22559 42/// /2903 11050 21078 39835 49852 53013 555 1/102=
 22869 42/// /2404 11025 21048 39745 49892 52032 333 91111 555 1/101=
 22768 41497 82703 11027 21063 39820 49869 52031 78587 889// 333 86912
 555 1/103=
 22798 41497 81803 11024 21050 39751 49862 56009 78587 86901 555
 1/103=
 22375 46/// /1804 11061 39830 49845 57009=
 23207 42999 81407 11049 21098 39858 49881 57029 8807/ 333 91010 91111
 555 1/105=
 23215 42/// /1305 11077 21112 39872 49963 57032 333 91110 555 1/108=
 23219 NIL=
 27095 86/// /2305 11020 21020 39731 49958 52023 333 91112=
 22408 41699 72603 11097 21138 39755 49908 54000 72681 85939 333  
 85946 93500 555   1/108=
 22511 41998 32703 11084 21156 39788 49911 52005 70370 82042 333  
 93500 555   1/106=
 22529 41999 02703 11088 21137 39896 49903 52017 70271 555   1/106=
 22602 42999 22703 11092 21137 39701 49931 52010 82031 555   1/106=
 22621 83/65 /2704 11107 21151 39773 49916 52016 555   1////=
 22619 42983 03004 11089 21140 39756 49918 52015 555   1/108=
 22721 42998 02803 11087 21136 39817 49917 52024 555   1/110=
 22727 86/70 /3203 11066 21130 39870 49919 52025 555   1////=
 22717 83/69 /3103 11075 21130 39737 49933 52025 555   1////=
 22802 42999 23104 11070 21124 39923 49947 52028 82031 555   1/103=
 22820 41569 53302 11070 21119 39781 49919 52028 70272 83530 555  
 1/103=
 22831 42498 73003 11053 21087 39845 49900 52029 86930 333   86914
 555   1/101=
 22805 41998 03503 11065 21086 39917 49937 52033 70281 555   1/100=
 22912 41950 83403 11050 21081 39904 49919 52039 77172 8802/ 555  
 1/101=
 
