03:31:01 MSK 05.11.2023
020 123456/=о000=0031
 унту01 бтул 050000
 22686 42398 81403 11047 21056 30118 40221 58012 886// 333 88707 555 1/105=
 22695 42498 81403 11056 21071 30059 40218 58012 885// 555 1/103=
 22996 42498 81502 11032 21032 30045 40236 58011 8452/ 333 93400 555 1/104=
 23220 41396 82806 11044 21057 39962 40106 52017 77173 887// 333 86708 91011 91112 555 1/105=
 23226 41441 82910 11045 21054 39876 40095 52014 73832 8595/ 333 85910 
 91013 91114 555 1/105=
 23305 42/// /2004 11067 21069 30199 40228 52014 555 1/107=
 23320 86/// /2504 11037 21049 30108 40183 52022=
 23324 41682 72705 11038 21061 30086 40164 52021 73632 87500 333 87648
 91111 555 1/105=
 23405 41294 82402 11060 21064 30133 40236 52012 
 71022 886// 333 88704 93401 555 1/105=
 23410 86/// /2305 11044 21059 30103 40203 52018 555 53010=
 23411 NIL=
 23412 42399 72804 11040 21053 30107 40207 52015 87700 333 85708 555 1/105=
 23416 NIL=
 23418 42465 82603 11036 21051 30153 40229 52019 886//
 333 88712 555 1/104=
 23503 42/// /2302 11051 21063 30195 40246 52018 555 1/105=
 23507 86/// /1801 11062 21062 39920 40242 50000=
 23509 NIL=
 23514 41296 82702 11060 21063 30047 40251 52020 75675 886// 333 88705  93400 555 1/106=
 23518 NIL=
 23606 42360 82501 11052 21052 30083 40256 52011 887// 333 86707 555 1/104=
 23612 NIL=
 23701 NIL=
 23704 86/// /1602 11043 21043 39418 49531 50001 555 53004=
 23707 82498 61303 11042 21051 30107 40243 57009 85970 333 85910 93604
 555 1/105=
 23708 42/// /1703 11049 21061 30111 40266 50003 555 1/105=
 23709 42598 82301 11046 21062 30072 40271 51011 883// 333 88925 93402
 555 1/103=
 23711 41498 82701 11044 21063 30089 40264 52015 70272 8657/ 333 86616 555 1/105=
 23803 42499 81501 11050 21066 30093 40280 51006 886// 333 88717 555 1/105=
 23804 41496 81702 11032 21047 30099 40248 57005 77072 885// 333 88611 555 1/103=
 23807 42/// /1403 11033 21033 30081 40247 53007 555 1/103=
 23808 86/// /1504 11037 21044 30099 40272 50006=
 23812 42597 82802 11036 21058 30110 40278 52021 885// 555 1/104=
 23904 41373 81502 11028 21032 30100 40261 57002 70262 886// 333 88707
 93401 555 1/102=
 23905 42599 81801 11041 21061 30045 40280 52011 885// 555 1/104=
 23909 42498 81901 11032 21060 30033 40286 52011 8455/=
 23912 41598 80000 11041 21052 30088 40287 52019 70272 8555/ 555
 1/104=
 23913 41599 82902 11036 21057 30051 40288 52021 70272 885// 555
 1/102=
 23914 81498 82701 11043 21053 30025 40291 52020 70272 885//=
 27095 86/// /1303 11042 21042 30021 40257 58009=
 28013 42598 81901 11026 21068 30051 40289 53013 885// 555 1/103=
 28016 42/// /2102 11032 21054 30059 40291 53012 555 1/102=
 28029 42599 62001 11025 21048 30067 40293 52018 86500 555 14102=
 28116 42499 82001 11032 21061 30055 40293 52008 885//=
 28128 42599 82402 11020 21058 30139 40297 52010 885// 555 1/101=
 28134 42898 80000 11034 21056 39936 40298 52015 86015 555 1/101=
 28138 43/// /2603 11052 21070 39703 40290 52007=
 28216 42699 82401 11028 21051 39988 40295 53004 885// 555 14102=
 28222 42/// /2101 11024 21063 30098 40299 53008 555 1/101=
 28224 42570 72101 11022 21057 30080 40299 52008 87500=
 28234 42898 82801 11027 21071 30011 40298 52008 8805/ 555 1/101=
 28238 42899 82801 11032 21070 39983 40296 50007 8802/ 555 1/103=
 28313 42/// /1701 11019 21046 30099 40296 53004 555 1/101=
 28319 42599 80000 11013 21038 30129 40298 52003 885//=
 28321 42899 81901 11020 21047 30088 40297 53005 8805/=
 28324 42/// /1901 11010 21041 30174 40298 53006 555 1/101=
 28326 42598 82101 11016 21049 30104 40296 52007 885// 555 1/101=
 28413 42899 21602 11020 21043 30170 40296 53005 82070 555 14100=
 28428 42599 81601 11015 21046 30108 40298 51007 885// 555 14100=
 28429 42/// /0000 11030 21053 39875 40300 51009 555 1/101=
 22983 42584 71201 11040 21046 30107 40215 57007 8553/ 333 91002 91104
 555 1/106=
 27083 42984 61602 11036 21045 30000 40229 57002 80009 333 91004 91104
 555 1/106=
 27097 42/// /1402 11044 21044 39973 40243 58006 333 91004 91104 555
 1/104=
 27185 42/// /1301 11028 21037 30046 40235 50000 333 91003 91105 555
 1/104=
 27199 42998 61302 11036 21044 30054 40258 57002 86030 333 91004 91105
 555 14104=
 27281 42984 31204 11019 21024 30012 40223 57006 80001 333 91006 91106
 555 14103=
 27283 42997 61603 11017 21027 30081 40241 54000 80001 333 91005 91106
 555 14102=
 27295 42/// /1402 11011 21033 39996 40253 58002 333 91005 91105 555
 1/102=
 27296 42998 81601 11025 21044 30040 40264 52003 8807/ 333 91003 91105
 555 14102=
 27385 429// 01602 11012 21028 30107 40238 57003 333 91004 91105 555
 14103=
 27393 42998 51801 11041 21048 30097 40273 53003 82049 333 91002 91102
 555 14105=
 27480 42998 21403 11009 21033 30106 40237 57002 80001 333 91005 91105
 555 14101=
 28007 42599 81501 11043 21052 39999 40270 50001 885// 333 88623 91002
 91103 555 17103=
 28009 42598 81301 11020 21044 30067 40283 52005 885// 333 91003 91104
 555 1/101=
 28105 42998 21402 11036 21047 30073 40272 52005 82030 333 91004 91106
 555 1/104=
 28202 42597 71502 11041 21053 30053 40282 52007 85530 333 91003 91103
 555 14105=
 28302 42997 51202 11035 21050 30046 40282 52003 85030 333 91004 91105
 555 14104=
 28307 42998 30000 11049 21059 30121 40270 50002 80001 333 91000 91102
 555 14103=
 28402 42984 01203 11038 21048 30090 40276 57001 333 91004 91104 555
 14101=
 28502 42997 00802 11045 21058 30174 40282 53002 333 91002 91102 555
 14103=
 22550 82267 81204 11031 21031 30102 40112 57027 886// 333 88704 91111
 555 1/103=
 22778 41498 81405 11016 21026 30104 40174 57015 70272 886// 333 88710
 555 1/102=
 22889 42/// /1004 11016 21022 30125 40213 58016 555 1/102=
 22762 41597 81304 11014 21016 30103 40142 56023 70272 8557/ 333 91110
 555 1/101=
 22638 46/// /1602 10001 21033 39846 40071 57006=
 22671 NIL=
 22456 41596 71202 11056 21059 30054 40144 57033 78582 87900 555
 1/107=
 22583 42598 71302 11046 21054 30133 40216 58012 87500 555 1/105=
 22749 42/// /1402 10008 20006 39965 40090 57016 555 1/100=
 22951 42/// /1503 10016 20003 39825 40106 58014 555 1/100=
 22887 42497 81203 11022 21031 30124 40195 57012 8665/ 
 333 86712 555 1/103 =
 22876 42497 81203 11018 21024 30116 40190 58011 886// 333 88712 555
 1/102=
 22481 42/// /1203 11062 21068 30165 40220 51005 555 1/106=
 22854 42/// /1203 11000 21002 39817 40106 58016 555 1/100=
 22781 NIL=
 22676 42898 81205 11044 21053 30097 40177 57025 8807/ 555 1/104=
 22648 41497 81404 10003 20002 30046 40092 57018 76162 8872/ 333 88710
 555 1/100=
 22559 42/// /1102 11033 21040 30117 40134 58024 555 1/103=
 22869 42798 81103 11012 21025 30003 40154 57019 885// 333 85708 555
 1/102=
 22768 42497 81302 10001 21016 30086 40137 57021 889// 333 86614 555
 1/100=
 22798 42497 81002 11036 21040 30114 40230 58013 885// 555 1/103=
 22375 46/// /1402 11131 21144 30176 40192 57013=
 23207 NIL=
 23215 42798 82706 11038 21055 30068 40159 52018 885// 333 88655 91112
 555 1/105=
 23219 NIL=
 22408 41357 81103 11025 21033 39888 40039 57019 75685 886// 333  
 88708 93401 555   1/102=
 22511 41350 81003 11013 21021 39915 40036 57017 75675 887// 333  
 88708 93403 92980 555   1/101=
 22529 41598 81202 11004 21010 30057 40064 57014 70282 889// 333  
 88924 93403 555   1/100=
 22602 41273 81202 10005 21001 39789 40013 57013 70265 886// 333  
 88705 93402 555   1/000=
 22621 83145 /1202 10002 21003 39911 40050 57007 555   1////=
 22619 41296 81303 10009 20005 39874 40032 57010 71062 886// 333  
 88704 93400 555   1/000=
 22721 41296 81302 10022 20019 39946 40043 57011 71082 886// 333  
 88703 555   1/000=
 22727 86270 /1304 10029 20022 39992 40039 57014 555   1////=
 22717 83/06 /1101 10010 20009 39828 40024 57011 555   1////=
 22802 41498 81404 10055 20051 39977 40000 57010 70282 889// 333  
 88913 91110 555   1/002=
 22820 41/93 91003 10012 20008 39902 40037 57014 74764 555   1/100=
 22831 41397 81001 10008 20001 30011 40066 57011 70282 8872/ 333  
 88706 555   1/100=
 22805 425// 81509 10059 20058 39976 40000 57011 885// 333   91012
 91115 555   11005=
 22912 41358 81303 10032 20026 30008 40023 57016 71052 886// 333  
 88707 555   12001=
 
