15:31:00 MSK 09.11.2023
020 123456/=о000=1231
 унту01 бтул 091200
 22686 41497 82603 10002 21003 39952 40051 52020 77172 8557/ 333 85612 555 1/100=
 22695 41997 02503 11002 21012 39879 40031 52016 77172 555 1/100=
 22996 42/// /2801 10020 20020 39904 40088 52009 555 1/002=
 23220 41496 81403 11007 21014 39883 40024 52010 77172 887// 333 88613 555 1/101=
 23226 41338 81807 11005 21017 39802 40015 52006 77372 887// 333 86707 
 555 1/101=
 23305 41470 81902 10003 20003 39983 40010 52008 78582 883// 555 1/100=
 23320 86/// /2204 10010 20009 39960 40032 52013=
 23324 41575 72104 10009 20003 39951 40027 52011 72176 87500 333 87620
 555 1/100=
 23405 42366 72001 10005 20002 39920 40019 52010 
 82630 555 1/000=
 23410 86/// /1704 10003 21003 39927 40023 52011 555 50012 53008=
 23411 41498 82104 10001 20001 39929 40017 52010 77174 8772/ 555 1/100=
 23412 41398 82003 10004 20003 39928 40024 52011 77172 8872/ 333 86707 555 1/100=
 23416 NIL=
 23418 41465 72003 10008 20000 39964 40038 52011
 70252 87900 333 86614 555 1/000=
 23501 NIL=
 23503 42998 81902 10009 20002 39977 40027 52008 8802/ 555 1/000=
 23507 86/// /2201 11006 21006 39716 40025 52009=
 23509 42998 82302 10004 21010 39958 40036 52009 8802/ 555 1/100=
 23514 41497 82003 10000 21003 39845 40041 52009 77076 887// 333 85710 555 1/100=
 23518 42/// /1903 10001 21008 39966 40057 52014 555 1/100=
 23606 41360 82003 11004 21004 39883 40049 52011 77072 887// 333 86709 555 1/001=
 23612 NIL=
 23701 41436 81803 11002 21005 39917 40047 52003 77372 8872/ 555 1/101=
 23704 86/// /2103 11005 21005 39585 49698 50004 555 53007=
 23707 81498 82104 11001 21018 39938 40070 52013 72687 889// 333 86912  93400 555 1/100=
 23708 41498 71903 11010 21024 39930 40080 51013 72687 8790/ 333 85619 555 1/100=
 23709 41498 82003 11009 21032 39892 40085 52012 70282 889// 333 88915 555 1/100=
 23711 41597 61903 11003 21010 39908 40078 52013 78582 86900 333 86923 555 1/100=
 23803 41497 82003 11009 21030 39916 40096 52010 78582 889// 333 88919 555 12100=
 23804 41496 62601 11009 21025 39937 40083 52013 78582 85931 333 85918 555 1/100=
 23807 42/// /2603 11012 21013 39931 40093 52010 555 1/100=
 23808 86/// /2203 10005 20002 39926 40094 52009=
 23812 41496 62201 11009 21018 39936 40099 52014 78582 86900 555 1/101=
 23904 41370 81801 10029 20029 39937 40092 52007 72582 883// 333 85709
 555 11003=
 23905 41599 81701 10020 20019 39869 40094 52006 70262 885// 555
 11002=
 23909 41498 82002 10027 20022 39860 40103 52007 70272 8751/=
 23912 41498 81902 10000 21008 39923 40115 51015 70382 8655/ 555
 11001=
 23913 41597 82801 10004 21015 39893 40122 52022 72686 889// 555
 1/100=
 23914 81496 81702 10000 21003 39860 40117 52014 71085 8802/=
 28013 42598 81902 10031 20016 39881 40110 52008 885// 555 11003=
 28016 42599 72001 10039 20034 39891 40113 52010 87500 555 12004=
 28029 42599 81702 10025 20014 39906 40124 52013 885// 555 11002=
 28116 41498 81901 10041 20035 39891 40119 52008 70252 886//=
 28128 42599 82101 10030 20021 39979 40131 52012 885// 555 11003=
 28134 41598 82101 10019 20010 39786 40135 52015 72186 885// 555
 11002=
 28138 41598 82503 10000 21010 39572 40139 52021 70282 885//=
 28216 41699 71803 10030 20023 39840 40135 53008 70182 87500 555
 11003=
 28222 42598 71702 10042 20027 39943 40136 52012 87500 555 11004=
 28224 42563 72002 10046 20021 39929 40139 52013 86509=
 28234 41598 71501 10026 20005 39865 40141 50012 72162 86570 555
 11004=
 28238 41599 62301 10020 21004 39843 40146 51018 70282 84540 555
 1/100=
 28313 41597 81903 10030 20019 39952 40143 52008 70242 885// 555
 11003=
 28319 41598 81301 10039 20034 39985 40147 52005 70242 885//=
 28321 42599 62003 10027 20017 39940 40143 52009 83230=
 28324 42699 72601 10033 20021 30027 40147 52008 87400 555 11003=
 28326 42898 22102 10045 20014 39960 40144 52010 82030 555 11002=
 28413 41498 81502 10058 20040 30021 40141 52003 70242 8765/ 555
 11006=
 28428 42599 81801 10048 20026 39972 40155 52010 889// 555 12005=
 28429 42598 22302 10029 20003 39750 40160 52011 81501 555 11001=
 22983 42598 82501 11001 21018 39991 40096 52008 8643/ 333 91002 91104
 555 12001=
 27083 41599 82601 10034 20025 39869 40089 52008 70264 885// 333 91002
 91103 555 12004=
 27097 41498 81901 10053 20053 39836 40093 52006 72586 889// 333 91002
 91105 555 12005=
 27185 41598 71801 10060 20052 39915 40095 52004 72582 84331 333 91001
 91104 555 11006=
 27199 41598 72101 10064 20051 39911 40104 52005 70242 83330 333 91003
 91106 555 11006=
 27281 41482 70000 10065 20052 39893 40095 52002 72522 86931 333 91001
 91104 555 11007=
 27283 42598 71901 10062 20050 39948 40100 52003 86530 333 91003 91105
 555 11006=
 27295 41598 81602 10058 20048 39860 40107 52004 70282 885// 333 91003
 91105 555 11006=
 27296 42998 81801 10061 20033 39896 40109 52005 8807/ 333 91002 91105
 555 11005=
 27385 425// 70000 10065 20045 39977 40103 57003 82530 333 91000 91106
 555 11007=
 27393 41598 81602 10063 20054 39951 40118 52003 70265 8557/ 333 91003
 91107 555 11006=
 27480 42498 81601 10063 20051 39976 40102 57006 885// 333 91002 91104
 555 12007=
 28007 41320 82002 10049 20041 39845 40102 52006 71085 886// 333 88708
 91004 91105 555 11004=
 28009 41440 81802 10044 20034 39903 40111 52006 71082 889// 333 91004
 91105 555 12004=
 28105 41498 82102 10060 20046 39916 40105 52005 70262 885// 333 91004
 91104 555 11005=
 28202 41450 82103 10050 20038 39897 40115 52006 75085 886// 333 91005
 91106 555 11005=
 28302 41594 81802 10047 20041 39898 40124 52005 75142 886// 333 91004
 91105 555 11005=
 28307 42498 81302 10065 20043 39975 40116 50001 885// 333 91003 91104
 555 11006=
 28402 42598 71602 10061 20044 39948 40124 52005 85570 333 91003 91106
 555 11006=
 28502 42598 81502 10071 20040 30022 40124 57001 82536 333 91002 91104
 555 11007=
 22550 82697 73101 10001 21017 30087 40097 52012 87500 333 87642 555
 14100=
 22778 41596 82702 11001 21007 30017 40087 52015 78587 8697/ 333 86920
 555 11001=
 22889 41498 62601 11013 21017 30007 40094 52008 72682 86800 333 86615
 555 1/101=
 22762 41396 73101 11005 21009 30056 40096 52015 71087 85901 555
 1/000=
 22638 46/// /0301 11009 21017 39884 40111 52009=
 22671 NIL=
 22456 42597 73101 11013 21013 30002 40090 52015 87500 555 1/103=
 22583 41596 82905 10005 21002 39954 40034 52021 78588 889// 555
 1/100=
 22749 42498 80000 10002 21002 39979 40104 52010 886// 333 88616 93403
 555 14000=
 22951 42598 70301 11028 21031 39824 40109 52008 86530 555 1/100=
 22887 41499 82302 11005 21020 30021 40092 52010 72682 8495/ 
 333 84919 555 1/102=
 22876 41997 32302 11004 21016 30021 40094 52013 70281 83030 555
 1/100=
 22481 41598 83105 11005 21011 39995 40048 52020 70282 885// 333 91110
 555 1/100=
 22854 41397 73301 11019 21021 39819 40110 52009 78582 87900 333 86708
 555 1/100=
 22781 NIL=
 22676 41497 82905 11003 21013 39985 40063 52020 77072 8872/ 555
 1/000=
 22648 42398 73401 10004 20003 30064 40110 52011 87900 333 87909 555
 12001=
 22559 42598 83102 11006 21015 30082 40099 52014 83501 555 14100=
 22869 41497 22901 11024 21032 39956 40107 52008 70181 81901 555
 1/100=
 22768 41597 72801 10000 21017 30044 40094 52012 72682 87900 333 84624
 555 11000=
 22798 41496 82203 11001 21008 39962 40075 52015 78582 889// 555
 11000=
 22375 46/// /3505 11032 21040 30047 40063 52016=
 23207 41294 82502 10000 20000 39978 40000 52009 71054 886// 555
 1/100=
 23215 41298 82105 10004 20002 39907 49995 52005 70275 886// 333 88706
 555 1/100=
 23219 NIL=
 27095 86/// /2201 10053 20053 39877 40102 52008=
 22408 42699 60000 11047 21055 39969 40122 52001 81939 333   93500
 555   1/110=
 22511 41598 33501 11059 21067 39995 40119 52002 70241 82570 333  
 93520 555   1/111=
 22529 42599 80000 11002 21014 30104 40111 52006 889// 333   88922
 555   1/101=
 22602 41458 71002 11020 21031 39872 40100 57001 77172 87500 333  
 87610 555   1/102=
 22621 83669 /0201 11009 21018 39971 40112 52005 555   1////=
 22619 42480 71004 10004 21020 39940 40099 52003 85550 555   1/100=
 22721 42698 80000 10004 21014 30007 40106 52006 885// 333   88649
 555   1/000=
 22727 86670 /0601 10015 21009 30051 40099 52003 555   1////=
 22717 83/18 /1001 11002 21376 39890 40088 54000 555   1////=
 22802 41473 82201 10021 20014 30057 40080 52008 70252 886// 333  
 85710 555   12003=
 22820 41570 81103 10016 21009 39958 40094 52003 72272 885// 333  
 88621 555   1/100=
 22831 42398 70901 11007 21017 30050 40106 52007 84930 333   84908
 555   14100=
 22805 41598 81601 10039 20018 30056 40080 52005 72162 8562/ 555  
 11004=
 22912 42399 81102 10027 20020 30071 40086 52005 886// 333   88706
 555   12003=
 
