00:31:00 MSK 10.03.2023
020 123456/=о000=2131
 уйту01 бтул 092100
 22686 41997 71902 11064 21079 39816 49916 52028 77072 85039=
 22695 41598 62402 11061 21085 39748 49902 52030 70272 86500 333 86623=
 22996 42/// /1902 11040 21060 39786 49973 52006=
 23220 41496 81007 11108 21130 39803 49949 57006 77173 887// 333 91010 91120  92990=
 23226 41913 81516 11112 21132 39721 49942 57032 73832 85031 333 91020 
 91122=
 23305 42/// /0000 11074 21079 39821 49849 55001=
 23320 86/// /1504 11057 21145 39822 49895 57016=
 23324 41978 81405 11085 21124 39826 49905 57024 73632 8805/ 333 91111=
 23405 41995 82203 11058 21062 39755 49855 53009
 77372 8802/=
 23410 86/// /1404 11064 21082 39772 49869 56015=
 23411 41498 81903 11069 21079 39765 49854 56009 77172 8872/=
 23412 41498 71704 11073 21088 39769 49866 57014 77172 82710=
 23416 NIL=
 23418 41956 81503 11057 21075 39805 49878 56003 77173
 8802/ 333 91112=
 23503 NIL=
 23507 86/// /2503 11065 21070 39571 49882 52026=
 23509 42/// /2104 11046 21070 39808 49886 52023=
 23514 41597 82204 11044 21050 39684 49880 53007 77173 8457/ 333 84623=
 23518 42/// /2008 11031 21046 39807 49898 54000 333 91012 91113=
 23606 41460 72504 11038 21067 39730 49901 53024 
 72682 87900 333 85917 91011 91111=
 23704 86/// /2202 11047 21053 39926 40039 55004=
 23701 NIL=
 23707 82498 82404 11035 21055 39806 49938 52024 8295/=
 23708 42/// /2103 11033 21047 39800 49949 52024=
 23709 42/// /2005 11026 21069 39761 49953 51025 333 91011 91112=
 23711 42998 52004 11036 21057 39772 49941 52017 85070=
 23803 41999 02105 11042 21081 39793 49974 52021 73630 333 91112=
 23804 81597 62003 11044 21063 39805 49950 52020 70282 82930 333 91110=
 23807 42/// /2103 11057 21057 39803 49966 52012=
 23808 86/// /1704 11048 21074 39808 49977 52016=
 23812 42597 62203 11028 21058 39818 49981 52019 86500 333 91110=
 23904 42980 81702 11052 21069 39825 49984 51007 80005=
 23905 42899 81902 11043 21067 39763 49992 52009 8801/=
 23909 41598 81903 11037 21061 39760 40006 52008 70232 885//=
 23912 42998 61502 11049 21061 39822 40016 51017 80005=
 23913 42599 80301 11022 21057 39796 40025 52015 889//=
 23914 82498 82005 11033 21051 39761 40019 52013 83905 333 91110=
 28013 42898 81803 11024 21048 39783 40014 51005 8801/=
 28016 42/// /1701 11021 21026 39792 40018 52003=
 28029 42599 82004 10000 21017 39815 40032 52005 8457/=
 28116 42499 71902 11006 21031 39795 40025 52001 87500=
 28128 42899 82201 11032 21039 39890 40044 52002 8801/=
 28134 42498 82002 10005 21014 39702 40051 52002 8771/=
 28138 43/// /2003 11008 21015 39497 40062 52002=
 28216 42599 81806 10005 21015 39745 40040 54000 887// 333 91110=
 28222 42/// /2003 10014 21009 39858 40051 52003=
 28224 42470 81903 10014 21007 39842 40054 57001 8652/=
 28234 42597 82004 10007 21013 39790 40067 54000 885// 333 91110=
 28238 41496 82103 10006 21008 39774 40076 54000 77176 8802/=
 28313 42/// /1905 10011 21003 39858 40048 57002=
 28319 42598 82002 10010 20001 39900 40062 58006 885//=
 28321 42899 82105 10009 21002 39850 40052 57003 8807/ 333 91110=
 28324 42/// /2003 10014 21008 39942 40062 57006=
 28326 42598 82005 10012 21005 39884 40070 57004 8802/ 333 91010
 91110=
 28413 42598 81803 10013 21006 39937 40058 57011 885//=
 28428 41595 81905 10004 21011 39900 40085 57007 77372 8802/=
 28429 42/// /2105 11001 21005 39681 40093 57007 333 91110=
 22983 42984 21901 11048 21058 39853 49959 52008 82031 333 91002
 91105=
 27083 42584 82202 11038 21092 39750 49973 52004 885// 333 91003
 91104=
 27097 42/// /1803 11030 21074 39727 49989 52004 333 91004 91105=
 27185 42/// /1901 11015 21073 39808 49991 50003 333 91002 91106=
 27199 43598 82203 11018 21051 39811 40009 52009 333 91006 91108=
 27281 41435 81901 11032 21042 39785 49993 54000 77372 8872/ 333 91001
 91108=
 27283 41996 82001 11025 21034 39846 40004 52004 77172 8807/ 333 91003
 91107=
 27295 42/// /1701 11021 21032 39755 40007 52003 333 91003 91111=
 27296 41996 81701 11018 21035 39792 40010 52004 77122 8807/ 333 91003
 91110=
 27385 414// 80901 11014 21019 39864 49993 57017 77572 8872/ 333 91001
 91112=
 27393 41496 80000 11012 21022 39846 40016 58007 77172 8672/ 333 91001
 91109=
 27480 41494 80703 11010 21012 39860 49988 57023 78682 889// 333 91004
 91109=
 28007 42999 82002 11030 21067 39742 40005 52007 8801/ 333 91005
 91105=
 28009 42598 82204 11011 21057 39803 40012 52003 885// 333 91007
 91107=
 28105 41497 82305 11015 21053 39811 40008 52008 77173 8872/ 333 91009
 91111=
 28202 41996 82502 11012 21040 39798 40020 52007 77022 8807/ 333 91006
 91110=
 28302 41596 82002 10004 21009 39796 40023 57001 77172 885// 333 91006
 91108=
 28307 42498 81403 10014 21005 39866 40009 58016 885// 333 91005
 91106=
 28402 41443 81805 10011 20007 39846 40023 57011 75022 886// 333 91007
 91110=
 28502 41996 81603 10011 21002 39928 40031 58017 77176 8802/ 333 91005
 91107=
 22550 82974 02201 11153 21171 39917 49928 52018=
 22778 42998 52601 11096 21107 39869 49940 52020 85030=
 22889 42/// /2003 11041 21064 39866 49953 52010=
 22762 41996 83001 11082 21095 39905 49945 51028 77172 8000/=
 22638 46/// /2201 11160 21177 39722 49959 54010=
 22671 42/// /2601 11103 21115 39841 49922 52034=
 22456 NIL=
 22583 41496 82602 11062 21076 39805 49886 52032 77177 8572/=
 22749 NIL=
 22951 42/// /3101 11071 21081 39678 49964 52028=
 22887 42997 61603 11038 21064 39871 49941 52008 83031=
 22876 41496 82203 11034 21045 39864 49937 52009 78588 889// 333
 88918=
 22481 42/// /2703 11096 21107 39829 49882 52029=
 22854 42/// /2802 11085 21103 39669 49963 52026=
 22781 NIL=
 22676 41597 82803 11074 21105 39844 49922 52033 77072 885//=
 22648 NIL=
 22559 42/// /2302 11154 21170 39917 49934 52022=
 22869 42/// /2401 11039 21047 39793 49941 52012=
 22768 43/// /2901 11099 21110 39898 49949 52026=
 22798 42/// /2101 11045 21055 39826 49939 51019=
 22375 46/// /2703 11111 39856 49872 52016=
 23207 NIL=
 23215 NIL=
 23219 NIL=
 27095 86/// /1402 11042 21064 39768 49998 52005=
 22408 42984 50701 11195 21213 39768 49927 52003 85030=
 22511 42984 02102 11137 21174 39802 49928 52005=
 22529 42998 02402 11143 21170 39923 49930 52008=
 22602 42976 12503 11119 21171 39722 49955 52008 8103/=
 22621 83960 /2203 11142 21168 39802 49948 52008=
 22619 42498 72704 11105 21153 39788 49952 52008 87500=
 22721 42997 73001 11129 21159 39860 49962 52009 87030=
 22727 86970 /1202 11139 21156 39933 49983 52015=
 22717 83/69 /2503 11136 21162 39788 49991 52011=
 22802 42998 40000 11191 21207 39979 40004 52015 80001=
 22820 42998 02504 11121 21155 39847 49989 52017 555   51078=
 22831 42997 30000 11201 21223 39923 49982 52020 80001=
 22805 429// 02905 11081 21118 39981 40002 52012=
 22912 42984 00000 11213 21234 39990 40006 52022=
 
