06:31:00 MSK 22.07.2023
020 123456/=о000=0331
 уйту01 бтул 220300
 22686 62998 71602 10152 20142 39886 49979 51005 60022 87080 333 20131
 31014 55065 555 53006 7002/=
 22695 12498 82102 10151 20126 39826 49969 52006 60002 887// 333 20145
 30015 86711 555 53006 7990/=
 22996 62598 52001 10139 20139 39849 40024 52008 60042 81230 333 20122 32014 55001 555 53006 7006/ 91209=
 23220 12599 73502 10195 20163 39836 49966 53003 60002 87500 333 20146 31016 55126 555 53006 7000/=
 23226 12960 70204 10187 20165 39779 49977 52004 60002 87030 333 20153 
 30016 555 53006 7999/=
 23305 11599 80202 10185 20181 39945 49971 58001 60012 70262 885// 333
 20170 31017 555 53007 7004/=
 23320 76/// /2203 10185 20167 39900 49967 54000 333 20151 60002 555 53004 7000/=
 23324 12982 70301 10180 20169 39897 49968 52002 60002 87070 333 20129
 55112 555 53004 7995/=
 23405 11450 81601 10166 20154 39879 49971 52006
 60082 79598 8695/ 333 20166 32018 55108 86917 
 555 53007 7008/=
 23410 76/// /0000 10183 20169 39872 49961 55001 333 20165 60002 555 7000/=
 23411 11496 80702 10183 20177 39882 49964 58001 60002 71022 8691/ 333
 20170 32017 555 53004 7004/=
 23412 11297 83002 10179 20176 39875 49964 54000 60042 79598 8872/ 333 20174 32018 55089 86704 555 53005 7004/=
 23416 NIL=
 23418 11660 72001 10173 20163 39902 49970 52003 60042
 78082 86930 333 20173 32017 55057 86936 555 53004 7007/=
 23501 NIL=
 23503 11498 81701 10170 20162 39926 49972 52002 60102 78082 8595/ 333 20162 32017 555 53005 7011/ 91206=
 23507 66/// /0000 10143 20134 39685 49975 52002 60002 333 20116 555 53005 7000/=
 23509 12598 71901 10171 20137 39901 49974 52003 60002 82531 333 20162
 30018 555 53006 7000/=
 23514 12597 72301 10170 20152 39792 49974 52007 69942 83382 333 20154 31017 55080 555 53004 7997/=
 23518 62698 82104 10163 20141 39896 49981 52005 60002 83579 333
 20158 31016 55014 555 50191 7000/ 91206=
 23606 12962 82301 10166 20161 39826 49980 52005 60002 86081 333 20130 30014 55139 555 53005 7000/=
 23612 12998 51802 10155 20146 39860 49986 52004 60002 83031 333 20138 31015 555 53005 7004/=
 23701 11459 82302 10150 20141 39869 49990 52007 69902 78082 8692/ 333
 20147 31015 86913 555 53007 7991/=
 23704 76/// /2301 10150 20150 39926 40039 55004 333 20140 60002 555 50173 7000/=
 23707 62498 82204 10154 20139 39870 49994 52008 69912 8695/ 333 20148 31016 55078 86915 555 53007 7002/=
 23708 11458 82103 10148 20134 39861 40001 52008 69982 76062 8872/ 333
 20123 86712 555 53006 7001/=
 23709 61496 82001 10147 20135 39822 40003 52005 60022 78082 889// 333 20135 32014 85710 555 53006 7002/ 91207=
 23711 12998 81902 10157 20140 39838 49996 52007 60002 80050 333 20126
 31013 55119 555 53005 7000/=
 23803 11497 81302 10146 20135 39841 40010 53012 60032 76186 8802/ 333
 20129 31011 55086 555 53005 7006/=
 23804 61496 82202 10147 20137 39869 40005 52010 60012 78082 883// 333 20144 31016 55078 86915 555 53006 7005/=
 23807 11596 62303 10138 20138 39866 40018 52010 60012 71022 82530 333
 20125 32013 55052 555 53008 7001/=
 23808 66/// /2103 10141 20128 39863 40021 52010 60002 333 20134 555 7000/=
 23812 12497 82102 10153 20126 39859 40011 52005 60002 889// 333 20144
 31014 555 53006 7000/=
 23904 12970 41802 10144 20135 39882 40029 51010 69972 83031 333 20130
 31014 555 53008 7001/=
 23905 62599 72101 10133 20124 39815 40030 52007 69952 85520 333 20126
 31012 555 53008 7003/=
 23909 12598 22503 10151 20124 39803 40033 52005 69912 82501 333 20129
 31013 55037=
 23912 61498 81902 10136 20128 39854 40035 51009 60002 70285 8475/ 333
 20132 31014 555 53006 7998/=
 23913 61596 81101 10132 20115 39826 40042 52009 60032 78082 889// 333
 20126 31010 55072 555 53005 7003/=
 23914 62499 62103 10137 20120 39795 40037 52007 69942 85540 333 20125
 31014 55034=
 28013 62998 21902 10159 20111 39818 40035 50000 69932 80004 333 20119
 30012 555 53009 7993/=
 28016 62899 42201 10151 20125 39830 40041 54001 60002 81031 333 20105
 30012 555 53008 7995/=
 28029 12899 71702 10163 20130 39841 40046 52001 60002 86081 333 20140
 31014 55050 555 53013 7990/=
 28116 62899 62301 10150 20124 39829 40046 52002 60002 82035 333 20117
 31012 55030=
 28128 62999 82303 10164 20131 39908 40052 52001 60002 80005 333 20111
 31011 55033 555 53008 7004/=
 28134 62998 80000 10148 20124 39725 40056 54000 60002 80009 333 20090
 31008 555 53004 7003/=
 28138 12599 71902 10140 20116 39526 40062 52002 60022 82204 333 20090
 31008 55097=
 28216 62899 62401 10154 20122 39774 40054 52002 69952 83072 333 20126
 31012 555 53006 7998/=
 28222 62598 81901 10166 20129 39872 40054 54001 60002 82201 333 20107
 31010 555 53004 7001/=
 28224 62670 80000 10173 20130 39856 40055 52002 69912 81109 333 20119
 31012 55117=
 28234 62899 31602 10155 20115 39800 40062 52003 69932 81081 333 20124
 31011 555 53005 7995/=
 28238 62599 82002 10153 20115 39781 40067 52003 60002 82171 333 20116
 30010 55138 555 53007 7995/=
 28313 62598 71702 10142 20113 39877 40059 54000 60002 87500 333 20110
 31012 555 53004 7002/=
 28319 12598 72203 10168 20125 39913 40066 52004 69902 86530 333 20128
 30015=
 28321 62899 71801 10164 20141 39866 40057 50003 69932 84074 333 20133
 31012=
 28324 62598 72202 10175 20106 39950 40063 52003 60002 83481 333 20112
 30012 555 53006 7000/=
 28326 62898 72003 10157 20114 39890 40065 52003 60002 83035 333 20108
 30011 55122 555 53007 7000/=
 28413 61599 81702 10162 20130 39951 40066 51005 60002 76062 8657/ 333
 20161 30015 555 53008 7000/=
 28428 61598 81702 10151 20130 39906 40081 51009 69952 78082 889// 333
 20123 31013 555 53006 7995/=
 28429 61597 82102 10144 20124 39698 40088 52012 69932 78182 889// 333
 20126 31012 555 53007 7993/=
 22983 12998 62402 10145 20132 39920 40019 52007 60022 85032 333 20123
 32013 55006 91003 91104 555 53005 7006/=
 27083 11599 62101 10122 20120 39818 40030 52009 60002 70241 86500 333
 20095 31010 91001 91101 555 52008 53007 7005/=
 27097 12998 52202 10136 20130 39791 40038 52009 60032 85030 333 20085
 32010 91003 91103 555 53006 7017/=
 27185 12698 30000 10143 20120 39872 40045 52009 60002 82501 333 20111
 31013 91000 91102 555 53002 7008/=
 27199 12998 32201 10151 20131 39861 40047 52007 69972 83030 333 20112
 32011 55023 91003 91103 555 52010 53003 7007/=
 27281 12582 22402 10137 20115 39855 40051 52009 60002 81542 333 20110
 31011 91003 91103 555 53006 7000/=
 27283 12998 32601 10147 20120 39902 40049 52009 60002 82039 333 20130
 31013 91003 91104 555 53009 7000/=
 27295 12598 72002 10139 20125 39819 40057 52009 69902 86570 333 20131
 31013 91004 91104 555 53008 7990/=
 27296 11556 72101 10142 20122 39846 40052 52005 60012 78082 87900 333
 20142 31012 55099 91002 91104 555 53008 7001/=
 27385 129// 22302 10147 20126 39939 40060 52009 69932 82030 333 20114
 31012 91004 91104 555 53006 7993/=
 27393 11597 72003 10141 20125 39902 40064 52008 69952 76162 83575 333
 20134 31015 55129 91004 91106 555 53010 7995/=
 27480 12998 02201 10145 20131 39946 40068 52009 69912 333 20125 31013
 91003 91103 555 53005 7991/=
 28007 12999 62001 10135 20124 39795 40043 52006 60062 86030 333 20120
 31012 55000 91003 91104 555 53005 7009/=
 28009 12698 82002 10146 20120 39846 40044 52006 69912 86509 333 20121
 31012 91003 91104 555 52011 53006 7994/=
 28105 12598 72102 10135 20117 39864 40047 52007 60012 87500 333 20114
 31012 91003 91103 555 53004 7004/=
 28202 11568 82201 10123 20113 39841 40052 53007 69982 72522 889// 333
 20103 31012 91002 91103 555 53006 7011/=
 28302 12598 81802 10140 20113 39842 40059 52009 60002 8557/ 333 20121
 31012 91003 91103 555 53005 7000/=
 28307 11498 80000 10142 20124 39926 40063 52006 69952 76162 8357/ 333
 20141 31015 91000 91104 555 53006 7995/=
 28402 11575 82501 10143 20137 39894 40064 52007 60022 76162 8662/ 333
 20139 31014 91002 91105 555 53007 7002/=
 28502 11598 82901 10152 20139 39967 40065 52001 60062 78082 889// 333
 20147 31016 55132 91001 91103 555 53009 7006/=
 22550 12397 71002 10175 20159 39945 49954 52006 60002 87600 333 20167
 31018 55062 87707 555 53006 7004/=
 22778 12598 82002 10148 20124 39918 49983 52005 69902 8657/ 333 20141
 31015 55000 555 53007 7002/=
 22889 12998 22901 10148 20133 39935 40016 52008 69972 82080 333 20117
 32012 555 53007 7997/=
 22762 61496 81601 10138 20138 39933 49970 51007 60012 71062 885// 333
 20136 32015 555 53004 7023/ 91207=
 22638 46/// /1301 10119 20116 39733 49947 52007=
 22671 12498 82001 10154 20138 39886 49960 52006 60002 889// 333 20153
 31015 55064 88911 555 53004 7003/=
 22456 11/93 90000 10146 20146 39883 49965 52005 60012 74742 333 20143
 31017 555 53005 7003/=
 22583 12698 70000 10143 20134 39896 49972 52006 
 60002 86570 333 20115 31013 55086 555 53002 7003/=
 22749 NIL=
 22951 21498 82402 10123 20114 39724 49991 54001 72162 8377/ 333 20122
 69952 555 53008 7003/ 91211=
 22887 12599 61902 10140 20127 39944 40010 52010 69942 82531
 333 20126 31013 55009 555 53007 7003/=
 22876 12997 62003 10142 20128 39932 40000 51009 69932 84031 333 20133
 32013 555 50156 53007 7002/ 91208=
 22481 12698 70601 10178 20178 39917 49966 52003 60032 82539 333 20150
 31015 555 53011 7003/=
 22854 11397 82004 10124 20121 39696 49968 58001 60022 76162 8672/ 333
 20119 32012 55000 86708 555 53009 7006/=
 22781 NIL=
 22676 NIL=
 22648 NIL=
 22559 62498 81201 10170 20153 39941 49955 52004 69942 8693/ 333 20164
 32017 86518 555 53005 7006/=
 22869 12997 72002 10133 20118 39862 40002 52004 69902 80034 333 20119
 31012 555 53006 7011/ 91208=
 22768 12597 82103 10143 20121 39930 49977 52004 69902 885// 333 20139
 31014 55000 88621 555 53008 7001/=
 22798 11497 82203 10149 20132 39893 49998 52010 69932 72522 889// 333
 20146 31015 555 53008 7002/=
 22375 46/// /0606 10126 39966 49981 52002=
 23207 11497 80404 10146 20141 39964 49985 52001 60012 78082 889// 333
 20146 55016 555 53008 7006/=
 23215 NIL=
 23219 NIL=
 27095 76/// /1801 10129 20129 39829 40046 52007 333 20088 60002 555 53005 7000/=
 22408 21256 80202 10103 20097 39852 49995 52004 75152 886// 333  
 20103 55010 60022 88705 555   7004/=
 22511 21315 80203 10110 20101 39865 49980 52005 75165 886// 333  
 20108 60062 88707 555   7017/=
 22529 21599 80602 10135 20133 39942 49948 52008 70282 889// 333  
 20115 60012 88922 555   7013/=
 22602 21358 83402 10109 20104 39757 49971 52003 76162 8872/ 333  
 20100 55000 60302 88506 555   7041/=
 22621 73248 /3602 10105 20101 39819 49952 52006 333   20103 55000
 60112 555   7026/=
 22619 21459 83102 10116 20114 39797 49947 52006 78082 88900 333  
 20110 55000 60122 88912 555   7017/=
 22721 21393 83001 10116 20110 39854 49947 52004 76164 8872/ 333  
 20110 60022 86706 96044 555   7011/=
 22727 76370 /2702 10117 20111 39915 49960 52006 333   20113 60042
 555   7068/ 88068=
 22717 73/62 /2602 10109 20105 39790 49974 52003 333   20106 60192
 555   7057/ 88057=
 22802 21567 82502 10148 20138 39964 49986 52001 78082 889// 333  
 20144 55000 60082 85926 555   7023/=
 22820 21560 82703 10115 20109 39833 49963 52003 76162 8752/ 333  
 20112 55000 60242 87626 555   7079/ 88079=
 22831 21337 82401 10115 20107 39906 49958 52003 76162 8872/ 333  
 20114 55000 60042 88707 555   7016/=
 22805 NIL=
 22912 21959 82504 10145 20129 39978 49992 52003 76162 8807/ 333  
 20142 60122 555   7040/ 88040=
 
