15:31:01 MSK 06.12.2023
020 123456/=о000=1231
 унту01 бтул 061200
 22686 42998 60000 11252 21279 30251 40364 51014 84039 555 1/132=
 22695 42998 20000 11255 21292 30178 40352 52015 82030 555 1/127=
 22996 42998 20301 11268 21289 30132 40343 52018 81038 555 1/128=
 23220 41496 60301 11195 21220 30172 40328 52016 77172 82720 555 1/117=
 23226 41960 60000 11232 21257 30093 40334 52013 72272 82071 555 1/122=
 23305 42984 70000 11277 21308 30337 40369 52013 87070 555 1/126=
 23320 86/// /1902 11275 21300 30258 40341 52012=
 23324 41677 81801 11253 21282 30251 40338 52014 70272 885// 333 88635
 555 1/123=
 23405 42997 73002 11306 21336 30251 40366 52013
 87030 555 1/128=
 23410 86/// /2401 11242 21275 30235 40343 52014 555 51307 53003=
 23411 41998 82401 11261 21288 30253 40354 52014 77172 8802/ 555
 1/119=
 23412 42999 73401 11234 21259 30236 40345 52013 87030 555 1/124=
 23416 NIL=
 23418 42765 60000 11332 21356 30268 40355 52015 86500
 333 86650 555 1/140=
 23501 NIL=
 23503 42998 61901 11341 21383 30305 40364 50012 86030 555 1/134=
 23507 86/// /3401 11246 21268 30012 40362 52014=
 23509 42998 00000 11310 21347 30273 40364 52015 555 1/134=
 23514 42997 02901 11310 21342 30131 40359 52016 555 1/136=
 23518 42/// /0000 11325 21363 30247 40354 52018 555 1/131=
 23606 42960 00000 11280 21309 30168 40359 52017 555 1/134=
 23612 NIL=
 23701 42982 60000 11277 21305 30220 40369 52016 86030 555 1/132=
 23704 86/// /0000 11291 21314 38621 48735 50006 555 53001=
 23707 82998 50301 11264 21291 30207 40357 52020 81045 333  93628 555 1/132=
 23708 42984 60000 11274 21307 30190 40361 52019 80031 555 1/132=
 23709 42998 10000 11299 21338 30139 40361 52021 80001 555 1/142=
 23711 42998 20000 11316 21348 30155 40352 52018 80005 555 1/144=
 23803 42999 00101 11270 21309 30155 40360 52021 555 1/136=
 23804 82997 23601 11264 21290 30191 40356 52022 80001 555 1/136=
 23807 42/// /0401 11261 21279 30170 40353 52020 555 1/131=
 23808 86/// /2901 11297 21318 30166 40360 52021=
 23812 42997 00000 11306 21343 30159 40347 52022 333 934// 555 1/134=
 23904 42970 20000 11274 21299 30170 40349 52018 80001 555 1/132=
 23905 42899 20000 11288 21316 30090 40351 52022 82020 555 1/139=
 23909 42998 23301 11278 21307 30066 40345 52025 80001 333 93605=
 23912 42998 03501 11267 21295 30118 40336 52024 555 1/135=
 23913 42999 00000 11287 21324 30075 40337 52026 555 1/135=
 23914 82999 03201 11244 21270 30044 40332 52027=
 28013 42998 03202 11244 21278 30076 40336 52025 555 1/129=
 28016 42999 03201 11235 21254 30084 40336 52023 555 1/134=
 28029 42999 00000 11228 21250 30077 40322 52027 555 1/130=
 28116 42999 03501 11255 21281 30073 40334 52025=
 28128 42999 00000 11270 21297 30157 40331 52028 555 1/136=
 28134 42998 50000 11255 21279 39933 40328 52029 80001 555 1/135=
 28138 42999 00102 11252 21284 39687 40323 52026 333 93646=
 28216 42999 20203 11230 21258 39990 40323 52025 80005 555 1/127=
 28222 42998 03201 11239 21268 30108 40326 52029 555 1/132=
 28224 42970 00301 11231 21259 30084 40322 52030=
 28234 42998 03601 11233 21274 30011 40322 52030 555 1/131=
 28238 42999 03201 11261 21296 39982 40325 52028 555 1/131=
 28313 42998 03501 11220 21246 30107 40321 52028 555 1/127=
 28319 42998 00401 11221 21244 30135 40317 52030=
 28321 42999 20101 11217 21244 30092 40318 52029 80001=
 28324 42997 60101 11205 21238 30179 40313 53029 80009 555 1/130=
 28326 42998 20000 11252 21281 30107 40318 52031 80001 555 1/135=
 28413 42999 03601 11182 21214 30177 40311 52027 555 1/125=
 28428 42998 00501 11197 21226 30101 40305 52031 555 1/129=
 28429 42998 03301 11209 21233 39851 40306 52032 555 1/129=
 22983 42977 20000 11255 21281 30227 40346 52016 82030 333 91000 91101
 555 1/132=
 27083 42999 00201 11247 21274 30086 40336 52017 333 91001 91102 555
 1/131=
 27097 42998 00201 11246 21265 30045 40340 52019 333 91001 91101 555
 1/131=
 27185 42998 60000 11216 21239 30128 40333 52017 84031 333 91000 91102
 555 1/128=
 27199 42998 00000 11229 21253 30114 40335 52019 333 91001 91102 555
 1/131=
 27281 41982 30000 11183 21204 30099 40327 52018 70272 83070 333 91001
 91101 555 1/124=
 27283 42966 20000 11237 21262 30158 40333 52016 82030 333 91000 91102
 555 1/134=
 27295 42998 03301 11221 21250 30051 40331 52017 333 91002 91102 555
 1/129=
 27296 42981 00201 11242 21275 30087 40332 52017 333 91001 91101 555
 1/133=
 27385 429// 50000 11206 21231 30185 40331 52016 82031 333 91000 91101
 555 1/129=
 27393 42998 01101 11214 21238 30140 40330 52017 333 91001 91101 555
 1/132=
 27480 41498 80000 11143 21168 30184 40323 52014 70282 86531 333 91000
 91102 555 1/116=
 28007 42999 03602 11255 21286 30047 40343 52022 333 91002 91103 555
 1/131=
 28009 42998 30000 11254 21292 30105 40343 52023 80001 333 91000 91102
 555 1/134=
 28105 42998 00000 11252 21285 30119 40338 52022 333 91000 91103 555
 1/134=
 28202 42980 03201 11241 21272 30081 40330 52024 333 91001 91102 555
 1/130=
 28302 42998 03601 11216 21245 30071 40325 52024 333 91002 91102 555
 1/127=
 28307 42998 82801 11215 21242 30164 40324 52018 80001 333 91002 91103
 555 1/129=
 28402 42998 12501 11192 21213 30122 40319 52020 81030 333 91001 91102
 555 1/128=
 28502 42998 20000 11202 21230 30206 40321 52021 80005 333 91000 91103
 555 1/127=
 22550 82697 81101 11179 21198 30331 40342 52012 8557/ 333 85638 93528
 555 1/117=
 22778 42998 20401 11258 21286 30269 40348 52014 82071 555 1/129=
 22889 42997 00000 11275 21299 30253 40352 52017 555 1/134=
 22762 42997 80000 11251 21276 30302 40346 5//// 8001/ 555 1/128=
 22638 46/// /1000 11206 21227 30071 40320 52009=
 22671 42/// /0000 11185 21204 30263 40351 52012 555 1/118=
 22456 42998 20000 11258 21298 30259 40357 52014 82070 555 1/133=
 22583 42998 10000 11289 21319 30272 40365 52015 80001 555 1/135=
 22749 41496 70601 11201 21219 30179 40318 52010 78581 85910 555
 1/118=
 22951 41998 60000 11191 21208 30016 40326 52012 70272 80001 555
 1/120=
 22887 42999 20000 11246 21263 30267 40346 52018 
 80001 555 1/131=
 22876 42997 10000 11272 21296 30266 40349 52014 80009 555 1/130=
 22481 41998 10000 11309 21340 30306 40367 52014 71111 81031 555
 1/137=
 22854 41897 80801 11183 21202 30007 40324 52011 77172 8807/ 555
 1/116=
 22781 NIL=
 22676 41898 70000 11217 21244 30267 40353 52013 70272 87030 555
 1/121=
 22648 41998 61601 11215 21233 30281 40333 52013 70172 84031 555
 1/128=
 22559 41597 70000 11188 21209 30331 40350 52010 70282 83530 333 93542
 555 1/116=
 22869 42997 60801 11238 21263 30175 40342 53012 80031 555 1/128=
 22768 42897 60701 11250 21278 30280 40337 52012 82078 555 1/125=
 22798 42998 03601 11264 21289 30231 40359 52018 555 1/128=
 22375 46/// /1402 11322 21356 30346 40364 54010=
 23207 42999 82401 11286 21314 30340 40366 52012 8805/ 555 1/126=
 23215 41498 80502 11157 21172 30243 40340 52014 70272 886// 333 88711
 555 1/115=
 23219 NIL=
 27095 NIL=
 22408 41981 23501 11239 21262 30151 40319 52011 70271 81031 333  
 93502 555   1/128=
 22511 41998 20000 11245 21272 30180 40316 52011 70271 82079 333  
 93502 555   1/131=
 22529 41599 60000 11235 21260 30312 40320 52013 70282 84502 555  
 1/123=
 22602 42980 00000 11227 21251 30058 40310 52012 333   93502 555  
 1/130=
 22621 83660 /0000 11192 21213 30162 40316 52009 555   1////=
 22619 41582 60000 11184 21205 30133 40308 52010 70272 86500 555  
 1/123=
 22721 41697 70000 11161 21178 30200 40307 52010 72272 85530 333  
 85646 555   1/119=
 22727 86/61 /0000 11161 21182 30254 40306 52013 555   1////=
 22717 83/45 /0000 11195 21221 30093 40311 52010 555   1////=
 22802 41580 70401 11125 21138 30272 40297 52009 70272 85530 333  
 85630 555   1/112=
 22820 42965 22802 11179 21202 30157 40307 52013 82030 333   93505
 555   1/120=
 22831 41697 70000 11143 21163 30236 40301 52004 77072 83530 555  
 1/110=
 22805 41596 80000 11035 21044 30265 40291 52008 77172 8652/ 555  
 1/104=
 22912 41540 80901 11090 21102 30283 40299 52012 78587 8593/ 333  
 85931 555   1/108=
 
