12:31:00 MSK 24.06.2023
010 111/=о000=0931
 уйту01 бтул 240900
 22686 82598 63403 10213 20049 30055 40148 57006 82105=
 22695 42698 50402 10208 20034 39991 40134 57005 83101=
 22996 82598 33102 10217 20067 39942 40114 57007 83100=
 23220 42599 63403 10117 21005 39975 40111 57003 85830=
 23226 42660 60204 10096 21005 39907 40115 57001 85101 333 85840=
 23305 42699 83505 10108 20080 30146 40173 52002 885//=
 23320 86/// /0102 10143 21006 30059 40128 54001=
 23324 42986 20104 10146 21003 30053 40126 57002 80001=
 23405 41575 83604 10122 20075 30068 40163
 54000 70282 8555/ 333 85621=
 23410 86/// /3204 10134 20052 30045 40138 54001=
 23411 42599 70203 10146 20059 30059 40144 57001 86106=
 23412 42699 63603 10137 20061 30047 40140 54000 83530=
 23416 NIL=
 23418 42565 73504 10153 20035 30067 40137 52001 82180=
 23503 42598 83403 10147 20056 30100 40147 57002 8595/=
 23507 86/// /0204 10150 20061 39858 40153 54001=
 23509 41598 63104 10137 20059 30071 40146 53002 70282 84934=
 23514 42597 70202 10142 20067 39946 40133 52001 87900 333 86932=
 23518 42698 63203 10160 20031 30035 40122 54000 83839=
 23606 41662 83302 10140 20069 39981 40140 52001 72522 8593/ 333 84940=
 23701 42699 60103 10201 20053 30020 40141 57007 84205=
 23704 86/// /3502 10195 20067 39926 40039 55004=
 23707 82699 40403 10202 20067 30008 40132 57003 82101=
 23708 42684 80302 10202 20039 39993 40133 57006 82231=
 23709 82698 73403 10181 20012 39950 40131 57005 86104=
 23711 42598 73002 10161 20063 39965 40125 57005 82132=
 23803 42699 50903 10181 20071 39960 40128 58005 83101=
 23804 82597 40303 10201 20059 39990 40126 58004 82105=
 23807 42498 60404 10211 20062 39970 40121 57005 84909=
 23808 NIL=
 23812 42597 73603 10162 20015 39970 40124 57003 86202=
 23904 41570 53602 10208 20071 39972 40118 58007 71792 84903=
 23905 81599 73301 10195 20063 39903 40116 57004 72582 87900=
 23909 82598 73503 10196 20046 39883 40112 57003 87300=
 23912 82598 60203 10182 20058 39933 40114 54001 83201=
 23913 82599 73203 10179 20035 39891 40106 57003 87900=
 23914 81499 70103 10187 20059 39869 40109 57004 70282 86934=
 28013 81598 50204 10196 20046 39893 40109 55002 72581 85900 333
 91110=
 28016 81598 70000 10132 20097 39908 40122 53002 79198 87900 333
 91111=
 28029 82699 72602 10202 20052 39897 40101 57009 86870=
 28116 81597 72505 10167 20061 39896 40113 57005 78082 86901 333
 91110=
 28128 81599 80801 10171 20074 39970 40115 57005 71792 87903 333
 91111=
 28134 81597 80000 10148 20106 39781 40113 57003 78022 86981=
 28138 41599 63402 10173 20045 39565 40097 57008 70282 86200=
 28216 82599 73002 10211 20018 39837 40114 57002 87900=
 28222 82598 82702 10220 20038 39927 40108 57008 86251=
 28224 81662 73405 10158 20073 39915 40117 57002 79598 86901 333
 91110=
 28234 82598 72402 10207 20033 39846 40105 57011 86201=
 28238 82599 62903 10200 20049 39820 40102 57009 86200=
 28313 81598 70801 10190 20066 39939 40119 58004 72582 87900 333
 91112=
 28319 82598 62603 10216 20042 39973 40123 57003 83830=
 28321 82599 62702 10201 20042 39925 40115 57005 86901=
 28324 82598 60203 10219 20011 30004 40117 57007 85901=
 28326 82598 70201 10218 20041 39934 40108 57009 86201=
 28413 81599 73504 10200 20038 30013 40127 57005 70281 87300=
 28428 82599 62904 10214 20030 39948 40120 55005 85901 333 91110=
 28429 82598 82402 10199 20058 39730 40115 57006 86901=
 22983 41498 72404 10213 20061 30028 40126 57004 72992 86365 333 91007
 91107=
 27083 42599 62602 10211 20062 39912 40119 57008 86800 333 91004
 91105=
 27097 42498 60901 10173 20099 39884 40131 57002 86330 333 91003
 91104=
 27185 42698 71201 10205 20066 39959 40131 57006 85231 333 91003
 91103=
 27199 42598 62602 10200 20058 39944 40128 57008 84330 333 91004
 91104=
 27281 42482 70401 10196 20079 39938 40132 57004 86930 333 91004
 91105=
 27283 42498 60301 10202 20071 39985 40131 57006 85830 333 91002
 91103=
 27295 42598 71601 10214 20049 39895 40129 57007 84574 333 91003
 91104=
 27296 42698 73302 10216 20044 39922 40124 57008 83130 333 91004
 91104=
 27385 414// 72103 10178 20078 30012 40133 57003 71792 85330 333 91007
 91107=
 27393 42498 72502 10201 20068 39974 40134 58008 86930 333 91003
 91103=
 27480 42598 72601 10199 20081 30016 40136 57004 84531 333 91003
 91104=
 28007 41560 62401 10175 20045 39879 40126 57007 78022 85330 333 91003
 91108=
 28009 41457 83605 10127 20084 39927 40129 57003 79522 86901 333 91010
 91107=
 28105 42598 60101 10205 20044 39937 40123 57008 86200 333 91002
 91104=
 28202 42581 73403 10193 20046 39915 40123 57007 86930 333 91005
 91105=
 28302 42598 73301 10204 20020 39911 40124 57009 87900 333 91004
 91105=
 28307 42498 63202 10208 20032 39994 40129 57009 85801 333 91005
 91105=
 28402 42598 73401 10203 20048 39960 40128 57010 85871 333 91004
 91105=
 28502 42598 81602 10204 20054 30034 40131 57009 87901 333 91004
 91104=
 22550 82997 81502 10211 20083 30153 40162 57001 80007=
 22778 42598 50602 10224 20032 30075 40140 57003 85100=
 22889 42/// /3503 10229 20032 30043 40123 57005=
 22762 NIL=
 22638 NIL=
 22671 42699 70602 10213 20035 30080 40154 54001 81108=
 22456 42998 80901 10209 20063 30084 40166 57002 80005=
 22583 42698 70202 10205 20069 30007 40162 57002 81105=
 22749 NIL=
 22951 42598 60702 10199 20033 39879 40143 54001 85230=
 22887 42599 70503 10231 20088 30062 40127 57003 83131=
 22876 42597 63302 10231 20033 30065 40133 57004 86200 333 86827=
 22481 42/98 72401 10186 20081 30126 40176 54000 81130=
 22854 42499 31502 10217 20008 39871 40140 58001 83800=
 22781 NIL=
 22676 42698 73202 10211 20054 30072 40145 57004 82106=
 22648 NIL=
 22559 82998 61101 10213 20063 30148 40163 54001 80008=
 22869 42597 63403 10221 20053 30001 40139 57003 83330=
 22768 42597 62702 10242 20049 30093 40139 57004 85201 333 85821=
 22798 42598 20204 10220 20025 30029 40134 57005 82100=
 22375 46/// /3203 10160 30168 40182 57002=
 23207 41499 83502 10136 20084 30155 40176 57001 70262 8557/=
 23215 NIL=
 23219 NIL=
 27095 NIL=
 22408 42699 31404 10227 20088 30001 40140 52004 83100=
 22511 42698 51003 10222 20063 30024 40137 52004 84101 333   91110=
 22529 42599 10803 10185 20110 30145 40151 52004 81200=
 22602 41477 71303 10171 20126 39917 40130 52009 70282 86930 333  
 86914=
 22621 83/70 /1403 10218 20042 30014 40144 52004=
 22619 42483 31106 10183 20108 39983 40133 52005 82801=
 22721 42998 01401 10209 20114 30050 40142 52001=
 22727 86770 /1404 10177 20120 30099 40144 52007=
 22717 83/62 /1402 10150 20143 39952 40136 52011=
 22802 41356 81202 10165 20152 30111 40133 52009 71022 886// 333  
 88708=
 22820 41663 81201 10151 20138 30014 40144 52008 72162 8647/ 333  
 87646=
 22831 42698 62302 10220 20095 30088 40139 57001 83230=
 22805 41/92 91101 10132 20131 30108 40127 52009 74544=
 22912 42499 81402 10163 20140 30121 40135 52008 883// 333   86617=
 
