09:31:00 MSK 29.07.2023
020 123456/=о000=0631
 унту01 бтул 290600
 22686 81598 31203 10217 20200 39964 40056 57007 70198 81205=
 22695 42698 21206 10225 20144 39916 40057 58008 81130=
 22996 81998 81401 10231 20193 39904 40074 52003 70292 85075=
 23220 42598 63101 10175 20111 39978 40110 52004 86100=
 23226 42960 13503 10171 20101 39907 40109 52004 81030=
 23305 42699 62101 10217 20162 30079 40105 57003 83470=
 23320 66/// /1001 10209 20099 30058 40126 52006 60002 333 20061=
 23324 42989 00801 10192 20115 30051 40123 51002=
 23405 41975 71102 10196 20159 30014 40107 53005
 70281 87030=
 23410 66/// /1102 10228 20129 30027 40116 52005 60002 333 20101=
 23411 42599 51802 10229 20134 30030 40112 52002 82101=
 23412 42699 21501 10225 20145 30026 40115 52004 82101=
 23416 NIL=
 23418 42965 10902 10232 20140 30044 40111 52004 80001=
 23501 NIL=
 23503 42998 71502 10234 20130 30063 40109 54001 85031=
 23507 86/// /1902 10213 20162 39808 40094 50003=
 23509 41998 61501 10216 20168 30037 40109 52004 70261 83021=
 23514 42697 51501 10235 20142 39927 40108 57001 81139=
 23518 42698 22301 10233 20140 30031 40115 50000 81201 555 53003=
 23606 42962 71503 10230 20154 39955 40108 52003 82031=
 23701 82699 31503 10238 20158 39974 40093 55005 81109=
 23704 NIL=
 23707 82698 81304 10232 20168 39957 40078 57002 81109=
 23708 42984 61504 10228 20144 39967 40104 57003 80001=
 23709 82698 21602 10225 20141 39938 40116 55002 82100=
 23711 42598 61302 10238 20161 39959 40114 52005 82201=
 23803 41999 01402 10221 20141 39949 40115 51002 70240=
 23804 82597 81402 10237 20168 39948 40081 57002 82105=
 23807 42597 61803 10240 20189 39935 40082 53001 82839=
 23808 86/// /0904 10231 20161 39945 40100 50001=
 23812 82597 60000 10241 20141 39966 40115 58001 86200=
 23904 42970 31402 10251 20181 39946 40089 54000 82031=
 23905 82999 01001 10237 20163 39892 40101 57002=
 23909 82998 21802 10221 20161 39890 40116 52004 80001=
 23912 81598 22202 10220 20168 39946 40123 54001 70141 82100=
 23913 82599 32001 10223 20154 39912 40123 53002 83100=
 23914 82699 61201 10223 20173 39887 40124 52005 86200=
 28013 82998 01702 10221 20144 39907 40120 51006=
 28016 82899 51803 10232 20168 39914 40121 52003 82081=
 28029 82699 61101 10228 20162 39922 40125 52003 86400=
 28116 82899 22002 10229 20159 39910 40122 52004 82031=
 28128 82999 51102 10214 20154 39984 40126 52006 80001=
 28134 82598 63101 10206 20159 39801 40127 52005 84405=
 28138 42599 32901 10218 20119 39593 40118 52006 83100=
 28216 81599 72501 10231 20169 39849 40123 50008 72511 86901=
 28222 82998 00501 10233 20152 39945 40125 50003=
 28224 82970 00401 10231 20152 39926 40123 52001=
 28234 82999 12601 10200 20141 39872 40132 52009 80001=
 28238 82599 21701 10222 20131 39841 40121 52001 82100=
 28313 82898 50301 10247 20168 39947 40123 50008 82031=
 28319 82898 31201 10265 20157 39974 40123 53009 83050=
 28321 82599 32801 10241 20165 39937 40124 51007 83200=
 28324 82598 30501 10254 20135 30010 40121 50004 82201=
 28326 82998 10501 10238 20150 39950 40122 52003 80001=
 28413 82699 23602 10246 20173 30010 40122 50012 81202=
 28428 82998 00102 10267 20135 39951 40120 52006=
 28429 82998 00402 10245 20148 39738 40115 51008=
 22983 42498 72001 10250 20181 39963 40058 52004 83931 333 91005
 91107=
 27083 41599 41602 10235 20182 39862 40065 52004 70298 82909 333 91003
 91105=
 27097 42998 81503 10228 20183 39837 40078 53003 86039 333 91004
 91106=
 27185 42998 61602 10252 20180 39906 40073 50002 80005 333 91005
 91108=
 27199 41598 81902 10212 20181 39903 40085 57001 70298 82335 333 91005
 91106=
 27281 42582 61405 10238 20178 39878 40068 57002 82235 333 91008
 91109=
 27283 41598 61603 10257 20178 39933 40075 58003 70292 82201 333 91006
 91109=
 27295 41998 81103 10244 20172 39855 40086 57002 70292 80007 333 91007
 91107=
 27296 41998 81602 10226 20171 39891 40091 57006 70298 8807/ 333 91006
 91107=
 27385 426// 61303 10255 20188 39955 40072 52001 84131 333 91006
 91107=
 27393 41598 80901 10210 20178 39940 40098 57003 70298 8555/ 333 91003
 91108=
 27480 42698 61204 10245 20194 39950 40067 52002 82151 333 91008
 91108=
 28007 42999 81501 10225 20162 39856 40097 51012 87035 333 91002
 91104=
 28009 42598 71802 10219 20154 39909 40103 52004 83530 333 91003
 91106=
 28105 42598 71402 10227 20164 39921 40099 51013 87500 333 91003
 91105=
 28202 41981 81301 10219 20164 39896 40100 58002 70282 8802/ 333 91003
 91106=
 28302 41598 81301 10209 20178 39890 40102 58009 70298 82931 333 20177
 91003 91104=
 28307 41498 80902 10208 20166 39958 40092 55003 72998 885// 333 91004
 91105=
 28402 41465 81105 10188 20183 39934 40101 57015 79598 8637/ 333 91007
 91108=
 28502 41598 80603 10254 20174 30002 40097 57006 70282 86401 333 91006
 91109=
 22550 82597 82003 10181 20152 30012 40021 52022 889// 333 88625=
 22778 41598 52502 10215 20192 39980 40044 52007 71798 83931=
 22889 42698 31402 10257 20196 39982 40060 54001 81231=
 22762 81597 82702 10177 20177 30008 40044 52017 70298 8557/=
 22638 46/// /2102 10170 20131 39809 40020 52012=
 22671 42498 71702 10205 20181 39962 40035 51012 87900 333 87913=
 22456 41596 81801 10178 20178 39931 40012 53008 78182 889//=
 22583 41498 80802 10173 20165 39984 40059 58017 79599 8697/
 333 91110=
 22749 42598 62503 10159 20131 39930 40047 51014 86500=
 22951 42898 82801 10155 20120 39798 40063 52007 8803/=
 22887 42599 61605 10243 20206 39982 40046 53001 81205 
 333 91010=
 22876 42597 20602 10239 20210 39976 40042 53002 82900=
 22481 41598 81206 10189 20185 39988 40037 57017 72582 8797/ 333 91010
 91111=
 22854 42599 72702 10140 20123 39781 40054 52011 87500 333 87624=
 22781 NIL=
 22676 41598 71303 10197 20176 39963 40035 57005 70298 86940=
 22648 42598 72104 10182 20131 39997 40040 52021 82831=
 22559 82698 82203 10186 20150 30015 40031 53023 889// 333 88638=
 22869 41497 72201 10207 20182 39914 40051 51011 70282 86930 333
 86916=
 22768 41497 72701 10180 20178 30000 40047 52015 78098 86931 333 84912=
 22798 42998 61203 10243 20178 39964 40067 50003 81031=
 22375 46/// /1407 10173 20156 30018 40033 57018=
 23207 41596 71203 10191 20156 30076 40097 57006 78084 84940=
 23215 41498 22901 10179 20133 30036 40119 52003 70241 82100=
 23219 NIL=
 27095 66/// /1302 10219 20193 39882 40093 53007 60002 333 20179=
 22408 11599 81606 10147 20118 39806 49946 52009 60202 70262 889//
 333   20140 31014 88921 91110=
 22511 12598 71803 10147 20103 39841 49955 52007 60162 70351 87900
 333   21037 31014=
 22529 11599 41905 10166 20119 39993 49999 52021 60022 70281 82502
 333   20149 32015 91110=
 22602 12476 71805 10141 20101 39734 49945 52006 60142 87900 333  
 20123 31013 87915 91010 91112=
 22621 12498 61807 10158 20116 39863 49994 52010 60082 82101 333  
 20130 31/// 91010 91110=
 22619 12481 21703 10166 20122 39839 49987 52010 60032 82205 333  
 20115 31011=
 22721 12698 42002 10163 20123 39918 40010 52008 60052 84500 333  
 20122 31013=
 22727 12570 32003 10168 20128 39979 40024 52008 69932 83100 333  
 20130 32///=
 22717 12598 71903 10158 20125 39824 40006 52005 69902 86501 333  
 20120 31/// 86627=
 22802 12599 21903 10168 20135 39977 49999 52005 60002 82500 333  
 20129 31011=
 22820 12572 52104 10168 20126 39898 40026 52008 60032 82531 333  
 20123 31010=
 22831 12998 41801 10177 20135 39989 40041 52007 60042 82031 333  
 20115 32012=
 22805 12998 11706 10157 20139 39988 40006 52007 60002 80001 333  
 20143 31013=
 22912 11599 31903 10169 20136 30017 40031 52004 60002 70240 81101
 333   20076 31010=
 
