15:31:00 MSK 03.05.2023
020 123456/=о000=1231
 унту01 бтул 031200
 22686 82998 41806 10164 21017 30004 40098 57026 80001 333 91113 555 11017=
 22695 42799 61704 10145 21048 39953 40099 57026 82134 333 91112 555
 1/017=
 22996 42599 22104 10156 20004 39972 40153 58013 82201 555 12020=
 23220 42999 31505 10047 21021 30059 40199 57005 82031 555 1/000=
 23226 42960 21907 10039 21013 39980 40194 57003 80001 333 91113 555 
 1/103=
 23305 42999 61904 10131 21028 30107 40134 57020 83031 555 1/001=
 23320 86/// /0000 10133 21080 30115 40185 58018=
 23324 42989 21901 10113 21055 30114 40189 58014 80001 555 1/000=
 23405 42980 21606 10121 21055 30035 40129 57026 80001 333
 91112 555 1/000=
 23410 86/// /1404 10100 21058 30076 40170 58021 555 50045 53010=
 23411 42999 11505 10105 21047 30066 40153 58023 80001 555 1/000=
 23412 42999 21503 10101 21040 30072 40166 57021 81031 555 1/000=
 23416 NIL=
 23418 42965 61203 10118 21057 30095 40167 57028 80005
 555 1/001=
 23501 NIL=
 23503 42998 21604 10127 21067 30097 40145 57029 80005 555 1/000=
 23507 86/// /2004 10118 21027 39829 40127 57025 333 91111=
 23509 42998 61604 10130 21056 30070 40146 57029 80001 555 1/008=
 23514 42997 81304 10109 21061 39965 40155 57029 80005 555 1/000=
 23518 42/// /1504 10113 21048 30078 40166 57029 555 1/000=
 23606 42962 81605 10122 21040 39987 40148 57027 80009 555 1/013=
 23612 NIL=
 23701 42699 41803 10135 21009 30016 40140 57027 82105 555 10025=
 23704 86/// /1703 10135 21003 39926 40039 55004 555 53009=
 23707 82599 61704 10142 20001 30008 40135 57026 82105 555 11017=
 23708 42984 81604 10128 20005 30006 40150 57027 80031 555 12016=
 23709 41998 81301 10078 20035 39975 40163 58020 72162 8807/ 555 11011=
 23711 41597 82101 10080 20069 30008 40174 57016 78082 8592/ 333 85920 555 12010=
 23803 41599 81502 10072 20041 39994 40170 56015 72582 889// 333 88930 555 11009=
 23804 42597 62003 10139 21005 30003 40142 57021 82931 555 12014=
 23807 43/// /1905 10137 20039 39992 40147 5//// 555 1/018=
 23808 86/// /1702 10096 20053 30000 40163 56018=
 23812 41597 83302 10097 20079 30014 40172 57016 71798 8691/ 555 1/010=
 23904 42970 81602 10097 20073 30012 40164 58010 87021 555 11011=
 23905 41598 82103 10077 20072 39952 40175 57014 78186 889// 555
 12008=
 23909 41497 82103 10111 20104 39933 40170 57002 78098 883//=
 23912 42598 82606 10176 20097 39973 40154 58022 82905 333 91010 91110
 555 11017=
 23913 42599 83301 10204 20061 39931 40145 58028 82105 555 11012=
 23914 82498 72903 10176 20103 39910 40152 57016 85905=
 28013 41598 72404 10122 20082 39955 40177 53006 78082 87900 555
 11014=
 28016 41598 72602 10115 20097 39957 40174 58006 79598 87900 555
 11013=
 28029 42599 82006 10251 20048 39934 40136 57026 8612/ 333 91014 91116
 555 11026=
 28116 42599 72805 10157 20098 39952 40171 52008 86920 333 91111=
 28128 42598 82705 10216 20054 30013 40156 57012 86311 333 91012 91112
 555 10019=
 28134 42598 81904 10245 20014 39835 40159 57010 889// 333 91010 91116
 555 10020=
 28138 42999 81806 10245 21010 39643 40166 57014 80005 333 91011
 91112=
 28216 41599 72606 10207 20100 39890 40168 53009 70398 87900 333 91012
 91116 555 10027=
 28222 42598 82005 10244 20050 39980 40160 57011 8691/ 333 91012 91115
 555 11021=
 28224 41570 82007 10232 20052 39977 40175 52001 72522 86905 333 91012
 91117=
 28234 42498 82308 10238 20033 39927 40185 55002 889// 333 91017 91117
 555 10025=
 28238 42599 82307 10269 21028 39898 40176 57015 83104 333 91011 91114
 555 10033=
 28313 42598 72503 10226 20083 39993 40172 53007 87900 333 91115 555
 10026=
 28319 42598 62004 10245 20054 30030 40182 53001 82551 333 91111=
 28321 42599 61907 10241 20052 39979 40167 57003 82902 333 91013
 91115=
 28324 41599 81906 10243 20029 30073 40185 50002 70282 86909 333 91012
 91119 555 10030=
 28326 42998 62504 10260 20031 30011 40182 57006 85570 333 91113 555
 10032=
 28413 42699 82403 10226 20078 30074 40188 53009 82175 333 91113 555
 10031=
 28428 42599 72105 10256 20002 30023 40194 57006 84901 333 91112 555
 10032=
 28429 42598 82005 10252 20043 39814 40194 57008 82201 333 91013 91114
 555 10034=
 22983 42698 82103 10178 21010 30028 40128 57019 82135 333 91007 91109
 555 11022=
 27083 42599 61905 10163 20018 39931 40142 57015 84170 333 91009 91110
 555 11018=
 27097 42498 52005 10155 20038 39910 40160 57017 84201 333 91011 91111
 555 12018=
 27185 42698 52002 10179 20018 39991 40166 57011 82101 333 91006 91110
 555 11022=
 27199 42698 32203 10174 20037 39988 40175 57012 83100 333 91006 91107
 555 11028=
 27281 42982 31906 10171 20011 39972 40169 57013 80002 333 91009 91111
 555 11019=
 27283 42598 22405 10180 20013 30028 40176 57010 81230 333 91010 91110
 555 11021=
 27295 41998 61903 10177 20020 39944 40182 57007 70282 80005 333 91006
 91108 555 11016=
 27296 41698 52103 10157 20058 39978 40186 57010 70262 85200 333 91007
 91107 555 11021=
 27385 425// 32204 10181 20039 30067 40190 57005 82501 333 91010 91110
 555 11024=
 27393 41598 62205 10157 20065 30039 40202 58005 70262 85301 333 91008
 91108 555 11018=
 27480 42698 22303 10180 20046 30075 40198 57006 81101 333 91006 91109
 555 11029=
 28007 41699 31802 10127 20054 39927 40180 50002 70286 82530 333 91004
 91106 555 11021=
 28009 41498 72304 10105 20085 39983 40187 52008 72598 87900 333 91007
 91109 555 12016=
 28105 41598 52303 10137 20054 39996 40187 50004 70162 85200 333 91005
 91106 555 12021=
 28202 41575 52402 10119 20086 39981 40196 51008 70298 83930 333 91005
 91106 555 11018=
 28302 41598 72303 10123 20079 39985 40207 51008 70298 87900 333 91006
 91107 555 11018=
 28307 41498 52002 10164 20060 30068 40205 50001 70281 83401 333 91004
 91107 555 11022=
 28402 42598 62503 10150 20068 30038 40210 52001 83835 333 91005 91108
 555 10028=
 28502 42598 82906 10178 20068 30110 40209 50002 84101 333 91008 91109
 555 10031=
 22550 81597 72105 10082 20002 30041 40051 52004 70281 86530 333 86632
 91113 555 12010=
 22778 42598 81905 10162 21003 30021 40087 57019 8657/ 333 91010 91113
 555 12012=
 22889 42598 62104 10178 21009 30046 40127 57020 82141 333 91111 555
 12029=
 22762 41598 71804 10123 20035 30041 40078 50007 70262 87500 333 91110
 555 1/012=
 22638 46/// /2302 10047 20003 39832 40053 52019=
 22671 42/// /2004 10136 20014 39985 40060 57008 555 1/006=
 22456 41597 71703 10087 20037 39954 40039 58009 70282 87400 555
 1/000=
 22583 42998 51703 10152 21035 30006 40082 57025 82071
 333 91111 555 1/000=
 22749 42598 62606 10065 21015 39974 40097 52017 86900 333 91010 91114
 555 11007=
 22951 41598 72604 10075 21014 39849 40124 53021 70282 87200 333 91010
 91112 555 1/010=
 22887 42599 61805 10176 20015 30054 40120 57008 82501 333 91010 
 91111 555 10027=
 22876 42997 21905 10180 21022 30035 40103 57020 82040 333 91010 91114
 555 11018=
 22481 42598 61205 10118 21025 30015 40066 57018 83939 333 91114 555
 1/001=
 22854 42/// /2306 10075 21021 39824 40106 53022 333 91010 91115 555
 1/012=
 22781 NIL=
 22676 42598 71808 10155 21031 30002 40077 57021 87900 333 91012 91115
 555 11016=
 22648 41698 72207 10056 20015 30031 40076 52014 72582 87900 333 87640
 91012 91114 555 11008=
 22559 41598 62303 10103 20023 30038 40054 57005 70282 86900 555
 12010=
 22869 41997 82405 10104 20044 39973 40117 53014 76062 8002/ 333 91113
 555 12009=
 22768 41497 72104 10098 20052 30044 40092 52016 78081 86930 333 85916
 91112 555 11011=
 22798 42598 31803 10159 21012 30021 40128 56022 82130 333 91111 555
 10018=
 22375 NIL=
 23207 42999 81702 10125 21018 30095 40117 57016 8805/ 555 1/100=
 23215 42998 31704 10073 21017 30079 40167 57006 80001 333 91111 555
 1/000=
 23219 NIL=
 27095 86/// /2104 10157 20028 39952 40171 58013=
 22408 41999 83204 10006 21042 39974 40124 52028 70273 8801/ 333  
 88460 91111 93700 555   1/000=
 22511 41476 83204 11016 21027 39989 40111 52043 72673 8695/ 333  
 91116 93712 555   1/000=
 22529 41574 82906 10010 21010 30039 40046 52034 78582 889// 333  
 88920 91011 91111 555   12005=
 22602 41499 73104 10016 21012 39909 40135 52047 70272 84531 333  
 91112 555   1/001=
 22621 83569 /3108 10006 21033 39939 40079 52059 333   91014 91114
 555   1////=
 22619 41470 73011 10011 21019 39934 40093 52066 72682 87900 333  
 91016 91118 555   1/008=
 22721 41498 83005 10018 21010 39984 40082 52048 78082 889// 333  
 86917 91112 555   11008=
 22727 86568 /2906 10048 20009 30047 40094 52040 333   91010 91112
 555   1////=
 22717 83/69 /3204 10037 21005 39934 40126 52056 333   91010 91116
 555   1////=
 22802 41599 73105 10077 21004 30130 40153 52045 70282 333   87930
 91115 555   12013=
 22820 41570 72706 10050 20003 39966 40100 52036 72162 86530 333  
 86624 91013 91116 555   11010=
 22831 41598 72304 10055 20000 30043 40097 52018 70282 87900 333  
 87926 91110 555   12007=
 22805 42598 83304 10050 20006 30138 40158 52047 85531 555   11017=
 22912 42599 72706 10067 20005 30127 40142 52030 86430 333   85630
 91012 91116 555   12010=
 
