21:31:00 MSK 09.06.2023
020 123456/=о000=1831
 унту01 бтул 091800
 22686 81496 83006 10053 20041 39982 40080 53021 76186 8652/ 333 86610 91010 91112=
 22695 42/// /2703 10081 20058 39901 40049 53002=
 22996 81498 62301 10107 20102 39913 40091 55007 70282 84970=
 23220 42999 11103 10066 21019 30003 40142 57005 80001=
 23226 42960 51503 10076 21020 39930 40140 57006 80005 333 91110=
 23305 41458 81003 10089 20083 30037 40064 57018 76162 8802/=
 23320 66/// /1603 10106 20004 30043 40114 57009 60002 333 10165=
 23324 42984 81504 10119 20013 30040 40114 57011 81047=
 23405 41558 89901 10082 20078 39962 40058 57016 76162 
 8252/=
 23410 66/// /1404 10115 20001 30000 40093 57015 60002 333 10155 91110=
 23411 42499 81905 10124 20036 39991 40076 57015 8672/ 333 91114=
 23412 42999 81604 10120 20013 39997 40090 57015 8805/ 333 91111=
 23416 NIL=
 23418 42965 71303 10126 21006 30022 40092 57021 87030=
 23501 NIL=
 23503 41598 81303 10105 20040 30011 40059 58025 70262 8552/=
 23507 86/// /1802 10075 20075 39749 40049 57018=
 23509 41997 82102 10095 20068 39990 40065 57020 76162 8802/=
 23514 41597 81203 10125 20011 39878 40065 57032 70282 8395/=
 23518 42698 81404 10124 20011 30009 40096 58025 8357/ 555 53010=
 23606 41656 82802 10090 20090 39908 40068 57010 78182 889// 333 86940  91110=
 23612 NIL=
 23701 81599 62002 10087 20080 39937 40062 58015 70282 82969=
 23704 66/// /2002 10089 20089 39926 40039 55004 60002 333 10165=
 23707 81498 82102 10091 20085 39939 40067 57009 70282 889// 333 84914=
 23708 41660 81803 10100 20084 39935 40079 58002 76086 8872/ 333 85549=
 23709 82798 81602 10144 20019 39890 40072 57022 8655/=
 23711 42598 81503 10136 20036 39927 40088 57020 8553/ 333 85623=
 23803 42699 81903 10139 20050 39908 40079 57019 885//=
 23804 81597 62601 10100 20094 39933 40072 57010 72582 84930=
 23807 41497 72203 10103 20093 39929 40085 58010 70282 86930 333 84613
 91111=
 23808 86/// /2701 10102 20089 39927 40089 55006 333 91111=
 23812 42597 51502 10128 20020 39956 40112 57016 83530=
 23904 41570 82102 10103 20103 39938 40089 58004 72582 8694/ 333 86932=
 23905 82599 81603 10144 20063 39866 40081 57024 889// 333 91110 555
 50118=
 23909 82598 81703 10142 20066 39874 40107 57016 8757/=
 23912 82598 81803 10136 20048 39944 40127 56010 83531 555 50112=
 23913 82999 10000 10069 20021 39928 40153 56009 80001 555 50090=
 23914 82499 71703 10134 20051 39883 40129 57011 87500=
 28013 82598 81603 10140 20054 39900 40120 58013 885// 555 50123=
 28016 42/// /1603 10139 20075 39904 40118 58015 555 50119=
 28029 82699 81704 10138 20048 39935 40145 57008 885// 555 50130=
 28116 82499 71801 10140 20063 39912 40132 57012 86405=
 28128 82899 61604 10147 20078 30003 40149 57008 82031 555 50128=
 28134 82698 61901 10110 20041 39825 40164 57006 82532 555 50104=
 28138 43/// /1801 10081 20022 39625 40178 57005=
 28216 82699 41503 10135 20058 39860 40145 58009 84500 555 50122=
 28222 42/// /1802 10134 20071 39970 40156 57007 555 50122=
 28224 82870 41503 10119 20066 39955 40160 57006 84080=
 28234 42899 31602 10111 20036 39904 40173 57004 83040 555 50109=
 28238 82899 22301 10079 20050 39886 40183 55002 82080 555 50098=
 28313 42/// /1901 10120 20067 39966 40151 57008 555 50117=
 28319 82999 01602 10145 20068 30001 40157 57008=
 28321 82899 51702 10138 20076 39958 40153 57009 85070 555 50121=
 28324 42/// /1702 10131 20050 30042 40158 57007 555 50122=
 28326 82898 31502 10097 20058 39991 40173 57004 83030 555 50116=
 28413 82999 01503 10139 20057 30038 40155 57007 555 50144=
 28428 82999 01602 10111 20050 39993 40172 57002 555 50131=
 28429 42/// /0901 10096 20055 39784 40185 54001 555 50109=
 22983 41459 83003 10084 20076 30002 40104 52013 78082 889// 333 91007
 91108=
 27083 41499 62302 10104 20096 39887 40101 52002 70282 86900 333 91003
 91104=
 27097 41498 82401 10106 20106 39856 40108 55005 70298 86333 333 91003
 91105=
 27185 43/// /2601 10110 20108 39945 40122 5//// 333 91002 91103=
 27199 41998 61501 10107 20103 39927 40117 57013 70298 83070 333 91001
 91110=
 27281 41482 72401 10123 20113 39930 40129 52009 70298 82970 333 91002
 91108=
 27283 41498 53002 10120 20117 39970 40119 58006 70298 85900 333 91003
 91111=
 27295 41598 72201 10116 20095 39879 40120 52001 70282 83475 333 91002
 91112=
 27296 41597 80901 10123 20111 39906 40115 57004 72582 8693/ 333 91002
 91109=
 27385 414// 72301 10127 20111 30006 40129 52014 71798 86330 333 91003
 91109=
 27393 42598 82504 10156 20005 39966 40128 57002 87059 333 91006
 91107=
 27480 41598 71901 10117 20117 30012 40135 52010 71798 85930 333 91002
 91110=
 28007 41599 81701 10100 20087 39858 40111 58002 72582 85335 333 91002
 91112=
 28009 42498 82405 10146 20061 39916 40116 57010 889// 333 91009
 91109=
 28105 41598 71701 10108 20098 39924 40116 58003 72162 87800 333 91001
 91108=
 28202 42565 82903 10144 20061 39906 40117 57013 889// 333 91008
 91109=
 28302 42598 81604 10156 20055 39904 40121 57018 8497/ 333 91007
 91107=
 28307 42498 61901 10144 20084 39990 40127 55005 82531 333 91003
 91107=
 28402 42598 61903 10161 20075 39959 40129 57014 82575 333 91005
 91106=
 28502 42598 82305 10165 20068 30043 40142 55006 8695/ 333 91009
 91109=
 22550 81597 73303 10066 20029 30164 40174 52013 72522 82930 333
 91114=
 22778 41498 83203 10059 20036 30065 40133 52030 70282 8657/ 333
 91111=
 22889 41496 82805 10083 20074 30015 40099 53010 78086 889// 333 88914
 91010 91111=
 22762 81597 62803 10063 20036 30118 40156 52016 70282 83930=
 22638 NIL=
 22671 41597 73202 10045 20041 30054 40132 51017 72582 87900 333
 87928=
 22456 42597 83502 10047 20009 30078 40165 51018 885//=
 22583 41497 83105 10039 20030 30000 40080 52023 78088 879//
 333 91110=
 22749 42598 73202 10062 20015 30071 40195 52019 87930 333 91110=
 22951 42598 73201 10062 20009 39913 40191 52016 87400=
 22887 41599 82806 10076 20053 30044 40112 53028 70282 8695/
 333 86922 91011 91114=
 22876 41497 73002 10071 20038 30052 40123 52031 70282 87900 333 87918
 91112=
 22481 41698 63304 10043 20009 30059 40112 52011 70282 81432 333
 91113=
 22854 41699 73102 10056 21003 39903 40189 52018 70382 87500 333 87645
 91111=
 22781 NIL=
 22676 41497 83106 10037 20024 30042 40119 52028 78082 889// 333 91010
 91113=
 22648 42498 53104 10061 20026 30149 40195 52011 83930 333 91110=
 22559 82598 73305 10071 21006 30149 40165 52017 83509 333 91113=
 22869 41597 73104 10058 20031 30020 40166 51028 78082 86930 333 85629
 91110=
 22768 41597 61303 10070 20025 30110 40159 52018 70282 333 85623
 91111=
 22798 41497 82102 10092 20080 39961 40070 57005 72582 8795/=
 22375 NIL=
 23207 NIL=
 23215 41598 80402 10085 20057 30013 40100 55012 72582 84970 333
 91111=
 23219 NIL=
 27095 NIL=
 22408 12799 83402 10084 21001 30109 40257 52010 69902 885// 333  
 10103 88650=
 22511 12698 73503 10087 21010 30129 40249 52008 60002 86530 333  
 10093 86640=
 22529 12599 83504 10074 20023 30219 40226 52009 60002 885// 333  
 10106 88626=
 22602 12474 83201 10077 21008 30032 40255 52009 69902 889// 333  
 10104 88915=
 22621 12798 73502 10076 20014 30099 40237 52010 60032 86530 333  
 10090 85650=
 22619 12482 53105 10075 20020 30081 40238 52012 69942 85500 333  
 10112 91110=
 22721 11497 73001 10050 20031 30141 40239 52013 60022 78082 86930
 333   10115 86917=
 22727 12870 83501 10073 20023 30190 40238 52016 69932 8807/ 333  
 10126=
 22717 12598 73602 10087 21003 30051 40242 52012 60002 85530 333  
 10120 85632=
 22802 12599 73402 10106 20016 30223 40246 52010 60002 86930 333  
 10138 84927=
 22820 11770 73202 10078 20028 30100 40235 52015 69992 70282 86930
 333   10120 86655=
 22831 12998 53501 10078 21003 30161 40216 52017 69902 85030 333  
 10134=
 22805 12598 70102 10087 20020 30229 40248 53010 60002 86531 333  
 10138=
 22912 11599 70201 10101 20028 30219 40234 52013 69942 70282 82530
 333   10146=
 
