12:31:00 MSK 21.11.2023
010 111/=о000=0931
 уйту01 бтул 210900
 22686 41497 80501 11082 21105 30103 40207 57004 77172 8657/ 333 86618=
 22695 41697 80402 11088 21115 30033 40192 57008 77072 8552/=
 22996 42598 70302 11086 21099 39951 40144 56019 81928=
 23220 41497 81202 11130 21145 30122 40273 52008 70284 8693/ 333 85912=
 23226 41360 81301 11162 21175 30044 40276 52006 72274 887// 333 85708=
 23305 41568 80501 11078 21086 30207 40236 54000 77172 885//=
 23320 86/// /0902 11115 21120 30183 40260 58002=
 23324 42980 61401 11093 21106 30182 40263 50003 86070=
 23405 41570 71102 11088 21099 30126 40229 54000 70272 
 82530=
 23410 86/// /0601 11115 21133 30145 40248 58004=
 23411 41998 70000 11086 21091 30147 40240 58002 77072 87010=
 23412 41598 71301 11096 21108 30144 40246 58004 77172 82570 333  93531=
 23416 NIL=
 23418 41565 50000 11088 21095 30167 40245 58008 72272
 82501=
 23503 41498 60802 11108 21129 30181 40234 58006 70272 82501=
 23507 86/// /0701 11096 21107 39895 40220 57006=
 23509 41498 70000 11090 21115 30141 40223 57008 70272 86501 333 86614=
 23514 41497 81102 11089 21100 30021 40227 57013 77172 8672/ 333 85711=
 23518 42998 80602 11097 21118 30139 40235 58015 83015=
 23606 81350 80802 11092 21102 30036 40210 57015 78582 889// 333 86709=
 23701 41599 70502 11098 21111 30068 40204 57013 72682 83945=
 23704 86/// /0902 11082 21099 39345 49459 53014=
 23707 81498 80702 11084 21110 30046 40183 57015 70272 8655/ 333 86618=
 23708 42484 80503 11082 21112 30036 40192 57017 885// 333 88616=
 23709 42998 80302 11092 21119 39993 40195 58020 8805/=
 23711 42998 70101 11114 21131 30029 40208 58023 86075=
 23803 42999 80602 11083 21119 30000 40187 57023 8807/=
 23804 82997 80402 11084 21107 30022 40173 57021 8807/=
 23807 42597 80504 11088 21099 39998 40166 58015 82577=
 23808 86/// /0403 11083 21094 39998 40173 56023=
 23812 42597 80000 11101 21120 30025 40195 57025 8257/=
 23904 42970 80502 11081 21101 39989 40152 57021 8801/=
 23905 42599 80403 11086 21106 39918 40155 57022 885//=
 23909 41495 80503 11082 21095 39901 40155 57025 77372 8572/=
 23912 41496 81002 11069 21086 39973 40171 57027 77172 8802/=
 23913 41597 80702 11072 21099 39948 40185 58035 77172 8872/=
 23914 81495 80903 11072 21082 39896 40162 57032 77372 8802/=
 28013 41895 80503 11076 21094 39908 40146 57031 77372 8802/=
 28016 41895 80502 11076 21083 39904 40137 57032 77372 8802/=
 28029 41496 80803 11071 21087 39917 40144 57033 77372 8872/=
 28116 41495 80702 11070 21084 39883 40120 57035 77372 8872/=
 28128 41595 80703 11058 21068 39969 40127 57032 77372 8802/=
 28134 41493 81103 11071 21090 39781 40142 57033 77572 8872/=
 28138 41594 80806 11092 21105 39577 40165 57039 78683 883// 333 91010
 91110=
 28216 41895 80804 11064 21075 39797 40102 57029 77372 8802/=
 28222 41495 81103 11056 21069 39922 40121 58030 77373 8872/=
 28224 41408 81103 11055 21067 39893 40111 57030 77572 8802/=
 28234 41594 81203 11060 21080 39848 40134 58034 77572 885//=
 28238 41495 80904 11067 21083 39837 40150 57036 77572 8802/=
 28313 41594 80701 11051 21068 39903 40098 57032 77572 8802/=
 28319 41495 80701 11038 21045 39920 40086 57028 77377 8802/=
 28321 41595 80702 11052 21060 39891 40099 57029 77372 8802/=
 28324 41895 80702 11038 21045 39968 40091 57029 77372 8802/=
 28326 41596 81102 11045 21053 39919 40109 57034 77372 8802/=
 28413 41497 80701 11032 21048 39954 40078 57024 77172 8677/=
 28428 41594 81303 11025 21037 39900 40086 56029 77372 8802/=
 28429 41595 81204 11041 21054 39686 40104 58023 77373 8802/ 333
 91110=
 22983 42598 80602 11089 21114 30048 40158 57010 84535 333 91003
 91105=
 27083 41959 60202 11086 21105 39901 40132 57014 77172 84021 333 91004
 91106=
 27097 41998 80303 11073 21082 39852 40122 57017 72272 86079 333 91005
 91107=
 27185 41698 70102 11068 21090 39926 40115 57007 70272 83572 333 91004
 91106=
 27199 41496 80603 11068 21088 39903 40106 57016 77172 8872/ 333 91005
 91106=
 27281 41457 80303 11066 21087 39894 40107 57005 77172 8872/ 333 91006
 91106=
 27283 41456 80403 11066 21082 39944 40105 57010 77172 8872/ 333 91005
 91106=
 27295 41576 80303 11067 21088 39836 40095 58010 77172 8802/ 333 91006
 91107=
 27296 42581 80503 11063 21092 39872 40094 57015 8852/ 333 91006
 91107=
 27385 414// 80202 11050 21065 39955 40086 57007 77072 8477/ 333 91003
 91105=
 27393 41598 80603 11058 21073 39915 40090 57013 70272 8557/ 333 91005
 91106=
 27480 41498 80403 11043 21066 39948 40079 57005 72272 8802/ 333 91004
 91105=
 28007 41450 80503 11084 21101 39857 40129 57021 77172 8872/ 333 88710
 91005 91106=
 28009 41956 80301 11079 21106 39911 40129 57025 77172 8802/ 333 91004
 91104=
 28105 41459 80402 11071 21094 39918 40122 57017 77172 8872/ 333 91004
 91107=
 28202 41959 80702 11068 21088 39876 40104 57018 77172 8807/ 333 91004
 91105=
 28302 41998 80402 11062 21086 39858 40093 57019 70272 8807/ 333 91004
 91105=
 28307 42498 80101 11046 21061 39931 40078 58012 887// 333 91002
 91104=
 28402 41460 80302 11047 21062 39892 40075 57016 77072 886// 333 91004
 91105=
 28502 41496 80602 11033 21052 39959 40064 57013 77372 8672/ 333 91004
 91105=
 22550 81596 70301 11055 21055 30192 40203 52009 78582 87900 333
 87621=
 22778 42998 60303 11092 21124 30120 40193 57006 80002=
 22889 42/// /0603 11094 21109 30075 40165 57013=
 22762 42497 80000 11082 21096 30163 40203 54001 885//=
 22638 46/// /3201 11080 21089 39988 40223 52007=
 22671 41497 61601 11084 21096 30123 40205 52006 78588 84931=
 22456 42997 80000 11124 21144 30122 40215 52010 8005/=
 22583 41598 70000 11080 21096 30132 40216 52001 70288 86570=
 22749 NIL=
 22951 41497 80402 11095 21104 39894 40189 54000 77172 8872/=
 22887 42499 80102 11098 21110 30097 40170 57009 8655/
 333 86613=
 22876 41597 80203 11098 21111 30104 40180 57008 70272 82529=
 22481 42/// /1101 11065 21073 30160 40215 52006=
 22854 42298 80402 11078 21085 39893 40194 58002 886// 333 88704=
 22781 NIL=
 22676 41598 80901 11082 21107 30122 40203 57001 72272 885//=
 22648 NIL=
 22559 41598 60701 11050 21069 30187 40204 51008 72687 83931=
 22869 41497 70404 11097 21124 30027 40183 58004 77177 87700 333
 86617=
 22768 41497 80703 11084 21106 30140 40193 57003 78582 889// 333
 86916=
 22798 41497 80403 11085 21106 30066 40184 57014 78582 889//=
 22375 46/// /1102 11096 21107 30204 40220 52007=
 23207 42999 70000 11120 21133 30212 40236 52004 87030=
 23215 NIL=
 23219 NIL=
 27095 86/// /0402 11079 21079 39906 40143 56019=
 22408 42999 23501 11190 21209 30098 40262 52012 80001 333   93505=
 22511 42598 72801 11126 21141 30120 40249 52006 84571 333   93506=
 22529 41599 72702 11126 21139 30225 40232 52006 70272 87500 333  
 87629=
 22602 42476 83102 11066 21084 30012 40247 52008 885// 333   88614=
 22621 83/70 /3002 11136 21150 30097 40247 52011=
 22619 42481 73103 11082 21090 30071 40238 52011 87500=
 22721 41498 83101 11058 21079 30129 40231 52010 70282 887// 333  
 85710=
 22727 86569 /3401 11045 21066 30175 40225 52008=
 22717 83/70 /3001 11085 21101 30030 40237 52005=
 22802 42999 62902 11063 21081 30216 40240 52007 86030=
 22820 41560 82902 11070 21086 30080 40222 52005 77172 8557/ 333  
 85633=
 22831 42598 73601 11051 21075 30149 40206 52005 85530 333   85629=
 22805 42598 70202 11025 21095 30211 40237 52007 86531=
 22912 42999 63601 11070 21095 30205 40221 52005 86030=
 
