09:31:00 MSK 02.08.2023
020 123456/=о000=0631
 унту01 бтул 020600
 22686 82598 71601 10246 20158 30013 40104 52003 81205=
 22695 42998 51401 10244 20142 39954 40094 51003 83034=
 22996 81598 63601 10212 20184 39928 40100 52005 70242 85909=
 23220 42499 70502 10217 20142 30030 40161 58002 86930=
 23226 42960 20802 10231 20135 39964 40163 58004 82040=
 23305 42999 21401 10256 20164 30088 40113 52004 80001=
 23320 66/// /1202 10249 20109 30081 40148 52002 60002 333 20140=
 23324 42986 01102 10236 20134 30083 40154 51002=
 23405 42975 61403 10244 20149 30022 40113 52005 83031=
 23410 66/// /1604 10225 20126 30050 40139 52006 60002 333 20117=
 23411 42999 21903 10243 20138 30045 40127 52006 80001=
 23412 42699 31703 10217 20139 30049 40139 52006 82530=
 23416 NIL=
 23418 42965 51903 10236 20135 30071 40139 51002 82031=
 23501 NIL=
 23503 42998 31602 10242 20130 30082 40128 52003 80009=
 23507 86/// /1601 10227 20138 39827 40113 52003=
 23509 42998 51201 10249 20125 30050 40122 58002 82031=
 23514 42997 61302 10233 20136 39947 40128 54000 80009=
 23518 42998 81304 10234 20118 30054 40139 50001 80009 555 53010=
 23606 42962 81104 10212 20144 39967 40121 52002 86081=
 23701 42699 61001 10235 20155 39992 40111 51001 82149=
 23704 66/// /3501 10234 20175 39957 40065 53285 60002 333 20120=
 23707 82598 70801 10244 20164 39974 40095 57002 81509=
 23708 42983 71001 10226 20149 39971 40109 54001 81578=
 23709 82998 80401 10196 20136 39938 40118 53002 8807/=
 23711 42998 61202 10233 20157 39965 40121 58001 82032=
 23803 42699 81202 10200 20137 39943 40110 52005 885//=
 23804 41597 81501 10230 20171 39962 40095 54000 71792 84955=
 23807 41596 72402 10213 20184 39952 40101 51002 70522 83530=
 23808 86/// /1402 10242 20172 39948 40102 50001=
 23812 82997 61102 10249 20128 39967 40116 58001 86070=
 23904 41570 32501 10244 20188 39956 40100 54000 72994 81931=
 23905 82899 31601 10240 20177 39893 40101 52001 82061=
 23909 82598 72101 10243 20170 39883 40108 52003 81232=
 23912 82898 41302 10245 20157 39939 40115 52004 82039=
 23913 82599 51701 10244 20137 39907 40117 57002 85200=
 23914 82698 51202 10235 20160 39877 40113 52004 81134=
 28013 82698 21802 10244 20147 39896 40108 52010 82100=
 28016 81898 21201 10244 20177 39901 40107 52003 70181 82030=
 28029 82699 51602 10248 20158 39906 40107 52005 82570=
 28116 81898 40000 10233 20166 39894 40106 52002 70340 82035=
 28128 82998 11001 10231 20176 39969 40110 52005 80001=
 28134 82998 31502 10236 20149 39786 40108 52003 80001=
 28138 42599 50703 10220 20137 39586 40109 52004 85100=
 28216 82599 31302 10242 20159 39828 40101 52002 82205=
 28222 82898 52001 10242 20167 39929 40108 52004 83051=
 28224 81570 72801 10225 20174 39909 40105 52004 70262 82515=
 28234 82598 81001 10217 20158 39854 40111 52008 888//=
 28238 82599 80501 10214 20158 39829 40110 52005 885//=
 28313 82598 61201 10242 20164 39925 40101 54000 85201=
 28319 82598 63501 10226 20180 39951 40101 52001 86800=
 28321 81599 51002 10238 20171 39913 40100 54000 70341 85200=
 28324 82499 50000 10235 20165 39989 40100 54000 84209=
 28326 42598 63201 10218 20188 39932 40105 52008 85530=
 28413 82599 63001 10238 20163 39989 40101 54001 86200=
 28428 81598 73401 10221 20164 39930 40101 52003 70282 87900=
 28429 82598 82401 10220 20174 39720 40100 52006 889//=
 22983 42598 82601 10202 20183 30012 40110 52003 86535 333 91002
 91102=
 27083 41599 83301 10178 20166 39901 40110 52006 72598 889// 333 91002
 91102=
 27097 41498 81601 10192 20179 39866 40112 52004 70282 8793/ 333 91001
 91102=
 27185 42598 72701 10215 20177 39941 40111 50001 86301 333 91002
 91103=
 27199 42598 73401 10219 20175 39926 40108 52001 84331 333 91003
 91103=
 27281 41482 73201 10207 20172 39923 40115 52001 70242 82632 333 91003
 91104=
 27283 41498 83202 10200 20182 39968 40113 52004 70242 889// 333 91003
 91103=
 27295 41598 82401 10192 20174 39870 40103 52006 72844 885// 333 91002
 91103=
 27296 41598 70000 10210 20196 39913 40117 52006 70242 87900 333 91001
 91101=
 27385 416// 63302 10212 20179 39995 40114 54000 70241 83131 333 91003
 91103=
 27393 42598 22301 10234 20183 39954 40111 54000 82900 333 91003
 91103=
 27480 42498 63201 10216 20182 39998 40117 57003 86530 333 91003
 91103=
 28007 41/06 90000 10178 20169 39864 40109 52003 74342 333 91000
 91103=
 28009 41448 81901 10201 20185 39910 40105 52001 71042 886// 333 91001
 91102=
 28105 41598 60501 10209 20174 39929 40108 52004 70341 84801 333 91002
 91102=
 28202 41570 83201 10205 20173 39901 40107 52003 70241 889// 333 91002
 91103=
 28302 41598 80401 10211 20186 39895 40107 52004 70242 84931 333 91002
 91102=
 28307 42497 83101 10208 20172 39978 40112 52003 885// 333 91002
 91103=
 28402 42598 72902 10230 20183 39940 40105 52001 86939 333 91003
 91104=
 28502 42598 22903 10249 20153 30010 40105 57003 82100 333 91006
 91106=
 22550 82597 22201 10208 20163 30102 40111 52001 82200=
 22778 41498 62901 10202 20175 30047 40112 52001 70282 85570=
 22889 41496 82902 10183 20179 30032 40112 52004 71042 886// 333
 88710=
 22762 NIL=
 22638 46/// /1501 10231 20162 39891 40100 57002=
 22671 42599 62901 10204 20171 30034 40107 55001 84930=
 22456 42597 71802 10214 20162 30019 40101 54000 86209=
 22583 42998 60000 10220 20158 30030 40104 52003 80001=
 22749 42998 00000 10233 20178 39989 40104 57003=
 22951 42998 22101 10234 20152 39855 40114 58002 80001=
 22887 42499 73102 10201 20182 30044 40110 52003 
 83631=
 22876 41597 63002 10201 20184 30043 40111 54000 70298 82480=
 22481 42998 52401 10264 20191 30049 40097 52002 80009=
 22854 42999 12101 10222 20160 39845 40111 54000 80001=
 22781 NIL=
 22676 42598 73002 10195 20167 30034 40106 58001 83840=
 22648 41998 11601 10220 20182 30068 40111 58002 70240 80001=
 22559 82998 22701 10215 20155 30097 40112 58001 81201=
 22869 42697 61601 10218 20172 39983 40121 54000 81135=
 22768 41897 20000 10217 20159 30072 40118 52002 70141 81031=
 22798 42998 81601 10219 20163 39999 40103 52004 80001=
 22375 46/// /2803 10206 20160 30085 40099 52006=
 23207 42999 21002 10248 20161 30088 40109 52002 80001=
 23215 42998 21103 10224 20147 30058 40141 53003 80001=
 23219 NIL=
 27095 66/// /3401 10217 20185 39904 40116 54000 60002 333 20134=
 22408 12984 61302 10206 20155 39940 40079 54000 60002 80005 333  
 20103 31011=
 22511 12998 61202 10221 20144 39966 40078 57002 60002 80004 333  
 20142 31012=
 22529 11599 10802 10207 20166 30090 40096 57002 60002 70240 81500
 333   20095 32012=
 22602 12999 21202 10201 20146 39859 40068 57002 60002 80001 333  
 20118 31010=
 22621 12998 01002 10206 20165 39960 40090 57004 60002 333   20124
 31///=
 22619 12981 10901 10193 20158 39932 40080 57002 60002 80009 333  
 20137 31012=
 22721 12998 11301 10199 20159 30001 40093 57001 60002 80001 333  
 20129 31013=
 22727 12969 01402 10213 20173 30045 40089 57001 60002 333   20138
 30///=
 22717 12998 41001 10223 20161 39893 40072 57005 60002 80001 333  
 20130 30///=
 22802 12999 51305 10216 20176 30040 40062 57002 60002 80009 333  
 20145 31014=
 22820 12968 20803 10209 20166 39961 40087 57001 60002 80001 333  
 20150 30013=
 22831 12998 11301 10234 20172 30048 40099 57002 60002 80001 333  
 20123 31013=
 22805 12998 31106 10205 20173 30038 40056 57002 60002 83031 333  
 20184 31017 91010 91110=
 22912 12999 21303 10234 20164 30062 40076 57002 60002 80001 333  
 20130 30012=
 
