18:31:00 MSK 28.05.2023
020 123456/=о000=1531
 уйту01 бтул 281500
 22686 62498 80202 10188 20006 30054 40147 57012 60002 82969 333 10202 555 50125 53009=
 22695 12598 70703 10187 21007 39989 40132 57012 60002 86530 333 10197
 86627 555 50152 53010=
 22996 11495 80703 10153 20150 39866 40040 58039 60282 79598 889// 333
 10155 555 50142 53009=
 23220 12598 60703 10114 20044 30076 40213 52016 82530 333 10124 555 50085 53006=
 23226 12960 10604 10129 20009 30003 40210 52013 60002 81080 333 10135 
 555 50093 53009=
 23305 12999 33503 10155 20039 30172 40198 57004 60002 82031 333 10163
 555 50121 53008=
 23320 76/// /0803 10161 21015 30130 40200 52008 333 60002 555 50126 53008=
 23324 12986 50504 10154 20019 30132 40206 52010 60002 81071 333 10176
 555 50127 53008=
 23405 12979 73404 10162 20031 30089 40184 57004
 60002 81031 333 10184 555 50127 53009=
 23410 76/// /0604 10174 21000 30095 40187 52004 333 60002=
 23411 12599 70203 10171 20027 30102 40187 54000 60002 82106 333
 10187 555 50140 53007=
 23412 12699 51203 10173 21002 30097 40189 52005 60002 82501 333 10195 555 50144 53012=
 23416 NIL=
 23418 12965 60802 10173 20020 30111 40180 52003 60002 
 80001 333 10186 555 50144 53009=
 23503 12998 80703 10186 21008 30129 40176 58001 60002 80005 333 10199
 555 50133 53008=
 23507 66/// /0602 10181 21002 39867 40160 57006 60002 333 10190 555 50140 53009=
 23509 12/// /0503 10188 20010 30090 40164 54000 60002 333 10207
 555 53008=
 23514 12997 80404 10166 20034 39983 40169 52002 60002 8807/ 333 10190 555 50135 53009=
 23518 12698 80402 10157 20101 30083 40170 52003 60002 8557/ 333 10174
 85646 555 50135 53008=
 23606 12962 80505 10184 20058 39991 40149 57006 60002 80007 333 10206 555 50155 53009=
 23701 12999 80404 10173 20075 30018 40140 56013 60002 8807/ 333
 10173 555 53009=
 23704 76/// /0301 10162 20111 39926 40039 55004 333 60002=
 23707 61597 80204 10131 20115 39996 40122 57012 60022 76162 8252/ 333 10158 555 50137 53009 =
 23708 11558 80602 10150 20134 39992 40134 55004 60032 76162 8872/ 333
 10173 86526 555 50150 53008=
 23709 61497 80402 10145 20131 39956 40139 55006 60042 78082 883// 333 10170 88917 555 50153 53007=
 23711 11498 80201 10144 20131 39988 40149 58002 69982 72582 889// 333 10166 88918 555 50149 53006=
 23803 11497 80703 10151 20131 39955 40126 58012 60052 76062 8872/ 333 10169 86711 555 50152 53007=
 23804 61396 83601 10141 20136 39967 40104 57021 60132 78082 8792/ 333 10146 86708 555 50139 53006=
 23807 11396 80305 10141 20124 39934 40087 57026 60132 78082 8693/ 333
 10160 85907 555 50140 53009=
 23808 66/// /0403 10164 20156 39940 40098 58020 60002 333 10164=
 23812 11597 80301 10183 20142 39981 40133 58001 69902 72582 889// 333
 10218 555 50168 53004=
 23904 11456 80702 10179 20175 39920 40066 57027 60092 71022 8434/ 333
 10180 555 50151 53005=
 23905 11598 80901 10187 20177 39872 40084 57026 60022 70262 885// 333
 10190 555 53005=
 23909 11598 80302 10197 20159 39874 40102 57003 69902 70298 8737/ 333
 10256=
 23912 12598 81302 10234 20136 39934 40111 56012 60002 8595/ 333 10246
 555 53007=
 23913 12999 71701 10245 20115 39912 40123 55008 60002 86031 333 10270
 555 53006=
 23914 62498 81603 10245 20119 39876 40111 57003 60002 889// 333
 10256=
 28013 12598 81502 10243 20092 39889 40101 57003 60002 889// 333 10270
 91111 555 53011=
 28016 12598 71401 10246 20104 39891 40097 57007 69902 87900 333 10276
 91111 555 53011=
 28029 12899 60801 10257 20143 39914 40114 57004 60002 86070 333 10286
 555 53007=
 28116 12599 61402 10254 20104 39891 40102 57014 60002 82935 333 10273
 91111=
 28128 12599 81801 10234 20136 39977 40119 57001 60002 84531 333 10278
 555 53006=
 28134 12898 81801 10270 20094 39805 40125 57001 60002 82049 333 10291
 555 53007=
 28138 12899 61901 10261 20074 39617 40135 52001 60002 86030 333
 10282=
 28216 12698 81603 10269 20058 39838 40109 57003 60002 8653/ 333 10299
 91111 555 53012=
 28222 12598 81602 10264 20073 39944 40122 54000 60002 84272 333 10304
 555 53009=
 28224 11970 71603 10269 20111 39929 41023 54000 60012 70282 86045 333
 10311 91111=
 28234 12898 61802 10281 20055 39880 40133 54000 60002 86080 333 10308
 555 53009=
 28238 12899 62202 10283 20039 39862 40138 52003 60002 81041 333 10307
 555 53013=
 28313 12698 61602 10265 20072 39939 40114 54000 60002 86500 333 10303
 555 53011=
 28319 12598 71702 10278 20076 39973 40121 54000 60002 83530 333
 10314=
 28321 12899 72102 10270 20071 39934 40119 55000 60002 87070 333
 10307=
 28324 12598 71902 10292 20054 30012 40122 54000 60002 85209 333 10324
 91110 555 53010=
 28326 12598 61802 10278 20082 39963 40132 54000 60002 82531 333 10316
 555 53011=
 28413 12599 71602 10273 20057 30004 40115 57007 60002 86530 333 10318
 555 53008=
 28428 12598 61702 10246 20065 39967 40137 55001 60002 82901 333 10315
 555 53011=
 28429 12598 52003 10269 20085 39770 40147 54001 60002 82801 333 10305
 91110 555 53010=
 22983 11464 80202 10119 20108 39992 40093 57023 60032 78082 889// 333
 10155 91005 91107 555 50129 53008=
 27083 11599 83504 10133 20125 39844 40055 57020 60222 72162 8872/ 333
 10151 91007 91110 555 50139 53010=
 27097 11498 61301 10167 20167 39805 40050 57001 60492 70298 86300 333
 10170 91002 91107 555 50141 53008=
 27185 11540 82501 10145 20144 39889 40062 53013 60282 78182 883// 333
 10151 91004 91107 555 50144 53008=
 27199 11598 52103 10213 20142 39880 40062 52015 60062 70282 83101 333
 10241 91007 91111 555 50173 53011=
 27281 11445 82702 10138 20131 39889 40086 52027 60382 75065 886// 333
 10146 91006 91107 555 50144 53013=
 27283 12498 82304 10152 20136 39928 40075 53033 60152 889// 333 10222
 91008 91112 555 50162 53012=
 27295 12598 62003 10190 20127 39845 40079 52024 60042 83485 333 10242
 91009 91113 555 50179 53013=
 27296 11577 62003 10218 20158 39867 40067 52014 60022 70282 86900 333
 10251 91007 91112 555 50187 53012=
 27385 114// 73002 10177 20127 39970 40090 52016 60092 72522 85930 333
 10223 91004 91109 555 50177 53013=
 27393 11498 62203 10192 20168 39926 40085 53014 69982 72598 85930 333
 10257 91004 91113 555 50192 53014=
 27480 12598 80000 10184 20144 39975 40095 52010 60112 83931 333 10201
 91000 91105 555 50173 53007=
 28007 12599 61601 10225 20136 39817 40058 55010 60062 83331 333 10235
 91003 91104 555 50173 53005=
 28009 12998 81504 10254 20085 39884 40076 57015 69902 80009 333 10257
 91009 91110 555 50196 53010=
 28105 12598 71804 10237 20108 39879 40062 57004 69992 85363 333 10250
 91011 91112 555 50183 53012=
 28202 12978 62006 10252 20098 39869 40071 57009 69902 82031 333 10264
 91008 91112 555 50193 53012=
 28302 12998 81603 10255 20103 39867 40076 57010 60002 82031 333 10268
 91006 91109 555 50205 53011=
 28307 11498 62501 10213 20159 39949 40082 51011 69902 70282 82931 333
 10268 91003 91112 555 50198 53012=
 28402 12998 61502 10261 20145 39913 40076 57006 60002 84079 333 10272
 91004 91110 555 50214 53012=
 28502 11598 82003 10270 20117 39986 40081 57002 60002 71722 83902 333
 10299 91004 91114 555 50220 53014=
 22550 62997 01301 10176 21013 30159 40168 57017 60002 333 10176 555
 50103 53005=
 22778 12998 70204 10184 20000 30070 40136 57016 60002 87070 333 10203
 555 50147 53010=
 22889 11496 83603 10123 20108 30022 40105 58022 60022 76162 8602/ 333
 10151 86514 555 50126 53010=
 22762 62698 23501 10199 20010 30119 40156 56013 60002 82101 333 10206
 555 50139 53006=
 22638 NIL=
 22671 12699 23602 10186 20019 30085 40159 57015 60002 82800 333 10191
 555 50130 53008=
 22456 12998 01401 10176 21020 30082 40165 57014 60002 333 10181 555
 50088 53006=
 22583 12998 50502 10191 20008 30088 40164 57012 60002 80001 333 10202
 555 50140 53006=
 22749 NIL=
 22951 12598 63602 10176 20003 39881 40148 57010 60002 82101 333 10181
 555 50120 53010=
 22887 12699 83504 10140 20080 30054 40121 57011 60032 8555/ 
 333 10157 85636 91110 555 50125 53010=
 22876 12697 80305 10155 20054 30061 40132 57014 60002 885// 333 10173
 88649 555 50123 53009=
 22481 12/98 20802 10165 20012 30132 40183 57009 60002 81101 333 10168
 555 50106 53009=
 22854 12899 33302 10175 21007 39880 40154 57012 60002 82031 333 10178
 555 50124 53009=
 22781 NIL=
 22676 12798 70202 10192 20015 30077 40150 57016 60002 81175 333 10201 91112 555 50136 53012=
 22648 NIL=
 22559 12998 00802 10174 21039 30156 40171 57016 60002 333 10178 555
 50108 53006=
 22869 12697 70103 10170 20036 39993 40134 58011 60002 82334 333 10181
 555 50146 53012=
 22768 12697 63604 10191 20030 30099 40146 57011 60002 83578 333 10208
 91111 555 50153 53011=
 22798 11497 80102 10131 20104 30020 40127 57015 60042 78082 889// 333
 10140 555 50126 53008=
 22375 46/// /1203 10152 30171 40185 57013=
 23207 12999 10903 10151 21008 30182 40204 57004 60002 80001 333 10164
 555 50107 53007=
 23215 NIL=
 23219 NIL=
 27095 NIL=
 22408 21699 81905 10130 20026 39969 40112 57016 70282 8257/ 333  
 69902 91110=
 22511 21598 81804 10148 21001 30003 40119 57017 70282 8497/ 333  
 69902 91112=
 22529 22599 21704 10180 21006 30139 40145 57019 81530 333   60002=
 22602 22477 72004 10142 21011 39905 40121 57017 86930 333   69902
 86914 91110=
 22621 73970 /1904 10161 21016 30011 40144 57018 333   60002 91110=
 22619 22983 72203 10159 21017 39988 40140 57017 87030 333   60002=
 22721 22998 31101 10148 20009 30059 40153 57020 80002 333   60002=
 22727 76/70 /1404 10159 21011 30117 40163 57018 333   60002=
 22717 73/70 /2103 10145 21009 39975 40160 57016 333   60002=
 22802 22999 61705 10129 20014 30139 40162 57022 82032 333   60002
 91110=
 22820 22970 00502 10148 20015 30033 40164 57016 333   60002=
 22831 22998 02601 10180 21029 30116 40168 57013 333   60002=
 22805 22998 31205 10072 20021 30147 40166 57025 82031 333   60002=
 22912 22999 22403 10154 21021 30166 40181 57016 80009 333   60002=
 
