12:31:00 MSK 04.09.2023
010 111/=о000=0931
 уйту01 бтул 040900
 22686 82598 70000 10196 20145 30090 40184 57006 82980=
 22695 41598 52201 10199 20127 30028 40171 58005 70282 83931=
 22996 82598 73201 10214 20124 30016 40189 57003 83170=
 23220 42999 21002 10176 20062 30092 40227 57010 80001=
 23226 42960 11802 10169 20068 30025 40230 58012 80001=
 23305 42999 51403 10220 20111 30164 40190 58009 82035=
 23320 86/// /2402 10194 20086 30156 40225 57008=
 23324 42589 22301 10176 20099 30152 40225 58008 81102=
 23405 42472 61204 10177 20137 30097 40191 57002 82530=
 23410 86/// /1704 10175 20091 30125 40216 57007=
 23411 42599 11905 10198 20102 30119 40203 57008 81100=
 23412 42699 21703 10189 20110 30122 40214 57008 81101=
 23416 NIL=
 23418 42665 61702 10180 20095 30152 40222 58007 86100
 333 86842=
 23503 42698 21604 10203 20101 30152 40199 58005 81130=
 23507 86/// /0000 10186 20137 39887 40179 57006=
 23509 42598 62005 10169 20118 30130 40204 54000 86500=
 23514 42597 71703 10173 20096 30024 40210 57003 84970=
 23518 42698 71503 10170 20070 30139 40227 58007 82170=
 23606 42562 81305 10151 20106 30047 40206 54000 885// 333 88627=
 23701 81560 71801 10172 20165 30069 40192 57004 78082 84970=
 23704 86/// /1801 10179 20178 39961 40070 53083=
 23707 82698 82302 10192 20145 30064 40189 57002 81544=
 23708 42498 81502 10145 20120 30062 40205 52001 8695/ 333 86918=
 23709 42598 81401 10144 20098 30029 40214 54000 8532/ 333 85927=
 23711 42598 61703 10171 20087 30057 40218 58005 84930=
 23803 41599 81602 10145 20105 30037 40209 54000 70282 8396/=
 23804 82597 81202 10185 20148 30056 40193 54000 8695/ 333 84931=
 23807 82498 72401 10231 20145 30038 40188 57004 82939=
 23808 86/// /0702 10158 20145 30044 40204 54001=
 23812 42597 61602 10162 20066 30065 40220 58005 82109=
 23904 42970 71301 10205 20141 30048 40195 57003 87070=
 23905 82599 81401 10154 20109 39989 40206 54000 889//=
 23909 82898 81003 10170 20111 39973 40206 57002 8805/=
 23912 82598 61302 10175 20075 30032 40215 57004 82830=
 23913 82599 70102 10166 20065 39997 40215 57008 84932=
 23914 82499 71402 10175 20082 39970 40214 57001 85532=
 28013 82698 61502 10183 20089 39985 40203 57002 82130=
 28016 82599 71101 10157 20125 39993 40207 54001 87900=
 28029 82699 60901 10168 20088 30000 40209 57004 83839=
 28116 81499 80801 10160 20111 39984 40204 52004 72522 8697/=
 28128 82899 82401 10176 20098 30061 40207 57003 82039=
 28134 82698 81201 10152 20079 39876 40212 57003 84532=
 28138 42599 50902 10145 20049 39666 40209 57005 83201=
 28216 82599 72501 10189 20110 39914 40194 54001 87900=
 28222 82598 81702 10193 20104 30020 40203 57003 83555=
 28224 82870 81403 10177 20103 30001 40203 54000 84039=
 28234 82598 61601 10161 20065 39944 40210 57004 85570=
 28238 82899 80402 10160 20049 39919 40209 57005 86081=
 28313 82698 73302 10201 20119 30013 40193 58003 87500=
 28319 81598 82502 10187 20125 30046 40201 57001 72522 8457/=
 28321 82599 70801 10186 20120 30005 40197 54001 82230=
 28324 82598 73202 10199 20112 30082 40196 54001 83280=
 28326 82598 71102 10163 20108 30028 40206 57002 84530=
 28413 82599 62401 10219 20078 30086 40200 57003 83870=
 28428 82598 72002 10173 20083 30029 40204 54001 87900=
 28429 82598 80000 10145 20099 39814 40208 54001 889//=
 22983 42498 72301 10222 20118 30093 40191 57005 84935 333 91002
 91103=
 27083 42599 61601 10197 20120 39982 40191 57003 86900 333 91002
 91103=
 27097 42598 72402 10206 20105 39951 40197 57002 86801 333 91003
 91104=
 27185 42698 72501 10206 20110 30027 40200 57003 86801 333 91003
 91103=
 27199 42598 60000 10213 20110 30014 40199 57003 86300 333 91002
 91104=
 27281 42582 72102 10210 20105 30007 40201 57003 82279 333 91004
 91104=
 27283 42598 51701 10226 20106 30054 40199 58004 83231 333 91003
 91103=
 27295 42998 63101 10215 20055 39964 40203 57005 86080 333 91002
 91103=
 27296 42598 60401 10205 20098 39996 40201 57003 86500 333 91002
 91102=
 27385 426// 61701 10236 20094 30080 40200 57003 82131 333 91003
 91103=
 27393 42598 52903 10229 20071 30044 40204 58005 83230 333 91005
 91107=
 27480 42698 62501 10239 20090 30083 40202 57002 82101 333 91003
 91104=
 28007 42599 72501 10180 20134 39952 40200 57002 86530 333 91002
 91103=
 28009 42698 83301 10198 20092 30002 40201 57001 885// 333 91002
 91103=
 28105 42598 60501 10211 20098 30016 40197 57003 83202 333 91002
 91104=
 28202 42582 70502 10207 20107 39988 40196 54000 82931 333 91004
 91104=
 28302 42598 72401 10228 20093 39983 40196 57002 86201 333 91003
 91104=
 28307 42498 62902 10237 20060 30066 40200 57005 84801 333 91005
 91105=
 28402 42698 63002 10211 20091 30033 40201 57002 84230 333 91004
 91106=
 28502 42998 83202 10224 20039 30107 40204 57004 83031 333 91004
 91106=
 22550 82597 71502 10205 20152 30162 40171 57007 82131=
 22778 42598 51902 10216 20125 30120 40185 57007 82831=
 22889 42/// /2101 10226 20105 30110 40191 57006=
 22762 82998 61901 10220 20126 30144 40180 5//// 80009=
 22638 46/// /2201 10162 20124 39967 40182 57002=
 22671 42999 71402 10211 20117 30103 40179 57006 87080=
 22456 42598 21602 10224 20132 30078 40159 57011 82400=
 22583 42698 60901 10216 20150 30101 40176 57009 84870=
 22749 NIL=
 22951 42498 82401 10170 20143 39927 40194 52004 886//=
 22887 42599 61301 10217 20146 30124 40189 57005 83109=
 22876 42597 42001 10216 20122 30119 40187 57007 83201=
 22481 42598 51701 10231 20134 30124 40173 57009 81139=
 22854 42599 62103 10163 20142 39913 40188 53003 86900 333 85624=
 22781 NIL=
 22676 42898 71302 10212 20120 30104 40177 57006 87030=
 22648 NIL=
 22559 82598 21901 10223 20134 30159 40175 57008 81230=
 22869 42597 62502 10189 20140 30051 40191 55003 82931=
 22768 42597 62201 10220 20126 30129 40176 57008 82280=
 22798 41498 81801 10179 20162 30085 40191 57004 70282 8695/=
 22375 46/// /1803 10205 20151 30152 40166 57007=
 23207 41599 71302 10190 20160 30163 40185 57005 71522 83971=
 23215 NIL=
 23219 NIL=
 27095 NIL=
 22408 42699 82104 10148 20111 39991 40133 57007 889// 333   88934=
 22511 42598 72204 10170 20104 30030 40145 57004 84872=
 22529 42599 62404 10171 20118 30160 40166 57006 86802 333   86624=
 22602 42478 62403 10152 20116 39939 40154 57007 85930 333   85917=
 22621 83569 /2004 10177 20117 30037 40169 57005=
 22619 42498 52202 10161 20121 30019 40171 57006 85500=
 22721 42598 62902 10154 20117 30095 40189 52002 84530=
 22727 86/70 /2402 10184 20136 30150 40195 52002=
 22717 83/70 /2303 10180 20118 30001 40188 57004=
 22802 42599 32102 10182 20131 30171 40193 54000 83900=
 22820 41570 52303 10171 20128 30068 40198 52005 70242 85500=
 22831 41498 63501 10175 20150 30142 40194 54000 70242 84931 333  
 84910=
 22805 42598 22003 10179 20145 30180 40203 52003 82801=
 22912 42599 52604 10178 20127 30194 40208 52006 85200=
 
