00:31:00 MSK 07.07.2023
020 123456/=о000=2131
 уйту01 бтул 062100
 22686 81598 52203 10134 20120 30031 40126 51004 70282 81989=
 22695 41598 62602 10135 20112 39965 40111 51003 72582 83930=
 22996 42/// /2201 10148 20121 39988 40165 52006=
 23220 43/// /0702 10108 20104 39942 40077 57007=
 23226 41/03 91502 10104 20100 39871 40076 58009 74740=
 23305 42/// /2003 10145 20129 30031 40057 57008=
 23320 86/// /2103 10139 20098 30010 40079 58005=
 23324 42982 42002 10148 20122 30003 40075 58007 84040=
 23405 42666 72203 10139 20117 39978 40072 57007 83930=
 23410 86/// /2103 10140 20109 39983 40074 57004=
 23411 NIL=
 23412 42699 32202 10139 20118 39984 40076 57004 81530=
 23416 NIL=
 23418 42965 21902 10144 20098 30010 40080 57012 82030=
 23503 42/// /2002 10121 20110 30036 40084 57005=
 23507 86/// /2803 10133 20125 39802 40097 57005=
 23509 42/// /2002 10128 20112 30022 40097 57007=
 23514 42997 62203 10124 20114 39908 40095 57008 84032=
 23518 42/// /2003 10129 20114 30015 40102 57007=
 23606 42960 32301 10117 20117 39949 40108 57008
 83030=
 23704 86/// /2401 10124 20124 39926 40039 55004=
 23701 42/// /2503 10127 20122 30007 40130 52003=
 23707 82498 62604 10143 20124 30013 40139 52003 82932=
 23708 42/// /2203 10118 20104 39996 40140 57004=
 23709 41998 72102 10118 20100 39954 40139 57008 70282 86031=
 23711 42998 52301 10127 20110 39960 40122 58009 85070=
 23803 42999 22502 10110 20081 39977 40151 58014 80001 333 91112=
 23804 82597 72601 10132 20124 30011 40150 53002 82930=
 23807 42/// /2403 10137 20134 30007 40161 54001=
 23808 86/// /1401 10121 20113 39999 40161 57003=
 23812 42497 62101 10148 20092 39981 40135 52003 86900=
 23904 82677 62601 10117 20112 30018 40169 52003 81341=
 23905 81599 62701 10134 20123 39949 40167 57005 70182 86900=
 23909 82598 62401 10135 20096 39929 40164 52006 83501=
 23912 82898 20000 10148 20101 39967 40150 53009 82030=
 23913 82599 33401 10117 20105 39921 40141 54000 82901=
 23914 82498 23004 10166 20094 39908 40151 52009 82504=
 28013 82898 32602 10154 20081 39941 40161 52008 83070=
 28016 82/// /3002 10152 20098 39955 40169 52008=
 28029 82899 53102 10187 20116 39941 40147 52005 85070=
 28116 82999 23001 10153 20094 39950 40170 52009 80005=
 28128 82999 33001 10171 20145 30014 40159 52005 80009=
 28134 81598 80000 10143 20138 39821 40155 52002 70282 8743/=
 28138 43/// /2703 10180 20106 39613 40145 57005=
 28216 82699 12601 10175 20116 39893 40174 52009 81400=
 28222 42/// /2801 10155 20128 39976 40161 52005=
 28224 82970 23101 10206 20120 39959 40158 52004 80005=
 28234 82598 21601 10179 20124 39893 40155 52007 82200=
 28238 82899 22201 10142 20120 39868 40157 54001 82071=
 28313 42/// /0000 10156 20134 39994 40176 52010=
 28319 82598 43601 10184 20142 30018 40172 52007 84900=
 28321 82899 23302 10203 20134 39974 40164 52006 82040=
 28324 42/// /0000 10160 20126 30053 40167 52007=
 28326 82598 41501 10156 20133 39986 40163 52006 84500=
 28413 82599 62601 10210 20136 30059 40173 52008 86800=
 28428 82999 00000 10164 20132 39992 40168 52003=
 28429 42/// /0000 10145 20120 39780 40173 52002=
 22983 42984 20000 10110 20105 30067 40169 52008 82030 333 91000
 91103=
 27083 42984 02501 10139 20109 39962 40175 52006 333 91002 91103=
 27097 42/// /2401 10142 20115 39933 40184 52004 333 91002 91102=
 27185 42/// /0000 10130 20120 30015 40192 52006 333 91000 91101=
 27199 42998 42501 10135 20107 30001 40190 52004 80005 333 91001
 91101=
 27281 42984 20000 10145 20119 39998 40196 52006 80001 333 91000
 91101=
 27283 42997 22601 10128 20109 30044 40194 52006 80001 333 91001
 91102=
 27295 42/// /0000 10135 20099 39957 40200 52006 333 91000 91101=
 27296 42998 01701 10141 20101 39984 40193 52004 333 91001 91102=
 27385 419// 20000 10123 20117 30077 40202 52009 71100 80001 333 91000
 91101=
 27393 42998 22202 10142 20102 30037 40201 52009 80001 333 91002
 91103=
 27480 42998 30000 10128 20122 30080 40205 52009 80001 333 91000
 91101=
 28007 42999 22702 10153 20089 39931 40181 52001 81031 333 91003
 91103=
 28009 42998 22401 10132 20089 39978 40180 52004 80001 333 91001
 91101=
 28105 42998 02201 10136 20087 30000 40185 52004 333 91002 91102=
 28202 42998 23101 10156 20086 39974 40185 52007 82031 333 91002
 91103=
 28302 42997 00000 10151 20101 39973 40191 51011 333 91000 91104=
 28307 42998 32801 10157 20111 30058 40196 52010 80001 333 91002
 91103=
 28402 42984 22801 10180 20124 30023 40192 52013 80001 333 91002
 91103=
 28502 42997 80000 10182 20123 30092 40190 52013 80001 333 91000
 91104=
 22550 82672 72902 10131 20113 30126 40136 52013 87500 333 87646=
 22778 42998 22402 10148 20106 30089 40156 52006 82070=
 22889 42/// /0000 10117 20117 30082 40166 52004=
 22762 82998 02201 10144 20114 30111 40148 52004=
 22638 46/// /2701 10158 20122 39939 40154 52008=
 22671 42/// /2601 10139 20135 30044 40119 53003=
 22456 41496 82901 10119 20119 30034 40118 52015 75152 886//=
 22583 41597 82703 10131 20124 30018 40095 52004 78088 889//=
 22749 NIL=
 22951 42/// /0000 10096 20090 39914 40188 52007=
 22887 42597 32401 10137 20114 30097 40164 52008 82501=
 22876 42997 12302 10145 20123 30093 40162 52009 81080=
 22481 42/// /2802 10098 20098 30047 40098 53017=
 22854 42/// /2601 10124 20097 39898 40176 52007=
 22781 NIL=
 22676 41498 52303 10142 20130 30044 40118 58006 70298 85900=
 22648 NIL=
 22559 NIL=
 22869 42997 60000 10137 20119 30035 40178 52010 80034=
 22768 42897 12002 10147 20106 30113 40161 52008 81030=
 22798 41598 72401 10142 20123 30039 40147 55001 70282 83930=
 22375 46/// /3005 10086 30081 40095 52012=
 23207 NIL=
 23215 NIL=
 23219 NIL=
 27095 NIL=
 22408 42683 23401 10126 20099 30006 40150 52009 82500=
 22511 42598 70000 10135 20122 30036 40152 52015 84930=
 22529 42599 62601 10132 20121 30141 40148 52015 86800 333   86626=
 22602 42476 70000 10137 20129 39939 40155 52008 86530 333   86617=
 22621 83870 /2401 10148 20126 30021 40154 52012=
 22619 42483 32502 10127 20104 30002 40155 52010 83500=
 22721 42998 03101 10136 20108 30063 40157 52008=
 22727 86/70 /1401 10142 20123 30122 40168 52007=
 22717 83/70 /2401 10140 20114 39983 40169 52004=
 22802 42999 71001 10138 20112 30143 40166 52002 87070=
 22820 42998 62402 10157 20109 30038 40169 52003 86030 555   50176=
 22831 42998 40000 10108 20097 30115 40169 52004 80001=
 22805 42598 31203 10135 20110 30142 40161 54000 82510=
 22912 42984 51301 10116 20108 30156 40171 52005 83031=
 
