21:31:00 MSK 25.06.2023
020 123456/=о000=1831
 унту01 бтул 251800
 22686 82598 30000 10162 20102 30049 40143 56001 81189=
 22695 42/// /0000 10187 20056 39987 40131 54001=
 22996 81598 22801 10121 20101 39968 40146 52009 70181 82940 333 91111=
 23220 42999 61201 10102 20063 39966 40102 57005 84031=
 23226 42960 73601 10130 20061 39899 40104 57009 87040=
 23305 42999 52201 10172 20086 30107 40133 57007 83031=
 23320 66/// /2801 10102 20072 30050 40120 57003 60002 333 10193=
 23324 42986 72901 10147 20083 30041 40115 57006 87070=
 23405 42976 50000 10148 20100 30039 40133
 57009 83031=
 23410 66/// /1902 10147 20071 30031 40123 57007 60002 333 10190=
 23411 42599 62502 10160 20100 30043 40127 57009 82531=
 23412 42699 32501 10146 20087 30032 40124 57009 82530=
 23416 NIL=
 23418 42965 50000 10160 20083 30059 40129 57003 81061=
 23501 NIL=
 23503 42998 80000 10127 20103 30088 40136 57007 84032=
 23507 86/// /0000 10166 20098 39849 40142 57002=
 23509 42998 30000 10148 20093 30066 40140 57004 80001=
 23514 42997 72901 10120 20084 39948 40137 57001 81071=
 23518 42698 23302 10116 20029 30038 40126 57001 81109 555 53009=
 23606 42962 20000 10123 20085 39981 40141 57001 80001 =
 23612 NIL=
 23701 42999 40000 10133 20091 30028 40152 56001 81031=
 23704 66/// /0000 10144 20102 39926 40039 55004 60002 333 10194=
 23707 82599 30601 10133 20092 30021 40148 52002 81541=
 23708 42998 13202 10135 20055 30004 40147 57003 8000/=
 23709 81998 13001 10117 20044 39955 40141 52004 70281 81001=
 23711 42998 12901 10105 20053 39966 40130 53002 80001=
 23803 42999 20000 10125 20085 39963 40135 52001 82060=
 23804 42997 10000 10124 20080 30008 40147 53003 81030=
 23807 41597 23302 10128 20096 39996 40150 52005 70281 81430=
 23808 86/// /3001 10134 20073 39985 40146 52006=
 23812 82997 30000 10102 20040 39970 40127 52004 80002=
 23904 41970 13301 10105 20103 39996 40148 52002 70281 81030=
 23905 81999 03001 10115 20066 39919 40138 52005 70181 333 91110 555
 50136=
 23909 82598 11101 10085 20052 39895 40133 52006 81500 333 91110=
 23912 81598 11401 10092 20066 39942 40128 52004 70181 81500 555
 50141=
 23913 81999 10801 10070 20058 39909 40132 52005 70181 81030 555
 50104=
 23914 82498 33001 10108 20093 39879 40126 52002 82401 333 91110=
 28013 82698 33502 10121 20042 39903 40124 51008 83500 555 50138=
 28016 82/// /0302 10132 20060 39909 40124 52008 555 50135=
 28029 81899 20201 10100 20060 39905 40117 52009 70281 82070 333 91110
 555 50128=
 28116 82899 20302 10111 20043 39894 40116 52007 80030 333 91111=
 28128 81998 00302 10107 20092 39962 40110 52008 70181 333 91110 555
 50139=
 28134 82998 00000 10090 20065 39773 40113 52004 555 50124=
 28138 43/// /0303 10087 20065 39559 40107 52003=
 28216 81699 73502 10130 20054 39819 40103 54001 70282 85505 555
 50147=
 28222 42/// /0601 10092 20072 39917 40105 50006 555 50146=
 28224 81669 20000 10102 20086 39892 40097 52005 70181 82405 333
 91110=
 28234 81898 30000 10101 20073 39832 40100 52002 70181 83040 555
 50147=
 28238 81599 60302 10103 20085 39804 40096 50001 70298 82460 555
 10131=
 28313 42/// /3401 10116 20076 39916 40100 50004 555 50144=
 28319 81598 50302 10135 20070 39937 40092 52006 70398 85500=
 28321 81599 50202 10140 20068 39901 40095 51004 70282 82230=
 28324 42/// /0302 10148 20048 39976 40091 52007 555 50149=
 28326 81598 60000 10109 20081 39907 40086 52006 70282 84530 555
 50148=
 28413 81599 60101 10147 20080 39975 40091 52004 70282 86400 555
 50163=
 28428 81599 60401 10132 20082 39900 40076 50005 72582 83931 555
 50155=
 28429 42/// /0201 10113 20088 39684 40078 50001 555 50139=
 22983 42598 50000 10153 20084 30052 40152 52007 82435 333 91000
 91106=
 27083 41599 60302 10151 20091 39931 40142 52009 70281 86900 333 91002
 91108=
 27097 41498 70301 10135 20098 39896 40146 53015 72522 87900 333 91003
 91109=
 27185 42/// /0000 10152 20094 39964 40139 52006 333 91000 91105=
 27199 41598 80101 10157 20072 39944 40131 52005 70298 86439 333 91002
 91107=
 27281 41482 63501 10148 20102 39942 40139 52011 70282 83960 333 91001
 91110=
 27283 41498 23602 10101 20095 39987 40138 52008 70280 82500 333 91002
 91108=
 27295 41998 33202 10134 20091 39892 40133 52004 70282 80002 333 91003
 91107=
 27296 42598 50301 10131 20090 39917 40125 52006 85900 333 91002
 91108=
 27385 415// 63102 10132 20111 30008 40131 52006 70298 84531 333 91003
 91106=
 27393 42598 30000 10153 20072 39964 40126 52007 82440 333 91002
 91112=
 27480 41568 82601 10138 20110 30011 40134 52006 78022 8693/ 333 91003
 91107=
 28007 41599 83401 10118 20086 39888 40140 50012 72581 85335 333 91002
 91110=
 28009 42698 23601 10130 20039 39931 40133 52009 82500 333 91002
 91107=
 28105 41598 70202 10158 20056 39940 40129 52010 70381 87500 333 91005
 91106=
 28202 42579 80000 10127 20074 39908 40120 52004 83931 333 91000
 91105=
 28302 42998 53601 10138 20053 39899 40117 52006 85030 333 91002
 91107=
 28307 42498 53102 10150 20073 39981 40118 52008 81501 333 91003
 91107=
 28402 42698 63201 10144 20074 39941 40112 52009 82479 333 91002
 91110=
 28502 41598 53503 10148 20081 30005 40103 52005 70282 82509 333 91004
 91107=
 22550 82997 03501 10197 20109 30164 40173 52001=
 22778 42998 20000 10165 20110 30084 40150 57002 81081=
 22889 42598 10000 10136 20104 30071 40154 52005 81500=
 22762 82698 50000 10187 20115 30118 40155 54000 83101=
 22638 NIL=
 22671 42998 60102 10207 20030 30078 40152 52005 82034=
 22456 42598 13601 10189 20118 30096 40179 51007 81200=
 22583 42698 33101 10196 20075 30071 40147 54000 81101=
 22749 42998 00000 10188 20114 30043 40161 52002=
 22951 42998 00601 10163 20083 39897 40165 53004=
 22887 42599 20501 10166 20112 30083 40149 58001 81531=
 22876 42997 11601 10142 20119 30082 40151 54000 80001=
 22481 42998 23103 10188 20125 30107 40157 52002 82030=
 22854 42999 20301 10208 20055 39891 40162 53003 80001=
 22781 NIL=
 22676 42698 63401 10196 20092 30069 40142 53001 82131=
 22648 42698 20302 10225 20067 30128 40171 53003 81501=
 22559 82998 10401 10214 20050 30153 40169 52005 80001=
 22869 42997 23501 10189 20074 30020 40160 52003 80084=
 22768 43897 32501 10213 20102 30106 40153 57002 82031=
 22798 42998 61001 10146 20098 30045 40152 52003 83031=
 22375 NIL=
 23207 NIL=
 23215 42998 72701 10136 20090 30028 40113 57007 87070=
 23219 NIL=
 27095 NIL=
 22408 12984 00201 10231 20043 30039 40178 57002 60002 333   10257=
 22511 12698 10401 10239 20086 30062 40174 54000 60002 81500 333  
 10261=
 22529 12999 03301 10164 20102 30175 40181 57003 60002 333   10236=
 22602 12599 20000 10223 20136 39958 40168 52001 60002 82930 333  
 10252=
 22621 12998 00601 10223 20059 30045 40175 52001 60002 333   10260=
 22619 12482 10000 10209 20093 30018 40167 57001 60002 81500 333  
 10248=
 22721 12998 02901 10215 20092 30074 40166 52001 60002 333   10273=
 22727 12970 20000 10210 20125 30120 40165 57001 60002 80001 333  
 10249=
 22717 12998 01401 10196 20094 39986 40168 52006 60002 333   10238=
 22802 11599 51402 10202 20128 30146 40168 52006 60022 70292 82930
 333   10232=
 22820 12970 22101 10197 20116 30036 40164 57001 60002 82030 333  
 10237=
 22831 12998 10000 10205 20086 30108 40160 52004 60002 81030 333  
 10278=
 22805 11598 70802 10192 20119 30144 40163 52005 60002 70241 86831
 333   10223=
 22912 11499 20101 10183 20135 30146 40160 57001 69952 70298 81330
 333   10248=
 
