15:31:00 MSK 28.12.2023
020 123456/=о000=1231
 унту01 бтул 281200
 22686 41497 83301 11090 21102 39874 49976 53005 77172 8557/ 333 85616 555 1/111=
 22695 41598 63402 11102 21122 39802 49959 52006 77172 85530 555 1/111=
 22996 41596 81901 11100 21101 39782 49973 57007 71072 8252/ 555 1/112=
 23220 41598 61105 11066 21097 39889 40033 52001 73632 82530 555 1/108=
 23226 42960 30808 11068 21125 39821 40039 58006 83030 333 91011 91117 
 555 1/109=
 23305 42984 03501 11179 21197 39997 40026 52010 555 1/124=
 23320 86/// /0703 11107 21115 39932 40007 54001=
 23324 42983 60304 11125 21145 39940 40021 58001 82048 555 1/115=
 23405 42997 03302 11158 21171 39905 40009 52010 555
 1/119=
 23410 86/// /0306 11110 21136 39900 40000 52002 555 51088 53011=
 23411 42999 00205 11129 21142 39915 40008 52006 555 1/114=
 23412 42999 00603 11117 21135 39901 40001 52005 555 1/116=
 23416 NIL=
 23418 42965 63501 11177 21189 39911 49990 52004 86030
 555 1/122=
 23501 NIL=
 23503 42998 00101 11229 21259 39943 49998 52007 555 1/129=
 23507 86/// /0203 11095 21098 39665 49983 52009=
 23509 41998 53401 11140 21157 39902 49984 52010 70272 82021 555 1/116=
 23514 42597 70101 11184 21201 39777 49986 52005 82535 555 1/127=
 23518 42/// /0203 11124 21141 39882 49977 52006 555 1/114=
 23606 41660 60301 11127 21131 39798 49970 52009 70272 85505 333 85633 555 1/121=
 23612 NIL=
 23701 41457 70301 11099 21108 39828 49960 53003 77187 85516 333 85617
 555 1/110=
 23704 86/// /0000 11102 21102 39369 49484 52006 555 53003=
 23707 81495 82701 11103 21115 39815 49951 57006 77377 8652/ 333 86619 555 1/110=
 23708 41935 80000 11098 21113 39804 49957 54000 77372 8802/ 555 1/109=
 23709 41997 80000 11110 21129 39763 49961 52002 77172 8802/ 555 1/114=
 23711 41497 80000 11113 21127 39786 49960 52006 78582 8597/ 333 85918 555 1/113=
 23803 41496 80000 11105 21126 39780 49965 58001 77372 8802/ 333 88513 555 1/113=
 23804 81596 82101 11095 21109 39805 49954 57008 77172 8752/ 333 87624 555 1/111=
 23807 42/// /2302 11095 21095 39796 49961 57009 555 1/109=
 23808 86/// /2102 11101 21104 39793 49966 57007=
 23812 41997 50000 11157 21175 39794 49964 52009 70272 85070 555 1/118=
 23904 41918 81701 11114 21123 39812 49974 58006 77572 8802/ 555 1/111=
 23905 41897 82301 11108 21122 39734 49968 57004 77172 8802/ 555
 1/111=
 23909 41498 82701 11095 21107 39715 49966 54000 70287 886//=
 23912 41898 80000 11153 21169 39769 49970 52008 77171 84025 555
 1/122=
 23913 41999 81401 11150 21166 39734 49974 53006 72272 8803/ 555
 1/115=
 23914 81897 82501 11112 21126 39700 49964 52003 77172 85028=
 28013 41898 82801 11097 21116 39730 49966 52002 70272 8802/ 555
 1/109=
 28016 41599 82601 11100 21108 39740 49971 57002 70272 885// 555
 1/110=
 28029 41899 82202 11100 21114 39742 49967 52001 72272 8802/ 555
 1/112=
 28116 41499 82701 11132 21144 39736 49976 54000 70272 8872/=
 28128 41597 82201 11097 21111 39815 49973 54000 77172 8802/ 555
 1/109=
 28134 41998 30000 11157 21172 39612 49980 52001 70271 80005 555
 1/125=
 28138 41899 21901 11168 21186 39390 49985 57001 70282 82040=
 28216 41898 83301 11117 21131 39671 49978 54001 77072 8802/ 555
 1/114=
 28222 41598 81601 11112 21126 39774 49975 54000 70272 8755/ 555
 1/111=
 28224 41360 80301 11097 21113 39752 49971 57001 77072 886//=
 28234 41596 80000 11098 21118 39687 49972 50001 77171 885// 555
 1/109=
 28238 41596 80301 11096 21115 39659 49969 50001 77072 8652/ 555
 1/111=
 28313 41898 83501 11096 21111 39779 49976 54000 70272 8802/ 555
 1/110=
 28319 43496 80000 11092 21102 39804 49972 57002 77172 8802/=
 28321 41699 63401 11104 21116 39763 49973 50000 70282 86070=
 28324 41897 80000 11089 21100 39844 49967 58002 77172 8807/ 555
 1/112=
 28326 41598 80101 11095 21105 39774 49965 57004 77172 8802/ 555
 1/113=
 28413 41598 83001 11074 21092 39848 49972 50000 77087 8557/ 555
 1/111=
 28428 41897 83201 11066 21086 39773 49960 57010 70272 85031 555
 1/108=
 28429 41598 60201 11085 21096 39543 49962 55015 70272 82501 555
 1/113=
 22983 41422 82703 11067 21078 39873 49980 57008 77372 8672/ 333 91005
 91106 555 1/107=
 27083 41558 62602 11076 21088 39758 49984 57004 77172 85510 333 91003
 91105 555 1/107=
 27097 41480 82703 11078 21083 39723 49990 57003 77172 8672/ 333 91004
 91104 555 1/109=
 27185 41597 82802 11076 21093 39819 40007 54000 77022 885// 333 91005
 91107 555 1/108=
 27199 41496 82801 11076 21088 39795 49996 57001 77172 8872/ 333 91003
 91104 555 1/109=
 27281 41482 72904 11072 21089 39807 40019 52002 72272 83571 333 91007
 91108 555 1/108=
 27283 41457 82903 11070 21086 39847 40006 58001 77172 8657/ 333 91005
 91106 555 1/108=
 27295 41970 82602 11081 21098 39749 40007 52002 77172 8802/ 333 91004
 91105 555 1/107=
 27296 41968 83002 11091 21109 39776 49999 52002 70272 86032 333 91002
 91105 555 1/111=
 27385 424// 73003 11058 21083 39889 40020 52003 86730 333 91005 91107
 555 1/107=
 27393 41597 83004 11071 21096 39833 40007 52004 70272 8657/ 333 91007
 91107 555 1/108=
 27480 42598 82902 11056 21087 39901 40031 52004 885// 333 91005 91107
 555 1/106=
 28007 41958 82802 11115 21132 39719 49990 57001 77172 8802/ 333 91003
 91103 555 1/115=
 28009 41956 62201 11140 21163 39767 49987 57001 77172 86010 333 91001
 91102 555 1/123=
 28105 41998 62101 11115 21129 39793 49993 52001 70172 86020 333 91002
 91103 555 1/117=
 28202 41663 83202 11091 21110 39761 49988 52004 77172 885// 333 91003
 91105 555 1/110=
 28302 42998 82901 11091 21110 39757 49992 53003 80005 333 91002 91104
 555 1/112=
 28307 41497 82902 11068 21091 39856 40003 52004 78587 889// 333 91004
 91107 555 1/107=
 28402 41564 83003 11073 21092 39813 49996 52004 77172 8457/ 333 91004
 91107 555 1/107=
 28502 41598 82603 11086 21112 39892 49998 52007 70273 86531 333 91004
 91108 555 1/109=
 22550 81356 80101 11045 21047 39997 40007 52003 77172 8872/ 333 88709
 555 1/105=
 22778 41498 82903 11075 21091 39918 49989 57006 72682 8697/ 333 85617
 555 1/107=
 22889 41495 82602 11068 21072 39884 49972 57009 77372 8872/ 333 88511
 555 1/107=
 22762 41393 82702 11068 21075 39966 40006 56006 77377 8872/ 333 93402
 555 1/106=
 22638 46/// /2701 11092 21122 39816 40049 57006=
 22671 42/// /0301 11072 21081 39912 49992 52007 555 1/108=
 22456 41496 80000 11071 21092 39928 40017 52009 78582 889// 555
 1/108=
 22583 41598 80401 11087 21102 39915 49997 52012 70282 8657/ 
 555 1/111=
 22749 41498 72903 11080 21089 39914 40042 57003 70282 87900 333 87917
 555 1/110=
 22951 41497 83102 11084 21092 39764 40054 54000 77172 8772/ 555
 1/108=
 22887 41496 82603 11066 21078 39911 49982 56007 
 77177 8802/ 333 88515 555 1/107=
 22876 41395 82702 11072 21077 39915 49989 55004 77377 8872/ 333 88709
 555 1/107=
 22481 41598 80603 11087 21098 39961 40015 53012 72682 889// 555
 1/109=
 22854 41297 82603 11087 21094 39748 40045 57004 77172 8772/ 333 87705
 555 1/111=
 22781 NIL=
 22676 41496 83503 11068 21084 39903 49982 52005 77172 8872/ 555
 1/107=
 22648 41497 83002 11070 21071 39987 40035 58004 78588 8697/ 333 86616
 555 1/108=
 22559 41596 83401 11044 21052 39990 40007 55001 77172 8257/ 555
 1/105=
 22869 41496 82802 11072 21082 39873 40025 57005 78587 889// 333 85912
 555 1/107=
 22768 41496 82702 11072 21087 39958 40009 57007 78587 889// 333 86915
 555 1/107=
 22798 41997 80000 11090 21095 39842 49957 57006 77877 8807/ 555
 1/109=
 22375 46/// /0904 11143 21159 30011 40027 52007=
 23207 42999 00404 11156 21172 30012 40036 52007 555 1/120=
 23215 42998 10503 11139 21153 39950 40043 54001 80001 555 1/117=
 23219 NIL=
 27095 86/// /2801 11089 21089 39764 49998 57004=
 22408 42982 23401 11244 21268 39906 40070 54000 82070 333   93604
 555   1/127=
 22511 42998 30000 11225 21250 39933 40065 57001 83030 333   93502
 555   1/127=
 22529 41599 42802 11114 21134 30033 40040 57005 70271 82530 555  
 1/111=
 22602 41974 62701 11105 21118 39833 40068 57001 70272 8603/ 555  
 1/115=
 22621 83/63 /2602 11142 21155 39914 40061 57005 555   1////=
 22619 42481 72802 11108 21120 39897 40063 57003 87500 555   1/113=
 22721 42698 63002 11147 21161 39965 40069 54000 86500 333   86641
 555   1/117=
 22727 86465 /1101 11105 21116 30028 40078 57002 555   1////=
 22717 83/64 /2401 11092 21104 39874 40079 57006 555   1////=
 22802 41570 80000 11069 21076 30057 40081 57007 78582 889// 333  
 85926 555   1/108=
 22820 41462 82503 11082 21096 39936 40077 57002 70272 8752/ 333  
 87614 555   1/108=
 22831 42998 32701 11108 21121 30011 40069 52001 83030 555   1/113=
 22805 41598 82803 11035 21048 30057 40082 57007 70282 885// 555  
 1/104=
 22912 41599 80000 11060 21069 30070 40086 57004 72672 8236/ 333  
 93512 555   1/106=
 
