15:31:00 MSK 28.11.2023
020 123456/=о000=1231
 унту01 бтул 281200
 22686 42998 80603 11051 21076 30038 40141 58009 86075 555 1/106=
 22695 41598 60805 11063 21094 39977 40134 57005 73631 86500 333 91110
 555 1/106=
 22996 41497 81001 11037 21037 39902 40091 52009 71022 8592/ 333 84619 555 1/103=
 23220 41998 81107 11066 21095 30113 40260 57001 73632 8807/ 333 91110 555 1/107=
 23226 41960 80304 11160 21179 30050 40282 57002 70272 86035 555 1/113=
 23305 42984 70102 11132 21145 30226 40256 56004 84035 555 1/113=
 23320 86/// /0304 11091 21099 30149 40226 57007=
 23324 42981 70405 11129 21148 30164 40246 57006 87070 555 1/114=
 23405 42997 79901 11106 21126 30123 40227 57007
 87030 555 1/110=
 23410 86/// /3605 11091 21115 30125 40227 57005 555 51146 53008=
 23411 42999 70304 11111 21120 30144 40238 57004 87070 555 1/111=
 23412 42999 70302 11101 21115 30130 40232 57004 87030 555 1/111=
 23416 NIL=
 23418 41565 70101 11105 21118 30143 40220 57002 72682
 83930 555 1/110=
 23501 NIL=
 23503 42998 70102 11106 21126 30165 40218 54000 86031 555 1/110=
 23507 86/// /0304 11103 21108 39869 40195 57006=
 23509 42998 13601 11106 21126 30119 40201 54000 80001 555 1/116=
 23514 42697 60402 11128 21140 30003 40212 52003 82501 555 1/116=
 23518 42/// /0203 11127 21143 30115 40212 54000 555 1/115=
 23606 42660 80604 11090 21097 30010 40184 57003 8253/ 555 1/108=
 23612 NIL=
 23701 42981 40604 11075 21092 30021 40155 56004 84030 555 1/110=
 23704 86/// /0603 11077 21083 39379 49493 58008 555 53008=
 23707 82998 70504 11080 21093 39992 40129 52004 85041 333 93602 555
 1/109=
 23708 42984 10504 11084 21102 39992 40147 56003 81020 555 1/110=
 23709 42998 50201 11087 21109 39962 40163 54000 83035 555 1/112=
 23711 42598 60202 11084 21098 30003 40179 57001 82570 555 1/108=
 23803 42999 80802 11072 21096 39965 40151 53002 80001 555 1/109=
 23804 42997 80701 11066 21076 39971 40120 53001 85075 555 1/106=
 23807 42/// /1003 11039 21039 39945 40109 57003 555 1/104=
 23808 86/// /0803 11029 21031 39955 40125 53006=
 23812 42597 60101 11060 21069 39997 40164 53002 82530 333 934// 555
 1/105=
 23904 42370 81202 11033 21036 39949 40108 52010 887// 333 87707 93605
 555 1/104=
 23905 42599 80701 11029 21035 39892 40122 52010 885// 555 1/103=
 23909 42498 81002 11039 21046 39886 40135 52008 8351/ 333 93606=
 23912 42898 21102 11042 21055 39955 40151 52004 81031 555 1/112=
 23913 41999 80904 11026 21064 39935 40168 52008 73632 8803/ 333 91110
 555 1/106=
 23914 82899 61302 11028 21048 39887 40148 52005 86040=
 28013 42598 81002 11024 21042 39901 40135 52009 885// 555 1/103=
 28016 42598 81302 11013 21018 39903 40129 52013 885// 555 1/102=
 28029 42499 81305 11013 21044 39918 40139 54000 8777/ 333 91110 555
 1/103=
 28116 42499 80901 11013 21024 39894 40126 52012 885//=
 28128 42899 80803 10000 21019 39979 40133 52008 8807/ 555 1/101=
 28134 42598 81002 11024 21045 39795 40151 52010 85515 555 1/103=
 28138 41596 80504 11059 21064 39592 40174 52006 71022 885// 333 91110
 93520=
 28216 41598 81003 11018 21029 39817 40117 52009 72522 889// 333 93401
 555 1/102=
 28222 42898 81003 10005 21019 39934 40129 51008 85035 555 1/101=
 28224 41766 81102 10000 21020 39913 40127 52010 76622 86025=
 28234 42598 81202 10000 21028 39862 40142 53006 885// 555 1/001=
 28238 42599 80704 11004 21025 39845 40150 52006 885// 555 1/101=
 28313 42598 80601 11006 21031 39921 40114 52006 885// 555 1/102=
 28319 42598 80802 10003 21022 39948 40111 52007 885//=
 28321 42599 70902 11001 21021 39913 40117 52010 83530=
 28324 42899 80801 10005 21027 39994 40115 52008 8807/ 555 1/101=
 28326 42598 71501 11001 21024 39940 40128 52011 85531 555 1/105=
 28413 42599 81401 11003 21022 39987 40110 52013 885// 555 1/101=
 28428 42598 81101 10003 21025 39933 40118 52011 885// 555 1/101=
 28429 42898 80701 11005 21030 39716 40129 52013 83036 555 1/105=
 22983 42598 80901 11028 21045 39979 40085 52007 8655/ 333 91003 91107
 555 1/103=
 27083 42599 80701 11041 21049 39855 40081 52010 885// 333 91002 91105
 93602 555 1/103=
 27097 42468 81202 11038 21038 39824 40090 52014 886// 333 91003 91104
 93402 555 1/104=
 27185 42998 81301 11026 21035 39900 40086 52017 8807/ 333 91002 91103
 555 1/102=
 27199 41398 81501 11028 21033 39895 40095 52017 72452 886// 333 91002
 91103 93401 555 1/103=
 27281 41482 71403 11008 21016 39873 40081 52020 70272 82572 333 91003
 91104 555 1/102=
 27283 41457 81701 11017 21022 39931 40088 52018 77172 8872/ 333 91003
 91103 555 1/102=
 27295 41570 81401 11020 21035 39840 40094 52020 77172 8802/ 333 91002
 91102 555 1/102=
 27296 41465 81701 11027 21041 39876 40096 52019 70252 8802/ 333 91003
 91105 93401 555 1/103=
 27385 415// 71701 10001 21021 39961 40089 52022 70272 82530 333 91002
 91102 555 1/102=
 27393 41597 80000 11019 21028 39930 40103 52019 77172 885// 333 91001
 91102 555 1/102=
 27480 42598 82002 11005 21054 39963 40092 52021 83501 333 91004 91104
 555 1/103=
 28007 42999 80000 11034 21042 39835 40101 52012 8805/ 333 91000 91102
 555 1/103=
 28009 42598 80601 11024 21037 39898 40111 52011 8555/ 333 91002 91103
 555 1/103=
 28105 42498 81501 11021 21035 39903 40098 53013 885// 333 91002 91104
 555 1/103=
 28202 41550 81601 11026 21037 39877 40101 53013 77172 885// 333 91002
 91104 555 1/103=
 28302 41596 81401 11021 21033 39871 40102 53015 78582 889// 333 91003
 91104 555 1/102=
 28307 41496 80000 11010 21022 39952 40097 52019 77175 885// 333 91000
 91102 93400 555 1/101=
 28402 41450 81201 11016 21021 39919 40099 52017 77175 886// 333 91002
 91104 93401 555 1/102=
 28502 41496 80000 10005 21009 39996 40100 52018 71072 8802/ 333 91000
 91102 555 1/100=
 22550 81597 80604 11057 21080 30121 40132 57001 73632 8353/ 333 91111
 555 1/107=
 22778 42598 80902 11040 21062 30025 40095 54000 885// 333 88621 555
 1/104=
 22889 42497 80804 11031 21041 30007 40095 52007 885// 333 88615 555
 1/103=
 22762 42497 80901 11038 21053 30061 40100 55000 885// 555 1/104=
 22638 46/// /0803 11044 21055 39853 40082 52003=
 22671 NIL=
 22456 41998 60601 11076 21111 30098 40189 58004 70282 84072 555
 1/110=
 22583 42598 70502 11065 21082 30096 40180 57010 86570
 555 1/108=
 22749 41494 80603 11043 21046 39939 40066 52007 77587 8872/ 333 93400
 555 1/104=
 22951 41497 80902 11022 21024 39767 40050 53009 77172 8771/ 555
 1/102=
 22887 41496 80403 11026 21039 30014 40085 52007 77772 886// 
 333 88709 555 1/103=
 22876 42497 80604 11041 21048 30017 40091 53007 886// 333 88710 555
 1/104=
 22481 41998 70403 11083 21111 30164 40219 57005 70282 87070 555
 1/108=
 22854 41297 80702 11051 21055 39773 40067 52006 77172 8772/ 333 87703
 555 1/105=
 22781 NIL=
 22676 42498 80804 11039 21064 30046 40125 57004 885// 555 1/105=
 22648 41498 80904 11034 21036 30045 40092 52005 73632 885// 333 88616
 555 1/104=
 22559 42598 80705 11049 21078 30119 40136 54000 889// 333 88631 91010
 91113 555 1/105=
 22869 41296 80902 11021 21028 39921 40071 52008 77172 8672/ 333 86706
 555 1/102=
 22768 42497 80804 11039 21058 30032 40083 52004 885// 333 88615 91110
 555 1/104=
 22798 42497 80503 11066 21076 30007 40123 54000 885// 555 1/107=
 22375 46/// /0808 11080 21092 30229 40245 57004=
 23207 42999 70602 11170 21187 30252 40276 57001 86071 555 1/118=
 23215 42198 80404 11169 21182 30183 40280 57006 886// 333 88702 555
 1/117=
 23219 NIL=
 27095 86/// /1201 11034 21034 39869 40101 52011=
 22408 41482 80606 11026 21054 39981 40133 52002 73632 885// 333  
 88619 91011 91114 555   1/104=
 22511 41480 80607 11012 21037 39991 40113 52007 73683 886// 333  
 88614 91014 91116 555   1/102=
 22529 41599 80806 11032 21056 30104 40111 52003 73632 885// 333  
 88625 91011 91113 555   1/104=
 22602 41458 80706 11038 21059 39852 40081 52008 77173 8872/ 333  
 88514 91010 91112 555   1/104=
 22621 83458 /0603 11043 21056 39950 40092 52004 555   1////=
 22619 41340 80706 11039 21050 39907 40069 52002 77373 8872/ 333  
 87708 91012 91113 555   1/104=
 22721 41/93 91201 11043 21048 39965 40065 52005 78687 555   1/105=
 22727 86470 /0502 11027 21043 39994 40042 52005 555   1////=
 22717 83/70 /0504 11043 21058 39835 40035 52010 333   91110 555  
 1////=
 22802 41450 80506 11025 21042 39992 40016 52013 78583 889// 333  
 88911 91010 91112 555   1/103=
 22820 41395 80806 11019 21032 39893 40030 52007 77273 8552/ 333  
 85608 91111 555   1/102=
 22831 41925 80803 11029 21046 39987 40043 52008 77172 8802/ 555  
 1/102=
 22805 41598 80604 11007 21022 39978 40003 52015 78583 889// 333  
 91010 91112 555   1/101=
 22912 41956 80804 11002 21020 39983 49998 52011 77173 8802/ 555  
 1/101=
 
