03:31:00 MSK 18.10.2023
020 123456/=о000=0031
 унту01 бтул 180000
 22686 41397 83502 10015 20013 39697 49794 57031 77172 8572/ 333 85707
 555 1/100=
 22695 42496 81004 10052 20037 39634 49780 57029 8772/ 555 1/004=
 22996 41396 82204 10012 20012 39625 49805 53004 76176 8672/ 333 86709
 91010 91110 555 12004=
 23220 43/// /1105 10030 20020 39825 49963 57017 555 1/002=
 23226 41460 80703 10034 20021 39767 49976 57013 70262 8755/ 333
 87619 555 11003=
 23305 42/// /0506 10021 20021 39858 49885 57041 333 91011 91112 555 1/002=
 23320 86/// /0702 10035 20035 39858 49929 57025=
 23324 41978 80403 10029 20026 39864 49939 57026 70262 8807/ 555 11002=
 23405 41396 80803 10044 20039 39759 49855 57032
 76162 8872/ 333 87707 91111 555 12003=
 23410 86/// /0604 10046 20037 39812 49905 57026 555 53008=
 23411 NIL=
 23412 43/// /0904 10049 20044 39806 49899 57028 555 1/004=
 23416 NIL=
 23418 42965 81302 10069 20046 39820 49890 57028 8805/
 555 11005=
 23503 42/// /1203 10064 20054 39810 49858 57026 555 1/005=
 23507 86/// /1202 10043 20043 39526 49823 57034=
 23509 NIL=
 23514 42697 81103 10056 20051 39675 49863 57029 885// 333 88640 555 12005=
 23518 42/// /1205 10071 20039 39802 49890 57028 555 1/005=
 23606 41960 21304 10051 20042 39678 49842 57033 70161 82030 555 11004=
 23612 NIL=
 23701 42/// //140=
 23704 86/// /1503 10035 20027 39651 49763 58069 333 91114 555 53014=
 23707 81598 81304 10028 20011 39672 49799 57012 70262 8557/ 333 85623 91111 555 12002=
 23708 42/// /1205 10040 21009 39684 49827 58012 333 91117 555 1/003=
 23709 81598 81605 10058 21046 39673 49857 55007 72582 8497/ 333 91010 91115 555 12003=
 23711 42698 81603 10071 20024 39710 49872 57023 885// 333 88638 555 11004=
 23803 41599 82004 10068 20042 39680 49851 56005 70282 889// 333 91116
 555 11006=
 23804 81496 81404 10021 20008 39660 49800 57022 76162 8752/ 333 87612 555 12003=
 23807 42/// /1705 10007 20007 39644 49800 56016 555 1/002=
 23808 86/// /1306 10025 21003 39667 49829 56018 333 91117=
 23812 42997 72006 10073 21033 39749 49905 57001 87030 333 91013 91116
 555 11005=
 23904 41250 81704 10011 20008 39669 49821 57004 77187 8672/ 333 86706
 91110 555 11002=
 23905 41597 81704 10013 20005 39632 49853 57005 76187 8802/ 333 91010
 91115 555 11002=
 23909 42598 81808 10045 21028 39657 49893 57007 885// 333 91012
 91118=
 23912 42598 81807 10059 21023 39746 49931 51012 82531 333 91014 91119
 555 11003=
 23913 42999 21605 10070 21029 39739 49959 53012 82030 333 91011 91114
 555 11003=
 23914 82499 81806 10052 21028 39688 49936 52011 885// 333 91012
 91118=
 27095 86/// /2206 10005 20005 39635 49858 53032 333 91111=
 28013 42598 81806 10043 21030 39696 49919 55001 885// 333 91011 91118
 555 11002=
 28016 NIL=
 28029 42699 81906 10058 21026 39757 49970 52007 885// 333 91011 91118
 555 11003=
 28116 42499 82006 10048 21028 39722 49946 52005 885// 333 91013
 91115=
 28128 42599 82103 10061 20001 39833 49981 52007 8802/ 333 91012 91117
 555 11004=
 28134 42898 62003 10047 21026 39661 40002 52010 86010 333 91114 555
 11003=
 28138 43/// /2005 10035 21021 39468 40023 52011 333 91010 91115=
 28216 42699 82007 10044 21029 39697 49987 51013 885// 333 91013 91117
 555 11003=
 28222 42/// /2105 10057 21018 39811 40000 52009 333 91010 91116 555
 1/004=
 28224 41670 61905 10050 21021 39806 40014 52007 70281 86900 333 91012
 91117=
 28234 42898 61906 10049 21027 39757 40028 52008 86030 333 91011 91114
 555 11005=
 28238 42999 02105 10048 21021 39745 40042 51017 333 91115 555 11002=
 28313 42/// /2006 10046 21013 39817 40004 52013 333 91012 91115 555
 1/003=
 28319 42598 32104 10041 21007 39869 40028 52009 83500 333 91113=
 28321 42599 72106 10049 21014 39813 40011 52010 85960 333 91011
 91114=
 28324 NIL=
 28326 42998 22105 10046 21014 39854 40036 52009 80001 333 91010 91112
 555 11002=
 28413 42598 62004 10040 21012 39910 40030 52007 85531 333 91111 555
 11003=
 28428 42999 01905 10031 21007 39877 40059 51009 333 91113 555 11001=
 28429 42/// /2103 10029 21001 39661 40067 52008 333 91111 555 1/001=
 22983 41456 82604 10005 20001 39699 49801 52014 78582 889// 333 91007
 91109 555 12002=
 27083 41450 82205 10002 21002 39618 49835 52038 77162 8872/ 333 91009
 91110 555 12001=
 27097 42/// /2105 10001 20001 39610 49865 52047 333 91011 91112 555
 1/000=
 27185 42/// /2103 10008 20002 39727 49907 51046 333 91008 91110 555
 1/002=
 27199 41497 82305 10014 20003 39724 49917 52048 77172 8872/ 333 91010
 91113 555 11001=
 27281 41456 82406 10011 20003 39728 49931 52030 76076 8872/ 333 91011
 91113 555 12001=
 27283 41496 82305 10014 20005 39777 49930 52040 78082 889// 333 91012
 91115 555 12002=
 27295 42/// /2005 10013 21001 39701 49948 51038 333 91010 91114 555
 1/002=
 27296 41597 82206 10018 21004 39731 49944 52039 72682 889// 333 91010
 91115 555 11002=
 27385 414// 82205 10022 20012 39844 49970 52020 76076 8677/ 333 91008
 91112 555 11002=
 27393 41497 82308 10025 20000 39808 49975 52028 76062 8872/ 333 91012
 91116 555 11002=
 27480 41498 82104 10028 20010 39861 49987 52013 70282 885// 333 91008
 91110 555 12003=
 28007 41496 82105 10006 21006 39624 49880 53035 77187 8872/ 333 88711
 91012 91115 555 11001=
 28009 43/// /1907 10019 21007 39694 49899 52020 333 91011 91118 555
 1/002=
 28105 41497 82106 10010 21002 39720 49909 52041 76165 8872/ 333 91011
 91114 555 12001=
 28202 41596 82306 10020 21003 39725 49941 52031 78082 889// 333 91013
 91117 555 11002=
 28302 41597 82105 10023 21007 39750 49974 52028 78082 889// 333 91011
 91114 555 11003=
 28307 41298 81804 10027 21004 39848 49990 51021 70282 886// 333 91007
 91112 555 11002=
 28402 42584 82108 10036 21014 39824 49999 52017 8557/ 333 91012 91116
 555 11002=
 28502 42697 62209 10036 21013 39921 40023 52008 86500 333 91012 91113
 555 11002=
 22550 82472 73603 10029 20016 39912 49922 57005 87600 333 87711 555
 11003=
 22778 41595 83105 10002 21003 39748 49816 57012 78582 889// 333 91110
 555 1/000=
 22889 42/// /1901 10026 20024 39701 49784 57007 555 1/004=
 22762 41596 83002 10008 20003 39839 49877 57020 77172 8657/ 555
 12000=
 22638 46/// /3503 10018 20012 39747 49969 52002=
 22671 42/// /3605 11003 21004 39781 49858 57026 555 1/000=
 22456 42597 80101 10017 20013 39841 49927 57009 885// 555 11002=
 22583 41496 80302 10005 20003 39758 49837 57039 77177 8872/ 555 1/100=
 22749 42/// /3203 10019 20012 39810 49933 54001 555 1/002=
 22951 42/// /3103 10003 21002 39657 49934 52004 555 1/001=
 22887 41395 82604 10004 20001 39723 49791 53002 77376 8872/ 
 333 86708 91110 555 1/100 =
 22876 41396 82803 10002 20002 39732 49802 56003 78588 889// 333 88709
 91111 555 1/100=
 22481 42/// /3604 10002 21008 39850 49902 57022 555 1/001=
 22854 42/// /3004 10002 21000 39643 49927 54000 333 91110 555 1/000=
 22781 NIL=
 22676 41495 83406 11001 21002 39745 49820 57031 77372 8872/ 333 91112
 555 1/000=
 22648 41498 83104 10025 20023 39889 49934 57006 70282 889// 333 88617
 555 11002=
 22559 NIL=
 22869 41397 82904 10003 21004 39733 49878 54000 78588 889// 333 86707
 91110 555 12000=
 22768 41496 83204 10007 20001 39822 49871 57007 78382 889// 333 86910
 555 11000=
 22798 41496 81002 10027 20022 39683 49791 58005 78086 889// 555
 11004=
 22375 46/// /0104 10013 20013 39917 49932 57017=
 23207 NIL=
 23215 41497 80705 10010 20010 39859 49946 57029 78082 889// 333 85913
 91110 555 12000=
 23219 NIL=
 22408 42984 03304 11016 21031 39908 40058 52004 555   14103=
 22511 42984 83305 10006 21020 39922 40043 52004 8805/ 555   14100=
 22529 41598 83404 10034 20023 39977 49984 52001 78082 889// 333  
 88920 91111 555   12003=
 22602 42471 83403 10004 21017 39826 40051 52005 885// 333   88614
 555   11001=
 22621 83570 /3205 10018 21006 39871 40009 52003 555   1////=
 22619 42498 73105 10020 20004 39858 40015 52004 87500 333   91110
 555   11002=
 22721 42497 83103 10025 20001 39906 40003 52005 889// 333   85914
 555   11002=
 22727 86470 /3203 10030 20017 39959 40006 52005 555   1////=
 22717 83/70 /3002 10011 21006 39834 40030 52005 555   1////=
 22802 41498 83102 10025 20013 30020 40043 52003 70282 889// 333  
 86919 555   12003=
 22820 41497 83102 10021 20005 39874 40008 52005 77172 885// 333  
 88612 555   12002=
 22831 42597 63104 10032 20010 39919 49973 52004 84930 333   84921
 555   12002=
 22805 425// 83502 10036 20021 30016 40041 52002 885// 555   11004=
 22912 42584 33202 10011 20000 30008 40023 52005 81530 555   12001=
 
