21:31:00 MSK 21.02.2023
020 123456/=о000=1831
 унту01 бтул 211800
 22686 42998 83601 11153 21173 39977 40083 52004 83015=
 22695 42998 20305 11157 21190 39905 40067 53002 82030=
 22996 41996 70302 11150 21170 39807 40003 57005 77172 87010=
 23220 42999 50605 11152 21187 39998 40148 53002 82031=
 23226 42960 00000 11202 21221 39926 40160 53001=
 23305 42984 00000 11252 21279 30108 40139 53003=
 23320 66/// /0000 11279 21316 30052 40134 57005 60002 333 11206=
 23324 42982 20702 11252 21278 30052 40137 57004 82070=
 23405 42997 00000 11236 21255 30018 40128 52001=
 23410 66/// /3601 11266 21300 30025 40133 57002 60002 333 11177=
 23411 42999 00201 11229 21251 30034 40132 54000=
 23412 42999 00501 11226 21252 30026 40132 57002=
 23416 NIL=
 23418 42965 30000 11248 21266 30043 40124 57005 80001=
 23501 NIL=
 23503 42998 33501 11253 21284 30064 40119 54001 80001=
 23507 86/// /0203 11166 21179 39774 40105 54001=
 23509 42998 03601 11160 21175 30014 40097 57004=
 23514 42997 60601 11156 21171 39900 40109 57005 82031=
 23518 42997 80501 11145 21173 30009 40106 58008 8807/ 555 53007=
 23606 41660 80603 11136 21156 39900 40081 57005
 77072 8352/=
 23612 NIL=
 23701 41973 10303 11170 21186 39932 40070 57005 70271 80001=
 23704 66/// /0302 11174 21180 39926 40039 55004 60002 333 11123=
 23707 82998 50305 11159 21178 39902 40042 57005 82031=
 23708 42984 20404 11143 21166 39886 40043 57009 81031=
 23709 41998 80302 11149 21179 39844 40047 57008 70272 8801/=
 23711 42498 80302 11151 21175 39890 40069 57009 8295/=
 23803 41999 80603 11130 21166 39845 40033 58010 70272 80001=
 23804 81997 70101 11152 21168 39877 40030 58007 70272 82031=
 23807 41996 80103 11140 21153 39851 40020 57006 77172 86025=
 23808 86/// /0103 11131 21149 39841 40016 57012=
 23812 42997 01101 11148 21184 39875 40046 57011=
 23904 41957 83501 11131 21142 39841 40005 57007 77172 8802/=
 23905 41595 80202 11124 21141 39764 40000 57010 77372 8802/ 555
 51153=
 23909 41496 80703 11112 21129 39743 49996 57011 77173 8651/=
 23912 42/// /0803 11112 21140 39815 40014 57005 555 51141=
 23913 42999 71204 11123 21176 39792 40031 57013 80005 555 51147=
 23914 81495 80603 11118 21133 39741 40006 57007 77372 8802/=
 28013 41396 80602 11113 21134 39752 49990 57008 77372 8872/ 555
 51147=
 28016 42/// /0502 11112 21135 39753 49986 57010 555 51142=
 28029 41896 81003 11112 21133 39763 49989 57007 77172 8802/ 555
 51121=
 28116 41896 80901 11112 21129 39740 49977 57006 77172 8807/=
 28128 41596 80602 11108 21125 39823 49981 57007 77173 8802/ 555
 51122=
 28134 41495 80601 11128 21151 39626 49990 57006 77372 8872/ 555
 51132=
 28138 43/// /0505 11146 21172 39409 40001 57014 333 91113=
 28216 41896 70701 11127 21143 39664 49973 57004 77172 87010 555
 51137=
 28222 42/// /1002 11104 21128 39776 49976 57006 555 51122=
 28224 41563 80802 11101 21121 39750 49969 57005 77172 8802/=
 28234 41596 81102 11106 21137 39693 49980 57005 77172 885// 555
 51128=
 28238 41496 80602 11109 21129 39673 49985 57008 77373 8802/ 555
 51144=
 28313 NIL=
 28319 41496 80701 11104 21120 39799 49967 53001 77177 8802/=
 28321 41896 73502 11121 21134 39759 49970 54001 77072 87020=
 28324 42/// /0000 11162 21187 39843 49970 54001 555 51119=
 28326 41596 81001 11091 21109 39774 49964 54000 77172 8802/ 555
 51118=
 28413 41596 80000 11110 21129 39841 49967 52003 77172 8657/ 555
 51111=
 28428 41598 62701 11098 21118 39776 49966 53005 70282 86900 555
 51094=
 28429 42/// /0701 11093 21107 39545 49965 52004 555 51117=
 22983 41561 80000 11163 21180 39911 40022 57002 77172 8353/ 333 91002
 91102=
 27083 42984 50201 11162 21181 39768 40002 54000 80005 333 91001
 91104=
 27097 41997 83602 11147 21159 39720 49995 57001 77172 86011 333 91004
 91104=
 27185 42/// /3601 11164 21176 39798 49992 52004 333 91001 91104=
 27199 41997 80301 11128 21151 39776 49982 54000 77172 8807/ 333 91003
 91106=
 27281 41984 30102 11159 21176 39770 49988 52007 70271 80008 333 91002
 91103=
 27283 41997 00202 11164 21180 39819 49985 52011 70172 333 91003
 91104=
 27295 41596 83502 11152 21174 39716 49978 52001 78582 889// 333 91003
 91103=
 27296 41997 23501 11169 21191 39747 49977 52001 70271 82030 333 91001
 91103=
 27385 419// 30401 11184 21205 39840 49977 52007 70281 81031 333 91002
 91103=
 27393 41997 80701 11150 21166 39799 49978 52004 77072 8002/ 333 91001
 91102=
 27480 42998 80000 11172 21199 39839 49974 52011 8805/ 333 91000
 91104=
 28007 41497 80203 11135 21157 39715 49988 57006 77172 8802/ 333 88512
 91004 91105=
 28009 41996 80301 11121 21148 39770 49987 57006 77172 8802/ 333 91003
 91103=
 28105 41497 80201 11133 21156 39773 49981 57004 77172 8872/ 333 91002
 91103=
 28202 41996 80401 11139 21160 39743 49974 58003 77172 8807/ 333 91002
 91102=
 28302 41997 80101 11141 21161 39733 49972 52001 77172 8802/ 333 91001
 91103=
 28307 41998 02901 11174 21197 39819 49971 52004 70271 333 91001
 91102=
 28402 41959 50501 11142 21157 39780 49967 52003 77172 82075 333 91001
 91102=
 28502 41997 72802 11152 21174 39856 49964 52007 70272 87400 333 91003
 91103=
 22550 82972 03401 11200 21220 30106 40117 52009=
 22778 42998 50303 11150 21176 39988 40061 52006 85070=
 22889 41496 82902 11194 21210 39938 40031 58001 77172 8252/=
 22762 42997 03501 11184 21193 30044 40086 52011=
 22638 46/// /0402 11141 21158 39881 40120 52014=
 22671 42998 00202 11183 21194 30014 40099 52009=
 22456 42997 30000 11246 21271 30035 40133 52010 80001=
 22583 42998 00000 11224 21248 30022 40110 52010=
 22749 42998 00202 11169 21185 39959 40093 52016=
 22951 41897 80402 11157 21174 39771 40070 52016 77172 8802/=
 22887 41597 82801 11180 21192 39965 40040 52006 78582 83901=
 22876 41997 02801 11196 21209 39969 40047 52004 70271=
 22481 42998 23001 11243 21265 30068 40127 52005 82030=
 22854 42998 00203 11158 21177 39772 40079 52012=
 22781 NIL=
 22676 42998 63102 11195 21217 30004 40087 52004 80001=
 22648 42/// /3102 11179 21187 30061 40111 52013=
 22559 42997 03401 11192 21211 30095 40113 52009=
 22869 42998 00303 11161 21179 39896 40054 52007=
 22768 42997 20202 11168 21185 30016 40069 52010 80008=
 22798 42997 20104 11171 21188 39929 40049 54001 80001=
 22375 46/// /0601 11253 30120 40137 52003=
 23207 NIL=
 23215 42998 30901 11271 21301 30042 40141 54000 82031=
 23219 NIL=
 27095 66/// /3602 11146 21154 39767 40007 57002 60002 333 11112=
 22408 12984 03402 11206 21226 30008 40172 52020 60002 333   11136
 93501=
 22511 12984 00000 11234 21260 30031 40165 52019 60002 333   11133
 93501=
 22529 12598 40000 11226 21251 30124 40131 52011 60002 84500 333  
 11096=
 22602 12978 03401 11210 21219 39913 40160 52022 60002 333   11121
 93501=
 22621 12998 03402 11153 21169 39990 40139 52016 60002 333   11103=
 22619 12998 02802 11176 21195 39966 40137 52021 60002 333   11134=
 22721 12997 02901 11154 21171 30021 40126 52018 60002 333   11097=
 22727 12966 03501 11143 21164 30067 40118 52021 60002 333   11101=
 22717 12998 00102 11155 21173 39923 40129 52023 60002 333   11112=
 22802 12998 03202 11130 21154 30100 40125 52023 60002 333   11089=
 22820 12997 02901 11166 21187 39970 40116 52020 69902 333   11116=
 22831 12997 00502 11145 21170 30039 40098 52016 60002 333   11106=
 22805 129// 00202 11101 21125 30087 40108 53030 60002 333   11077=
 22912 12984 00202 11139 21164 30088 40104 52025 60002 333   11079=
 
