18:31:00 MSK 30.06.2023
020 123456/=о000=1531
 уйту01 бтул 301500
 22686 62598 81501 10243 20063 39940 40031 57012 60002 81289 333 10243 555 50170 53007=
 22695 12598 61103 10220 20045 39884 40024 57009 60002 83131 333 10237
 555 50182 53006=
 22996 61596 81302 10172 20172 39848 40021 57013 60082 78082 8692/ 333 10186 555 50166 53005=
 23220 12599 70000 10127 20026 39955 40090 57007 60002 86530 333 10137 555 50090 53004=
 23226 12960 80201 10122 20026 39888 40094 57007 60002 8805/ 333 10137 
 50093 53005=
 23305 12699 40204 10187 20100 30039 40065 57008 69902 82230 333 10202
 555 50153 53007=
 23320 76/// /0802 10151 20047 30015 40084 57010 333 60002 555 50112 53005=
 23324 11584 71101 10147 20057 30014 40087 57009 69902 70282 81940 333
 10161 555 50110 53004=
 23405 11681 21801 10202 20096 39964 40057 57013 60002 
 82300 333 10206 555 50157 53006=
 23410 76/// /1703 10171 20070 39978 40069 57011 333 60002=
 23411 11599 70502 10159 20115 39981 40065 57007 69952 70282
 86930 333 10200 91110 555 50147 53010=
 23412 11499 61102 10164 20099 39977 40067 57010 69902 70282 83330 333 10189 555 50132 53006=
 23416 NIL=
 23418 11565 61202 10193 20081 39998 40067 57014 69902 70282 82930
 333 10202 555 50144 53007=
 23503 12598 50301 10191 20097 30011 40058 57009 60002 81934 333 10222 555 50155 53006=
 23507 66/// /0602 10210 20067 39759 40045 57009 60002 333 10231 555 50153 53005=
 23509 12598 51701 10227 20051 39977 40049 57013 60002 85900 333 10232
 555 50160 53006=
 23514 12597 72002 10204 20066 39871 40053 57015 60002 82189 333 10209 555 50151 53007=
 23518 12598 81502 10193 20058 39980 40066 57013 60002 82179 333 10205
 555 50127 53004=
 23606 12962 81202 10209 20079 39892 40046 57013 60002 86035 333 10224 555 50155 53006=
 23701 62699 82102 10196 20128 39927 40047 57005 60002 8492/ 333
 10239 555 53005=
 23704 76/// /1602 10188 20145 39926 40039 55004 333 60002=
 23707 61698 81101 10165 20148 39919 40043 57011 69932 76162 8252/ 333 10205 555 50157 53006 =
 23708 11475 81302 10161 20132 39916 40056 57007 69912 76162 885// 333
 10203 88618 555 50149 53005=
 23709 61497 81201 10141 20127 39884 40066 57011 60022 76162 8572/ 333 10207 85712 555 50153 53007=
 23711 12998 82003 10182 20102 39907 40065 57007 60002 8805/ 333 10215 555 50151 53006=
 23803 11496 81202 10144 20133 39888 40058 58014 60132 76262 8872/ 333
 10170 555 10139 53006=
 23804 61396 80802 10155 20148 39904 40041 57012 60072 78082 889// 333 10171 86708 555 50157 53005=
 23807 11496 80702 10163 20163 39884 40034 57012 60072 78082 889// 333
 10164 85710 555 50160 53005=
 23808 66/// /0901 10159 20153 39891 40049 57012 60002 333 10160=
 23812 11496 80000 10154 20138 39922 40075 57004 69982 78082 889// 333
 10218 555 50139 53006=
 23904 11457 81201 10174 20169 39889 40035 57012 60042 76062 8652/ 333
 10180 86615 555 50152 53006=
 23905 61598 80000 10165 20161 39833 40046 57009 60072 78082 889// 333
 10170 555 53005=
 23909 61598 80903 10158 20148 39822 40052 57019 60072 70282 8635/ 333
 10164=
 23912 61597 81101 10163 20133 39889 40070 58011 69982 78082 8595/ 333
 10224 555 53006=
 23913 61597 82601 10201 20065 39859 40072 55003 60002 78082 889// 333
 10229 555 53004=
 23914 61498 81101 10156 20138 39827 40068 57013 69962 78082 889// 333
 10212=
 28013 61598 81104 10155 20124 39837 40054 57019 60012 70282 889// 333
 10191 555 53006=
 28016 61598 80903 10164 20156 39837 40047 58020 60042 72582 889// 333
 10179 555 53005=
 28029 62699 80602 10198 20113 39850 40054 57019 60002 8457/ 333 10217
 555 53005=
 28116 62498 71002 10211 20146 39826 40038 57017 60002 86470 333
 10217=
 28128 62599 80802 10221 20154 39905 40046 57018 60002 82581 333 10236
 555 53005=
 28134 62898 80701 10211 20140 39733 40056 57015 60002 86076 333 10238
 555 53004=
 28138 12599 60902 10194 20098 39539 40065 57013 60002 83505 333
 10234=
 28216 62699 51402 10256 20089 39762 40033 57015 60002 82505 333 10264
 555 53009=
 28222 62898 81301 10242 20113 39868 40046 57014 60002 86031 333 10272
 555 53005=
 28224 62670 71702 10248 20107 39849 40043 57016 60002 82435 333
 10272=
 28234 62899 61801 10252 20072 39799 40053 57014 60002 83044 333 10268
 555 53006=
 28238 62899 81202 10230 20118 39781 40059 57015 60002 83081 333 10246
 555 53007=
 28313 62598 71302 10262 20093 39858 40032 57018 60002 82539 333 10281
 555 53009=
 28319 62898 51502 10275 20092 39882 40029 57019 60002 82051 333
 10284=
 28321 62899 61101 10248 20117 39851 40036 57014 60002 83034 333
 10274=
 28324 62599 61602 10270 20071 39924 40033 57020 60002 83449 333 10284
 555 53008=
 28326 62898 61301 10263 20122 39875 40045 57017 60002 82031 333 10280
 555 53006=
 28413 62599 81403 10282 20061 39912 40022 57018 60002 81105 333 10295
 555 53008=
 28428 62999 61403 10268 20075 39869 40036 57016 60002 80001 333 10289
 555 53010=
 28429 62998 71101 10252 20095 39670 40045 57016 60002 80004 333 10278
 555 53007=
 22983 11471 80901 10173 20166 39918 40015 57011 60042 78082 889// 333
 10180 91001 91104 555 50163 53005=
 27083 11459 81002 10176 20165 39801 40008 57012 60052 76062 887// 333
 10192 91004 91104 555 50165 53007=
 27097 11598 80601 10175 20172 39771 40014 58013 60062 70282 8257/ 333
 10195 91003 91104 555 50161 53006=
 27185 11698 80501 10188 20172 39827 49997 57020 60032 70282 8457/ 333
 10209 91003 91104 555 50173 53005=
 27199 11598 70602 10218 20173 39821 40001 57021 69942 70282 82381 333
 10230 91004 91105 555 50185 53005=
 27281 12582 81203 10203 20171 39797 49987 57018 69902 82579 333 10207
 91005 91107 555 50178 53009=
 27283 12598 60904 10208 20180 39847 49990 57025 60012 85531 333 10212
 91005 91107 555 50180 53007=
 27295 12998 70102 10231 20162 39760 49988 57022 69902 86072 333 10248
 91004 91105 555 50197 53005=
 27296 12672 81701 10259 20133 39802 40001 57024 60002 8643/ 333 10259
 91002 91103 555 50196 53006=
 27385 115// 80000 10226 20187 39861 49978 57023 69982 70282 8355/ 333
 10234 91000 91104 555 50189 53004=
 27393 12598 81402 10250 20113 39842 49996 57015 60002 86431 333 10280
 91003 91109 555 50211 53009=
 27480 12598 81202 10218 20169 39862 49979 57019 69942 8793/ 333 10236
 91003 91106 555 50189 53006=
 28007 11599 70801 10177 20163 39782 40025 58012 60032 72582 85309 333
 10193 91003 91103 555 50166 53004=
 28009 11465 80101 10184 20166 39836 40031 57016 60032 78022 8595/ 333
 10194 91002 91104 555 50161 53005=
 28105 12598 70602 10212 20171 39835 40018 57017 60012 86240 333 10221
 91005 91105 555 50178 53005=
 28202 12581 81501 10245 20137 39807 40008 57014 69932 81934 333 10267
 91002 91106 555 50192 53007=
 28302 12998 81402 10265 20102 39799 40006 57016 60002 84031 333 10279
 91004 91107 555 50214 53008=
 28307 12598 81001 10260 20115 39860 49990 57015 60002 86431 333 10295
 91003 91107 555 50223 53008=
 28402 12698 61203 10252 20125 39837 40000 57016 60002 81179 333 10291
 91004 91108 555 50227 53009=
 28502 12998 61103 10300 20077 39898 49992 58021 60002 82031 333 10300
 91006 91109 555 50239 53011=
 22550 62597 60503 10223 20108 30034 40043 57011 60002 81239 333 10233
 555 50169 53008=
 22778 11598 81303 10183 20136 39963 40028 57004 69902 72522 8227/ 333
 10213 555 50187 53007=
 22889 11496 80602 10166 20161 39943 40023 58013 60042 76162 8752/ 333
 10178 87615 555 50153 53006=
 22762 62698 61302 10222 20126 39986 40022 57008 60002 84260 333 10245
 555 50182 53007=
 22638 NIL=
 22671 12699 60603 10236 20072 39956 40028 57009 60002 83931 333 10253
 555 50188 53008=
 22456 12998 50401 10177 20096 39982 40064 57007 60002 80002 333 10211
 555 50145 53006=
 22583 11698 60701 10187 20154 39979 40054 57012 60032 72588 82971
 333 10235 555 50166 53008=
 22749 NIL=
 22951 12498 80703 10173 20147 39736 49998 57011 60022 889// 333 10192
 555 50156 53008=
 22887 11397 80702 10174 20155 39952 40017 57010 60082 78082 
 889// 333 10179 85709 555 50167 53006=
 22876 11495 80704 10163 20163 39952 40022 57010 60072 76062 8862/ 333
 10176 88710 555 50154 53007=
 22481 12598 13602 10182 20098 30018 40068 57010 60002 81100 333 10188
 555 50136 53005=
 22854 11497 81003 10173 20149 39741 40010 56002 60002 79598 8694/ 333
 10214 86915 91110 555 50172 53010=
 22781 NIL=
 22676 NIL=
 22648 NIL=
 22559 62598 60503 10218 20105 30024 40039 57009 60002 83231 333 10237
 555 50185 53008=
 22869 11597 80702 10175 20156 39867 40005 57011 60112 78082 8693/ 333
 10184 86932 555 50169 53008=
 22768 11597 80902 10178 20155 39973 40019 57005 69972 72582 889// 333
 10225 85625 555 50187 53009=
 22798 11598 80701 10162 20148 39937 40042 57008 69902 70282 889// 333
 10192 555 50152 53005=
 22375 46/// /3603 10129 30069 40083 57012=
 23207 11599 60504 10154 20086 30056 40077 57006 60002 71522 86930 333
 10176 555 50133 53007=
 23215 NIL=
 23219 NIL=
 27095 NIL=
 22408 22499 80702 10118 20095 39943 40086 57006 885// 333   69982
 88611=
 22511 21498 80403 10118 20090 39960 40076 57008 70282 8693/ 333  
 69912 86913=
 22529 22599 73302 10144 20104 30048 40054 57009 86832 333   60002
 86629=
 22602 22999 60704 10172 20102 39833 40044 57006 82031 333   60002=
 22621 73470 /3503 10128 20091 39924 40057 57004 333   69952=
 22619 22482 70203 10166 20113 39888 40037 57006 81576 333   60022=
 22721 22998 83601 10217 20105 39934 40025 57005 83039 333   60002=
 22727 76/68 /0102 10247 20082 39966 40010 57010 333   60002=
 22717 73/70 /0201 10216 20114 39837 40015 57010 333   60002=
 22802 21678 70901 10185 20166 30000 40022 57001 79598 84930 333  
 60022=
 22820 22970 20502 10246 20076 39881 40006 57011 80001 333   60002=
 22831 21698 60701 10208 20126 39953 40004 57002 72992 82931 333  
 60002=
 22805 22498 70000 10193 20137 30001 40019 57001 86510 333   60002=
 22912 22599 63002 10228 20120 39989 40003 57006 84330 333   60002=
 
