21:31:00 MSK 29.05.2023
020 123456/=о000=1831
 унту01 бтул 291800
 22686 82998 12602 10164 21003 30007 40101 52022 81060=
 22695 42/// /2801 10158 20026 39938 40082 52017=
 22996 41598 61802 10111 20103 39968 40147 52014 70282 82908=
 23220 41599 71010 10112 20048 39977 40113 57015 70282 86530 333 91017 91120=
 23226 42960 71410 10115 20034 39900 40106 57026 87070 333 91015 91118=
 23305 41999 42001 10092 20086 30052 40078 52012 70161 83031=
 23320 66/// /1504 10138 20072 30005 40074 58003 60002 333 10180=
 23324 41682 71405 10136 20089 30011 40084 56008 70282 83940 333 91010
 91112=
 23405 42463 50000 10086 20075 39991 40087 52016
 81631=
 23410 66/// /1606 10154 20086 39963 40054 50003 60002 333 10211 91112=
 23411 41499 82804 10108 20100 39975 40060 53016 70282 889//=
 23412 42699 41805 10141 20093 39961 40053 53004 82530 333 91111=
 23416 NIL=
 23418 41665 71504 10144 20075 39991 40061 52002
 70281 87900 333 85637 91110=
 23501 NIL=
 23503 41398 83103 10101 20080 30033 40081 52016 70282 887// 333 86709=
 23507 NIL=
 23509 41498 83003 10115 20087 30013 40088 51022 70282 86903 333
 85912=
 23514 41396 82902 10113 20108 39885 40073 52012 75051 886// 333 86707  91111=
 23518 41598 82002 10106 20097 39987 40075 57008 72582 8397/ 333 91112
 555 53016=
 23606 41362 82902 10113 20113 39923 40082 52013 72582 887// 333 84708=
 23612 NIL=
 23701 41670 60000 10128 20120 39977 40101 52013 71122 82430=
 23704 66/// /2301 10143 20142 39926 40039 55004 60002 333 10157=
 23707 82598 72303 10137 20111 39981 40107 52016 83570=
 23708 41498 82202 10130 20113 39966 40108 53017 70282 8595/ 333 85918=
 23709 81497 82704 10123 20104 39913 40097 53013 76162 8672/ 333 86710=
 23711 41597 82301 10146 20143 39907 40067 58002 78098 889// 333 88920=
 23803 41495 82703 10124 20107 39943 40115 53015 78082 889// 333 88917 91111=
 23804 81497 82702 10121 20107 39976 40115 52017 70282 8297/=
 23807 41497 72404 10112 20098 39983 40138 52024 72582 83931 333 91110=
 23808 NIL=
 23812 41497 72301 10114 20099 39941 40097 53012 72598 87900 333 91119
 91825=
 23904 41970 82602 10119 20098 30001 40152 52029 70292 8804/ 333 91110=
 23905 41599 72403 10122 20097 39920 40138 52027 70198 87500 333 91110
 555 50154=
 23909 41598 62302 10117 20094 39901 40137 52014 70298 84371 333
 91116=
 23912 41598 61902 10122 20106 39946 40131 51023 70198 86900 555
 50208=
 23913 41599 73502 10135 20095 39919 40138 53022 72698 87900 333 91110
 555 50205=
 23914 81498 62102 10110 20097 39888 40136 52021 72998 85983 333
 91110=
 28013 41598 22103 10120 20077 39918 40140 51021 70298 82900 333 91110
 555 50198=
 28016 42/// /2303 10134 20080 39933 40148 52020 333 91111 555 50193=
 28029 41599 22204 10141 20099 39941 40151 52013 70198 82500 333 91113
 555 50203=
 28116 42499 12303 10131 20080 39940 40161 52023 81400 333 91112=
 28128 42899 12503 10151 20085 30017 40163 52019 81030 333 91111 555
 50203=
 28134 41598 60000 10122 20117 39827 40164 52017 70181 85530 555
 50208=
 28138 43/// /2202 10144 20122 39616 40155 52006 333 91113=
 28216 42699 12503 10137 20067 39894 40180 52025 81500 555 50205=
 28222 42/// /2601 10124 20106 39982 40169 52019 555 50209=
 28224 42898 22801 10140 20110 39965 40168 52022 82060=
 28234 41898 22902 10165 20108 39899 40163 53011 70198 82080 555
 50231=
 28238 41599 62402 10177 20132 39874 40160 52019 70298 86400 555
 50213=
 28313 42/// /2901 10140 20078 30000 40184 53027 555 50207=
 28319 42898 22702 10163 20071 30028 40184 52026 82050 333 91111=
 28321 42999 03004 10159 20079 39982 40176 52025=
 28324 42/// /2702 10156 20066 30063 40178 52024 555 50220=
 28326 42898 42202 10175 20083 39989 40166 52015 82031 555 50230=
 28413 42999 22702 10158 20058 30074 40191 51026 80001 333 91110 555
 50225=
 28428 42999 02602 10148 20081 30002 40179 52012 555 50204=
 28429 42/// /2202 10157 20141 39788 40179 52008 555 50216=
 22983 42998 22401 10104 20089 30042 40143 52021 80001 333 91002
 91104=
 27083 41999 01901 10119 20103 39940 40155 52014 70281 333 91002
 91105=
 27097 42998 01902 10108 20103 39915 40169 52012 333 91003 91105=
 27185 42/// /1801 10130 20100 30002 40179 52015 333 91003 91105=
 27199 42998 02301 10110 20092 39993 40184 52017 333 91001 91106=
 27281 42982 22201 10133 20100 39984 40183 52012 80005 333 91001
 91105=
 27283 42998 02102 10136 20090 30036 40186 52014 333 91003 91106=
 27295 42997 00000 10111 20084 39950 40194 52015 333 91000 91106=
 27296 42998 01701 10122 20086 39977 40187 52016 333 91001 91110=
 27385 419// 00000 10113 20101 30069 40194 52010 71111 333 91000
 91105=
 27393 42998 12402 10125 20087 30035 40200 52014 80040 333 91003
 91112=
 27480 42998 01701 10123 20109 30073 40197 52011 333 91002 91102=
 28007 42599 62301 10114 20084 39922 40175 52022 86500 333 91002
 91112=
 28009 41598 52603 10127 20070 39970 40172 52031 70298 85900 333 91005
 91110=
 28105 42998 12102 10117 20085 39988 40181 52024 81040 333 91003
 91112=
 28202 42970 02601 10112 20077 39970 40185 52024 333 91001 91105=
 28302 42998 02701 10117 20076 39973 40194 52020 333 91002 91108=
 28307 42998 21301 10104 20081 30059 40200 53013 80001 333 91002
 91107=
 28402 42998 12202 10127 20087 30026 40199 52014 81030 333 91003
 91108=
 28502 42997 02602 10103 20075 30102 40203 52013 333 91002 91108=
 22550 81997 70000 10105 20096 30093 40103 52005 70282 83034 333
 91113=
 22778 42698 21801 10115 20067 30061 40127 52013 82500=
 22889 41996 00000 10122 20119 30053 40136 52017 71061=
 22762 82998 82201 10163 20023 30078 40115 52006 8007/=
 22638 NIL=
 22671 42699 30000 10136 20060 30024 40099 52009 81930=
 22456 42597 82602 10131 20037 30007 40091 52012 885//=
 22583 42998 22703 10167 20000 30010 40086 52016 82070=
 22749 42598 62203 10137 20065 30002 40122 52007 82530 333 91110=
 22951 42598 82201 10146 20037 39876 40145 52003 885//=
 22887 42999 12103 10169 20038 30061 40127 52016 81030=
 22876 42997 12901 10127 20046 30064 40134 52020 81040=
 22481 42598 72901 10141 20030 30031 40081 51018 82330 333 91115=
 22854 41499 72101 10110 20084 39857 40136 52004 72581 83970 333 91111=
 22781 NIL=
 22676 42898 22402 10158 20035 30033 40106 52017 82040 333 91111=
 22648 41398 72202 10104 20102 30071 40116 52007 70182 86931 333 86909
 91118=
 22559 42598 70000 10126 20071 30089 40105 51011 85931 333 91113=
 22869 42697 22401 10154 20026 30002 40143 52010 82400=
 22768 42897 62202 10166 20039 30078 40125 52008 86070=
 22798 41598 52001 10138 20111 30004 40111 52018 70282 82530=
 22375 NIL=
 23207 NIL=
 23215 41598 81306 10124 20103 39962 40047 57018 70262 889// 333 91010
 91110=
 23219 NIL=
 27095 NIL=
 22408 12699 52803 10115 21017 39953 40097 52012 60002 83401 333  
 10157 91110=
 22511 12598 62802 10121 21010 39980 40096 52008 69902 82972 333  
 10159=
 22529 11599 72501 10116 20032 30094 40101 52004 69942 70282 86902
 333   10178 86922=
 22602 11477 72701 10097 20046 39895 40114 52001 60022 70282 84930
 333   10143 91112=
 22621 12998 72503 10116 20018 39976 40111 52008 60002 83031 333  
 10166=
 22619 12481 62703 10113 20024 39960 40114 52011 69902 85561 333  
 10170=
 22721 11698 62801 10130 20011 30023 40117 52006 69962 70282 83501
 333   10174=
 22727 12969 82403 10130 20028 30084 40130 52003 60002 8803/ 333  
 10168=
 22717 12598 22401 10112 20007 39947 40134 52007 60002 81230 333  
 10155 91110=
 22802 12599 62701 10127 20006 30116 40139 52003 60002 83901 333  
 10168=
 22820 12969 22402 10124 20010 30003 40134 52007 60002 82030 333  
 10165 91111=
 22831 12998 62601 10138 20042 30082 40135 52007 60002 85031 333  
 10199=
 22805 12598 31902 10085 20000 30135 40154 58002 60002 82530 333  
 10136=
 22912 12999 22102 10117 20073 30133 40148 52003 60002 82030 333  
 10166=
 
