12:31:00 MSK 16.11.2023
010 111/=о000=0931
 уйту01 бтул 160900
 22686 41498 83104 11049 21068 39944 40046 52017 70272 885// 333 88614=
 22695 41598 83204 11052 21075 39868 40023 52017 70272 885//=
 22996 41496 83502 11027 21027 39847 40034 52007 78582 8692/ 333 86914=
 23220 41396 82504 11100 21113 39819 49964 52010 78582 889// 333 86909=
 23226 41960 52505 11103 21123 39735 49955 52007 70182 85070=
 23305 42999 20000 11142 21153 30004 40033 52007 82030=
 23320 86/// /2702 11088 21099 39932 40007 52015=
 23324 41583 32703 11105 21126 39919 49999 52014 70181 81940=
 23405 42962 09901 11122 21135 39932 40034 52013=
 23410 86/// /2701 11140 21158 39917 40018 52013=
 23411 42999 13304 11124 21137 39933 40025 52012 80001=
 23412 42999 13102 11125 21140 39919 40020 52011 81040=
 23416 NIL=
 23418 42965 53401 11102 21115 39944 40020 52011 81031=
 23503 42998 30101 11104 21118 39976 40028 52012 83030=
 23507 86/// /3603 11076 21080 39708 40024 52015=
 23509 41497 80000 11063 21094 39938 40017 52007 77172 8652/ 333 86613=
 23514 41497 80301 11076 21082 39817 40018 52009 70272 8677/ 333 84710=
 23518 41496 82901 11069 21080 39920 40013 52008 77172 886// 333
 86714=
 23606 41515 80000 11054 21054 39843 40011 52004 78582 889// 333 86924=
 23701 41460 72702 11044 21052 39893 40023 52004 78582 86905 333 86917=
 23704 86/// /2502 11040 21040 39470 49583 53021=
 23707 81396 82403 11040 21047 39890 40024 52002 77072 8872/ 333 86708=
 23708 41477 82401 11044 21061 39875 40026 52002 77172 8772/ 333 85711=
 23709 42498 83001 11059 21087 39831 40027 52006 883// 333 86916=
 23711 42598 82501 11052 21074 39844 40015 53006 8445/=
 23803 42499 83103 11046 21067 39849 40031 52007 889// 333 88915=
 23804 42597 82801 11034 21053 39883 40029 52004 8455/=
 23807 41598 83302 11034 21068 39875 40038 52006 70282 8695/ 333 84621
 93400=
 23808 86/// /2702 11041 21051 39864 40034 52007=
 23812 41496 83601 11051 21069 39851 40015 52005 78582 8697/=
 23904 41358 83402 11018 21022 39873 40030 52006 77172 8672/ 333 86709=
 23905 41599 83202 11017 21024 39794 40021 52006 77172 885//=
 23909 41498 82301 11005 21008 39774 40017 52005 72682 8737/=
 23912 41597 83501 11005 21011 39818 40009 52009 78582 8795/=
 23913 41597 81101 10002 21007 39776 40003 52004 77172 8872/=
 23914 81596 82803 11007 21013 39757 40012 52011 78582 889//=
 28013 41598 82502 11001 21018 39789 40018 52006 70282 889//=
 28016 41598 72201 10002 20001 39800 40023 52005 70282 87900 333
 93705=
 28029 41598 82503 10001 21004 39800 40018 52007 70282 8652/=
 28116 41499 82601 10001 21005 39798 40027 52006 70372 885//=
 28128 41598 82502 10011 20000 39876 40028 52006 77172 8852/=
 28134 41596 82201 10000 21007 39675 40023 52006 78682 889//=
 28138 41596 82303 11010 21012 39460 40024 52003 78582 883//=
 28216 41599 82403 11001 21011 39744 40040 52007 77072 887//=
 28222 41598 82502 10009 20002 39838 40031 52009 72272 8672/=
 28224 41567 82602 10013 21008 39825 40036 52004 78587 8691/=
 28234 41498 82303 10006 21016 39760 40036 52005 70282 8397/=
 28238 41596 82403 10007 21013 39735 40036 52003 78582 8692/=
 28313 41598 82302 10012 21010 39855 40045 52005 70282 889//=
 28319 41598 72503 10014 20002 39889 40051 52003 72276 86530=
 28321 41599 82502 10013 21008 39839 40041 52003 72687 8692/=
 28324 41697 82403 10021 20004 39925 40044 52002 70282 885//=
 28326 41597 72102 10011 20002 39857 40042 52005 78582 87300=
 28413 41498 82402 10025 20000 39933 40054 52003 70262 887//=
 28428 41495 82204 10017 20002 39874 40057 52002 71022 886//=
 28429 41598 82303 10008 21002 39650 40058 54001 70272 885//=
 22983 41475 82802 11028 21059 39944 40050 52005 78587 8695/ 333 91003
 91103=
 27083 41459 83302 11028 21039 39817 40041 52006 77122 887// 333 91004
 91105=
 27097 41570 82802 11017 21022 39779 40041 52005 72272 885// 333 91003
 91104=
 27185 42598 82702 11009 21019 39863 40047 52004 885// 333 91004
 91104=
 27199 42498 82502 10003 21006 39847 40043 52002 883// 333 91003
 91104=
 27281 41430 82702 11011 21019 39847 40054 52006 77372 8872/ 333 91004
 91104=
 27283 41459 82803 10000 21009 39892 40047 52004 78582 889// 333 91004
 91105=
 27295 41598 82303 11000 21014 39799 40050 52004 70282 885// 333 91004
 91106=
 27296 41557 82302 10003 21014 39829 40046 52002 78122 889// 333 91004
 91104 93400=
 27385 414// 82502 10010 20002 39928 40056 52003 77172 8477/ 333 91003
 91104=
 27393 41497 82604 10005 21004 39885 40055 52002 78582 8797/ 333 91006
 91106=
 27480 42498 82501 10013 20000 39936 40064 52004 885// 333 91002
 91103=
 28007 41464 82501 11006 21015 39774 40035 52002 77072 8872/ 333 88712
 91004 91105 93710=
 28009 41440 82402 11003 21018 39824 40033 52002 78582 889// 333 91004
 91104=
 28105 41998 82402 11001 21008 39847 40039 52002 72682 885// 333 91004
 91104=
 28202 42577 82501 10001 21021 39822 40043 51006 889// 333 91002
 91105=
 28302 41598 82302 10005 21009 39822 40049 52004 70282 8697/ 333 91003
 91103=
 28307 42498 82402 10015 21007 39912 40055 52005 885// 333 91005
 91105=
 28402 41469 82402 10010 21005 39878 40056 52003 77022 8662/ 333 91003
 91104=
 28502 42598 72703 10027 21008 39956 40059 52003 87400 333 91004
 91105=
 22550 82997 23101 11057 21065 30079 40090 52011 82031=
 22778 41598 83504 11034 21058 39987 40058 52012 72682 885// 333
 88623=
 22889 42/// /2702 11030 21049 39960 40047 52003=
 22762 42597 73202 11037 21055 30042 40082 52021 83570=
 22638 46/// /3402 11048 21062 39904 40135 52021=
 22671 42999 23101 11051 21074 39983 40063 52013 80009=
 22456 42597 83202 11056 21063 39984 40074 52011 885//=
 22583 42498 72702 11067 21076 39964 40046 52010 875//=
 22749 NIL=
 22951 41497 83102 11048 21055 39808 40095 52014 77172 8772/=
 22887 41496 82702 11031 21048 39978 40049 52004 78582 8695/ 
  333 86916=
 22876 41496 82702 11030 21041 39980 40054 52006 78582 889// 333
 88918=
 22481 42/// /2401 11074 21081 39979 40033 52003=
 22854 41598 73402 11046 21054 39801 40095 52016 70172 87500 333
 87622=
 22781 NIL=
 22676 42498 83204 11049 21067 39978 40057 52014 885//=
 22648 NIL=
 22559 42998 13003 11059 21077 30072 40089 51012 80001=
 22869 41497 73002 11039 21059 39925 40076 52009 70282 87900 333
 86615=
 22768 41497 83604 11039 21057 30024 40075 52018 70282 889// 333
 86618=
 22798 41496 80000 11036 21042 39920 40033 52004 77187 8802/=
 22375 46/// /3302 11094 21105 30024 40040 52018=
 23207 41599 61101 11168 21186 39997 40021 54000 71522 82931=
 23215 NIL=
 23219 NIL=
 27095 86/// /3201 11015 21015 39819 40048 52005=
 22408 42999 03201 11112 21126 30024 40182 52013 333   93501=
 22511 42598 62702 11077 21096 30047 40173 52015 84510=
 22529 41561 83303 11032 21046 30132 40139 52020 78782 889// 333  
 88920=
 22602 42478 63302 11068 21097 39946 40180 52017 85530 333   85617=
 22621 83/69 /3104 11064 21079 30014 40158 52021=
 22619 42481 73204 11044 21061 39993 40156 52022 87500 333   87613=
 22721 42499 73102 11038 21062 30049 40150 52024 85530 333   85614=
 22727 86470 /3502 11020 21043 30096 40145 52021=
 22717 83/46 /3302 11039 21064 39958 40160 52018=
 22802 42580 83502 11032 21062 30146 40170 52019 885// 333   88622=
 22820 41465 73302 11029 21047 30003 40142 52019 70272 86530 333  
 86618=
 22831 42498 63201 11027 21053 30067 40123 52022 84930 333   84916=
 22805 42598 80103 11025 21048 30140 40165 52019 885//=
 22912 42599 33302 11034 21060 30131 40147 52017 82530=
 
