00:31:00 MSK 09.07.2023
020 123456/=о000=2131
 уйту01 бтул 082100
 22686 81497 83402 10122 20117 30008 40103 58005 76162 8652/ 333 86611=
 22695 41497 80503 10118 20102 39940 40087 58008 76162 8772/ 333 87712=
 22996 42/// /2402 10178 20161 39899 40072 55000=
 23220 43/// /1801 10099 20093 39977 40113 57005=
 23226 42660 70000 10105 20097 39908 40114 54000 87500 333 87634=
 23305 42/// /0203 10105 20081 30104 40131 57007=
 23320 86/// /0301 10101 20089 30048 40119 57009=
 23324 42474 82301 10111 20099 30045 40120 57006 886// 333 88710=
 23405 41958 80102 10105 20101 30027 40123 57007 76162 
 8802/=
 23410 86/// /3501 10098 20079 30023 40116 58010=
 23411 NIL=
 23412 42599 80101 10101 20083 30025 40119 57009 885// 333 88628=
 23416 NIL=
 23418 42965 73402 10107 20089 30043 40114 57006 87030=
 23503 42/// /0501 10118 20084 30062 40110 58011=
 23507 86/// /0501 10108 20104 39809 40107 58009=
 23509 42/// /3301 10120 20107 30029 40103 58006=
 23514 42697 80701 10119 20096 39917 40104 57008 8357/=
 23518 42/// /0101 10109 20097 30014 40102 56014=
 23606 41660 80502 10122 20122 39934 40093 57009
 76162 8257/=
 23704 86/// /0502 10137 20137 39926 40039 55004=
 23701 42/// /0303 10122 20117 39962 40085 56009=
 23707 81495 80203 10139 20136 39938 40063 57005 76166 8652/ 333 86618=
 23708 42/// /0301 10144 20132 39922 40063 56012=
 23709 41396 80301 10140 20129 39884 40066 56018 78082 889// 333 87708=
 23711 41598 80402 10126 20112 39918 40080 57016 72162 8657/ 333 86627=
 23803 41494 80000 10148 20141 39892 40062 58013 71022 886//=
 23804 81/93 90000 10159 20157 39920 40056 57005 74542=
 23807 42/// /2502 10181 20181 39912 40062 57003=
 23808 NIL=
 23812 81497 81001 10151 20144 39916 40069 56019 70282 889//=
 23904 42980 61801 10159 20156 39923 40070 58001 81031=
 23905 82599 82402 10190 20187 39854 40065 57006 888//=
 23909 82598 82402 10189 20178 39837 40064 57010 8635/=
 23912 82598 81602 10186 20175 39891 40069 58006 85931=
 23913 82599 80501 10153 20142 39866 40082 57011 889//=
 23914 82498 72403 10188 20171 39832 40071 57004 86905=
 28013 81598 81701 10182 20160 39851 40066 58017 78082 889// 333
 91111=
 28016 82/// /2002 10177 20177 39869 40078 58010 333 91117=
 28029 81499 81101 10181 20178 39886 40091 52002 72998 883//=
 28116 81599 61901 10180 20175 39873 40089 57005 70198 83931=
 28128 81598 80201 10196 20170 39956 40099 52001 72598 8537/=
 28134 81598 80000 10185 20155 39781 40108 52006 71792 889//=
 28138 43/// /2102 10188 20120 39580 40109 57009=
 28216 82699 81902 10225 20129 39824 40098 58008 87505=
 28222 42/// /0000 10202 20142 39920 40101 50001=
 28224 82870 61802 10211 20135 39902 40100 57010 85045=
 28234 82898 81602 10206 20115 39851 40109 57007 8805/=
 28238 82899 82301 10169 20120 39832 40118 57011 85041=
 28313 42/// /0101 10236 20132 39928 40114 56010=
 28319 82898 22001 10184 20108 39959 40112 57012 82050=
 28321 82999 31803 10220 20143 39912 40100 58013 80001=
 28324 42/// /0601 10190 20121 39995 40108 57014=
 28326 82898 61501 10168 20127 39940 40116 57007 82031=
 28413 82999 21703 10239 20079 39997 40110 57011 80005=
 28428 82999 00000 10154 20118 39947 40122 57011=
 28429 42/// /0402 10154 20116 39742 40132 57012=
 22983 42484 82802 10159 20145 39991 40090 52011 889// 333 91004
 91107=
 27083 42584 62502 10174 20146 39878 40086 52005 86900 333 91004
 91106=
 27097 42/// /2702 10189 20160 39849 40093 53004 333 91004 91106=
 27185 42/// /0000 10181 20178 39930 40102 52005 333 91000 91103=
 27199 42598 32601 10176 20169 39918 40103 52003 83500 333 91002
 91103=
 27281 42484 82401 10195 20192 39914 40107 52003 8795/ 333 91002
 91104=
 27283 41495 82502 10184 20182 39962 40107 53006 71022 885// 333 91004
 91105=
 27295 42/// /2401 10165 20152 39875 40112 50001 333 91001 91104=
 27296 42998 82402 10186 20143 39906 40109 54000 83031 333 91005
 91105=
 27385 414// 70000 10178 20170 39991 40112 52002 72598 84930 333 91000
 91106=
 27393 42598 62303 10191 20163 39957 40116 52003 84530 333 91004
 91108=
 27480 41598 81701 10183 20183 39995 40115 57008 72598 889// 333 91001
 91106=
 28007 41599 42502 10174 20161 39846 40091 52002 70291 81580 333 91005
 91112=
 28009 41498 62202 10175 20164 39891 40088 57006 70298 83901 333 91003
 91105=
 28105 42598 72202 10175 20144 39914 40100 58002 87800 333 91003
 91104=
 28202 42997 60000 10182 20135 39891 40098 58007 81034 333 91000
 91103=
 28302 41597 81901 10182 20159 39894 40108 57010 71798 8697/ 333 91002
 91104=
 28307 41498 81401 10179 20162 39970 40105 58008 71798 86901 333 91002
 91105=
 28402 41584 61801 10213 20143 39940 40106 57009 72992 83939 333 91001
 91103=
 28502 42597 82401 10196 20152 30011 40108 58005 81301 333 91002
 91107=
 22550 82570 80202 10086 20055 30148 40158 52002 885// 333 88622=
 22778 42598 83302 10128 20124 30040 40106 57001 8657/=
 22889 42/// /2703 10152 20145 30000 40082 52009=
 22762 82597 80000 10118 20112 30090 40127 52003 8657/=
 22638 46/// /0202 10084 20080 39934 40155 52002=
 22671 42/// /0202 10097 20092 30051 40128 57003=
 22456 41496 83601 10072 20072 30077 40163 54000 75152 886//=
 22583 41497 83401 10102 20099 30046 40124 56007 76166 8272/=
 22749 NIL=
 22951 42/// /0000 10141 20137 39841 40109 50001=
 22887 41297 82803 10144 20127 30021 40088 52007 70282 889// 
 333 85706=
 22876 41496 82801 10133 20133 30031 40100 52006 75152 886// 333
 88710=
 22481 42/// /3501 10068 20067 30095 40147 54000=
 22854 42/// /0402 10128 20125 39837 40113 54001=
 22781 NIL=
 22676 41498 83402 10109 20104 30040 40115 58003 72162 886//=
 22648 NIL=
 22559 42/// /0302 10090 20056 30136 40152 52002=
 22869 42497 80000 10146 20141 39971 40112 54001 885// 333 88613=
 22768 41497 80302 10131 20125 30068 40116 54000 78082 8695/ 333
 84914=
 22798 41496 83401 10138 20137 39967 40074 54001 76162 8872/=
 22375 46/// /0202 10074 30146 40161 57002=
 23207 NIL=
 23215 NIL=
 23219 NIL=
 27095 86/// /3002 10204 20174 39882 40094 55000=
 22408 42984 23402 10064 20055 30051 40199 52007 80005=
 22511 42698 80000 10090 20073 30073 40192 52005 885// 333   88643=
 22529 42599 20102 10077 20062 30168 40175 52005 82800=
 22602 42979 20602 10089 20067 39964 40185 52010 8203/=
 22621 83470 /3502 10080 20060 30039 40176 52002=
 22619 42598 80302 10079 20062 30014 40170 52008 885// 333   88620=
 22721 42498 83101 10091 20077 30065 40161 52008 889// 333   85710=
 22727 86467 /3602 10113 20105 30101 40147 52005=
 22717 83/65 /0403 10108 20101 39965 40152 52008=
 22802 42499 80503 10136 20122 30123 40145 52013 885// 333   88615=
 22820 41497 83501 10117 20112 30010 40142 52005 76162 8641/ 333  
 86610 555   50180=
 22831 41597 80201 10125 20113 30070 40123 52006 78082 889// 333  
 88925=
 22805 42598 80502 10146 20134 30114 40133 52007 8753/=
 22912 42584 80201 10135 20117 30115 40130 52004 82531=
 
