15:31:00 MSK 27.09.2023
020 123456/=о000=1231
 унту01 бтул 271200
 22686 82598 82403 10140 20100 30116 40212 51004 8257/ 555 11013=
 22695 42598 82603 10134 20084 30050 40197 52008 885// 333 91110 555
 1/013=
 22996 82498 83002 10140 20102 30060 40239 52007 8652/ 333 86619 555 11014=
 23220 41496 80905 10060 20056 39963 40101 52010 75165 886// 333 88712 555 12007=
 23226 41258 80304 10049 20042 39902 40113 52013 75165 886// 333 88705 
 555 12006=
 23305 41599 82902 10065 20054 30149 40177 51011 72182 885// 555 11008=
 23320 86/// /3002 10107 20106 30040 40110 52016=
 23324 41577 73403 10099 20089 30035 40109 52019 72585 87900 333 85628
 555 11011=
 23405 41575 63103 10100 20054 30077 40174 52011 70265 82531
 555 11011=
 23410 86/// /2906 10062 20051 30042 40137 53030 333 91010 91111 555 50093 53011=
 23411 42499 83105 10054 20046 30074 40162 51032 8772/ 333 91110
 555 12007=
 23412 41399 83404 10060 20053 30048 40143 52031 72586 883// 333 84707 91111 555 12008=
 23416 NIL=
 23418 41565 72806 10093 20083 30065 40137 52019 72586
 86930 333 86920 91010 91110 555 12010=
 23501 NIL=
 23503 41498 63103 10104 20054 30124 40173 52021 70282 86500 333 86618
 91110 555 11014=
 23507 86/// /3204 10122 20071 39887 40186 53012 333 91113=
 23509 42698 43203 10127 20041 30099 40174 52018 82109 555 11013=
 23514 41597 83003 10086 20071 39974 40165 52021 72582 8695/ 333 85927 91110 555 12010=
 23518 NIL=
 23606 42662 23004 10142 20053 30002 40165 53013 81101 333 91111 555 10015=
 23612 NIL=
 23701 41599 72803 10146 20098 30079 40203 52007 70282 84930 555 11015=
 23704 86/// /2703 10145 20120 39974 40086 53089 555 53007=
 23707 81499 62503 10130 20108 30086 40213 52005 70282 82971 555 10013=
 23708 41598 72604 10138 20097 30059 40203 52003 70262 87300 333 86630 555 11015=
 23709 81598 72604 10124 20093 30006 40192 52006 70282 86301 555 12013=
 23711 41598 72702 10135 20087 39997 40159 53002 70282 83435 555 11014=
 23803 42599 83204 10118 20032 30029 40203 53007 85901 555 11012=
 23804 81597 82901 10130 20102 30081 40222 52010 70282 8792/ 333 87920 555 11013=
 23807 42/// /2803 10137 20105 30076 40232 52009 555 1/014=
 23808 NIL=
 23812 41497 72302 10119 20105 30021 40178 54000 70282 87930 555 11014=
 23904 42570 83002 10143 20097 30082 40233 52007 885// 333 88625 555
 11015=
 23905 82599 82902 10138 20085 30002 40221 52006 885// 555 10015=
 23909 82598 82702 10140 20076 39977 40212 52004 885//=
 23912 81598 82902 10115 20094 30014 40200 52005 70282 8495/ 555
 11012=
 23913 81596 83001 10106 20092 39971 40193 52003 76162 8872/ 555
 11011=
 23914 81498 82703 10115 20085 39955 40203 52005 70262 885//=
 28013 82598 82703 10138 20064 39989 40211 52003 885// 555 10017=
 28016 82599 72904 10139 20076 30005 40221 52004 87900 555 10016=
 28029 82699 72803 10136 20068 39994 40205 52001 86870 555 10015=
 28116 82599 73004 10141 20054 30000 40222 52001 84970=
 28128 82599 82802 10140 20049 30071 40219 57001 87501 555 10015=
 28134 82598 72701 10124 20064 39872 40211 57001 87500 555 10014=
 28138 42599 72704 10111 20056 39655 40204 57004 87300=
 28216 82699 82703 10130 20066 39942 40230 55003 885// 555 10015=
 28222 82598 82902 10138 20068 30033 40220 57002 888// 555 10015=
 28224 82670 82602 10138 20069 30016 40221 57005 885//=
 28234 82598 72803 10134 20056 39947 40215 57004 85230 555 10016=
 28238 82599 82604 10131 20051 39919 40211 57008 8752/ 555 10015=
 28313 82598 83003 10147 20049 30046 40231 57007 885// 555 10014=
 28319 82598 82302 10148 20063 3//// 4//// 5//// 8557/=
 28321 82599 72902 10141 20069 30032 40228 57005 84270=
 28324 82599 83002 10148 20066 30116 40232 57005 884// 555 10015=
 28326 82598 72903 10147 20064 30042 40221 57017 87500 555 10016=
 28413 82599 83002 10151 20061 30125 40243 57007 885// 555 10016=
 28428 82599 82903 10154 20049 30056 40234 57012 889// 555 10018=
 28429 82598 82603 10135 20061 39833 40231 57011 85901 555 10016=
 22983 42498 72703 10145 20099 30149 40250 52007 86930 333 91006 91106
 555 11015=
 27083 42599 72803 10138 20089 30034 40249 52006 87800 333 91005 91106
 555 10016=
 27097 42498 72903 10142 20092 39998 40251 53003 87900 333 91006 91107
 555 10016=
 27185 42698 72803 10149 20078 30083 40260 53001 86501 333 91005 91108
 555 10016=
 27199 42698 62902 10140 20066 30067 40257 52002 82579 333 91005 91105
 555 10018=
 27281 42482 83002 10148 20067 30067 40267 52002 8755/ 333 91003 91107
 555 10017=
 27283 42498 63302 10151 20063 30111 40261 57001 83530 333 91005 91106
 555 10020=
 27295 42598 82501 10129 20071 30021 40265 52003 885// 333 91003 91106
 555 11015=
 27296 42698 83002 10131 20068 30049 40260 52003 885// 333 91004 91105
 555 10015=
 27385 425// 63003 10148 20052 30146 40273 57002 84530 333 91006 91107
 555 10017=
 27393 42598 82903 10140 20061 30100 40266 57001 884// 333 91004 91107
 555 10016=
 27480 42598 82902 10157 20057 30153 40277 57003 885// 333 91005 91107
 555 10019=
 28007 42699 63103 10141 20061 39992 40245 52004 83230 333 91005 91106
 555 10014=
 28009 42598 72702 10136 20069 30037 40240 52004 86530 333 91003 91106
 555 11015=
 28105 42598 33002 10155 20061 30060 40246 52002 83200 333 91004 91106
 555 10016=
 28202 42582 82801 10131 20059 30030 40245 57001 885// 333 91003 91106
 555 10014=
 28302 42598 73002 10137 20059 30030 40251 57002 85930 333 91005 91106
 555 10017=
 28307 42498 82903 10145 20036 30123 40262 57003 885// 333 91005 91108
 555 10016=
 28402 42698 73003 10142 20061 30084 40257 57005 86470 333 91005 91107
 555 10016=
 28502 42598 83207 10156 20044 30161 40261 57005 885// 333 91009 91110
 555 10018=
 22550 82597 22603 10177 20101 30202 40212 54000 81530 555 11016=
 22778 42598 72802 10162 20106 30170 40236 54000 86570 555 10016=
 22889 41498 82703 10143 20105 30162 40245 52008 70282 885// 333 88617
 555 12014=
 22762 82598 32702 10181 20103 30199 40236 54000 83800 555 11017=
 22638 46/// /2502 10145 20099 30027 40245 57003=
 22671 42/// /2802 10159 20097 30133 40208 52002 555 1/015=
 22456 42598 22604 10144 20089 30105 40189 52003 82200 555 11015=
 22583 41598 72602 10141 20108 30112 40189 52003 70288 87500 555 11014=
 22749 42598 52603 10165 20105 30137 40256 57003 85500 555 11016=
 22951 42498 53002 10156 20090 30002 40273 57003 85100 555 1/017=
 22887 42599 72602 10148 20122 30178 40246 52006 
 8655/ 333 86631 555 11015=
 22876 42597 52502 10157 20110 30176 40246 52004 85500 333 85625 555
 11015=
 22481 41598 72403 10145 20100 30119 40170 57005 70282 83430 555
 11013=
 22854 42/// /2604 10155 20096 39985 40263 54001 555 1/021=
 22781 NIL=
 22676 42598 62904 10158 20090 30136 40211 52002 86900 555 11015=
 22648 42598 22705 10177 20101 30200 40244 58002 82101 333 91111 555
 11018=
 22559 82598 22604 10176 20097 30201 40217 54001 82100 333 91111 555
 12018=
 22869 42597 72402 10153 20109 30123 40266 52001 86830 333 85824 555
 11016=
 22768 42697 62604 10170 20092 30195 40243 57001 85570 555 11020=
 22798 41497 80000 10136 20103 30116 40224 52006 78082 889// 555
 11014=
 22375 46/// /2705 10122 20101 30145 40160 57002=
 23207 41499 82202 10068 20049 30139 40161 57004 70252 885// 555
 11009=
 23215 41598 50103 10044 20026 30055 40143 52019 70252 85500 333 85620
 555 12006=
 23219 NIL=
 27095 NIL=
 22408 42499 82304 10123 20095 30070 40215 57004 885// 333   88615
 555   10013=
 22511 42498 82304 10131 20091 30102 40219 57003 8753/ 333   87618
 555   10015=
 22529 42999 22205 10173 20108 30214 40220 57004 80002 333   91110
 555   11022=
 22602 42479 72303 10126 20087 30013 40232 57009 85530 333   85613
 555   11013=
 22621 83570 /2205 10138 20091 30103 40238 57004 555   1////=
 22619 42482 72202 10141 20098 30085 40239 57008 87500 555   11015=
 22721 42698 80000 10146 20098 30157 40252 57006 885// 333   88635
 555   11016=
 22727 86570 /2302 10162 20113 30214 40260 57010 555   1////=
 22717 83/70 /2002 10138 20106 30069 40260 57007 555   1////=
 22802 42599 71702 10146 20131 30238 40261 57009 87500 333   87620
 555   11016=
 22820 42568 62602 10158 20112 30131 40262 57006 86500 333   86632
 555   11017=
 22831 42698 62501 10162 20115 30215 40268 57006 83530 555   11018=
 22805 41495 81305 10138 20129 30244 40268 57009 71022 886// 555  
 11018=
 22912 42599 82203 10162 20103 30261 40276 57009 82531 555   11017=
 
