12:31:00 MSK 21.12.2023
010 111/=о000=0931
 уйту01 бтул 210900
 22686 41498 82203 11028 21048 39804 49903 51017 70272 885// 333 88618=
 22695 42598 82303 11033 21061 39740 49892 52015 885//=
 22996 42698 81902 11008 21024 39776 49960 57004 885// 333 88636=
 23220 41599 71205 11069 21108 39698 49840 52004 70272 82530=
 23226 41428 81805 11052 21073 39619 49831 52003 78582 889// 333 86913=
 23305 42599 82305 11018 21027 39798 49825 52024 885//=
 23320 86/// /2205 11017 21020 39762 49833 52011=
 23324 41434 81803 11032 21039 39755 49831 52008 77372 8372/=
 23405 41465 82203 11016 21024 39753 49851
 52030 72682 8395/ 333 93403=
 23410 86/// /2003 11020 21033 39733 49828 52020=
 23411 41496 82204 11024 21025 39741 49829 52022 77172 8802/=
 23412 41397 82404 11020 21029 39735 49830 52020 77172 8677/ 333 84708=
 23416 NIL=
 23418 41465 72204 11007 21026 39782 49854 52026 72682 86930 333 84616
 9110/=
 23503 41598 82203 11014 21020 39811 49860 53032 77172 8652/ 333 86620=
 23507 86/// /2603 11035 21035 39573 49880 51031=
 23509 42598 82302 11010 21026 39805 49882 52036 8552/ 333 85620=
 23514 41497 82404 11024 21031 39682 49876 52034 78583 8697/ 333 86918 91111  93403=
 23518 41496 82205 11016 21023 39792 49882 52028 78587 8797/ 333
 85712 91110=
 23606 41462 82403 11023 21034 39736 49901 52027 70282 889// 333 84913 91110=
 23701 41578 72404 11026 21049 39794 49922 51022 70232 83930 333
 91110=
 23704 86/// /2303 11020 21038 39637 49752 57014 333 91111=
 23707 81599 82103 11019 21042 39802 49933 52017 72683 889// 333 86626 91112=
 23708 42598 72304 11026 21056 39796 49945 52021 82905 333 91110=
 23709 41498 82103 11014 21043 39756 49947 52020 78583 8695/ 333 86916 91111=
 23711 42499 82203 11014 21039 39762 49929 52026 8697/ 333 86916=
 23803 41599 82305 11006 21043 39786 49964 51020 73683 8696/ 333 86928 91110=
 23804 81597 82102 11006 21028 39800 49944 52014 70282 8437/=
 23807 42497 82003 11006 21021 39797 49957 51008 8455/=
 23808 86/// /1904 11006 21020 39801 49968 51011=
 23812 41497 82304 11003 21038 39801 49962 52019 70282 889// 333 91111
 934//=
 23904 42670 81802 11008 21023 39819 49974 50004 885// 333 88638=
 23905 42599 82003 11011 21031 39756 49982 52006 885//=
 23909 41598 81903 11009 21034 39751 49995 52006 70232 885//=
 23912 42598 82104 11005 21034 39808 49999 51012 885//=
 23913 41599 80901 11003 21045 39782 40009 52014 70272 885// 333
 91112=
 23914 82499 82004 11011 21036 39751 40006 52012 885//=
 28013 42598 81903 11007 21045 39776 40005 52019 885//=
 28016 42599 81802 11004 21026 39785 40008 58002 885//=
 28029 42599 81904 10004 21032 39812 40030 52004 885// 333 91110=
 28116 41497 81902 10003 21015 39788 40017 57008 77072 8872/=
 28128 42599 81802 10009 21009 39883 40036 57007 885//=
 28134 42598 81902 10000 21020 39698 40047 54000 885//=
 28138 42599 82105 11014 21022 39492 40058 52004 883// 333 91110=
 28216 41594 81805 10001 21006 39735 40031 58016 77372 8872/=
 28222 41496 81903 10007 21008 39851 40044 58008 77172 8872/=
 28224 41519 81703 10004 21004 39837 40049 57012 78682 889//=
 28234 41595 81904 10005 21016 39787 40064 58004 77272 885//=
 28238 41497 82103 10008 21016 39769 40071 50000 77172 8802/=
 28313 41595 81904 10007 21007 39849 40040 58017 77372 8802/=
 28319 41496 82002 10007 20000 39894 40056 58014 77177 8802/=
 28321 41596 81804 10000 21005 39843 40046 58014 77372 8802/=
 28324 41697 81804 10009 21000 39937 40057 57015 76876 884//=
 28326 41596 82005 10011 21001 39881 40067 57011 77187 8802/ 333
 91110=
 28413 41498 81904 10016 21003 39934 40055 58012 72176 887// 333 91011
 91111=
 28428 41596 82006 10010 21003 39900 40084 57009 77376 8802/ 333 91010
 91110=
 28429 41595 82204 10001 21003 39680 40091 57009 77372 8802/ 333
 91110=
 22983 42598 82001 11001 21028 39844 49948 57001 8655/ 333 91003
 91104=
 27083 42599 81702 11016 21036 39737 49958 57009 885// 333 91003
 91105=
 27097 41464 81502 11019 21022 39709 49970 58013 77022 8672/ 333 91003
 91105=
 27185 41596 81301 11004 21007 39780 49962 58021 78582 883// 333 91002
 91104=
 27199 41394 81703 10003 20001 39779 49974 57023 77372 8672/ 333 91006
 91106=
 27281 41419 81603 11001 21004 39752 49957 57022 77572 8872/ 333 91004
 91105=
 27283 41428 81702 10000 20000 39810 49964 57024 77372 8872/ 333 91006
 91106=
 27295 41567 81703 10001 21008 39726 49975 57023 77172 8802/ 333 91006
 91107=
 27296 41559 81703 10002 21008 39763 49978 57025 77172 8802/ 333 91006
 91107=
 27385 414// 81903 10003 21001 39847 49974 57017 77172 8872/ 333 91006
 91106=
 27393 41495 81907 10004 20000 39825 49994 57022 76862 8772/ 333 91009
 91110=
 27480 41465 82004 10018 20013 39851 49977 57015 78082 889// 333 91007
 91107=
 28007 42999 81701 11010 21029 39723 49983 58013 8802/ 333 91003
 91105=
 28009 42598 81603 11004 21033 39785 49994 57010 885// 333 91004
 91106=
 28105 41432 81602 10001 21007 39790 49981 58022 77372 8872/ 333 91004
 91106=
 28202 41920 81906 11001 21010 39772 49992 58024 77372 8807/ 333 91008
 91108=
 28302 41595 81704 10000 21006 39777 40003 57022 78682 889// 333 91008
 91108=
 28307 41497 81605 10016 20004 39856 49999 57019 76176 885// 333 91010
 91110=
 28402 41959 82007 10014 20009 39837 40014 57017 77172 8807/ 333 91010
 91112=
 28502 42598 82112 10022 20001 39930 40032 56015 8802/ 333 91016
 91116=
 22550 81397 82503 11031 21032 39868 49878 52018 70282 886// 333
 88707=
 22778 41496 82801 11020 21031 39848 49917 52009 78782 889// 333
 86712=
 22889 42/// /1902 11001 21027 39860 49945 52003=
 22762 42597 80000 11048 21060 39871 49910 52013 8453/=
 22638 46/// /1500 11069 21083 39676 49903 54010=
 22671 41397 82301 11035 21043 39806 49885 52019 78582 889// 333
 85709=
 22456 41497 82701 11045 21061 39785 49872 52024 70282 886//=
 22583 42598 82302 11026 21040 39792 49872 52028 8657/=
 22749 NIL=
 22951 42598 82002 11026 21046 39643 49923 54000 885//=
 22887 41699 81702 11001 21032 39870 49939 54000 70282 8655/
 333 86640=
 22876 42597 81902 11007 21030 39858 49930 52004 885// 333 88621=
 22481 42/// /2401 11042 21050 39807 49860 51029=
 22854 42598 82002 11032 21046 39628 49915 52003 885// 333 88626=
 22781 NIL=
 22676 41497 82302 11033 21051 39815 49892 52015 77072 885//=
 22648 NIL=
 22559 41597 82402 11037 21048 39871 49888 52018 78587 8692/=
 22869 42697 72102 11013 21043 39785 49932 50004 87500 333 87639=
 22768 41497 62103 11022 21039 39859 49909 52005 70272 83971=
 22798 41497 72002 11015 21031 39820 49932 52010 78582 86970=
 22375 46/// /2902 11072 21080 39844 49859 52025=
 23207 41597 82702 11043 21050 39795 49818 52028 78582 8695/=
 23215 NIL=
 23219 NIL=
 27095 86/// /1501 11017 21020 39754 49982 58010=
 22408 41658 81301 11160 21174 39732 49888 52003 71022 82515=
 22511 42998 80000 11130 21145 39763 49888 52005 8807/ 333   93501=
 22529 42499 72101 11084 21095 39888 49895 52014 87900 333   87914=
 22602 41359 80801 11094 21103 39655 49884 54000 71022 886// 333  
 88708=
 22621 83/43 /2601 11075 21083 39755 49896 52008=
 22619 42481 80000 11061 21072 39727 49887 52004 885// 333   88612=
 22721 41397 81101 11047 21052 39795 49893 52004 70252 887// 333  
 85707 93494=
 22727 86570 /1401 11022 21045 39845 49893 54000=
 22717 83/70 /0000 11036 21050 39689 49886 57003=
 22802 42499 80301 11031 21047 39857 49880 57007 889// 333   86914=
 22820 42570 80000 11023 21056 39758 49893 52001 8753/ 333   87621=
 22831 41598 70000 11019 21039 39844 49899 57001 70282 86930 333  
 86932=
 22805 81498 81506 10000 21010 39852 49877 57010 72682 889//=
 22912 42399 81202 11019 21029 39875 49890 57004 886// 333   88707=
 
