09:31:00 MSK 24.09.2023
020 123456/=о000=0631
 унту01 бтул 240600
 22686 82998 21905 10170 20099 30056 40151 57009 80009=
 22695 42998 22004 10170 20081 30000 40145 57008 80001 333 20119=
 22996 82998 02002 10175 20111 30063 40240 50001 333 20113=
 23220 42497 82406 10143 20129 30094 49956 57010 886// 333 88712 91111=
 23226 41357 82308 10135 20122 39876 40081 57011 71054 887// 333 86708 
 91013 91113=
 23305 42999 41805 10153 20111 30058 40085 57015 83035 333 20124=
 23320 66/// /2206 10167 20126 30045 40114 57010 60002 333 20121 91010 91112=
 23324 42981 62206 10151 20120 30029 40102 58012 80001 333 91110=
 23405 42970 31803 10162 20106 30025 40118 57003 80001=
 23410 66/// /1805 10155 20105 30017 40108 57011 60002 333 20117=
 23411 42999 22105 10150 20110 30021 40105 57009 80001 333 91111=
 23412 42999 32103 10161 20113 30017 40108 57011 80001=
 23416 NIL=
 23418 42965 21905 10171 20112 30066 40135 57008 80001=
 23501 NIL=
 23503 42998 22105 10166 20096 30083 40130 57008 80001=
 23507 86/// /2303 10143 20102 39846 40141 57010 333 20091=
 23509 42998 02302 10130 20093 30076 40151 57014=
 23514 42997 32204 10158 20103 39965 40151 57006 82032=
 23518 42998 52204 10158 20116 30076 40163 57004 82041 555 53008=
 23606 42962 02202 10172 20100 30006 40167 57012=
 23701 42999 12204 10165 20103 30060 40182 57007 80001=
 23704 66/// /2003 10156 20110 39912 40023 53099 60002 333 20117=
 23707 82998 42003 10171 20101 30070 40195 57005 80004=
 23708 42998 02004 10169 20091 30068 40210 57002=
 23709 82998 01902 10176 20089 30030 40213 57002=
 23711 42998 32102 10166 20111 30038 40199 57002 82031=
 23803 42999 02403 10167 20092 30054 40225 58011=
 23804 82997 32102 10165 20103 30075 40213 57003 80005=
 23807 42997 12004 10175 20108 30075 40228 56001 80001=
 23808 86/// /1904 10183 20095 30077 40236 54000 333 20118=
 23812 42997 22302 10176 20107 30068 40222 54000 80001=
 23904 42970 11802 10181 20111 30099 40248 50000 80001=
 23905 82999 02103 10177 20100 30034 40250 52002=
 23909 82998 02203 10191 20100 30022 40254 52001=
 23912 82998 12002 10163 20116 30065 40249 54000 80001=
 23913 82999 53201 10180 20105 30031 40249 52003 80002=
 23914 82998 22504 10165 20106 30007 40252 52002 80005=
 28013 82998 02403 10183 20096 30040 40260 52002=
 28016 82999 02402 10185 20117 30055 40269 53002=
 28029 82999 02202 10175 20120 30059 40268 52004=
 28116 82999 02201 10181 20123 30057 40277 52003=
 28128 82998 22302 10158 20129 30135 40283 52002 80001=
 28134 82998 22201 10181 20118 39944 40278 52003 80005=
 28138 42999 02503 10170 20112 39737 40278 52004=
 28216 82999 02402 10187 20118 30007 40290 52003=
 28222 82998 01701 10179 20128 30101 40287 52003=
 28224 82970 02202 10189 20124 30090 40293 52004=
 28234 82998 01801 10183 20120 30025 40290 52003=
 28238 82999 02102 10198 20117 39998 40286 52001=
 28313 82998 01601 10188 20123 30117 40300 52002=
 28319 82998 02402 10174 20121 30154 40310 52005=
 28321 81999 01902 10165 20133 30104 40299 52003 70240 333 20111=
 28324 82998 02501 10194 20118 30189 40304 52003=
 28326 82998 02502 10184 20129 30120 40298 52003=
 28413 82999 02901 10200 20113 30193 40309 52003=
 28428 82999 02602 10204 20115 30135 40311 52002=
 28429 82998 22402 10199 20121 39917 40308 52003 80001=
 22983 42998 22302 10173 20094 30124 40224 57004 80001 333 91005
 91105=
 27083 42999 02003 10171 20087 30031 40244 57003 333 91005 91105=
 27097 42998 01902 10174 20115 30012 40262 52001 333 91004 91104=
 27185 42998 21801 10185 20093 30093 40268 54000 80001 333 20069 91002
 91103=
 27199 42998 02201 10190 20106 30090 40278 52002 333 91004 91104=
 27281 42982 01802 10176 20086 30075 40273 52001 333 91004 91104=
 27283 42998 01801 10159 20111 30130 40280 53002 333 91003 91103=
 27295 42998 01901 10176 20100 30047 40288 52004 333 20100 91004
 91104=
 27296 42998 01902 10178 20110 30077 40285 52002 333 91003 91104=
 27385 429// 11902 10175 20100 30167 40293 52005 80001 333 91004
 91104=
 27393 42998 02203 10167 20108 30135 40299 52003 333 91004 91105=
 27480 42998 01901 10176 20090 30172 40295 52004 333 91003 91103=
 28007 42999 02001 10165 20097 30021 40272 52001 333 91004 91104=
 28009 42998 02102 10180 20096 30076 40277 52001 333 91003 91104=
 28105 42998 02303 10188 20095 30093 40276 53001 333 20094 91004
 91105=
 28202 42981 02001 10174 20115 30074 40286 52002 333 91003 91103=
 28302 42998 02201 10170 20111 30076 40295 52002 333 91003 91103=
 28307 42998 01001 10192 20108 30159 40296 52003 333 91002 91102=
 28402 42998 02302 10205 20115 30128 40298 52003 333 91004 91105=
 28502 42998 00901 10189 20107 30207 40306 52002 333 91002 91102=
 22550 81596 82003 10162 20136 30065 40074 57005 78181 889// 333 20154
 88624 91110=
 22778 42998 21603 10171 20096 30096 40162 57011 80001=
 22889 42998 12202 10173 20097 30137 40219 57005 80001=
 22762 82998 31702 10169 20100 30090 40127 58014 8003/ 333 20135=
 22638 46/// /2301 10146 20143 39871 40086 52001=
 22671 42999 22104 10168 20106 30032 40106 58008 80001=
 22456 41597 82102 10146 20141 39982 40065 54001 70281 885// 333
 20142=
 22583 42998 32202 10172 20106 30035 40111 57006 82071=
 22749 42598 82004 10155 20121 39993 40112 57011 8695/ 333 20154 86924
 91110=
 22951 42898 81904 10175 20094 39887 40153 57011 83031=
 22887 42999 21704 10164 20120 30143 40209 54000 80001=
 22876 42997 22004 10186 20084 30120 40189 58006 80001=
 22481 41598 72006 10157 20113 30025 40075 56001 72522 85970 333
 91113=
 22854 42899 82005 10169 20100 39861 40134 57012 86035 333 20134
 91110=
 22781 NIL=
 22676 42998 22005 10176 20097 30054 40127 57006 80001 333 91111=
 22648 41497 82003 10144 20143 30053 40098 57007 78082 889// 333 20144
 88911 91110=
 22559 82598 82004 10162 20114 30071 40087 57007 86901=
 22869 42997 32003 10177 20085 30043 40184 57009 80031=
 22768 42897 52006 10172 20089 30093 40141 57012 82038 333 91010
 91110=
 22798 42998 22004 10179 20091 30087 40193 57007 80001=
 22375 46/// /2404 10147 20129 30035 40049 52008 333 91113=
 23207 42999 62204 10164 20115 30029 40050 57014 82044=
 23215 42998 22209 10148 20121 39977 40061 57018 80001 333 91013
 91113=
 23219 NIL=
 27095 NIL=
 22408 12699 72303 10112 20101 39926 40069 52013 60012 85930 333  
 20106 31009 85934=
 22511 12598 42303 10115 20097 39960 40076 52016 60012 82506 333  
 20111 31010=
 22529 11467 82302 10136 20125 30072 40078 52007 60012 78082 889//
 333   20136 32013 88919=
 22602 12478 72402 10117 20100 39872 40088 52013 60032 86930 333  
 20111 86914 31011=
 22621 12898 72302 10127 20122 39954 40087 52007 60022 87070 333  
 20127 31///=
 22619 11582 72602 10126 20120 39938 40090 52011 60032 70282 83530
 333   20124 31012=
 22721 11497 83001 10132 20126 30003 40097 52014 60072 78082 889//
 333   20131 31013 86919=
 22727 12468 83002 10139 20134 30058 40104 52016 60092 886// 333  
 20138 32/// 88712=
 22717 12598 72502 10125 20121 39922 40111 52014 60092 83531 333  
 20124 31///=
 22802 11999 22301 10141 20134 30093 40115 52015 60112 70181 82030
 333   20130 32013=
 22820 11360 82502 10153 20149 39973 40102 52014 60122 76162 8552/
 333   20152 85607 32015=
 22831 11437 82001 10146 20135 30050 40103 57002 60042 78182 889//
 333   20145 32012 88918=
 22805 11598 52403 10139 20134 30100 40119 52019 60112 70262 82531
 333   20133 32013=
 22912 11599 82703 10140 20132 30110 40125 52029 60182 72162 8357/
 333   20140 32015=
 
