21:31:00 MSK 13.08.2023
020 123456/=о000=1831
 унту01 бтул 131800
 22686 82998 10000 10181 20161 30101 40195 56002 80009=
 22695 NIL=
 22996 82998 21501 10195 20167 30035 40210 54001 81048=
 23220 42999 41802 10186 20145 30034 40167 57005 82031=
 23226 42960 62102 10205 20140 39966 40166 57005 86030=
 23305 41699 63502 10201 20199 30169 40195 51002 70298 82235=
 23320 66/// /2102 10170 20155 30112 40181 57004 60002 333 10279=
 23324 42582 72602 10209 20169 30106 40178 56002 81942=
 23405 41958 50000 10182 20179 30101 40195 57001
 71022 82032=
 23410 66/// /2603 10218 20153 30091 40181 57002 60002 333 10282=
 23411 42599 82901 10209 20184 30105 40188 53003 885// 333 91110=
 23412 42699 72901 10219 20176 30094 40184 54000 82581=
 23416 NIL=
 23418 42665 30000 10216 20156 30119 40187 57003 83900=
 23501 NIL=
 23503 42698 73001 10175 20162 30145 40192 53002 82931=
 23507 86/// /0000 10215 20153 39905 40194 57005=
 23509 42698 61801 10203 20185 30119 40191 57003 81104=
 23514 42597 52301 10187 20160 30009 40193 57004 82403=
 23518 42697 81701 10172 20154 30106 40192 57005 81179 555 53007=
 23606 42760 82201 10214 20166 30042 40197 57004 83402=
 23612 NIL=
 23701 42981 42001 10187 20174 30083 40204 57002 81045=
 23704 66/// /0000 10190 20184 30091 40202 58283 60002 333 10301=
 23707 82598 61801 10211 20162 30078 40201 57002 82505=
 23708 42984 61901 10181 20148 30070 40211 57002 80001=
 23709 82998 60000 10186 20137 30030 40212 57004 80001=
 23711 42998 42801 10178 20154 30044 40204 57004 80005=
 23803 42999 20000 10196 20159 30046 40215 54000 82030=
 23804 82997 10000 10179 20167 30070 40207 57004 80001=
 23807 41997 12201 10204 20171 30059 40210 57003 71100 80001=
 23808 86/// /1202 10167 20152 30059 40219 57003=
 23812 82997 61901 10156 20118 30061 40216 57002 80001=
 23904 42966 00000 10152 20151 30069 40219 54000=
 23905 82999 02102 10205 20136 30005 40219 57003 555 50213=
 23909 82998 11802 10191 20139 39991 40223 57003 80001=
 23912 82998 20501 10149 20122 30044 40228 54001 80001 555 50180=
 23913 82999 13001 10112 20099 30012 40235 52003 80005 555 50155=
 23914 82999 61802 10212 20107 39983 40224 57003 80001=
 28013 82998 12002 10214 20119 30006 40222 57011 80001 555 50213=
 28016 82/// /0000 10175 20154 30014 40227 57002 555 50200=
 28029 82999 00000 10170 20143 30019 40228 57002 555 50198=
 28116 82999 10901 10169 20136 30009 40229 57001 80005=
 28128 82999 10301 10140 20130 30084 40232 57002 80001 555 50190=
 28134 82998 00000 10132 20120 39900 40238 57002 555 50170=
 28138 43/// /3301 10149 20087 39693 40237 57003=
 28216 82999 02501 10236 20097 39947 40224 57002 555 50228=
 28222 42/// /0000 10155 20117 30046 40233 54001 555 50196=
 28224 82970 01501 10171 20128 30028 40231 57001=
 28234 82998 00000 10170 20109 39967 40232 57002 555 50194=
 28238 82999 02302 10137 20098 39945 40237 57010 555 50163=
 28313 42/// /0000 10169 20107 30049 40232 54001 555 50206=
 28319 82998 21101 10154 20116 30078 40234 57003 80001=
 28321 82999 01901 10215 20125 30035 40226 54001=
 28324 42/// /1001 10157 20120 30115 40231 54001 555 50195=
 28326 82998 20000 10138 20102 30053 40232 57001 80001 555 50186=
 28413 82599 11601 10200 20097 30118 40233 54000 81500 555 50212=
 28428 82999 00000 10162 20121 30057 40234 54000 555 50194=
 28429 42/// /0301 10139 20109 39847 40244 54001 555 50182=
 22983 42998 30000 10185 20179 30105 40204 57002 82031 333 91000
 91105=
 27083 42984 20000 10183 20164 39997 40207 57003 82080 333 91000
 91105=
 27097 42998 00000 10166 20163 39968 40217 57005 333 91000 91102=
 27185 42/// /0000 10183 20168 30035 40209 57006 333 91000 91101=
 27199 42998 20000 10184 20158 30031 40217 57004 81031 333 91000
 91102=
 27281 42982 71002 10215 20155 30009 40203 57006 86071 333 91003
 91103=
 27283 42997 22501 10198 20168 30065 40213 57005 82030 333 91002
 91102=
 27295 42997 20801 10207 20131 39979 40216 57005 80001 333 91003
 91103=
 27296 42997 21301 10211 20131 30015 40219 57002 80001 333 91002
 91105=
 27385 425// 60000 10204 20146 30084 40205 57005 84531 333 91000
 91102=
 27393 42998 21402 10235 20126 30062 40221 57003 80001 333 91003
 91107=
 27480 42598 81202 10231 20133 30082 40202 57005 8753/ 333 91003
 91104=
 28007 42999 01601 10213 20135 39977 40222 57002 333 91001 91101=
 28009 42998 00000 10169 20150 30030 40230 57001 333 91000 91102=
 28105 42998 01301 10213 20129 30039 40220 57004 333 91002 91103=
 28202 42998 12301 10199 20139 30015 40224 56002 81030 333 91001
 91102=
 28302 42997 20000 10188 20136 30010 40226 57004 80001 333 91000
 91102=
 28307 42498 20000 10178 20136 30083 40220 57002 81501 333 91000
 91103=
 28402 42984 51302 10199 20131 30054 40223 57003 80001 333 91003
 91103=
 28502 42997 33201 10174 20092 30124 40223 57002 80001 333 91002
 91104=
 22550 82997 80000 10200 20196 30177 40187 57008 8805/=
 22778 42998 21301 10174 20163 30125 40191 57003 82070=
 22889 42997 00000 10177 20175 30123 40205 57002=
 22762 82996 30000 10192 20191 30149 40186 57007 80009=
 22638 46/// /0801 10193 20178 39954 40167 54010=
 22671 42798 72002 10226 20178 30119 40192 53004 84930=
 22456 41597 80000 10187 20187 30107 40190 57005 72582 884//=
 22583 42698 60000 10207 20180 30114 40189 57005 84871=
 22749 42598 81201 10220 20179 30045 40161 57006 885// 333 88622=
 22951 41598 61502 10206 20147 39902 40165 57008 70282 84930=
 22887 41997 41301 10194 20191 30133 40199 57001 71111 82031=
 22876 42997 60000 10185 20185 30127 40196 57004 86030=
 22481 41598 71301 10194 20183 30145 40194 57002 72582 85970=
 22854 42899 81002 10214 20159 39902 40171 57005 8805/=
 22781 NIL=
 22676 42598 71902 10230 20168 30112 40184 53002 86970=
 22648 42698 51102 10213 20212 30128 40171 57011 81531=
 22559 81998 50701 10200 20184 30173 40189 57008 70282 83031=
 22869 42997 60601 10204 20148 30050 40189 57005 80030=
 22768 42697 51602 10241 20140 30136 40183 57003 82530=
 22798 42598 20401 10202 20171 30096 40202 57003 82400=
 22375 46/// /0301 10150 20142 30182 40197 57005=
 23207 NIL=
 23215 42498 82801 10185 20185 30094 40178 56008 880//=
 23219 NIL=
 27095 NIL=
 22408 12699 71101 10208 20135 30013 40153 57010 60002 83930 333  
 10226=
 22511 11598 80901 10171 20139 30043 40158 57004 69902 72581 8391/
 333   10243=
 22529 11557 81201 10184 20177 30166 40172 57007 69902 71082 889//
 333   10221 88924=
 22602 11477 70902 10180 20151 39934 40146 57012 60012 70281 86930
 333   10232 86916=
 22621 12998 20801 10190 20179 30030 40161 57011 60002 82030 333  
 10203=
 22619 12480 70803 10194 20182 39998 40147 57012 60002 82570 333  
 10207=
 22721 12698 61301 10207 20185 30057 40149 57012 69942 83530 333  
 10231=
 22727 12970 80603 10218 20197 30089 40133 57013 69932 8807/ 333  
 10242=
 22717 12998 50602 10212 20193 39948 40128 5//// 60002 85030 333  
 10233=
 22802 11581 70602 10212 20197 30099 40121 57005 60042 71798 86931
 333   10262 85932=
 22820 12567 71104 10218 20195 30002 40129 57014 69902 82530 333  
 10233=
 22831 11698 70801 10227 20185 30091 40142 57007 69932 72582 83931
 333   10266=
 22805 11498 80702 10217 20197 30098 40122 57005 60012 79798 883//
 333   10268=
 22912 12599 80502 10223 20189 30096 40110 57008 60002 8257/ 333  
 10272=
 
