09:31:00 MSK 13.11.2023
020 123456/=о000=0631
 унту01 бтул 130600
 22686 42398 80703 11050 21062 30059 40161 58030 886// 333 21057 85709=
 22695 42998 80806 11062 21079 30002 40160 57028 8805/ 333 91111=
 22996 41394 81203 10005 20005 39903 40088 58027 78482 889// 333 86707=
 23220 41697 82803 11052 21078 30095 40241 52016 72272 885// 333 21058 88641=
 23226 41560 82704 11060 21099 30016 40238 52020 77072 885// 333 21061 
 88626 91110=
 23305 42999 30000 11138 21148 30231 40261 58007 83030 333 21140=
 23320 66/// /2201 11060 21060 30192 40268 52010 60002 333 21061=
 23324 42981 72701 11079 21088 30186 40267 52010 87070 333 21083=
 23405 41250 51002 11072 21077 30147 40250 57008
 71042 85600 333 21072 85705=
 23410 66/// /1601 11080 21092 30163 40264 54000 60002 333 21082=
 23411 41/93 90501 11127 21136 30172 40267 57001 74541 333 20129=
 23412 42999 21901 11078 21087 30164 40266 58001 82030 333 21091=
 23416 NIL=
 23418 41/03 90000 11067 21072 30191 40267 58001 74942
 333 21071=
 23501 NIL=
 23503 42998 31901 11143 21158 30205 40259 57005 80001 333 21162=
 23507 86/// /1102 11088 21090 39903 40228 57018 333 21095=
 23509 42998 80901 11069 21089 30168 40249 58009 8802/ 333 21071=
 23514 41995 80901 11113 21121 30052 40260 57005 72841 85015 333 21132=
 23518 41498 80502 11067 21074 30165 40260 57003 70272 8677/ 333
 84710 555 53003=
 23606 42262 80903 11063 21063 30062 40235 57012 886// 333 88706=
 23701 42499 80704 11065 21070 30057 40191 57024 8802/ 333 21067
 88511=
 23704 66/// /0704 11021 21021 39522 49635 53004 60002 333 21029=
 23707 81397 80804 11006 21012 30012 40145 57026 77177 8872/ 333 86709  93603=
 23708 41383 80804 11019 21032 30032 40184 58020 70272 886// 333 88709=
 23709 41497 80702 11028 21043 30011 40208 58017 77172 885// 333 21028 88610=
 23711 41394 80702 11068 21076 30065 40241 57004 71087 886// 333 21072 88709=
 23803 41499 81004 11007 21020 30011 40194 58020 70272 886// 333 88712=
 23804 41296 80903 10003 21002 39992 40138 57028 77172 887// 333 86706=
 23807 41496 81005 10001 20001 39959 40120 57031 77172 8572/ 333 85711
 91010 91110=
 23808 86/// /0803 11002 21002 39989 40159 57027 333 21002=
 23812 41496 81001 11012 21016 30061 40226 57007 78582 889//=
 23904 41323 81203 10006 20003 39963 40120 57032 77372 8772/ 333 87707
 91111=
 23905 41596 81001 11003 21005 39925 40154 57026 77372 8802/=
 23909 41295 80904 11007 21009 39932 40179 57025 77372 8872/=
 23912 41495 81302 11002 21006 30022 40216 57010 77772 886// 333
 21004=
 23913 41595 81203 11002 21004 30002 40234 57003 77172 8872/=
 23914 81/93 91204 11008 21009 39952 40212 57013 77375 333 93603
 96045=
 28013 41395 81104 11005 21014 39951 40185 57025 78682 889//=
 28016 41595 81204 11003 21003 39943 40170 58032 78682 889// 333
 21006=
 28029 41496 81404 11003 21005 39992 40214 57013 77372 8872/=
 28116 41493 81203 11003 21005 39937 40169 57035 77374 8872/ 333
 96044=
 28128 41595 81104 10001 21002 30049 40204 57024 77372 8802/=
 28134 41597 81401 10000 21014 39875 40231 57010 77072 8652/=
 28138 41596 81602 11017 21019 39671 40249 57004 78584 883//=
 28216 41898 81407 10001 21002 39877 40177 57029 72372 8802/ 333 91013
 91113=
 28222 41596 81403 10005 21000 30011 40208 58023 77172 8872/=
 28224 41459 81404 10009 20002 39988 40203 57027 78082 889//=
 28234 42597 81603 10009 21012 39953 40235 58013 885//=
 28238 42599 81302 10002 21014 39942 40250 57002 885//=
 28313 41496 81404 10012 20001 39983 40176 58028 76376 8872/ 333
 91110=
 28319 41496 81404 10021 20010 30025 40188 57019 76176 8802/=
 28321 41599 81504 10008 20004 39988 40193 56026 70272 8802/=
 28324 41497 81504 10029 20005 30077 40198 58018 75165 885//=
 28326 41597 71303 10014 20003 30029 40217 57022 78082 87300=
 28413 41497 81404 10022 20003 30053 40175 57026 76162 8777/ 333 91011
 91111=
 28428 41597 81704 10025 20006 30032 40217 56020 76062 8802/=
 28429 42598 81203 10011 21008 39815 40230 58019 885//=
 22983 41412 81003 10005 20001 39962 40067 57028 78682 889// 333 91006
 91108=
 27083 41456 81204 10002 21003 39842 40064 57024 77176 8872/ 333 91007
 91110=
 27097 41438 81204 11000 21000 39817 40079 56023 78576 889// 333 91007
 91110 93402=
 27185 41597 81202 10007 20003 39874 40057 56023 76162 885// 333 91005
 91108=
 27199 41298 81304 10008 20003 39891 40087 57023 72176 8872/ 333 91008
 91108=
 27281 41/09 91306 10012 20011 39832 40037 57022 75363 333 91011 91111
 96047=
 27283 41458 81604 10012 20010 39909 40064 57020 76076 8872/ 333 91009
 91109=
 27295 41598 81303 10007 21002 39831 40082 56018 70272 885// 333 91006
 91111=
 27296 41450 81405 10007 21005 39876 40093 57021 75175 886// 333 91009
 91113=
 27385 414// 81505 10033 20028 39926 40053 57018 71062 8477/ 333 91008
 91109=
 27393 41496 81607 10014 20005 39932 40102 57019 75185 886// 333 91011
 91112=
 27480 41398 81406 10047 20036 39914 40040 57019 72052 886// 333 91013
 91113=
 28007 41339 81502 11002 21007 39850 40112 57024 77374 886// 333 88707
 91004 91104 93603=
 28009 41441 81002 10003 21007 39927 40138 57025 78582 889// 333 91004
 91108=
 28105 41459 81403 10004 21002 39915 40108 57022 75175 886// 333 91008
 91109=
 28202 41558 81705 10005 21008 39903 40125 56018 76176 885// 333 91010
 91110=
 28302 41597 81505 10007 21003 39899 40128 55014 76176 8802/ 333 91009
 91112=
 28307 41497 81305 10017 20005 39959 40103 57015 76162 887// 333 91009
 91110=
 28402 41498 81606 10018 20008 39948 40126 57010 72176 886// 333 91009
 91110=
 28502 41496 81605 10026 20007 30033 40136 55006 76162 8872/ 333 91007
 91110=
 22550 82397 80604 11060 21065 30113 40123 57024 886// 333 88708=
 22778 41496 80905 10007 21010 30000 40069 57030 78582 889// 333 85615
 91110=
 22889 41496 80805 10007 20006 39995 40082 57030 77172 8872/ 333 88511
 91110=
 22762 41396 80602 11017 21021 30036 40075 57030 77172 8872/=
 22638 46/// /0603 11042 21049 39833 40061 57029=
 22671 42498 80805 11049 21060 30053 40134 57030 889// 333 85910
 91110=
 22456 42/// /0701 11061 21061 30073 40163 58025=
 22583 42998 60701 11070 21078 30111 40195 57023 80001=
 22749 41495 80704 11005 21005 39893 40018 57027 78082 889// 333 21005
 88914 91110=
 22951 41497 80804 11004 21006 39710 49989 57024 77172 8772/ 333
 21004=
 22887 41295 80503 10006 20001 39998 40068 57032 77387 8872/ 
 333 86706=
 22876 41496 80806 10003 20003 39990 40062 57031 78582 889// 333 20003
 88914 91010 91113=
 22481 42998 20702 11093 21102 30152 40208 57021 81031 333 21106
 93525=
 22854 41295 80604 11006 21006 39721 40009 57027 77372 8872/ 333 21006
 87704=
 22781 NIL=
 22676 42498 81004 11038 21055 30053 40132 57028 885//=
 22648 41396 80703 11023 21024 30022 40069 57029 78582 889// 333 88908
 91110=
 22559 42598 80804 11038 21052 30108 40125 57028 885// 333 88625
 91110=
 22869 41494 80904 11001 21005 39873 40021 57031 78682 889// 333 21001
 86710 91111=
 22768 41396 80705 10004 21003 39994 40043 57029 77176 8872/ 333 86707
 91110=
 22798 41496 80703 11006 21006 30015 40128 57028 77172 8802/=
 22375 46/// /1001 11137 21153 30197 40213 57019=
 23207 41992 20000 11177 21194 30230 40255 57004 74640 82030 333
 21195=
 23215 42698 72401 11085 21088 30167 40261 52005 87500=
 23219 NIL=
 27095 66/// /1305 10002 21029 39872 40212 55022 60002 333 21010 91110=
 22408 12484 80603 11031 21042 39975 40127 57019 60002 885// 333  
 21049 47018 88612 93507=
 22511 12498 80403 11027 21040 39985 40108 57023 69902 886// 333  
 21055 47017 88614 93512=
 22529 12599 80805 11016 21033 30087 40094 57027 60002 885// 333  
 21020 43012 88626 91110=
 22602 11457 80504 11031 21044 39850 40078 57020 69902 77172 885//
 333   21037 47014 88611=
 22621 11465 80603 11031 21041 39935 40076 57023 69932 726// 884//
 333   21032 47017 88611=
 22619 11481 80605 11026 21039 39897 40058 57022 69902 70272 885//
 333   21028 47011 88614 91010 91112=
 22721 11396 80501 11029 21040 39948 40047 57025 69922 78582 889//
 333   21029 47011 86709=
 22727 11910 80204 11014 21017 39968 40016 57017 60032 77500 8807/
 333   21014=
 22717 11496 80304 11024 21034 39819 40018 57015 69902 77100 8872/
 333   21024 47002 86711 91111=
 22802 11469 80205 11008 21021 39985 40008 57015 69902 78582 889//
 333   21008 86917 91110=
 22820 11218 80605 11009 21013 39865 40001 57021 60072 77373 8872/
 333   21009 47999 86704 91111 92982=
 22831 11497 80603 11004 21015 39941 49996 57024 60022 77172 8802/
 333   21005 47002 88514 91111=
 22805 11495 80204 11001 21002 39972 49997 57013 60012 77172 8872/
 333   21001 43001 91111 93701=
 22912 11356 80304 10010 21002 39953 49968 57014 60022 76876 8872/
 333   20010 86707=
 
