12:31:00 MSK 16.10.2023
010 111/=о000=0931
 уйту01 бтул 160900
 22686 42598 82104 10058 20011 39866 49962 52020 8653/ 333 86622 91112=
 22695 42598 62402 10059 21002 39804 49952 52021 85501 333 91111=
 22996 42598 72203 10090 20068 39839 40017 52005 86930 333 84628=
 23220 41295 82502 10022 20019 39800 49937 52018 75165 886// 333 88705=
 23226 41121 82103 10018 20015 39721 49930 52016 71042 886// 333 88703=
 23305 42699 62004 10068 20046 39887 49913 53017 83530 333 91110=
 23320 86/// /2305 10071 20054 39877 49947 52016=
 23324 42481 82204 10062 20047 39867 49942 52014 886// 333 88713=
 23405 41578 61904 10073 20046 39830 49924 52012 70282
 82931=
 23410 86/// /1705 10059 20041 39847 49940 52017 333 91111=
 23411 42499 82105 10060 20047 39844 49930 52016 889// 333 91110=
 23412 42499 82104 10064 20046 39847 49940 52016 887// 333 86711=
 23416 NIL=
 23418 41560 82204 10066 20050 39892 49962 52018 78082 
 8695/ 333 86920=
 23503 42498 62104 10074 20039 39896 49944 53012 86900 333 85918 91110=
 23507 86/// /2304 10051 20040 39645 49944 52016=
 23509 NIL=
 23514 41497 72204 10065 20048 39775 49964 52019 70282 87900 333 87918 91110=
 23518 42598 82205 10068 20042 39897 49985 52018 885// 333 88623=
 23606 42462 82202 10066 20040 39810 49975 52017 885// 333 88615=
 23701 42484 72104 10068 20043 39857 49982 52013 82981=
 23704 86/// /2203 10075 20057 39736 49848 53037=
 23707 82598 72305 10080 20045 39862 49989 52012 86901 333 84624 91110=
 23708 42498 82103 10072 20044 39861 40005 52013 8695/ 333 86918=
 23709 82598 72103 10084 20042 39824 40009 52010 86330 333 86921=
 23711 42498 82002 10075 20056 39844 40007 52014 87905 333 85915=
 23803 42599 82403 10088 20040 39842 40014 51010 83961=
 23804 82497 62103 10081 20053 39862 40001 52010 84970=
 23807 42497 72205 10083 20063 39855 40010 52013 86931 333 85912=
 23808 86/// /2004 10090 20057 39859 40020 52008=
 23812 42597 62103 10097 20048 39868 40024 52009 82109=
 23904 42470 82102 10097 20069 39872 40022 51004 82532=
 23905 42999 62002 10101 20070 39811 40029 52006 80005=
 23909 42498 81902 10102 20077 39804 40039 52005 86551=
 23912 42498 82102 10098 20082 39859 40043 51013 82531=
 23913 42599 83301 10107 20080 39826 40045 52011 885//=
 23914 82498 72401 10101 20089 39799 40045 52013 8597/=
 28013 42598 82103 10111 20084 39823 40044 51011 889//=
 28016 41499 82202 10105 20093 39835 40050 52014 70282 889//=
 28029 41496 82304 10104 20098 39849 40059 52014 76362 8872/=
 28116 41397 82602 10098 20093 39840 40062 52012 76162 8872/=
 28128 41597 82002 10096 20093 39922 40070 52013 76062 8802/=
 28134 41495 82002 10105 20098 39735 40071 52013 76262 8872/=
 28138 41596 82205 10096 20089 39535 40080 52012 71062 887// 333
 91111=
 28216 41497 82004 10118 20091 39788 40072 52008 75052 886// 333
 91110=
 28222 42897 82103 10122 20099 39888 40074 51010 8807/=
 28224 42468 72204 10142 20090 39875 40077 52007 87900 333 91110=
 28234 42597 72004 10134 20090 39820 40085 52008 86540 333 91111=
 28238 42599 52206 10138 20081 39801 40089 52006 83120 333 91012
 91114=
 28313 42598 62005 10153 20092 39895 40076 52002 86500=
 28319 42998 02104 10163 20083 39938 40092 52001=
 28321 42899 52004 10150 20094 39886 40078 52010 84032 333 91111=
 28324 42999 02206 10169 20064 39975 40089 54001 333 91011 91111=
 28326 42598 22206 10158 20091 39914 40089 52001 82500 333 91013
 91113=
 28413 42999 12103 10165 20068 39978 40093 54000 80005 333 91110=
 28428 42999 02107 10160 20073 39938 40113 54000 333 91012 91112=
 28429 42698 22207 10154 20079 39725 40115 52002 81130 333 91012
 91112=
 22983 42498 72402 10082 20055 39906 40007 52003 85930 333 91004
 91106=
 27083 42599 72003 10083 20057 39804 40018 52001 87800 333 91005
 91106=
 27097 42498 81903 10093 20080 39779 40030 50003 8597/ 333 91005
 91106=
 27185 42698 82001 10101 20078 39856 40032 58001 8352/ 333 91002
 91104=
 27199 42998 82201 10104 20075 39853 40042 52001 8807/ 333 91003
 91106=
 27281 42482 81903 10098 20075 39834 40032 57004 885// 333 91005
 91105=
 27283 42598 82002 10101 20076 39888 40038 58001 885// 333 91004
 91105=
 27295 41570 81802 10092 20080 39805 40048 57001 78082 889// 333 91004
 91105=
 27296 41461 81901 10100 20085 39838 40047 52001 76062 8872/ 333 91003
 91104=
 27385 414// 82401 10095 20090 39921 40045 57003 76162 8872/ 333 91002
 91104=
 27393 41497 82004 10105 20091 39893 40057 57003 78082 8697/ 333 91007
 91107=
 27480 41498 81401 10100 20099 39920 40043 57010 72582 889// 333 91002
 91103=
 28007 42499 81902 10100 20077 39788 40040 52005 883// 333 88917 91004
 91105=
 28009 42498 82103 10111 20075 39846 40047 52006 8595/ 333 91006
 91107=
 28105 42498 82002 10101 20077 39860 40045 52002 888// 333 91004
 91105=
 28202 41447 81803 10094 20084 39841 40054 52003 76165 886// 333 91003
 91105=
 28302 41598 81702 10106 20092 39842 40061 52002 70262 8457/ 333 91004
 91107=
 28307 41998 31603 10159 20078 39914 40050 58008 70261 82071 333 91008
 91108=
 28402 42998 21907 10160 20075 39891 40060 57008 80005 333 91012
 91112=
 28502 42998 41806 10168 20075 39979 40077 57005 80001 333 91010
 91113=
 22550 82597 72004 10044 20003 39887 49897 52017 87500 333 87625
 91110=
 22778 42598 72302 10062 20009 39906 49973 52012 86570=
 22889 42/// /2003 10090 20061 39920 40003 52005=
 22762 42598 72203 10061 20000 39914 49951 52010 87900=
 22638 46/// /2404 10027 21006 39688 49908 52013=
 22671 42598 62204 10040 21001 39852 49929 52018 85930 333 85927=
 22456 41597 82203 10039 20003 39787 49872 52020 70282 885// 333
 91111=
 22583 41598 62302 10047 20005 39851 49929 52023 72588 86500=
 22749 NIL=
 22951 42598 72203 10060 20001 39704 49977 52002 87200=
 22887 42699 71604 10080 20056 39924 49991 52007 8653/ 
 333 86636=
 22876 42597 72204 10082 20031 39917 49987 52007 87500 333 87623
 91110=
 22481 42/// /2007 10036 20008 39848 49899 52023 333 91014 91114=
 22854 42499 82105 10046 20002 39682 49963 51004 889// 333 86711
 91110=
 22781 NIL=
 22676 41596 72305 10045 20012 39868 49943 52016 78082 87900 333
 91010=
 22648 NIL=
 22559 42598 82203 10042 21000 39896 49912 52014 8497/ 333 91110=
 22869 42597 72403 10067 20020 39844 49988 52005 85930 333 85923=
 22768 41597 62305 10061 20009 39912 49961 52007 72582 82901 333
 91110=
 22798 42598 62302 10073 20040 39880 49989 52010 85530 333 91110=
 22375 46/// /2208 10040 20002 39852 49866 52022 333 91114=
 23207 41599 72404 10048 20039 39867 49889 52016 72582 86950=
 23215 NIL=
 23219 NIL=
 27095 86/// /2104 10096 20086 39818 40038 51004=
 22408 42499 82804 10026 20009 39708 49853 52017 883// 333   88912=
 22511 41465 82504 10029 20010 39741 49858 52017 72522 8791/ 333  
 87916=
 22529 42599 72205 10045 20009 39865 49872 52013 86502 333   86623
 91010 91112=
 22602 41258 82503 10026 20015 39667 49886 52017 75085 886// 333  
 88706=
 22621 83/68 /2206 10037 20010 39751 49886 52013 333   91110=
 22619 42583 72404 10038 20003 39741 49895 52012 87500 333   87624
 91113=
 22721 42598 72702 10038 20010 39817 49913 52008 87900 333   85627=
 22727 86570 /2505 10054 20012 39888 49934 52006=
 22717 83/70 /2303 10032 20011 39743 49935 52010=
 22802 42599 62403 10055 20013 39925 49948 52011 85530 333   85628=
 22820 42570 72404 10054 20007 39808 49940 52008 87500 333   87630
 91110=
 22831 42598 72503 10050 20011 39894 49948 52011 86930 333   86924=
 22805 42598 32507 10056 20032 39934 49958 52010 82531 333   91011
 91113=
 22912 42599 72505 10055 20013 39950 49965 52010 87800 333   91111=
 
