06:31:00 MSK 05.04.2023
020 123456/=о000=0331
 уйту01 бтул 050300
 22686 11496 83203 11015 21029 30117 40218 53004 69922 77172 8652/ 333 21017 43049 55009 86614 555 53006 7992/=
 22695 11497 83103 11009 21032 30040 40195 53003 69932 77172 8552/ 333
 21011 43046 85619 555 53005 7993/=
 22996 12999 60000 11013 21025 39989 40182 57001 60002 84071 333 21014
 42020 55117 555 53004 7000/=
 23220 12599 50801 11122 21167 30023 40173 57020 60002 82530 333 21162 46089 55123 555 53005 7000/=
 23226 12960 02004 11151 21178 39946 40174 57019 60002 333 21168 48062 
 555 53005 7000/=
 23305 12999 22501 11064 21154 30171 40200 57009 60002 82030 333 21076
 47030 555 53003 7000/=
 23320 76/// /2403 11023 21093 30108 40182 57018 333 21057 60002 555 53008 7000/=
 23324 12983 62301 11048 21096 30099 40178 57019 60002 86070 333 21094
 49045 55122 555 53004 7000/=
 23405 11968 62001 11030 21043 30101 40204 57007 69932 
 70272 86030 333 21031 47057 55099 555 53005 7993/=
 23410 76/// /1904 11037 21054 30084 40183 58015 333 21062 60002 555 7000/=
 23411 11599 62302 11035 21051 30098 40189 57012 69902 72272 86020 333
 21036 48049 555 53005 7990/=
 23412 12999 82202 11034 21063 30085 40184 57015 60002 8805/ 333 21049 47056 55121 555 53005 7000/=
 23416 NIL=
 23418 11922 80000 11030 21054 30117 40193 57012 60022 
 77372 8802/ 333 21035 48063 55130 555 53005 7002/=
 23501 NIL=
 23503 11497 83601 11021 21031 30147 40197 55003 60022 77072 8372/ 333
 21063 48056 555 53006 7002/=
 23507 66/// /0103 11017 21023 39887 40202 57003 60002 333 21018 555 53005 7000/=
 23509 12998 83401 11013 21053 30112 40191 57009 60002 8802/ 333 21025
 48063 555 53003 7000/=
 23514 12597 80000 11017 21066 39994 40194 57012 60002 885// 333 21037 43073 55123 88630 555 53003 7000/=
 23518 12998 82501 11035 21075 30093 40187 57019 60002 8807/ 333
 21051 3/105 47069 55119 555 51017 7000/ 91207=
 23606 12962 70000 11024 21047 30017 40186 57012
 60002 85031 333 21041 43054 55095 555 53003 7000/=
 23612 12998 51802 11003 21041 30052 40188 57017 60002 83031 333 
 21039 47053 555 53004 7000/=
 23701 12999 70000 11026 21050 30067 40199 57003 60002 82049 333 21033
 43041 555 53004 7000/=
 23704 76/// /0000 11043 21043 39926 40039 55004 333 21048 60002 555 51013 7000/=
 23707 62999 40801 11019 21041 30051 40186 57004 60002 82041 333 21030 47024 55031 555 53005 7000/=
 23708 12984 83601 11024 21041 30035 40187 57009 60002 80074 333 21039
 48023 555 53003 7000/ 91206=
 23709 12998 80000 11043 21053 39993 40191 57012 60002 85065 333 21053
 42026 555 53001 7000/=
 23711 12998 50000 11034 21048 30014 40187 57017 60002 80001 333 21049 55106 555 53003 7000/=
 23803 12999 71001 11002 21041 30009 40191 57011 60002 82035 333 21009 42025 55092 555 53004 7000/=
 23804 62997 60000 11021 21029 30036 40184 57005 60002 82031 333 21033 43027 55070 555 53003 7000/=
 23807 12997 63301 11007 21019 30022 40185 57002 60002 82039 333 21010
 46004 55113 555 53004 7000/=
 23808 66/// /0000 11027 21035 30016 40188 57007 60002 333 21039 555 7000/=
 23812 12997 60000 11023 21035 30027 40193 57018 60002 82031 333 21039
 43046 555 53004 7000/=
 23904 12968 81101 11009 21015 30024 40183 57004 60002 85075 333 21024
 42003 555 53003 7000/=
 23905 12899 80000 10002 21019 39954 40183 57006 60002 8801/ 333 21009
 3/104 42009 555 53002 7000/=
 23909 12898 81501 10001 21019 39939 40186 57009 60002 8807/ 333 21010
 3/103 41004 55066=
 23912 12998 80000 11007 21023 39998 40192 57015 60002 80005 333 21019
 3/104 47023 555 53005 7000/=
 23913 12999 10000 11025 21047 39975 40209 57014 60002 81001 333 21034
 3/105 43037 55076 555 53008 7000/=
 23914 12999 81402 10003 21021 39932 40191 57015 60002 80007 333 21005
 3/103 43010 55094=
 28013 12998 81501 11003 21033 39952 40185 57010 60002 80007 333 21008
 3/104 41998 555 53004 7000/=
 28016 12999 80000 11011 21024 39959 40187 57009 69902 80005 333 21012
 3/104 42008 555 53003 7990/=
 28029 12999 61201 10016 21017 39968 40188 57012 60002 80005 333 21011
 3/101 41002 55130 555 53008 7000/=
 28116 12999 80000 11001 21016 39954 40187 57012 60002 80005 333 21016
 3/103 41007 55089=
 28128 12999 80000 10002 21017 30036 40191 57011 60002 80005 333 21012
 3/104 42008 55098 555 53005 7000/=
 28134 12998 80000 11015 21023 39845 40201 57010 60002 80005 333 21026
 3/105 42013 555 53007 7000/=
 28138 12999 83602 11008 21020 39634 40207 57013 60002 80005 333 21031
 3/103 44031 55049=
 28216 12999 71002 10038 21020 39888 40184 57009 60002 80005 333 20032
 31001 555 53006 7000/=
 28222 12898 80000 11004 21018 39994 40191 57013 60002 85055 333 21015
 31100 555 53005 7000/=
 28224 12970 80000 10010 21021 39973 40188 57012 60002 80005 333 21013
 3/101 41998 55100=
 28234 12898 60000 10004 21026 39915 40196 57011 60002 86030 333 21006
 31106 555 53006 7000/=
 28238 12899 80000 11011 21027 39898 40205 57011 60002 83024 333 21036
 3/102 41998 55092 555 53004 7000/=
 28313 12998 80000 10001 21021 39995 40189 57008 60002 80005 333 21019
 34101 555 53003 7000/=
 28319 12599 60000 11005 21019 30023 40188 57009 60002 85550 333 21019
 32001 41998=
 28321 12999 60000 10013 21018 39982 40187 57010 60002 80005 333 20002
 3/100 41998=
 28324 12899 81101 11009 21037 30066 40188 56008 60002 83045 333 21021
 34102 555 53002 7000/=
 28326 12998 50000 11006 21020 30002 40191 57010 60002 80001 333 21038
 3/101 41998 55101 555 53006 7000/=
 28413 12899 80000 10013 21022 30061 40184 55005 60002 86074 333 20006
 31001 555 53002 7000/=
 28428 12999 83301 11002 21035 30001 40188 57006 60002 80001 333 21023
 3/101 41998 555 53003 7000/=
 28429 12998 60000 10022 21032 39780 40193 57008 60002 80001 333 21016
 34101 555 53003 7000/=
 22983 12998 52502 11022 21028 30086 40193 52004 60002 82031 333 21030
 43018 55116 91002 91102 555 53002 7000/=
 27083 12999 50000 11008 21020 39955 40180 52001 60002 84039 333 21016
 42007 91000 91101 555 53002 7000/=
 27097 12565 80000 11005 21012 39917 40182 57001 60002 82538 333 21008
 42004 91000 91101 555 53002 7000/=
 27185 12698 60000 10003 21011 39993 40179 58001 60002 86500 333 21005
 41998 91000 91101 555 53001 7000/=
 27199 12998 80000 10048 21002 39980 40176 57002 60002 8807/ 333 20042
 41998 55110 91000 91102 555 53003 7000/=
 27281 12982 83301 10005 21019 39967 40176 57002 60002 81037 333 20004
 31001 91001 91102 555 53004 7000/=
 27283 12598 80000 10039 20016 30018 40173 57001 60002 885// 333 20035
 91000 91102 555 53003 7000/=
 27295 12598 80000 10064 21018 39925 40174 57003 60002 885// 333 20055
 42005 91000 91102 555 53003 7000/=
 27296 12998 81301 10033 21014 39957 40174 57003 60002 8807/ 333 20016
 41002 55115 91002 91102 555 53003 7000/=
 27385 129// 80000 10031 20008 30043 40171 54000 60002 86031 333 20031
 31003 91000 91101 555 53002 7000/=
 27393 12598 61001 10024 21015 30009 40180 57002 60002 82541 333 20019
 42011 55111 91002 91103 555 53004 7000/=
 27480 11998 00000 10021 20012 30043 40172 57001 60002 71100 333 20013
 32002 91000 91101 555 53004 7000/=
 28007 12999 81401 10034 21029 39917 40178 57006 60002 8805/ 333 20033
 42009 55103 91002 91102 555 53002 7000/=
 28009 12998 83301 11007 21029 39973 40186 57006 60002 8805/ 333 21012
 34100 91001 91101 555 53001 7000/=
 28105 12598 80000 10004 21023 39979 40181 57003 60002 8212/ 333 21007
 41001 91000 91101 555 53003 7000/=
 28202 12978 80000 10012 21031 39957 40179 57003 60002 82034 333 20012
 42022 91000 91103 555 53003 7000/=
 28302 12998 80000 10013 21025 39947 40177 57005 60002 84031 333 20012
 42007 91000 91102 555 53003 7000/=
 28307 12998 50000 10007 21019 30030 40176 57003 60002 81031 333 20006
 31000 91000 91102 555 53002 7000/=
 28402 12998 82601 10035 21004 39995 40173 57003 60002 8807/ 333 20019
 31003 91002 91102 555 53003 7000/=
 28502 12998 82802 10019 20001 30069 40173 57002 60002 8805/ 333 20012
 31001 55115 91002 91103 555 53004 7000/=
 22550 62997 02101 11106 21118 30256 40267 52005 60002 333 21127 47046
 55035 555 53005 7000/=
 22778 12998 83201 11003 21045 30152 40222 52012 60002 8807/ 333 21016
 43034 55000 555 53004 7000/=
 22889 12897 52601 11016 21016 30108 40196 52005 60002 85040 333 21028 42003 555 53003 7000/=
 22762 12/// /3101 11015 21026 30207 40247 52012 60002 333 21015 555
 53005 7000/ 91205=
 22638 46/// /3600 11102 21114 30048 40287 52011=
 22671 12998 10000 11079 21089 30162 40245 52010 60032 81030 333 21082
 3/107 47070 55000 555 53004 7003/=
 22456 12997 00000 11150 21168 30159 40254 54000 60002 333 21180 47060
 555 53002 7000/=
 22583 12998 22902 11046 21118 30142 40225 53004 60002 82070
 333 21046 44071 55037 555 53004 7000/=
 22749 NIL=
 22951 12498 80601 11010 21011 39958 40245 52013 60002 886// 333 21011
 47046 555 53005 7000/=
 22887 12699 83002 11002 21014 30134 40205 53010 60002 8255/
 333 21015 42002 55086 555 53004 7000/=
 22876 12597 72902 11014 21026 30136 40210 52009 60002 82930 333 21024
 47006 555 50008 53005 7000/ 91205=
 22481 12998 32301 11109 21136 30169 40225 57006 60002 83030 333 21196
 48055 555 53004 7990/=
 22854 12398 80102 11012 21019 39955 40250 52012 60002 886// 333 21012
 44053 55000 88707 555 53005 7000/=
 22781 NIL=
 22676 11898 73103 11024 21043 30156 40235 52008 69932 70272 87070 333
 21024 43023 555 53005 7993/=
 22648 NIL=
 22559 12998 03001 11102 21134 30249 40266 53010 60002 333 21105 44053
 55000 555 53005 7000/=
 22869 11997 63001 11010 21011 30077 40228 52011 60002 72842 80035 333
 21015 43019 555 53004 7000/ 91205=
 22768 12597 83503 11006 21023 30186 40237 52012 60002 8357/ 333 21012
 42013 55000 555 53005 7000/=
 22798 12998 62301 11019 21043 30081 40195 54000 60002 82031 333 21033
 43021 555 53003 7000/=
 22375 46/// /2704 11028 30199 40215 57006=
 23207 12499 82101 11165 21188 30161 40185 57017 60002 886// 333 21217
 47032 55121 555 53003 7000/=
 23215 NIL=
 23219 NIL=
 27095 76/// /0000 11012 21012 39958 40190 57002 333 21013 60002 555 53003 7000/=
 22408 22984 13402 11174 21192 30141 40304 52007 80001 333   21176
 55128 60002 555   7000/=
 22511 22998 00000 11175 21194 30167 40300 52008 333   21175 60002
 93501 555   7000/=
 22529 22999 00000 11176 21195 30275 40282 52005 333   21188 60002
 555   7000/=
 22602 22977 02401 11188 21207 30063 40311 52007 333   21191 55126
 60002 555   7000/=
 22621 73/67 /2701 11142 21159 30144 40295 52008 333   21145 55032
 60002 555   7000/=
 22619 22980 22602 11147 21168 30122 40294 52012 82030 333   21150
 55016 60002 555   7992/=
 22721 22998 23001 11060 21101 30181 40284 52010 82030 333   21062
 60002 555   7002/=
 22727 76570 /0102 11013 21050 30226 40275 52010 333   21013 69932
 555   7002/=
 22717 73/70 /0302 11021 21063 30080 40279 52011 333   21021 69912
 555   7002/=
 22802 22699 60501 11007 21048 30246 40270 52009 85530 333   21008
 55011 60002 85646 555   7992/=
 22820 22570 83401 11018 21039 30132 40272 52011 885// 333   21018
 55000 69962 88632 555   7003/=
 22831 22698 73601 11003 21037 30202 40258 52008 87500 333   21004
 55000 69932 87637 555   7002/=
 22805 22598 80303 11007 21029 30247 40267 52006 86531 333   21007
 55012 60002 555   7997/=
 22912 22499 80302 10004 21015 30241 40256 52010 886// 333   20002
 60002 88712 555   7001/=
 
