06:31:00 MSK 13.03.2023
020 123456/=о000=0331
 уйту01 бтул 130300
 22686 11597 81507 10041 20026 39696 49792 57031 60042 76162 8652/ 333 21018 47059 55000 86628 91011 91113 555 53013 7005/=
 22695 11498 81606 10038 20015 39654 49800 57029 60022 70262 885// 333
 21025 43055 88615 91011 91113 555 53013 7006/=
 22996 11498 81905 10048 20033 39728 49907 55005 69942 72582 889// 333
 20011 48062 55001 91012 91115 555 53015 7001/=
 23220 11598 71011 11048 21066 39825 49967 57041 69972 73783 85550 333 21105 47087 55000 91014 91115 555 53015 7001/=
 23226 11420 81511 11059 21074 39760 49977 57038 69992 77173 8402/ 333
 21105 48044 84512 91017 91118 92987 555 53018 7002/=
 23305 11499 81605 10009 20007 39805 49832 57030 60032 72272 885// 333
 21051 43042 88613 91111 555 53012 7005/=
 23320 76/// /1303 11020 21046 39868 49940 57030 333 21053 60002 555 53007 7000/=
 23324 11578 81404 11021 21045 39866 49943 57032 60032 70273 885// 333
 21058 49049 55028 88622 555 53009 7003/=
 23405 11232 81305 10011 20008 39743 49840 57031
 60012 72162 8472/ 333 21041 43062 55000 84706
 555 53013 7002/=
 23410 76/// /1508 10004 21018 39809 49904 57031 333 21057 60002 91012 91113 555 7000/=
 23411 11499 81907 10005 20005 39785 49872 57029 60032 72275 8572/ 333
 21057 48060 91010 91113 93401 555 53013 7004/=
 23412 11499 81706 10002 21013 39803 49898 57032 60022 70262 883// 333 21056 47064 55018 85916 91010 91111  93401 555 53011 7002/=
 23416 NIL=
 23418 11565 71505 10012 21014 39852 49925 57023 60032
 72122 87500 333 21048 43070 55038 87621 91110 555
 53010 7004/=
 23501 NIL=
 23503 12498 81806 10032 21003 39824 49872 57027 69922 885// 333 21045
 44062 88614 91011 91111 555 53013 7001/=
 23507 86/// /1905 10018 20018 39539 49839 57027 333 21058 91112 555 53012=
 23509 12498 81705 10035 20009 39808 49883 57021 69922 880// 333
 21043 88617 91010 91111 555 51037 53011 7002/ 91215=
 23514 12497 81806 10025 21001 39716 49906 57023 60022 885// 333 21057 43074 55016 88617 91011 91112 555 53012 7003/=
 23518 11598 81908 10026 21005 39862 49952 57019 60042 70282
 889// 333 21046 3/106 44079 55029 86625 91011 91115 555 51041 7006/ 91215=
 23606 12460 81807 10036 20007 39742 49908 57020
 60012 885// 333 21042 43071 55011 88617 91011 
 91113 555 53013 7005/=
 23612 12598 81806 10032 21006 39826 49957 57016 60032 8657/ 333 21044
 43072 86622 91012 91115 555 53015 7006/=
 23701 11577 71604 10043 20020 39741 49865 57023 69912 72522 85980 333
 21019 43057 85929 91111 555 53011 7004/=
 23704 76/// /1607 10046 20035 39926 40039 55004 333 21016 60002 91010 91113 555 51021 7000/=
 23707 61597 81708 10047 20027 39737 49864 57023 69922 78082 889// 333 20002 43052 55000 86623 91015 91115 555 53015 7003/=
 23708 11467 81607 10038 20015 39773 49917 57018 69912 76162 8872/ 333 21019 44059 87714 91010 91115 555 53015 7003/ 91215=
 23709 12498 81606 10036 21001 39763 49951 58016 69902 885// 333 21027
 43058 88615 91011 91112 555 53015 7003/=
 23711 12498 81905 10031 20000 39803 49969 57018 69952 889// 333 21034 43075 55028 91010 91112 555 53012 7002/=
 23803 11597 81606 10037 21005 39786 49961 56018 69902 78082 889// 333 21009 43063 55000 88923 91011 91116 555 53016 7996/=
 23804 61597 81804 10049 20024 39745 49884 57022 69942 72582 889// 333 20006 43058 55000 86920 91012 91112 555 53013 7003/=
 23807 11597 81909 10048 20028 39741 49896 56015 69942 72582 8795/ 333
 20010 43040 55000 84622 91014 91115 555 53016 7002/=
 23808 66/// /1507 10043 20026 39776 49939 56017 60002 333 20003 91114 555 7000/=
 23812 12597 82005 10037 21008 39850 40009 57015 69902 889// 333 21016
 43087 91012 91114 555 53014 7990/=
 23904 11480 81806 10050 20027 39782 49933 57009 69992 70282 883// 333
 20009 43053 86916 91013 91115 555 53016 7001/=
 23905 12599 81705 10041 20023 39746 49967 57014 69902 885// 333 20003
 43061 91011 91112 555 53012 7990/=
 23909 12498 81706 10036 20012 39766 40005 57017 69902 885// 333 21011
 43068 55032 91010 91114=
 23912 12898 81806 10040 21001 39849 40037 58018 60002 8807/ 333 21009
 43083 91011 91113 555 53014 7000/=
 23913 12599 71703 10056 21011 39840 40064 57023 60002 84905 333 21019
 47091 55072 91110 555 53011 7000/=
 23914 11498 81807 10031 20001 39791 40044 57019 69902 70282 889// 333
 21013 43077 55051 91011 91113=
 28013 12598 81706 10039 20004 39797 40023 58017 60002 889// 333 21010
 43070 91015 91116 555 53016 7000/=
 28016 12499 81704 10037 20005 39804 40025 57017 60002 889// 333 21005
 43069 91112 555 53012 7000/=
 28029 11599 81807 10047 20002 39858 40073 57020 69902 72122 8657/ 333
 20007 43073 55063 91012 91114 555 53014 7990/=
 28116 11497 81904 10034 20023 39816 40043 57019 69902 76062 8872/ 333
 20001 43087 55038 91111=
 28128 12599 81803 10034 20004 39932 40083 57020 69902 8602/ 333 20000
 43059 55073 91110 555 53011 7990/=
 28134 12698 81703 10036 21003 39761 40107 57018 60002 82571 333 20008
 43082 555 53011 7000/=
 28138 12599 71804 10002 21040 39579 40147 57014 60002 87500 333 21021
 48097 55101=
 28216 11497 81706 10032 20015 39774 40068 57022 69912 75165 886// 333
 20008 43045 91013 91115 555 53016 7991/=
 28222 12898 81705 10044 20005 39904 40096 57020 60002 8807/ 333 20002
 43053 91010 91112 555 53012 7000/=
 28224 12870 81607 10042 20009 39893 40103 57020 60002 82049 333 20012
 43051 55100 91010 91111=
 28234 12599 71705 10038 21010 39860 40135 57015 60002 86570 333 21002
 43051 91010 91112 555 53012 7000/=
 28238 12599 80802 11002 21047 39855 40161 57015 60002 8551/ 333 21028
 43068 55104 555 53006 7000/=
 28313 11597 81707 10046 20019 39890 40079 57023 69972 76162 8802/ 333
 20013 43048 91012 91112 555 53012 7997/=
 28319 12598 71705 10049 20020 39945 40106 57017 60002 82550 333 20018
 43048 91011 91113=
 28321 11598 81804 10041 20013 39893 40093 58019 69932 76162 885// 333
 20014 43052 91010 91112=
 28324 12599 81807 10050 20005 39991 40110 57017 60002 8647/ 333 20020
 43046 91012 91117 555 53017 7000/=
 28326 12598 71905 10048 20013 39954 40138 57016 60002 87500 333 21023
 43042 55094 555 53012 7000/=
 28413 11498 81606 10049 20013 39971 40092 57020 69932 72582 883// 333
 20027 43042 91013 91114 555 53014 7993/=
 28428 12598 81908 10040 20009 39962 40145 57015 69902 889// 333 20018
 44048 91014 91115 555 53015 7990/=
 28429 12598 71904 10041 20011 39757 40165 57013 60002 87900 333 20003
 43059 91111 555 53011 7000/=
 22983 11498 82205 10031 21019 39783 49885 52023 69962 70282 86935 333
 20028 43055 55000 91012 91114 555 53014 7003/=
 27083 11499 82305 10020 21009 39699 49916 52022 60022 70262 887// 333
 20015 47049 91006 91114 555 53017 7004/=
 27097 12498 81807 10040 20014 39681 49935 53002 60022 8237/ 333 20006
 3/000 43062 91014 91115 555 53016 7007/=
 27185 12598 82003 10016 21024 39775 49956 53027 60062 883// 333 20016
 43063 91008 91114 555 53014 7010/=
 27199 11498 81704 10043 20025 39774 49966 57002 60022 70262 887// 333
 20022 43064 55000 91008 91112 555 53013 7003/=
 27281 11484 72106 11001 21051 39762 49968 52035 60022 70262 86550 333
 21001 43043 91010 91116 555 53017 7007/=
 27283 12497 82305 10021 21017 39812 49967 53012 60012 887// 333 20021
 43059 91012 91112 555 53014 7003/=
 27295 12597 81705 10038 20015 39730 49974 52002 60022 887// 333 20022
 43078 91009 91112 555 53016 7004/=
 27296 11497 81704 10035 20015 39768 49981 57006 60042 70262 8872/ 333
 20019 43072 55000 91009 91111 555 53014 7005/=
 27385 124// 62105 10024 21023 39858 49984 52017 60022 85730 333 20024
 43071 91008 91111 555 53016 7002/=
 27393 11497 81809 10030 20020 39834 40002 57006 60052 76162 8677/ 333
 20028 43092 55000 91012 91113 555 53018 7005/=
 27480 12498 82304 10017 21029 39871 49997 52021 60012 885// 333 20017
 43057 91009 91111 555 53014 7003/=
 28007 12599 81805 10038 20020 39712 49967 57007 60022 8635/ 333 20007
 43068 55000 86921 91012 91112 555 53015 7002/=
 28009 11456 81706 10038 20015 39792 49997 57010 60012 78082 889// 333
 20012 44069 91010 91114 555 53015 7001/=
 28105 11497 81804 10041 20024 39787 49982 57006 60042 76162 8872/ 333
 20010 43074 91009 91113 555 53015 7004/=
 28202 11563 81908 10031 20011 39789 40006 57006 60022 78082 889// 333
 20015 43083 91013 91114 555 53017 7002/=
 28302 11598 81605 10034 20022 39795 40019 57010 60022 76162 885// 333
 20017 43082 91008 91110 555 53013 7002/=
 28307 11498 81403 10029 20017 39864 40005 58006 60062 76162 885// 333
 20026 3/100 43061 91006 91110 555 53015 7006/=
 28402 11597 81709 10038 20026 39847 40022 57008 60032 76162 8657/ 333
 20037 44057 91013 91116 555 53019 7003/=
 28502 11497 81806 10041 20013 39934 40036 58014 60012 76162 8802/ 333
 20034 44028 55000 91009 91112 555 53015 7001/=
 22550 11413 82703 11041 21048 39765 49775 52005 60042 78682 889// 333
 21041 47058 55000 88712 555 53007 7012/=
 22778 11597 82707 10001 21013 39738 49805 52021 60092 72582 8397/ 333
 20001 43052 55000 91012 91114 555 53014 7012/=
 22889 11498 62106 10039 20009 39785 49868 53004 60022 72582 86400 333
 20024 43037 86816 91012 91117 555 53017 7004/=
 22762 11495 82303 11021 21021 39762 49800 53028 60122 77377 8672/ 333
 21021 47053 91111 555 53011 7016/ 91211=
 22638 46/// /2803 11093 21109 39606 49834 52015=
 22671 11396 81901 10001 20001 39674 49750 56021 60062 78582 889// 333
 21024 43063 55000 86708 555 53008 7009/=
 22456 11496 80000 11053 21053 39666 49753 56009 60032 77172 8872/ 333
 21063 47066 555 53005 7010/=
 22583 11597 81402 10014 20012 39694 49771 57034 60042 78388 889//
 333 21042 43074 55000 555 53006 7009/=
 22749 NIL=
 22951 11496 80000 11088 21102 39608 49893 52036 60092 77172 8872/ 333
 21088 47069 555 53007 7014/=
 22887 11497 81807 10025 20004 39777 49844 53020 
 69942 78082 8395/ 333 20023 43036 55000 91015 
 91119 555 53019 7003/=
 22876 11496 82209 10014 21011 39761 49831 53030 60022 78082 889// 333
 20014 43022 88916 91017 91120 555 50010 53020 7003/ 91220=
 22481 11496 81304 10003 20003 39703 49754 57030 60032 78582 889// 333
 21050 44061 555 53009 7007/=
 22854 11496 82306 11086 21100 39574 49866 53032 60072 77173 8672/ 333
 21087 48078 55000 86711 91112 92982 555 53012 7011/=
 22781 NIL=
 22676 11396 81402 10021 20015 39682 49757 57028 60042 76162 8872/ 333
 21021 43036 555 53008 7006/=
 22648 NIL=
 22559 11596 82704 11025 21028 39756 49772 58012 60072 78582 889// 333
 21025 47049 55000 88624 555 53006 7007/=
 22869 11597 82405 11045 21063 39729 49878 53092 60092 78583 889// 333
 21045 42054 86920 91012 91114 555 53014 7012/ 91214=
 22768 11496 82506 11035 21051 39781 49830 52055 60082 77173 8802/ 333
 21036 47043 55000 88514 91010 91111 555 53011 7009/=
 22798 11496 81704 10047 20028 39737 49845 56021 69952 76162 885// 333
 20006 43044 91111 555 53012 7003/=
 22375 46/// /1503 11018 39731 49746 57032=
 23207 11496 81505 10007 21002 39780 49801 57030 60022 77172 8872/ 333
 21056 47046 55000 555 53011 7003/=
 23215 NIL=
 23219 NIL=
 27095 76/// /1805 10040 20037 39720 49942 55001 333 20008 60002 91010 91115 555 53015 7000/=
 22408 21983 83004 11091 21113 39708 49860 52008 73631 88010 333  
 21091 55000 60012 555   7006/=
 22511 21458 82803 11090 21111 39727 49850 52007 77172 8271/ 333  
 21092 60022 555   7005/=
 22529 21496 82804 11087 21106 39810 49817 52010 77172 8872/ 333  
 21089 69942 88516 555   7005/=
 22602 21474 82905 11098 21119 39656 49886 52011 70272 885// 333  
 21100 55000 69982 88614 91110 555   7005/=
 22621 73542 /2705 11086 21103 39702 49843 52009 333   21100 55000
 69962 555   7004/=
 22619 21996 82705 11092 21112 39699 49860 52015 77173 8802/ 333  
 21093 55000 60012 91111 555   7006/=
 22721 21496 82903 11085 21105 39763 49863 52018 78582 889// 333  
 21086 69972 86915 555   7005/=
 22727 76970 /2703 11090 21114 39838 49887 52021 333   21091 60002
 555   7005/=
 22717 73/63 /2603 11093 21112 39714 49912 52020 333   21096 69912
 555   7003/=
 22802 22498 62603 11072 21102 39909 49933 52016 86900 333   21089
 55005 69902 85917 555   7002/=
 22820 21498 62605 11086 21111 39756 49894 52022 70232 86530 333  
 21091 55000 69942 86619 91111 555   7002/=
 22831 21696 82703 11088 21108 39822 49878 52021 77172 885// 333  
 21090 55000 69952 88636 555   7006/=
 22805 215// 62807 11057 21077 39922 49942 52017 73631 86500 333  
 21066 55023 60002 91010 91111 555   7002/=
 22912 21584 72904 11068 21100 39919 49934 52023 73631 86330 333  
 21076 60002 86630 555   7994/=
 
