03:31:00 MSK 15.12.2023
020 123456/=о000=0031
 унту01 бтул 150000
 22686 41997 21102 11154 21172 30209 40317 58003 77171 80005 555 1/120=
 22695 41998 51302 11145 21173 30145 40310 58002 70272 85030 555 1/114=
 22996 41998 81702 11139 21153 30136 40337 57011 70272 8802/ 555 1/113=
 23220 41496 82301 11156 21175 30212 40366 52008 78582 8493/ 555 1/113=
 23226 41960 31301 11208 21227 30135 40373 52006 70171 83030 555 1/123=
 23305 42/// /1402 11195 21216 30308 40339 52002 555 1/121=
 23320 86/// /2302 11167 21192 30290 40370 50003=
 23324 41977 82202 11165 21195 30286 40370 52006 70272 8807/ 555 1/116=
 23405 42997 01302 11190 21209 30228 40338 52001 555 1/121=
 23410 86/// /1002 11210 21239 30254 40361 52003 555 53007=
 23411 42/// /1801 11200 21220 30253 40352 52002 555 1/125=
 23412 43/// /1202 11202 21224 30251 40359 52003 555 1/127=
 23416 NIL=
 23418 41450 81602 11163 21182 30280 40360 53002 77187 
 8662/ 333 86514 555 1/114=
 23503 42/// /0000 11240 21269 30293 40349 55000 555 1/124=
 23507 86/// /1501 11153 21165 39997 40333 54001=
 23509 NIL=
 23514 41497 81702 11164 21185 30142 40357 52002 77172 887// 333 85714 555 1/116=
 23518 42/// /1703 11162 21187 30267 40367 57002 555 1/114=
 23606 41660 81803 11155 21181 30168 40349 57001 77172 8452/ 333 84646 555 1/113=
 23612 NIL=
 23701 42/// /0000 11156 21172 30203 40344 54000 555 1/117=
 23704 86/// /1502 11145 21157 39197 49311 55003 555 53005=
 23707 81594 81502 11146 21167 30193 40336 57003 77177 8652/ 333 86620 555 1/114=
 23708 42/// /1702 11168 21194 30194 40358 57002 555 1/116=
 23709 41998 61502 11191 21220 30158 40371 57003 70272 86030 555 1/121=
 23711 41497 81802 11172 21196 30190 40376 54000 78582 8697/ 333 84712
 555 1/116=
 23803 42999 81302 11175 21208 30178 40376 58004 8805/ 555 1/116=
 23804 41596 81801 11148 21170 30185 40342 58005 77172 8557/ 333 85626 555 1/116=
 23807 42/// /1703 11145 21155 30169 40343 57008 555 1/115=
 23808 86/// /1302 11155 21166 30182 40365 56004=
 23812 41997 20000 11216 21244 30212 40394 53001 70271 82030 333 934//
 555 1/120=
 23904 41976 81602 11148 21164 30185 40355 57010 70272 8802/ 555 1/115=
 23905 41899 81501 11158 21178 30122 40370 57006 70272 8801/ 555
 1/117=
 23909 41497 81602 11153 21174 30115 40382 57007 77172 8552/ 333
 93605=
 23912 41898 81802 11149 21170 30184 40393 57006 77172 85021 555
 1/116=
 23913 41999 01601 11158 21185 30155 40406 55004 70171 555 1/119=
 23914 81898 71602 11154 21173 30113 40393 57007 70272 87030=
 27095 86/// /1402 11143 21151 30110 40358 57012=
 28013 41898 81602 11145 21173 30135 40386 57008 70272 8802/ 555
 1/116=
 28016 42/// /1601 11136 21152 30140 40383 57010 555 1/113=
 28029 42899 81902 11120 21166 30160 40397 57007 8802/ 555 1/112=
 28116 42499 81801 11124 21155 30138 40387 57007 885//=
 28128 42599 81802 11112 21156 30234 40400 57007 885// 555 1/112=
 28134 42698 82001 11125 21175 30030 40409 57008 8651/ 555 1/113=
 28138 43/// /2002 11144 21179 39803 40419 57007=
 28216 42899 81603 11119 21170 30073 40394 58007 8802/ 555 1/113=
 28222 42/// /1603 11113 21158 30195 40404 57005 555 1/112=
 28224 42970 61702 11115 21162 30176 40405 57005 80008=
 28234 42598 81803 11120 21186 30117 40418 57005 885// 555 1/113=
 28238 42899 80000 11229 21262 30101 40443 57003 8802/ 555 1/125=
 28313 42/// /1801 11116 21161 30191 40398 58007 555 1/113=
 28319 42599 71501 11133 21165 30228 40407 58007 82530=
 28321 42899 82002 11118 21168 30182 40401 58006 8802/=
 28324 42/// /1601 11122 21177 30277 40408 57006 555 1/117=
 28326 42598 62001 11099 21167 30213 40413 57005 86500 555 1/114=
 28413 42599 81301 11104 21182 30265 40396 54001 8655/ 555 1/113=
 28428 42598 40000 11168 21198 30222 40426 57005 84500 555 1/119=
 28429 42/// /2203 11088 21191 39987 40426 57006 555 1/114=
 22983 41984 81402 11127 21152 30209 40322 57008 70272 8805/ 333 91004
 91104 555 1/113=
 27083 42584 81502 11138 21163 30089 40329 57009 885// 333 91005 91105
 555 1/114=
 27097 42/// /1302 11143 21155 30062 40345 55009 333 91004 91105 555
 1/114=
 27185 42/// /1301 11127 21155 30135 40333 57012 333 91003 91105 555
 1/112=
 27199 42998 81202 11132 21157 30136 40349 57013 82031 333 91003 91105
 555 1/113=
 27281 41958 81204 11124 21150 30095 40318 57017 77072 8807/ 333 91008
 91108 555 1/112=
 27283 42497 81503 11124 21157 30165 40332 57016 885// 333 91005 91105
 555 1/113=
 27295 42/// /1202 11125 21163 30076 40347 56010 333 91005 91105 555
 1/112=
 27296 42997 81403 11121 21165 30115 40349 57013 8807/ 333 91006 91106
 555 1/113=
 27385 425// 81202 11109 21156 30187 40324 57018 8355/ 333 91004 91105
 555 1/111=
 27393 42598 81603 11111 21158 30176 40359 57012 8653/ 333 91005 91105
 555 1/111=
 27480 42598 81304 11107 21161 30181 40319 57017 885// 333 91006 91107
 555 1/111=
 28007 42999 71601 11148 21171 30077 40361 58012 86031 333 91002 91103
 555 1/115=
 28009 41998 81001 11145 21178 30144 40373 57011 70272 8802/ 333 91003
 91103 555 1/117=
 28105 42998 01202 11135 21170 30150 40359 58013 333 91004 91104 555
 1/114=
 28202 42997 81703 11120 21165 30127 40365 58012 8805/ 333 91005 91105
 555 1/112=
 28302 41997 81503 11114 21167 30122 40368 58010 70272 8802/ 333 91005
 91105 555 1/112=
 28307 42498 81203 11106 21162 30199 40353 57013 885// 333 91006 91106
 555 1/111=
 28402 42984 81303 11106 21172 30173 40365 57012 8807/ 333 91004 91105
 555 1/112=
 28502 42597 81303 11101 21168 30258 40369 56011 885// 333 91005 91106
 555 1/111=
 22550 81457 81302 11116 21136 30246 40257 57003 78582 889// 333 88616
 555 1/111=
 22778 42498 81303 11133 21157 30222 40297 57005 8657/ 333 86618 555
 1/113=
 22889 42/// /1203 11128 21150 30230 40323 57010 555 1/112=
 22762 41997 81303 11125 21147 30236 40278 57006 70272 8007/ 555
 1/111=
 22638 46/// /1601 11124 21141 39992 40232 57003=
 22671 42/// /1502 11136 21157 30199 40284 58005 555 1/113=
 22456 41496 81501 11127 21160 30173 40267 57003 78582 889// 555
 1/112=
 22583 42598 81401 11140 21161 30221 40308 58003 8457/ 
 555 1/113=
 22749 42/// /1402 11116 21132 30113 40246 55004 555 1////=
 22951 42/// /1302 11128 21143 39954 40255 57009 555 1/111=
 22887 41597 81303 11123 21150 30237 40312 58005 
 70282 8655/ 333 86627 555 1/113=
 22876 41497 81102 11127 21143 30228 40306 55006 70282 889// 333 88918
 555 1/112=
 22481 42/// /1403 11142 21162 30236 40294 57005 555 1/114=
 22854 42/// /1402 11129 21146 39950 40258 57007 555 1/112=
 22781 NIL=
 22676 41897 71202 11148 21172 30211 40295 58004 77872 87010 555
 1/117=
 22648 41397 81302 31108 21119 30200 40249 58003 77172 8872/ 333 87608
 555 1/111=
 22559 42/// /1402 11119 21140 30252 40270 57004 555 1/110=
 22869 41997 81403 11125 21148 30130 40289 56004 77177 8001/ 555
 1/112=
 22768 42697 81402 11128 21156 30222 40276 57003 8257/ 555 1/112=
 22798 41496 81402 11140 21157 30207 40328 58004 77172 8802/ 555
 1/111=
 22375 46/// /1805 11125 21148 30265 40281 57002=
 23207 NIL=
 23215 41598 81803 11154 21171 30252 40350 52004 70272 885// 333 88630
 555 1/113=
 23219 NIL=
 22408 83557 /1001 11113 21126 30056 40214 52001 555   1/110=
 22511 41684 81101 11099 21114 30083 40211 54000 70272 885// 333  
 88635 93501 555   1/109=
 22529 41496 81401 11102 21115 30219 40226 57002 77172 8872/ 333  
 88510 555   1/110=
 22602 83/// /0901 11099 21114 39966 40203 52002 555   1/109=
 22621 83763 /1001 11110 21122 30073 40221 57004 555   1////=
 22619 41299 81103 11110 21122 30041 40209 57001 70272 886// 333  
 88706 555   1/111=
 22721 41497 81202 11105 21118 30115 40219 54000 70282 887// 333  
 86711 555   1/110=
 22727 86466 /0000 11090 21106 30159 40209 57002 555   1////=
 22717 83/62 /0801 11102 21115 39993 40200 57002 555   1////=
 22802 41496 80803 11081 21092 30163 40188 52002 78583 889// 333  
 88916 555   1/108=
 22820 41497 81303 11099 21121 30062 40206 57003 70272 885// 333  
 88615 555   1/109=
 22831 41997 81001 11111 21133 30165 40224 57005 70287 8802/ 555  
 1/111=
 22805 415// 80904 11055 21059 30156 40182 52001 71082 885// 555  
 1/105=
 22912 41984 81003 11089 21107 30178 40194 54000 70272 8805/ 555  
 1/109=
 
