12:31:00 MSK 03.10.2023
010 111/=о000=0931
 уйту01 бтул 030900
 22686 81398 81501 10026 20023 30049 40148 57011 70242 886// 333 88707=
 22695 41598 71202 10050 20018 39983 40134 58014 70242 87500=
 22996 42498 72901 10100 20082 39957 40137 57005 87900 333 86617=
 23220 42598 82705 10040 20001 39967 40107 52020 885// 333 88625 91110=
 23226 42460 72508 10040 21003 39884 40096 52023 87900 333 86619 91010 
 91111=
 23305 42999 61904 10042 20017 30108 40135 58001 86070=
 23320 86/// /2304 10032 20014 30072 40144 52013=
 23324 42582 22203 10047 20009 30056 40132 52013 82500=
 23405 42970 62002 10056 21001 30045 40143 58006 81031=
 23410 86/// /2004 10050 20003 30046 40141 52008=
 23411 42999 52204 10045 20014 30054 40142 52002 80006=
 23412 42999 22403 10050 20012 30047 40143 52005 80005=
 23416 NIL=
 23418 42665 32102 10057 20006 30082 40155 52005 82101=
 23503 42998 62301 10063 21003 30103 40152 57004 80005=
 23507 86/// /2001 10047 20015 39845 40151 57006=
 23509 42598 21801 10064 20002 30079 40157 58005 82200=
 23514 42697 62401 10047 20006 39962 40156 54000 81205=
 23518 82/// /2401 10051 20007 30067 40158 52003=
 23606 42562 61401 10057 21003 39986 40155 58003 82109=
 23701 42599 71301 10068 20023 30027 40153 57007 86430 333 86622=
 23704 86/// /0902 10073 20041 39720 49832 53083=
 23707 81598 81502 10085 20045 30013 40141 57006 70282 889// 333 86626=
 23708 42598 63601 10091 20019 30004 40149 57005 82530=
 23709 82998 63602 10073 21005 39964 40153 57003 86070=
 23711 42998 30202 10068 21016 39987 40153 54000 83030=
 23803 42599 80701 10070 20034 39973 40148 54000 8396/=
 23804 42397 80901 10082 20054 30000 40141 57005 889// 333 85709=
 23807 82597 81001 10094 20079 39985 40142 57004 8653/ 333 86622=
 23808 86/// /3501 10079 20066 39982 40146 54001=
 23812 82/// /0301 10065 20028 39987 40147 52018=
 23904 42470 81901 10099 20075 39990 40142 57004 883// 333 85612=
 23905 42599 80000 10086 20063 39921 40142 57002 885//=
 23909 41598 82502 10108 20074 39901 40138 57003 70282 8637/=
 23912 41598 81702 10104 20090 39952 40138 54001 72522 8595/=
 23913 41599 72301 10109 20075 39922 40143 54000 70282 87900=
 23914 81498 82302 10098 20087 39892 40140 57001 70282 889//=
 28013 41598 82201 10115 20053 39917 40139 57003 70252 889//=
 28016 42599 72002 10114 20072 39925 40141 57005 87800=
 28029 42699 82003 10123 20075 39933 40144 57004 8247/=
 28116 42499 71701 10113 20072 39923 40145 57003 82471=
 28128 42599 82001 10121 20086 30001 40149 57006 8247/=
 28134 42598 81601 10114 20084 39813 40151 57004 86935=
 28138 42599 82102 10111 20080 39609 40155 57003 885//=
 28216 41597 82801 10098 20091 39860 40148 58007 76162 8872/=
 28222 41597 81801 10119 20102 39964 40152 57005 78082 889//=
 28224 41556 80000 10118 20108 39945 40150 57006 78182 889//=
 28234 41597 81802 10120 20098 39887 40155 57006 76162 885//=
 28238 41498 82003 10119 20102 39868 40160 57002 76162 8872/=
 28313 41598 80000 10110 20097 39965 40151 58007 70262 889//=
 28319 41598 70501 10135 20119 39992 40148 57003 70162 87500=
 28321 41599 80101 10118 20101 39953 40149 58006 72586 8632/=
 28324 81597 81501 10140 20112 30031 40146 58007 70282 889//=
 28326 41498 81702 10131 20121 39971 40150 57010 72162 8872/=
 28413 42599 83501 10148 20106 30025 40142 58004 8557/=
 28428 42598 81804 10148 20088 39975 40151 57009 889//=
 28429 42598 81903 10144 20102 39765 40157 57008 8695/=
 22983 41498 82801 10085 20055 30044 40147 57006 70282 8796/ 333 91002
 91102=
 27083 41456 73002 10088 20073 39926 40143 57002 75162 87700 333 91002
 91102=
 27097 41498 82901 10096 20071 39892 40146 57001 70252 8693/ 333 91003
 91104=
 27185 41598 82101 10114 20067 39970 40147 55001 70282 883// 333 91003
 91103=
 27199 41598 83001 10105 20088 39957 40149 57001 72582 883// 333 91002
 91102=
 27281 41482 82701 10098 20079 39953 40154 52001 70252 885// 333 91002
 91104=
 27283 41498 73001 10113 20081 39999 40150 52001 70282 86930 333 91003
 91103=
 27295 42598 82202 10105 20070 39909 40153 52001 885// 333 91004
 91104=
 27296 42698 82802 10117 20068 39938 40148 57001 8652/ 333 91003
 91104=
 27385 425// 63202 10134 20078 30029 40153 57001 82531 333 91004
 91105=
 27393 42598 72803 10136 20066 39989 40153 58001 83930 333 91004
 91105=
 27480 42598 82801 10137 20085 30035 40158 57001 86531 333 91004
 91104=
 28007 42599 72502 10106 20068 39889 40142 57004 87300 333 87923 91003
 91103=
 28009 42498 81501 10106 20064 39942 40145 57006 8693/ 333 91002
 91103=
 28105 42598 82302 10112 20072 39957 40143 57003 885// 333 91003
 91103=
 28202 42571 82902 10120 20068 39932 40145 58002 889// 333 91003
 91103=
 28302 42598 72302 10142 20048 39926 40145 58004 82931 333 91003
 91103=
 28307 42498 72201 10140 20078 30011 40149 57001 86831 333 91002
 91102=
 28402 42598 83001 10126 20096 39978 40150 54000 86831 333 91002
 91102=
 28502 41598 70401 10137 20102 30050 40149 52004 70262 87500 333 91002
 91105=
 22550 82697 71703 10079 20037 30070 40080 57027 86530 333 86638=
 22778 42598 71902 10075 20021 30067 40135 57016 86570=
 22889 42/// /3001 10070 20052 30065 40150 57005=
 22762 81596 81603 10077 20052 30081 40119 58022 78082 889//=
 22638 46/// /1603 10065 20058 39818 40037 57038=
 22671 42999 51903 10058 20025 30040 40118 58021 82031=
 22456 42597 81702 10051 20023 39993 40079 58023 885//=
 22583 42998 71502 10059 20010 30055 40134 57015 83071=
 22749 NIL=
 22951 42498 81803 10074 20044 39848 40123 58023 885//=
 22887 41499 71102 10070 20050 30078 40146 58007 70252 8753/ 
 333 87617 =
 22876 42497 82301 10071 20044 30076 40147 57010 885// 333 88616=
 22481 42/// /1806 10063 21004 30058 40110 58018 333 91110=
 22854 42599 71603 10064 20046 39838 40121 57016 87500 333 87624=
 22781 NIL=
 22676 41498 71203 10050 20044 30049 40126 57023 70341 82104=
 22648 NIL=
 22559 82598 81703 10081 20042 30078 40094 58026 82501=
 22869 41497 72103 10078 20060 39997 40142 57012 72582 87900 333
 86913=
 22768 41597 72104 10077 20053 30072 40121 57017 72582 87900 333
 84632=
 22798 42498 72101 10066 20048 30035 40146 58006 86970=
 22375 NIL=
 23207 42599 72205 10055 20021 30019 40111 57007 83541=
 23215 NIL=
 23219 NIL=
 27095 86/// /3001 10084 20084 39933 40156 57002=
 22408 42484 72002 10091 20074 39867 40011 57014 87300 333   87911=
 22511 41482 81701 10081 20068 39896 40013 57015 72586 8697/ 333  
 86615=
 22529 41564 81403 10079 20070 30022 40029 57030 78082 889// 333  
 88921=
 22602 41458 80401 10069 20058 39792 40010 57009 76162 8872/ 333  
 88510=
 22621 83/// ///// 1//// 2//// 3//// 4//// 5////=
 22619 41480 81602 10086 20078 39838 49991 57041 72582 885// 333  
 88613=
 22721 41397 81401 10089 20083 39917 40012 57044 78082 889// 333  
 86707=
 22727 NIL=
 22717 83/70 /2202 10118 20112 39820 40008 57019=
 22802 41573 82203 10133 20122 39996 40018 57005 72582 889// 333  
 85927=
 22820 41470 82104 10105 20089 39897 40027 57032 70282 883// 333  
 87618 91110=
 22831 41397 81502 10078 20069 30005 40059 57039 78082 889// 333  
 88909=
 22805 42498 82405 10135 20125 30006 40029 57007 889// 333   91112=
 22912 41357 82205 10116 20105 30028 40043 57018 76162 8872/ 333  
 86709=
 
