15:31:00 MSK 08.04.2023
020 123456/=о000=1231
 унту01 бтул 081200
 22686 42998 02404 10097 21133 30167 40265 57022 555 1/000=
 22695 42998 12404 10090 21172 30101 40252 57020 80001 555 1/100=
 22996 42999 03102 10112 21171 30114 40296 57017 555 1/100=
 23220 41598 80704 11075 21096 30046 40193 52013 70272 8553/ 555 1/106=
 23226 41960 80202 11093 21144 39973 40198 52016 70272 8805/ 555 1/107=
 23305 42999 32505 10070 21083 30183 40210 58011 82031 333 91110 555
 1/000=
 23320 86/// /2403 10037 21017 30127 40200 54001=
 23324 41456 82803 10017 20001 30117 40195 51002 77075 8272/ 555 1/000=
 23405 42970 22302 10088 21101 30128 40229 57016
 80001 555 1/000=
 23410 86/// /2203 10056 21022 30103 40199 57010 555 50003 53010=
 23411 42999 72705 10082 21085 30115 40203 57013 82036 555 1/000=
 23412 42999 62903 10053 21019 30104 40200 58011 86030 555 1/000=
 23416 NIL=
 23418 42965 72903 10078 21028 30142 40214 57008 80009
 555 1/001=
 23501 NIL=
 23503 42998 52902 10092 21087 30175 40224 57017 80009 555 1/000=
 23507 86/// /2504 10077 21121 39939 40245 57014=
 23509 42998 52303 10104 21104 30158 40234 57014 80001 555 1/001=
 23514 42697 62703 10096 21057 30031 40224 57014 82109 555 1/000=
 23518 42/// /2604 10084 21034 30129 40219 57005 555 1/000=
 23606 42962 72603 10089 21092 30081 40246 57011 80001 555 1/001=
 23612 NIL=
 23701 42999 32403 10091 21115 30143 40271 57019 80001 555 1/000=
 23704 86/// /2403 10096 21126 39926 40039 55004 555 53006=
 23707 82999 82304 10075 21118 30149 40281 57017 80004 555 1/000=
 23708 42984 32703 10093 21152 30129 40276 57013 80001 555 1/100=
 23709 42998 82604 10085 21104 30080 40270 57008 80002 555 1/001=
 23711 42999 52802 10104 21042 30078 40244 57006 81035 555 1/001=
 23803 42999 63103 10088 21150 30106 40284 58011 80001 555 1/100=
 23804 82997 02502 10105 21162 30140 40283 57018 555 1/000=
 23807 42/// /2305 10091 21115 30135 40294 57017 555 1/000=
 23808 86/// /2504 10091 21162 30127 40293 57015=
 23812 42/// /3103 10088 21073 30098 40258 57005 555 1/000=
 23904 42970 12602 10111 21173 30143 40298 57017 80001 555 11012=
 23905 42999 02802 10098 21173 30068 40292 57014 333 91110 555 1/000=
 23909 42998 22803 10094 21143 30046 40288 57012 80001=
 23912 42899 82904 10074 21074 30083 40274 57010 82035 555 1/000=
 23913 42999 42802 10077 21109 30039 40266 57011 80005 555 1/003=
 23914 82899 52805 10077 21109 30022 40276 57011 81041 333 91110=
 28013 42899 32804 10092 21126 30058 40286 57013 82031 555 1/008=
 28016 42999 32802 10097 21144 30069 40291 57015 80001 555 1/000=
 28029 42899 73102 10077 21128 30064 40282 57011 87030 555 1/010=
 28116 42999 13504 10095 21155 30065 40293 57014 80001=
 28128 42999 32401 10082 21102 30138 40290 57013 80001 555 1/000=
 28134 42698 83402 10078 21105 39932 40280 57009 86401 555 1/000=
 28138 42999 82904 10055 21114 39704 40268 57005 80005 333 91111=
 28216 42999 22904 10095 21158 30002 40296 57014 80001 555 10018=
 28222 42998 83003 10091 21130 30098 40290 57014 80001 555 11013=
 28224 42970 03002 10095 21153 30078 40288 57014=
 28234 42998 03403 10093 21183 30005 40279 57012 555 11013=
 28238 42999 23105 10085 21174 39974 40274 57008 80001 333 91110 555
 1/011=
 28313 42998 23202 10101 21143 30110 40299 57015 80001 555 11011=
 28319 42999 22203 10086 21135 30142 40304 57017 80001=
 28321 42999 23103 10098 21156 30094 40295 57015 80001=
 28324 42999 02903 10099 21172 30178 40298 57018 555 10019=
 28326 42998 03203 10096 21152 30103 40287 57015 555 1/014=
 28413 42999 20000 10093 21171 30184 40306 57017 80001 555 11019=
 28428 42999 03403 10095 21200 30113 40295 57015 333 91110 555 12012=
 28429 42998 02902 10080 21150 39880 40288 57015 555 11013=
 22983 42998 02502 10101 21151 30198 40302 57017 333 91004 91106 555
 1/000=
 27083 42999 11902 10100 21136 30081 40300 57016 80001 333 91004 91105
 555 12012=
 27097 42998 22702 10108 21123 30046 40304 57017 80001 333 91003 91104
 555 1/014=
 27185 42998 31401 10104 21152 30128 40309 57018 80001 333 91003 91105
 555 11001=
 27199 42998 63401 10095 21144 30117 40313 57016 80001 333 91003 91104
 555 11021=
 27281 42982 21801 10101 21144 30105 40310 57017 80005 333 91003 91105
 555 11018=
 27283 42998 20201 10096 21144 30159 40313 57016 80001 333 91002 91105
 555 11016=
 27295 42998 60201 10101 21172 30062 40311 57016 80009 333 91003 91103
 555 1/008=
 27296 42998 62401 10100 21149 30095 40310 57015 80001 333 91002 91104
 555 12013=
 27385 429// 00901 10101 21108 30184 40311 57014 333 91003 91106 555
 11016=
 27393 42998 20000 10095 21163 30149 40318 57014 80001 333 91001 91103
 555 1/000=
 27480 42998 31002 10107 21125 30184 40310 57013 80001 333 91003 91105
 555 12017=
 28007 42999 03001 10101 21181 30047 40305 57016 333 91003 91105 555
 1/000=
 28009 42998 82602 10106 21164 30097 40303 57015 80001 333 91004 91105
 555 11018=
 28105 42998 32701 10105 21171 30111 40308 57015 80001 333 91003 91105
 555 12012=
 28202 42999 32901 10093 21156 30089 40308 57015 80001 333 91002 91104
 555 1/100=
 28302 42998 82702 10092 21153 30083 40310 57014 80001 333 91004 91104
 555 11004=
 28307 42998 20201 10105 21151 30170 40312 57014 80001 333 91003 91104
 555 11016=
 28402 42998 30202 10096 21158 30132 40309 57015 80009 333 91003 91105
 555 11016=
 28502 42998 43602 10109 21161 30203 40305 57014 80001 333 91005 91105
 555 10024=
 22550 82997 12902 10092 21057 30258 40268 57004 81030 555 1/000=
 22778 42998 02802 10090 21129 30224 40293 57019 555 1/100=
 22889 42998 02403 10110 21165 30213 40298 57019 555 1/001=
 22762 42998 02002 10114 21153 30244 40282 57017 555 1/000=
 22638 46/// /2501 10078 21067 30059 40283 57007=
 22671 42/// /2602 10090 21084 30186 40264 57013 555 1/003=
 22456 NIL=
 22583 42998 02404 10088 21132 30165 40245 57016 333 91110 555 1/000=
 22749 42998 02602 10098 21104 30165 40288 57015 555 1/000=
 22951 42998 02302 10104 21170 30017 40295 57014 555 1/003=
 22887 42999 01402 10109 21082 30229 40298 57019 
 555 1/016=
 22876 42997 02203 10115 21159 30221 40293 57020 555 1/007=
 22481 42/// /2205 10077 21075 30177 40230 57011 333 91110 555 1/001=
 22854 42/// /2003 10093 21125 30007 40292 57013 555 1////=
 22781 NIL=
 22676 42998 02404 10095 21133 30191 40267 57016 555 1/000=
 22648 42998 02603 10097 21089 30239 40285 57010 555 1/000=
 22559 42/// /2603 10084 21070 30256 40272 57008 555 1/000=
 22869 42997 01702 10100 21139 30155 40301 57017 555 1/000=
 22768 42997 01903 10105 21107 30238 40287 57018 555 1/000=
 22798 42998 22103 10096 21156 30173 40284 57020 80001 555 1/000=
 22375 NIL=
 23207 42999 62507 10055 21057 30171 40194 57013 80002 333 91012 91112
 555 1/000=
 23215 42498 82403 10005 21011 30095 40185 52011 885// 333 88618 91110
 555 1/000=
 23219 NIL=
 27095 86/// /2602 10109 21142 30089 40314 57015=
 22408 42984 62403 10086 21048 30124 40272 57003 80004 555   1/000=
 22511 42998 32902 10090 21063 30153 40273 57004 80005 555   1/000=
 22529 42599 40902 10054 21034 30271 40278 57001 82532 555   1/000=
 22602 42499 51002 10042 21016 30056 40283 57006 82530 555   1/001=
 22621 83/70 /1703 10077 21071 30141 40280 57005 555   1////=
 22619 42983 01202 10048 21056 30117 40277 57010 555   1/000=
 22721 42998 01102 10045 21071 30188 40287 57011 555   1/000=
 22727 86/70 /1603 10055 21033 30241 40289 57011 555   1////=
 22717 83/70 /1802 10094 21087 30086 40278 57010 555   1////=
 22802 42999 02102 10081 21051 30263 40286 57007 555   1/000=
 22820 42970 01005 10048 21060 30149 40287 57010 555   1/000=
 22831 42998 02602 10100 21086 30235 40290 57013 555   1/100=
 22805 42998 01401 10027 21003 30270 40290 57009 555   1/000=
 22912 42999 03401 10102 21063 30267 40282 57010 555   1/000=
 
