18:31:00 MSK 12.10.2023
020 123456/=о000=1531
 уйту01 бтул 121500
 22686 11398 81504 10038 20037 39734 49830 56003 60062 75175 886// 333 10038 86708 555 50010 53010=
 22695 12497 81802 10023 20011 39681 49829 56003 60062 885// 333 10023
 555 50004 53011=
 22996 11496 81903 10026 20026 39728 49909 57014 60072 78082 889// 333 10026 85610 555 50005 53011=
 23220 12599 21306 11003 21029 39861 40001 57020 60002 82500 333 10023 91110 555 51009 53010=
 23226 12960 01505 11006 21034 39794 40007 57022 69902 333 10013 91110 
 555 51006 53010=
 23305 11459 81305 11002 21002 39814 49841 57034 60032 77173 8802/ 333
 10004 91112 555 51003 53012=
 23320 76/// /1405 10011 21036 39879 49951 57030 333 60002 555 50007 53008=
 23324 12983 71204 10005 21045 39886 49962 57029 60002 87070 333 10027
 555 50006 53008=
 23405 11295 81306 10000 21003 39740 49837 57022 60052 
 77372 8872/ 333 10002 86706 91010 91114 555 51006 53014=
 23410 76/// /1105 11004 21015 39824 49919 57035 333 60002 91112=
 23411 11497 81507 11004 21004 39795 49882 57037 60032 77172 8872/ 333
 10003 91011 91111 555 51005 53013=
 23412 11296 81406 11002 21005 39816 49911 57036 69962 77172 8872/ 333 10014 86704 91011 91112 555 51000 53013=
 23416 NIL=
 23418 11213 81605 10000 21006 39843 49915 57036 69982
 77572 8872/ 333 10021 86706 91111 555 50001 53011=
 23503 11997 81605 10002 21002 39815 49864 56026 60042 77172 8802/ 333
 10007 91010 91110 555 51007 53011=
 23507 66/// /2002 11002 21002 39541 49843 56010 60002 333 11002 555 51013 53011=
 23509 11998 51802 10006 21003 39793 49870 56017 60022 70272 85030 333
 10011 555 51002 53006=
 23514 11495 81604 11004 21004 39696 49889 57025 60032 77372 8772/ 333
 11003 87711 91110 555 51015 53010=
 23518 11496 81506 11000 21004 39838 49928 57032 60022 77172 8477/ 333
 10012 91112 555 50000 53012=
 23606 11356 81705 10002 21001 39718 49885 56018 60042 77172 8872/ 333 10009 86707 91110 555 51003 53011=
 23701 11475 81903 10012 20008 39742 49868 57009 60062 72176 8472/ 333
 10012 555 50000 53009=
 23704 76/// /1903 10012 20012 39501 49613 52013 333 60002=
 23707 61497 81903 10025 20024 39746 49875 57008 60052 76162 8872/ 333 10025 86710 555 50006 53011 7007/=
 23708 11358 81805 10006 21001 39751 49897 57014 60052 76176 8772/ 333
 10006 87708 555 51002 53011=
 23709 61496 81702 10003 21007 39727 49916 56018 60062 77176 8772/ 333
 10003 87714 555 51005 53010=
 23711 11496 81704 10000 21003 39760 49927 57026 60042 78582 889// 333 10002 88913 555 51007 53011=
 23803 11497 82002 10001 21008 39747 49924 56018 60052 77072 8802/ 333
 10004 555 51005 53010=
 23804 61397 82003 10021 20018 39748 49889 57009 60082 72162 8772/ 333 10021 85709 555 50005 53009=
 23807 11396 82005 10025 20025 39743 49900 58006 60052 76162 857// 333
 10025 85709 91110 555 50003 53012=
 23808 66/// /1504 10009 20004 39756 49921 56017 60002 333 10011 91114=
 23812 11496 81101 10000 21003 39790 49951 57033 60042 77172 8872/ 333
 10012 555 51006 53010=
 23904 11342 81803 10014 20014 39769 49923 57019 60082 76162 8772/ 333
 10016 87707 555 50002 53012=
 23905 11596 81903 10006 20003 39713 49936 57021 60042 77172 8802/ 333
 10007 555 53010=
 23909 11397 81904 10005 20001 39718 49959 57027 60042 77172 8771/ 333
 10005=
 23912 11495 81906 10002 21002 39788 49978 57033 60082 77372 8872/ 333
 10004 91011 91112 555 53013=
 23913 11597 81602 10013 21016 39776 40002 57031 60022 77172 8872/ 333
 10021 555 53009=
 23914 61495 81804 10000 21002 39728 49982 57033 60072 77372 8872/ 333
 10000 91112=
 28013 11396 81704 10005 21004 39746 49974 57027 60082 75175 886// 333
 10006 91110 555 53014=
 28016 11496 81903 10011 20011 39756 49977 57026 60082 78082 889// 333
 10011 555 53012=
 28029 11496 81807 10004 20002 39796 40013 57026 60052 77172 8872/ 333
 10019 91012 91111 555 53014=
 28116 11396 82003 10020 20013 39770 49996 57025 60032 75076 886// 333
 10020=
 28128 11597 82003 10033 20017 39872 40022 57026 60032 76062 8802/ 333
 10037 91111 555 53015=
 28134 11496 81803 10002 21006 39700 40048 57052 60052 77172 8572/ 333
 10007 555 53009=
 28138 11596 81906 11009 21014 39504 40069 57026 60022 78582 883// 333
 11007 91113=
 28216 11496 81907 10024 20011 39731 40024 57030 60022 75187 886// 333
 10032 91014 91115 555 53017=
 28222 11597 81905 10019 20010 39849 40041 58021 60032 76176 8872/ 333
 10036 91012 91113 555 53014=
 28224 11568 81805 10013 20002 39842 40053 57017 69992 76872 8802/ 333
 10037 91113=
 28234 11596 81905 10005 21011 39796 40073 56020 60012 77372 885// 333
 10023 91010 91114 555 53014=
 28238 11596 82006 10010 21012 39786 40088 56023 69942 77087 885// 333
 10022 91010 91115 555 53015=
 28313 11597 81907 10034 20015 39852 40041 58025 60042 78082 889// 333
 10042 91012 91114 555 53017=
 28319 11496 82104 10033 20020 39908 40069 57028 60022 76162 8802/ 333
 10047 91111=
 28321 11597 82006 10026 20013 39845 40046 58024 60022 76162 8802/ 333
 10040 91010 91114=
 28324 11596 82004 10033 20000 39949 40068 57025 69992 78182 889// 333
 10052 91112 555 53014=
 28326 11597 72005 10023 20004 39894 40080 57026 69932 78082 87300 333
 10035 91010 91115 555 53015=
 28413 11897 81905 10044 20015 39949 40069 57020 60012 76162 8807/ 333
 10056 91011 91114 555 53015=
 28428 11897 82007 10040 21016 39921 40103 58027 69902 76062 8807/ 333
 10042 91013 91116 555 53016=
 28429 12898 82106 10023 21018 39708 40117 56026 69902 8805/ 333 10024
 91012 91115 555 53015=
 22983 11457 81701 10052 20048 39786 49887 57011 60082 78082 889// 333
 10055 91003 91106 555 50022 53008=
 27083 11434 81903 10036 20029 39694 49910 57017 60132 76362 8872/ 333
 10036 91006 91108 555 50013 53012=
 27097 11497 81804 10031 20031 39676 49931 57022 60062 76162 8872/ 333
 10031 91008 91109 555 50006 53012=
 27185 11496 81903 10043 20038 39763 49941 56020 60042 76162 8872/ 333
 10043 91006 91107 555 50017 53011=
 27199 11496 82103 10038 20031 39768 49961 57023 60052 76162 8675/ 333
 10038 91008 91112 555 50017 53012=
 27281 11356 82105 10047 20040 39747 49948 57020 60032 76162 8872/ 333
 10047 91008 91110 555 50024 53012=
 27283 11496 82104 10042 20038 39805 49957 57022 60042 78082 889// 333
 10042 91008 91111 555 50020 53011=
 27295 11496 81904 10036 20024 39730 49976 57019 60082 76162 8802/ 333
 10036 91009 91111 555 50010 53014=
 27296 11596 82003 10039 20022 39764 49976 57024 60052 78082 889// 333
 10039 91006 91110 555 50013 53016=
 27385 114// 82105 10054 20047 39856 49981 57020 60032 76162 8872/ 333
 10054 91011 91112 555 50026 53012=
 27393 11497 82208 10045 20034 39831 49998 57027 60112 78082 8797/ 333
 10045 91011 91113 555 50018 53016=
 27480 11497 82105 10061 20054 39868 49993 57017 60032 78082 889// 333
 10061 91010 91111 555 50028 53012=
 28007 11496 81903 10025 20018 39694 49950 57024 60062 76162 8872/ 333
 10025 88711 91006 91109 555 50001 53011=
 28009 11496 82005 10025 20012 39758 49965 57026 60082 78082 889// 333
 10025 91008 91111 555 50006 53013=
 28105 11497 82005 10034 20024 39773 49961 56028 60062 76165 8872/ 333
 10034 91009 91110 555 50007 53011=
 28202 11496 82205 10035 20020 39767 49983 57025 60102 76162 8802/ 333
 10035 91010 91112 555 50009 53013=
 28302 11596 82006 10042 20027 39778 40001 57029 60082 76162 8802/ 333
 10042 91011 91113 555 50011 53014=
 28307 11296 81704 10053 20037 39867 40008 57026 60092 76162 887// 333
 10053 91007 91111 555 50020 53014=
 28402 11445 82008 10049 20038 39847 40022 57029 60112 76362 8872/ 333
 10049 91013 91114 555 50022 53016=
 28502 11997 82112 10064 20017 39942 40043 57026 69932 76162 8807/ 333
 10074 91016 91119 555 50031 53020=
 22550 12668 71503 10072 20051 39722 49731 57017 60032 82530 333 10098
 555 50044 53013=
 22778 12598 21704 10067 20057 39755 49821 57009 60072 81570 333 10095
 555 50033 53010=
 22889 11496 82003 10054 20048 39798 49880 57010 60052 76162 8702/ 333
 10054 87514 555 50023 53010=
 22762 NIL=
 22638 46/// /2302 10057 20030 39509 49722 57009=
 22671 12998 61702 10054 20045 39700 49775 58007 60092 82031 333 10086
 555 50024 53008=
 22456 12597 11502 10045 20045 39649 49732 57006 60052 81400 333 10061
 555 50015 53009=
 22583 11497 81502 10014 20013 39722 49799 53002 60122 70288 886//
 333 10014 555 50003 53009=
 22749 NIL=
 22951 11498 81903 10077 20053 39555 49821 57014 60032 72582 889// 333
 10098 555 50061 53011=
 22887 11396 81405 10064 20062 39800 49868 57011 60042 75152 886//
 333 10064 88709 91110 555 50030 53012=
 22876 12497 81803 10075 20069 39781 49852 57011 60042 889// 333 10075
 88916 555 50035 53012=
 22481 11598 71704 10018 20016 39717 49768 52003 60082 70282 87500 333
 10018 555 50002 53014=
 22854 11497 62205 10072 20050 39527 49800 60052 78022 86900 333 10095
 85915 91112 555 50055 53014=
 22781 NIL=
 22676 11598 31402 10045 20042 39720 49795 57007 60062 71111 82431 333
 10072 555 50020 53010=
 22648 NIL=
 22559 12598 81804 10074 20046 39735 49751 58013 60042 8593/ 333 10093
 555 50042 53009=
 22869 12598 72003 10082 20067 39703 49842 57008 60032 87900 333 10091
 86633 555 50047 53011=
 22768 11597 61905 10089 20065 39753 49800 57013 60022 70281 86900 333
 10113 84624 91110 555 50059 53013=
 22798 11495 81702 10033 20033 39758 49867 57004 60082 76186 885// 333
 10033 555 50006 53008=
 22375 NIL=
 23207 11494 81206 11005 21010 39800 49822 57032 60022 77572 8872/ 333
 11001 91011 91113 555 51020 53013=
 23215 NIL=
 23219 NIL=
 27095 76/// /2003 10029 20029 39717 49940 58020 333 60002 555 50006 53012=
 22408 21257 82803 10009 20003 39538 49681 52023 76876 8872/ 333  
 60062 88704=
 22511 21456 82404 10015 20004 39568 49684 52017 76162 8672/ 333  
 60062 86710 91110=
 22529 21597 72003 10028 20020 39697 49703 52010 78082 87900 333  
 60022 87922 91111=
 22602 21458 82604 10009 21001 39509 49726 52016 78582 889// 333  
 60032 88913 91110=
 22621 73970 /2405 10028 20005 39583 49716 52016 333   69982 91112=
 22619 21598 82607 10027 20012 39578 49730 52025 70282 889// 333  
 60042 88920 91014 91114=
 22721 21597 82903 10060 20044 39642 49735 52010 78182 889// 333  
 60032 85632=
 22727 76570 /2405 10072 20050 39718 49763 52017 333   60022 91112=
 22717 73/70 /2304 10059 20035 39580 49768 52013 333   60032 91111=
 22802 22599 72503 10082 20039 39774 49796 52021 87900 333   60012
 84926 91110=
 22820 21698 22505 10067 20035 39643 49772 52016 70281 81530 333  
 69932 91011 91114=
 22831 21597 72304 10076 20048 39724 49776 57003 70282 86930 333  
 60032 86932=
 22805 22598 52613 10091 20053 39786 49809 52023 83531 333   69962
 91017 91119=
 22912 22584 72507 10083 20050 39802 49816 52021 87500 333   60112
 87623 91012 91113=
 
