15:31:00 MSK 28.07.2023
020 123456/=о000=1231
 унту01 бтул 281200
 22686 82598 81001 10211 20151 39999 40091 52001 8127/ 555 11024=
 22695 42698 83603 10186 20141 39953 40096 52006 8415/ 555 11024=
 22996 82599 61401 10252 20157 39915 40084 58003 82108 555 10030=
 23220 41498 63202 10206 20161 39884 40013 52008 70282 84930 555 12021=
 23226 41560 73406 10209 20154 39817 40014 52006 70298 85930 333 83922 
 555 11024=
 23305 42799 63403 10239 20128 30057 40082 52009 84205 555 11030=
 23320 86/// /3604 10219 20104 39985 40052 52019 333 91111=
 23324 42581 73205 10180 20139 39981 40053 52021 87500 333 87628 91110
 555 10020=
 23405 42580 73402 10234 20143 39992 40083 52010 82901 
 555 11027=
 23410 86/// /3303 10240 20093 39971 40060 52015 555 50189 53008=
 23411 41599 73102 10222 20153 39990 40072 52017 70282 10282 87900 555
 11029=
 23412 42699 23304 10234 20112 39974 40063 52015 82130 555 10035=
 23416 NIL=
 23418 41665 73003 10212 20155 39995 40062 52015 72598
 85930 333 84939 555 11024=
 23501 NIL=
 23503 42598 73202 10246 20133 30033 40079 52013 82905 555 10033=
 23507 86/// /0701 10216 20142 39800 40086 50011=
 23509 42598 63102 10239 20140 30007 40079 52012 85931 333 85920 555
 11027=
 23514 41597 70102 10219 20159 39892 40073 52019 78098 86903 333 86927 555 11027=
 23518 42/// /3004 10233 20159 39975 40059 52019 555 1/029=
 23606 42662 73201 10225 20154 39927 40080 52015 82101 555 10032=
 23612 NIL=
 23701 82699 73101 10214 20151 39977 40097 51009 82145 555 11027=
 23704 NIL=
 23707 82599 81001 10215 20153 39971 40093 52005 83185 555 11025=
 23708 42598 62902 10213 20144 39958 40096 52011 85930 333 85826 555
 11023=
 23709 81998 82803 10218 20136 39911 40089 51020 70252 86031 555 11026=
 23711 42598 63202 10240 20149 39912 40067 52020 84201 555 11028=
 23803 42599 89901 10204 20115 39923 40089 51016 889// 555 11022=
 23804 42997 80401 10215 20156 39958 40092 52005 8807/ 555 11024=
 23807 42/// /2301 10225 20159 39946 40094 50002 555 1/025=
 23808 86/// /2702 10216 20147 39946 40102 52010=
 23812 81597 73302 10219 20148 39920 40070 52023 70282 87900 555 11024=
 23904 42570 70101 10245 20140 39951 40094 50000 81505 555 11036=
 23905 82599 82801 10209 20144 39891 40102 52006 885// 555 11024=
 23909 82598 72703 10195 20146 39873 40101 52011 86530=
 23912 81598 73004 10192 20164 39905 40084 51019 72582 85930 555
 11024=
 23913 81599 72601 10195 20158 39861 40074 51019 72582 87900 555
 11017=
 23914 81499 82804 10191 20152 39848 40087 52017 70282 889// 333
 91110=
 28013 82598 83004 10194 20133 39885 40100 51015 889// 333 91110 555
 11025=
 28016 82699 43404 10236 20158 39887 40093 52009 83101 555 11030=
 28029 82699 53303 10215 20149 39883 40086 52008 85100 333 91110 555
 11032=
 28116 82699 23204 10258 20138 39876 40086 52007 82100 333 91110=
 28128 82599 13003 10264 20138 39943 40083 52005 81100 555 10039=
 28134 82698 33301 10228 20154 39759 40081 52013 83100 555 10042=
 28138 42599 62906 10219 20121 39548 40070 52011 86100 333 91111=
 28216 82999 12803 10267 20134 39818 40088 54001 80005 333 91110 555
 10040=
 28222 82598 83102 10269 20140 39905 40082 50004 82101 555 10035=
 28224 82670 12804 10275 20129 39886 40079 52005 81100=
 28234 82599 23103 10270 20109 39821 40073 52006 82200 333 91111 555
 10040=
 28238 82599 33106 10262 20108 39792 40067 52006 83100 333 91112 555
 10039=
 28313 82998 03002 10280 20132 39918 40092 54000 555 10036=
 28319 82998 02403 10276 20152 30046 40195 54000=
 28321 82999 03203 10283 20137 39901 40085 52007=
 28324 82999 03103 10282 20115 39979 40088 50001 555 10039=
 28326 82998 22804 10287 20118 39906 40074 57001 80001 333 91110 555
 10043=
 28413 82999 03002 10281 20132 39988 40099 58002 555 10031=
 28428 82999 03203 10281 20123 39923 40090 54000 555 10045=
 28429 82698 12803 10264 20134 39710 40084 54001 81100 555 10035=
 22983 41498 81002 10220 20170 39985 40081 57012 70282 85935 333 91003
 91104 555 11025=
 27083 42999 51202 10259 20155 39870 40072 57011 80009 333 91004 91105
 555 10031=
 27097 42998 61202 10259 20174 39846 40084 57005 80009 333 91003 91105
 555 11033=
 27185 42998 81202 10278 20189 39907 40073 58009 82085 333 91005 91106
 555 11034=
 27199 42998 21602 10279 20178 39908 40087 57006 80005 333 91003 91105
 555 10044=
 27281 42582 81304 10285 20196 39878 40065 57009 81186 333 91008 91108
 555 10041=
 27283 42998 61402 10284 20191 39934 40074 57010 86030 333 91004 91105
 555 11032=
 27295 42998 21302 10296 20161 39853 40080 57009 80001 333 91005 91106
 555 10041=
 27296 42998 01101 10289 20150 39891 40087 57006 333 91003 91104 555
 10036=
 27385 429// 01302 10320 20195 39952 40066 57011 333 91004 91106 555
 10040=
 27393 42998 02001 10304 20155 39936 40089 57008 333 91003 91106 555
 10049=
 27480 42698 22102 10345 20157 39947 40061 57010 82100 333 91005 91106
 555 10049=
 28007 42799 23501 10261 20142 39855 40094 50003 81101 333 91003 91105
 555 11031=
 28009 42698 53002 10260 20122 39902 40093 52001 83101 333 91005 91106
 555 10031=
 28105 42998 22002 10269 20138 39918 40094 52001 80005 333 91004 91107
 555 10041=
 28202 42999 13301 10269 20144 39894 40095 58001 80001 333 91002 91105
 555 10035=
 28302 42998 02402 10275 20151 39889 40096 57004 333 91003 91106 555
 10036=
 28307 42998 01102 10316 20151 39955 40084 57009 333 91004 91106 555
 10048=
 28402 42998 02302 10293 20178 39932 40094 57006 333 91004 91104 555
 10041=
 28502 42998 80502 10310 20171 39999 40092 57008 80001 333 91004 91105
 555 10037=
 22550 82597 71202 10226 20151 30056 40065 57012 82231 555 10027=
 22778 41598 71102 10205 20149 30008 40072 57016 70282 85871 555
 11023=
 22889 41598 80902 10209 20164 30006 40086 58010 70362 8255/ 555
 11024=
 22762 82598 71002 10208 20152 30030 40066 57016 83931 555 11024=
 22638 46/// /1102 10201 20136 39812 40021 57017=
 22671 42/// /0802 10207 20151 30005 40078 58009 555 1/026=
 22456 42597 71301 10221 20133 39989 40069 58008 84209 555 11024=
 22583 42698 60000 10225 20146 30015 40089 52002 82271
 555 11025=
 22749 41498 81103 10183 20160 39910 40026 57017 70282 889// 333 88918
 555 11019=
 22951 41598 81702 10178 20164 39768 40030 56007 70282 885// 555
 1/019=
 22887 41599 81102 10199 20184 30015 40081 57013 72582 82931 
 555 11023=
 22876 41597 71103 10204 20158 30010 40077 56013 70282 83430 555
 11024=
 22481 42/// /3401 10229 20125 30036 40085 50001 555 1/029=
 22854 42/// /0904 10170 20159 39761 40031 58014 555 1/018=
 22781 NIL=
 22676 42598 71102 10210 20146 30007 40079 57010 82840 555 11024=
 22648 42698 71104 10211 20149 30000 40043 58016 81230 555 11023=
 22559 82598 71203 10219 20135 30055 40071 57011 84231 555 11026=
 22869 41997 80903 10190 20158 39918 40056 58016 70262 8007/ 333 91110
 555 11021=
 22768 43/// /1502 10204 20155 30015 40062 57013 555 1/024=
 22798 42598 82001 10229 20145 39985 40088 51001 85831 555 11026=
 22375 46/// /1601 10232 20128 30070 40084 57001=
 23207 42599 33204 10226 20121 30063 40083 52012 83800 555 11027=
 23215 42598 63204 10202 20110 39979 40062 52013 81532 333 91110 555
 11022=
 23219 NIL=
 27095 86/// /2102 10271 20174 39888 40095 58005=
 22408 41699 70702 10224 20138 39882 40019 57016 79592 84339 333  
 91110 555   11029=
 22511 41598 70904 10225 20120 39904 40015 57015 70298 84979 555  
 11025=
 22529 42599 80803 10194 20138 30026 40032 57018 889// 333   88923
 555   11024=
 22602 42577 60903 10211 20127 39790 49997 57020 83930 555   11024=
 22621 83870 /1002 10207 20132 39886 40015 57020 555   1////=
 22619 41482 80804 10180 20156 39851 49999 57021 72582 8297/ 555  
 11019=
 22721 41497 81201 10193 20153 39911 40002 57022 78082 889// 333  
 85916 555   11020=
 22727 86456 /0903 10171 20158 39946 49991 57021 555   1////=
 22717 83/25 /0602 10163 20156 39793 49973 57026 555   1////=
 22802 41550 80701 10173 20163 39949 49971 57024 78082 889// 333  
 85920 555   11020=
 22820 41230 80906 10157 20153 39855 49982 57021 76362 8872/ 333  
 88504 91011 91111 555   11016=
 22831 41498 70901 10174 20162 39946 49997 57021 70282 87900 333  
 87914 555   12019=
 22805 41496 80000 10165 20164 39948 49966 57021 76362 8872/ 555  
 11019=
 22912 41257 81103 10175 20166 39948 49962 57012 76186 8872/ 333  
 87705 555   11019=
 
