21:31:00 MSK 14.09.2023
020 123456/=о000=1831
 унту01 бтул 141800
 22686 82998 01402 10123 20094 30077 40173 53001=
 22695 42/// /1801 10129 20075 30022 40169 52004=
 22996 82/// /1701 10126 20104 30037 40216 54001=
 23220 41497 83102 10123 20119 30023 40159 52009 76062 8872/=
 23226 41460 83402 10106 20098 39952 40159 52015 70252 885// 333 88613 
 91112=
 23305 42984 01701 10111 20109 30114 40141 57006=
 23320 66/// /2303 10159 20102 30098 40167 52006 60002 333 10197=
 23324 42980 71601 10127 20117 30090 40164 51002 87070=
 23405 42997 01602 10108 20084 30059 40156 58001=
 23410 66/// /1904 10152 20091 30067 40159 55001 60002 333 10200=
 23411 42599 12205 10144 20101 30069 40154 53002 81500=
 23412 42999 02004 10154 20096 30064 40156 58002=
 23416 NIL=
 23418 42965 01802 10138 20084 30107 40177 52004=
 23501 NIL=
 23503 42998 02002 10107 20077 30123 40172 52005=
 23507 86/// /2102 10117 20099 39875 40174 52002=
 23509 42998 00000 10120 20084 30109 40184 53005=
 23514 42997 02301 10124 20092 39995 40184 52004=
 23518 42997 02102 10097 20090 30106 40195 52005 555 53009=
 23606 42960 02201 10121 20104 30025 40190 56001=
 23612 NIL=
 23701 81974 02101 10097 20090 30074 40200 53002 71100=
 23704 66/// /1801 10092 20092 39804 49916 56365 60002 333 10208=
 23707 82998 02001 10128 20100 30072 40200 52002=
 23708 42984 21902 10109 20084 30067 40212 52001 80001=
 23709 82998 00000 10079 20061 30030 40219 54001=
 23711 42998 02301 10115 20090 30045 40209 53002=
 23803 42999 01701 10103 20067 30045 40220 56001=
 23804 42997 02001 10110 20098 30067 40208 54000=
 23807 41997 22301 10109 20104 30058 40215 54000 71100 80001=
 23808 86/// /1102 10090 20083 30060 40225 54000=
 23812 82997 02101 10065 20059 30067 40227 52003=
 23904 42964 00000 10069 20069 30073 40228 52002=
 23905 82999 00000 10094 20089 30008 40230 52001 555 50111=
 23909 82998 21801 10098 20094 39995 40234 52001 80001=
 23912 82998 00601 10075 20068 30045 40234 54001 555 50103=
 23913 81996 02801 10030 20030 30017 40246 52007 71000 555 50080=
 23914 82999 11801 10148 20084 39984 40230 52001 80001=
 28013 82998 00000 10154 20079 30008 40230 52002 555 50143=
 28016 82/// /3201 10112 20103 30017 40235 52003 555 50125=
 28029 82999 00000 10098 20086 30019 40233 54000 555 50126=
 28116 82999 00000 10105 20091 30009 40234 52001=
 28128 82999 00401 10080 20077 30085 40236 54000 555 50119=
 28134 82998 00000 10064 20059 39896 40243 54000 555 50106=
 28138 43/// /0201 10079 20053 39683 40240 54000=
 28216 82999 20000 10162 20082 39947 40231 54000 80005 555 50160=
 28222 42/// /0000 10093 20086 30046 40237 54000 555 50125=
 28224 82970 00000 10106 20089 30027 40235 54000=
 28234 82997 00000 10103 20078 39964 40236 54001 555 50126=
 28238 82999 02302 10083 20064 39939 40237 52002 555 50115=
 28313 42/// /0401 10099 20086 30050 40238 52002 555 50134=
 28319 82898 20000 10091 20082 30077 40238 53001 82050=
 28321 82999 02402 10130 20100 30036 40232 54000=
 28324 42/// /0000 10088 20074 30116 40235 52002 555 50125=
 28326 82898 20000 10084 20077 30052 40235 52002 82030 555 50122=
 28413 82999 00000 10117 20082 30115 40234 54001 555 50145=
 28428 82999 00000 10108 20085 30053 40233 52003 555 50143=
 28429 42/// /0501 10090 20079 39838 40241 54001 555 50135=
 22983 41967 10000 10080 20078 30108 40211 52004 71211 80001 333 91001
 91102=
 27083 42984 00000 10093 20086 30002 40220 52003 333 91000 91101=
 27097 42998 01401 10088 20088 39974 40230 52002 333 91001 91101=
 27185 42/// /0000 10095 20092 30048 40228 52002 333 91000 91101=
 27199 42998 00000 10099 20093 30039 40232 54000 333 91000 91102=
 27281 42984 21101 10107 20091 30025 40227 52002 80001 333 91002
 91102=
 27283 42997 60000 10080 20077 30076 40230 53001 80001 333 91000
 91101=
 27295 42997 60000 10109 20078 39988 40233 52002 80005 333 91000
 91101=
 27296 42997 00000 10107 20081 30021 40233 52002 333 91001 91103=
 27385 429// 20000 10093 20084 30100 40229 52002 82030 333 91000
 91101=
 27393 42998 00000 10109 20092 30070 40236 53001 333 91001 91102=
 27480 42998 00000 10107 20094 30101 40227 52003 333 91000 91102=
 28007 42999 00000 10134 20079 39979 40232 53001 333 91000 91101=
 28009 42998 30000 10095 20084 30033 40238 52002 80001 333 91000
 91101=
 28105 42998 00000 10094 20083 30045 40234 52001 333 91000 91101=
 28202 42997 21801 10121 20083 30017 40232 53001 80001 333 91001
 91101=
 28302 42997 00000 10102 20077 30012 40235 54000 333 91000 91101=
 28307 42998 70000 10119 20087 30090 40230 52001 80001 333 91000
 91101=
 28402 42984 21101 10133 20085 30057 40231 52001 80005 333 91001
 91102=
 28502 42998 62702 10109 20047 30129 40230 52003 80001 333 91002
 91102=
 22550 81672 81804 10160 20125 30081 40091 57002 70282 885// 333 88637=
 22778 42998 01602 10122 20094 30108 40175 52002=
 22889 41996 00000 10069 20069 30125 40210 53004 71000=
 22762 42998 41602 10160 20089 30108 40145 56001 84030=
 22638 46/// /3502 10103 20100 39899 40117 52026=
 22671 42798 82003 10159 20086 30055 40130 57002 8557/ 333 85650=
 22456 41497 80801 10103 20103 30008 40104 58011 78082 889//=
 22583 42998 01601 10092 20071 30067 40146 53003 =
 22749 41598 82005 10168 20099 30011 40130 52002 70282 889// 333 88920
 91110=
 22951 42998 01903 10138 20084 39898 40168 53001=
 22887 42997 01302 10107 20102 30130 40199 53005=
 22876 42997 01801 10098 20089 30120 40191 52002=
 22481 NIL=
 22854 42899 71904 10151 20083 39878 40153 53003 87030=
 22781 NIL=
 22676 42998 01703 10148 20081 30074 40148 54000 333 91111=
 22648 41498 81904 10163 20118 30070 40114 52001 72582 889// 333
 88910=
 22559 81798 81904 10165 20104 30090 40106 58003 70282 889// 333 88655
 91110=
 22869 42998 01802 10130 20088 30045 40188 53003=
 22768 42897 22003 10154 20088 30108 40155 52001 82031 333 91111=
 22798 42998 00000 10106 20093 30090 40200 52002=
 22375 NIL=
 23207 NIL=
 23215 41296 80602 10093 20093 30074 40160 52013 76165 8872/ 333
 88705=
 23219 NIL=
 27095 66/// /0000 10087 20087 30014 40239 54001 60002 333 10223=
 22408 11659 83402 10090 20079 30025 40171 52014 69972 78082 889//
 333   10124 88936=
 22511 11582 83601 10098 20086 30044 40162 52016 60052 72522 8695/
 333   10117 86632=
 22529 11598 83603 10095 20083 30128 40135 52020 60272 72162 885//
 333   10121 88626 91110=
 22602 11977 13101 10078 20066 39944 40165 52018 60062 70181 8103/
 333   10135=
 22621 12398 83502 10091 20084 30010 40146 52016 60272 886// 333  
 10106 88709=
 22619 11498 83203 10098 20091 39990 40145 52018 60252 70282 885//
 333   10109 88616=
 22721 11497 83002 10094 20086 30041 40137 52027 60182 70282 889//
 333   10152 85711=
 22727 12467 83602 10106 20097 30082 40128 52023 60122 886// 333  
 10174 88711 91110=
 22717 12598 83302 10096 20084 39959 40151 52023 60142 885// 333  
 10141 88627=
 22802 12598 73201 10108 20097 30139 40162 52024 60042 82532 333  
 10140=
 22820 11396 83303 10107 20102 39995 40127 52026 60132 78182 889//
 333   10180 87609=
 22831 11696 71901 10164 20105 30065 40117 52003 69902 78082 86930
 333   10214 86933=
 22805 125// 83502 10121 20098 30135 40159 52026 60042 885// 333  
 10151=
 22912 11484 83303 10115 20104 30117 40132 52028 60102 70262 885//
 333   10183 88617=
 
