03:31:01 MSK 29.01.2023
020 123456/=о000=0031
 унту01 бтул 290000
 22686 41498 82304 11072 21097 39959 40061 56007 73632 885// 333 88616 91111 555 1/108=
 22695 42/// /2404 11078 21106 39890 40047 57008 333 91010 91110 555 1/108=
 22996 42/// /2003 11090 21090 39948 40141 57016 555 1/110=
 23220 42598 40502 11239 21264 39893 40047 58002 82530 555 1/126=
 23226 41921 50000 11254 21278 39821 40057 54000 70511 80001 555 1/129=
 23305 42/// /1904 11060 21064 39956 49984 57017 555 1/106=
 23320 86/// /2202 11074 21101 39950 40024 57015=
 23324 41477 81301 11093 21105 39948 40027 57010 70272 885// 333 88619
 555 1/110=
 23405 41995 82103 11058 21069 39904 40005 57012
 77372 8802/ 555 1/107=
 23410 86/// /1604 11079 21093 39911 40010 57018 555 53007=
 23411 42/// /2104 11072 21075 39910 40001 57017 555 1/107=
 23412 41497 81802 11080 21091 39910 40009 57017 77172 8577/ 555 1/108=
 23416 NIL=
 23418 41425 81603 11068 21088 39960 40035 57004 77372
 8672/ 333 86712 555 1/107=
 23503 42/// /2203 11063 21078 39966 40017 57013 555 1/107=
 23507 86/// /2504 11078 21083 39717 40034 57010=
 23509 42/// /2103 11061 21072 39955 40035 57013 555 1/106=
 23514 41396 82303 11068 21077 39836 40036 57010 77173 8772/ 333 87707 555 1/107=
 23518 42/// /2104 11068 21076 39948 40042 57014 555 1/107=
 23606 41457 82302 11065 21081 39876 40052 57013
 77172 8552/ 333 85611 555 1/107=
 23612 NIL=
 23701 NIL=
 23704 86/// /2405 11073 21083 39926 40039 55004 333 91010 91111 555 53011=
 23707 81998 72306 11080 21101 39948 40084 57012 73632 8707/ 333 91111 555 1/109=
 23708 42/// /2105 11073 21098 39934 40087 57017 333 91011 91112 555 1/108=
 23709 NIL=
 23711 41497 82203 11068 21090 39901 40074 57010 78582 889// 333 86711 555 1/108=
 23803 41999 82404 11080 21116 39927 40113 56012 73632 80007 555 1/109=
 23804 82497 82103 11079 21100 39949 40098 57013 8555/ 333 85614 555 1/109=
 23807 42/// /2205 11096 21097 39952 40120 57016 333 91110 555 1/111=
 23808 86/// /1804 11087 21105 39952 40127 57017=
 23812 42497 82403 11081 21100 39938 40106 57014 885// 333 88619 934//
 555 1/108=
 23904 42480 72003 11095 21102 39981 40145 58016 87500 333 87611 555
 1/112=
 23905 42599 82003 11102 21117 39911 40148 57014 885// 555 1/111=
 23909 42498 82203 11094 21111 39897 40152 57014 885//=
 23912 43/// /2003 11089 21098 39947 40146 57012 555 1/109=
 23913 41597 82602 11092 21116 39907 40145 58013 77172 8872/ 555
 1/111=
 23914 81498 82004 11096 21108 39887 40154 57011 70272 885// 333
 93403=
 27095 86/// /1805 11092 21092 39940 40179 57015=
 28013 42898 82003 11094 21115 39921 40162 57011 8802/ 555 1/110=
 28016 42/// /2102 11095 21117 39936 40172 57013 555 1/111=
 28029 42599 82103 11100 21112 39951 40180 57005 8352/ 555 1/108=
 28116 42499 72203 11102 21116 39943 40184 57010 87500=
 28128 41596 82103 11090 21103 30031 40191 57008 77173 885// 333 91110
 555 1/109=
 28134 42898 82102 11099 21111 39825 40192 57006 8801/ 333 93402 555
 1/110=
 28138 43/// /2203 11098 21111 39596 40188 57006=
 28216 41896 82103 11097 21109 39894 40206 57007 77172 8802/ 555
 1/110=
 28222 42/// /2102 11092 21103 39995 40199 58004 555 1/109=
 28224 41470 82202 11083 21096 39981 40204 57006 77172 885//=
 28234 42597 82102 11078 21100 39910 40200 57006 885// 555 1/107=
 28238 42599 82404 11076 21100 39885 40201 58003 885// 555 1/108=
 28313 42/// /2103 11082 21097 30013 40214 57007 555 1/108=
 28319 42898 72402 11070 21088 30050 40221 57003 87050 333 93401=
 28321 42899 82304 11080 21094 39997 40209 57007 8802/=
 28324 42/// /2403 11068 21098 30091 40217 57002 555 1/108=
 28326 42598 72502 11078 21096 30017 40212 54000 87500 555 1/109=
 28413 42599 82502 11060 21095 30096 40223 57003 885// 555 1/107=
 28428 41598 82402 11060 21090 30032 40223 52002 72272 885// 333 93400
 555 1/107=
 28429 NIL=
 22983 42584 82303 11085 21102 30024 40133 57013 885// 333 91008 91109
 93401 555 1/109=
 27083 42584 82105 11090 21104 39922 40153 57014 885// 333 91008 91110
 555 1/108=
 27097 42/// /1903 11093 21098 39901 40174 57014 333 91005 91107 555
 1/109=
 27185 42/// /1803 11085 21096 39992 40183 56015 333 91005 91106 555
 1/108=
 27199 41397 82201 11085 21095 39987 40193 57013 77172 8772/ 333 91004
 91106 555 1/109=
 27281 42484 82203 11086 21097 39974 40191 57013 885// 333 91006 91107
 555 1/109=
 27283 42497 82303 11083 21094 30020 40183 57013 885// 333 91006 91108
 555 1/109=
 27295 42/// /2002 11087 21101 39937 40200 57013 333 91005 91106 555
 1/108=
 27296 42997 82303 11091 21108 39970 40198 57013 8805/ 333 91005 91106
 555 1/109=
 27385 424// 82303 11063 21086 30065 40198 57017 887// 333 91005 91106
 555 1/107=
 27393 41498 82405 11081 21092 30032 40211 57015 70272 8662/ 333 91007
 91108 555 1/108=
 27480 42498 82402 11058 21092 30075 40208 57012 885// 333 91005 91107
 555 1/106=
 28007 42499 82003 11093 21108 39907 40181 57012 886// 333 88710 91006
 91107 555 1/109=
 28009 41496 82104 11107 21127 39963 40184 57011 77772 886// 333 91006
 91107 555 1/111=
 28105 42598 82204 11100 21113 39984 40194 56011 885// 333 91007 91107
 555 1/108=
 28202 41596 82302 11095 21110 39967 40200 57014 77172 885// 333 91005
 91106 555 1/109=
 28302 42597 82002 11089 21102 39969 40208 58012 885// 333 91004 91105
 555 1/109=
 28307 42298 82302 11069 21095 30063 40213 57012 886// 333 91005 91105
 555 1/107=
 28402 41572 82503 11070 21088 30029 40215 57009 77072 8552/ 333 91005
 91105 555 1/107=
 28502 42997 82004 11056 21078 30115 40222 57006 8802/ 333 91005 91105
 555 1/106=
 22550 81450 82004 11042 21056 39973 49983 57017 77187 8872/ 333 88712
 91113 555 1/105=
 22778 42598 82303 11071 21098 30015 40086 57021 8257/ 555 1/108=
 22889 42/// /2204 11082 21096 30032 40122 58012 555 1/109=
 22762 42/// /2002 11059 21075 30016 40056 57021 555 1/107=
 22638 46/// /2103 11055 21070 39777 40005 57016=
 22671 42/// /2004 11059 21068 39942 40022 57017 555 1/106=
 22456 NIL=
 22583 41484 72002 11066 21083 39935 40017 57005 70277 875// 555 1/107=
 22749 42/// /2106 11065 21081 39935 40063 57020 333 91111 555 1/107=
 22951 42/// /2403 11090 21098 39816 40108 57020 555 1/109=
 22887 42497 82103 11077 21099 30041 40113 57016 8655/ 333 86615 91110 555 1/108=
 22876 42/// /2205 11077 21093 30027 40102 57016 333 91110 555 1/108=
 22481 42/// /2008 11041 21048 39914 49967 57013 333 91012 91112 555
 1/105=
 22854 42/// /2204 11085 21092 39791 40089 57016 333 91110 555 1/109=
 22781 NIL=
 22676 41596 82005 11072 21092 39967 40047 57019 77073 885// 333 91113
 555 1/108=
 22648 42/// /2106 11047 21060 39981 40029 57019 333 91111 555 1/105=
 22559 42/// /2104 11048 21060 39982 49999 56021 333 91110 555 1/105=
 22869 42/// /2105 11081 21091 39960 40113 58019 555 1/108=
 22768 42597 82306 11069 21093 30028 40079 57021 885// 333 88622 91111
 555 1/108=
 22798 42/// /2206 11081 21098 39977 40094 57009 333 91010 91111 555
 1/108=
 22375 46/// /2107 11038 39909 49924 57022 333 91114=
 23207 NIL=
 23215 NIL=
 23219 NIL=
 22408 41484 82304 11013 21033 39782 49930 57013 70232 885// 333  
 88615 555   1/102=
 22511 42584 82203 11006 21047 39820 49940 57012 885// 333   88625
 91110 555   1/103=
 22529 41598 82204 11015 21042 39958 49965 57012 73673 885// 333  
 88624 91111 555   1/103=
 22602 41474 82404 11013 21030 39743 49967 57014 73673 885// 333  
 88612 555   1/102=
 22621 83570 /2005 11025 21042 39838 49978 57014 555   1////=
 22619 41598 72002 11024 21043 39825 49984 57014 70283 87500 333  
 87621 555   1/103=
 22721 41597 82401 11033 21047 39909 40008 57015 70283 889// 333  
 86620 555   1/104=
 22727 86470 /2104 11036 21055 39984 40032 57019 333   91110 555  
 1////=
 22717 83/70 /2203 11024 21035 39833 40027 57013 555   1////=
 22802 41598 82202 11010 21026 30014 40038 57014 70282 889// 333  
 86624 555   1/102=
 22820 41598 82306 11044 21073 39897 40036 57020 73873 8552/ 333  
 85620 91012 91115 92980 555   1/106=
 22831 41495 82202 11057 21069 30005 40061 57021 78582 889// 333  
 88911 555   1/105=
 22805 425// 82509 11001 21011 30020 40040 56018 885// 333   91012
 91116 555   1/101=
 22912 41430 82206 11038 21050 30053 40068 57021 77373 8872/ 333  
 87710 91111 555   1/104=
 
