18:31:00 MSK 25.05.2023
020 123456/=о000=1531
 уйту01 бтул 251500
 22686 62598 52204 10220 20121 30036 40129 58007 69902 81105 333 10244 91111 555 50196 53013=
 22695 12598 52205 10214 20096 39980 40122 58003 69942 83901 333 10235
 91010 91113 555 50194 53014=
 22996 12598 61001 10233 20157 39994 40166 57019 69902 82935 333 10238
 555 50201 53007=
 23220 12599 60605 10121 20061 30047 40183 57016 60002 83530 333 10191 555 50112 53008=
 23226 12960 51607 10122 20058 39975 40182 57017 60002 85030 333 10145 
 91010 91113 555 50103 53013=
 23305 12699 71603 10244 20079 30069 40094 57029 60002 83231 333 10273
 91110 555 50192 53010=
 23320 76/// /2004 10246 20043 30093 40160 57015 333 60002 555 50194 53010=
 23324 12984 61503 10230 20081 30088 40160 57014 69902 83072 333 10268
 555 50186 53009=
 23405 11573 71905 10237 20110 30009 40100 57026 69902 71792 
 86330 333 10263 86921 91111 555 50187 53011=
 23410 76/// /1102 10227 20082 30047 40136 58020 333 60002 91111=
 23411 12999 71603 10225 20067 30033 40115 57029 60002 87030 333
 10268 91112 555 50194 53012=
 23412 12499 61304 10224 20088 30041 40131 57023 60002 83330 333 10272 555 50194 53006=
 23416 NIL=
 23418 12665 71604 10260 20060 30072 40140 57025 69902
 82980 333 10302 91110 555 50213 53010=
 23503 12598 61904 10244 20101 30070 40116 56025 60002 82904 333 10277 91112 555 50183 53013=
 23507 66/// /2505 10213 20123 39830 40117 55009 60002 333 10255 91112 555 50191 53012=
 23509 12498 71804 10247 20106 30053 40125 57018 69902 86901 333 10270
 86917 91112 555 50189 53012=
 23514 12697 41904 10245 20101 39955 40136 57018 60002 82183 333 10275 91113  555 50209 53013=
 23518 12598 82003 10231 20077 30078 40163 57015 60002 8497/ 333 10271
 555 50193 53011=
 23606 12662 61904 10238 20113 39986 40139 57016 60002 82401 333 10273 91010 91114 555 50208 53014=
 23701 11699 52405 10239 20115 30024 40143 55004 69982 70298 82209 333
 10261 91114 555 50179 53014=
 23704 76/// /2304 10259 20120 39926 40039 55004 333 60002 91113=
 23707 62598 81804 10243 20137 30021 40143 57007 69942 83404 333 10266 91111 555 50206 53012 =
 23708 12584 82006 10248 20086 30022 40159 57009 69912 82931 333 10261
 91012 91114 555 50193 53014=
 23709 11998 51805 10228 20082 39997 40176 57021 69912 70282 82031 333
 10264 91110 555 50191 53012=
 23711 11598 72103 10228 20104 30022 40179 57010 69902 70298 82945 333 10286 91111 555 50192 53011=
 23803 11999 81804 10215 20094 30021 40189 58023 69932 70282 86061 333
 10258 555 50189 53011=
 23804 62597 81902 10240 20126 30023 40157 57008 69902 82301 333 10263 91110 555 50204 53012=
 23807 12597 71804 10232 20150 30020 40170 57013 69942 82539 333 10247
 91110 555 50197 53016=
 23808 66/// /1503 10231 20099 30026 40183 58017 60002 333 10267=
 23812 12597 72702 10243 20060 30048 40199 57001 60002 86530 333 10282
 555 50189 53008=
 23904 12570 81501 10238 20125 30034 40179 58017 69902 82972 333 10258
 555 50191 53007=
 23905 12899 81401 10230 20120 39977 40188 57020 60002 8801/ 333 10269
 555 53008=
 23909 12598 81201 10235 20115 39970 40197 57013 60002 82541 333
 10283=
 23912 12598 70000 10250 20077 30025 40202 57006 60002 82531 333 10288
 555 53007=
 23913 12599 70000 10209 20117 39997 40212 57007 60002 87500 333 10278
 555 53003=
 23914 62498 80000 10262 20082 39965 40201 57008 60002 82586 333
 10291=
 28013 12699 61701 10270 20048 39983 40195 57013 60002 82105 333 10286
 555 53008=
 28016 12599 62101 10279 20052 39989 40195 57014 60002 82509 333 10300
 555 53009=
 28029 12699 61802 10275 20051 30002 40203 57011 60002 81105 333 10294
 555 53007=
 28116 12899 32202 10275 20055 39988 40200 57012 60002 81035 333
 10296=
 28128 12999 71501 10256 20109 30068 40210 57012 60002 80001 333 10285
 555 53005=
 28134 12998 80000 10251 20101 39889 40214 57011 60002 80006 333 10287
 555 53006=
 28138 12599 70000 10240 20037 39691 40218 57011 60002 86530 333
 10261=
 28216 12999 52003 10271 20047 39935 40209 57010 60002 80005 333 10293
 555 53009=
 28222 12997 82101 10278 20063 30032 40211 57012 60002 80005 333 10306
 555 53007=
 28224 12670 62501 10270 20037 30017 40213 57010 60002 81105 333
 10299=
 28234 12998 60000 10250 20047 39960 40218 57011 60002 80002 333 10297
 555 53006=
 28238 12899 53401 10265 20032 39938 40218 57009 60002 83041 333 10284
 555 53007=
 28313 12998 62002 10273 20049 30036 40213 57011 60002 80001 333 10301
 555 53013=
 28319 12998 01101 10266 20113 30068 40218 57013 60002 333 10291=
 28321 12599 52102 10265 20067 30026 40214 57010 60002 82261 333
 10297=
 28324 12598 32401 10280 20050 30106 40217 57012 69902 82409 333 10305
 555 53008=
 28326 12598 42702 10279 20044 30045 40217 57010 60002 82501 333 10309
 555 53006=
 28413 12999 21802 10284 20015 30102 40214 57014 60002 80005 333 10301
 555 53008=
 28428 12999 20000 10284 20063 30051 40220 57010 60002 80001 333 10300
 555 53007=
 28429 12598 32602 10263 20047 39842 40223 57011 60002 81401 333 10294
 555 53007=
 22983 12498 81401 10252 20121 30057 40154 57013 60002 85935 333 10269
 91003 91109 555 50221 53012=
 27083 12999 50901 10249 20158 39948 40153 57028 60002 85070 333 10253
 91003 91104 555 50205 53010=
 27097 12998 81504 10260 20087 39924 40165 57019 69972 80005 333 10272
 91006 91108 555 50205 53008=
 27185 12998 21502 10272 20061 39991 40160 57017 60002 80001 333 10289
 91005 91109 555 50223 53009=
 27199 12998 61802 10273 20053 39994 40175 57017 60002 80001 333 10292
 91005 91108 555 50237 53009=
 27281 12982 21505 10270 20065 39963 40153 57018 60002 80005 333 10283
 91009 91110 555 50222 53011=
 27283 12998 21803 10275 20066 30021 40164 57018 60002 80001 333 10289
 91006 91110 555 50231 53010=
 27295 12998 31502 10278 20035 39940 40169 57018 60002 80005 333 10294
 91006 91109 555 50233 53009=
 27296 12998 51503 10272 20039 39976 40175 57016 60002 80001 333 10286
 91005 91108 555 50230 53009=
 27385 129// 01503 10277 20083 30042 40159 57017 60002 333 10293 91006
 91109 555 50234 53009=
 27393 12998 11604 10262 20075 30026 40184 57018 60002 80040 333 10281
 91006 91108 555 50224 53012=
 27480 12998 21602 10277 20109 30040 40158 57014 60002 80001 333 10301
 91005 91107 555 50239 53010=
 28007 12999 61701 10264 20045 39941 40182 57014 60002 80001 333 10300
 91002 91109 555 50229 53009=
 28009 12998 31903 10273 20037 39999 40193 57014 60002 80001 333 10292
 91005 91106 555 50214 53008=
 28105 12998 31803 10273 20019 30001 40184 57016 60002 80001 333 10290
 91006 91109 555 50229 53009=
 28202 12981 21903 10267 20034 39987 40191 57016 60002 80001 333 10297
 91005 91109 555 50213 53009=
 28302 12998 51603 10276 20027 39983 40193 57015 60002 80001 333 10290
 91005 91108 555 50226 53010=
 28307 12998 21603 10282 20061 30049 40181 57015 60002 81031 333 10298
 91006 91109 555 50217 53011=
 28402 12998 41502 10272 20092 30026 40190 57015 60002 80005 333 10294
 91003 91108 555 50231 53011=
 28502 12998 41503 10289 20044 30096 40191 57013 60002 82031 333 10308
 91005 91113 555 50211 53013=
 22550 12997 61603 10211 20140 30065 40074 57019 60022 82081 333 10211 555 50172 53007=
 22778 12598 81703 10218 20140 30064 40128 57017 69902 83572 333 10236
 555 50195 53009=
 22889 11496 82302 10230 20132 30078 40158 57006 69902 78082 8698/ 333
 10268 86918 555 50209 53013=
 22762 61598 71402 10196 20165 30078 40115 57013 60012 70282 83931 333
 10220 555 50170 53008=
 22638 NIL=
 22671 12599 62203 10213 20122 30029 40102 57011 69902 86900 333 10231
 86929 555 50185 53009=
 22456 11597 52103 10189 20144 39988 40070 56018 60042 70282 82130 333
 10227 555 50150 53007=
 22583 11598 72102 10192 20138 30030 40105 53003 69902 70228 86970 
 333 10256 91110 555 50191 53012=
 22749 NIL=
 22951 11497 82202 10195 20143 39854 40117 57017 69932 71792 8635/ 333
 10202 555 50163 53009=
 22887 12699 81604 10238 20157 30084 40149 57016 60002 8355/ 333 10262 
 555 50213 53011=
 22876 12997 81901 10231 20138 30069 40138 57019 60002 8805/ 333 10249
 555 50189 53011=
 22481 11598 72304 10169 20153 30030 40080 56001 60022 72582 86960 333
 10254 555 50165 53013=
 22854 11599 82003 10178 20150 39842 40113 57014 60032 70382 82531 333
 10194 555 50166 53010=
 22781 NIL=
 22676 12598 71904 10202 20130 30044 40117 58007 60022 86941 333 10232
 91111 555 50177 53013=
 22648 NIL=
 22559 12598 71802 10210 20148 30072 40087 57019 60042 85801 333 10213
 85627 555 50175 53009=
 22869 11396 72401 10177 20154 39999 40139 57013 69932 78082 85973 333
 10228 84607 555 50194 53009=
 22768 11697 62102 10214 20161 30070 40116 57015 60012 70282 85931 333 10237  555 50185 53009=
 22798 12598 82203 10247 20119 30040 40144 58011 60032 83904 333 10256
 91113 555 50203 53016=
 22375 46/// /2404 10141 30057 40071 57004=
 23207 12999 81605 10250 20090 30050 40071 57032 60002 8804/ 333 10272
 91111 555 50200 53011=
 23215 NIL=
 23219 NIL=
 27095 76/// /1703 10272 20078 39966 40176 57019 333 60002 555 50214 53009=
 22408 22699 32804 10149 20004 39929 40071 57003 82130 333   60022
 91110=
 22511 21598 62702 10136 20086 39960 40075 57002 72582 84339 333  
 60022=
 22529 22599 73203 10161 20105 30067 40073 52012 83832 333   60002
 91112=
 22602 21476 72502 10108 20096 39874 40091 54000 72522 84930 333  
 60092=
 22621 73969 /2803 10126 20106 39953 40087 52018 333   60002 91112=
 22619 21459 82603 10134 20109 39935 40087 52016 78082 8692/ 333  
 69942 91114=
 22721 22998 72904 10175 20095 39996 40088 52008 87070 333   60002
 91111=
 22727 76870 /2303 10217 20075 30044 40088 57006 333   60002 91110=
 22717 73/70 /2603 10149 20111 39919 40103 52005 333   60002=
 22802 21564 82402 10159 20117 30085 40107 57006 78082 8495/ 333  
 69932=
 22820 22570 62504 10213 20059 39964 40091 57008 83131 333   60002
 91111=
 22831 22998 51902 10211 20083 30052 40103 57016 83031 333   60002=
 22805 21497 82305 10088 20065 30097 40116 54000 76062 8572/ 333  
 69912=
 22912 22599 52702 10189 20082 30099 40113 57003 81149 333   60002
 91110=
 
