18:31:00 MSK 13.08.2023
020 123456/=о000=1531
 уйту01 бтул 131500
 22686 62998 61902 10283 20146 30103 40194 57009 60002 80009 333 10297 555 50214 53007=
 22695 12698 32702 10280 20124 30052 40192 57009 60002 82101 333 10295
 555 50229 53008=
 22996 62998 11801 10267 20164 30036 40207 57012 60002 80008 333 10298 555 50213 53006=
 23220 12599 71801 10224 20153 30039 40170 57008 60002 81539 333 10265 555 50176 53007=
 23226 12960 80000 10240 20142 39971 40168 57007 60002 80005 333 10265 
 555 50184 53008=
 23305 11799 60000 10222 20198 30167 40193 53002 60012 72998 81235 333
 10275 91110 555 50215 53010=
 23320 76/// /2301 10224 20165 30116 40184 57009 333 60002 555 50185 53010=
 23324 12985 72402 10246 20167 30108 40179 57008 60002 80009 333 10282
 555 50200 53007=
 23405 12570 73302 10226 20192 30102 40194 57001 60002 82331 333
 10287 555 50214 53009=
 23410 76/// /2002 10258 20140 30093 40182 57009 333 60002=
 23411 12599 72602 10256 20158 30102 40184 57006 60002 87500 333
 10282 555 50216 53007=
 23412 12699 62702 10260 20165 30094 40183 57008 60002 82531 333 10290
 555 50220 53005=
 23416 NIL=
 23418 12665 72102 10280 20136 30122 40189 57007 60002 82901
 333 10297 555 50226 53007=
 23503 12698 82401 10276 20145 30143 40189 57007 60002 82935 333 10301 555 50203 53007=
 23507 66/// /2701 10275 20142 39909 40193 57006 60002 333 10287 555 50214 53007=
 23509 12698 72301 10275 20184 30122 40193 56008 60002 82104 333 10297
 555 50233 53004=
 23514 12597 72201 10238 20171 30013 40195 57008 60002 82489 333 10288 555 50206 53008=
 23518 12698 82902 10267 20125 30110 40194 57008 60002 81109 333
 10291=
 23606 12962 82101 10244 20168 30046 40200 57008 60002 80001 333 10290 555 50205 53006=
 23701 12699 72102 10276 20172 30085 40203 57009 60002 82205 333 10302
 555 50205 53007=
 23704 76/// /2202 10286 20169 30375 40485 58063 333 60002=
 23707 62599 62002 10269 20162 30080 40202 57010 60002 82104 333 10292 555 50215 53008=
 23708 12984 82202 10277 20125 30072 40209 57010 60002 80001 333 10298
 555 50205 53006=
 23709 62998 72201 10274 20118 30034 40211 57011 60002 80004 333 10289
 555 50198 53006=
 23711 12998 42601 10221 20174 30048 40206 57010 60002 80001 333 10292 555 50187 53006=
 23803 12999 30701 10266 20111 30046 40211 57014 60002 80001 333 10297
 555 50204 53005=
 23804 62997 21901 10267 20149 30074 40207 57010 60002 80001 333 10287 555 50210 53006=
 23807 12998 22401 10267 20174 30062 40210 57011 60002 80009 333 10289 555 50211 53006=
 23808 66/// /1902 10282 20136 30062 40216 57011 60002 333 10294=
 23812 12997 62201 10263 20078 30063 40213 57012 60002 80001 333 10285
 555 50185 53007=
 23904 12970 12001 10273 20133 30069 40213 57011 60002 333 10299 555
 50199 53005=
 23905 62999 01801 10259 20141 30008 40218 57010 60002 333 10289 555
 53005=
 23909 62998 22001 10251 20160 39994 40221 57012 60002 80001 333
 10282=
 23912 62998 22701 10258 20100 30045 40223 57013 60002 80001 333 10270
 555 53005=
 23913 62999 02901 10230 20105 30009 40223 57011 60002 333 10274 555
 53005=
 23914 62999 52901 10254 20113 39986 40223 57012 60002 80004 333
 10264=
 28013 62998 20000 10265 20108 30009 40222 57011 60002 80001 333 10280
 555 53005=
 28016 62999 11401 10258 20141 30016 40223 57012 60002 80001 333 10283
 555 53004=
 28029 62999 00000 10246 20119 30021 40225 57012 60002 333 10269 555
 53004=
 28116 62999 00000 10262 20128 30010 40223 57012 60002 333 10285=
 28128 62999 00701 10233 20149 30086 40229 57014 60002 333 10265 555
 53004=
 28134 62998 00000 10194 20134 39902 40233 57010 60002 333 10261 555
 53005=
 28138 12999 02702 10225 20073 39696 40225 57009 60002 333 10256=
 28216 62999 03602 10272 20095 39949 40223 57010 60002 333 10294 555
 53004=
 28222 62998 00401 10245 20092 30047 40228 57013 60002 333 10285 555
 53005=
 28224 62970 00401 10263 20109 30029 40225 57010 60002 333 10284=
 28234 62999 00000 10258 20072 39969 40227 57011 60002 333 10269 555
 53005=
 28238 62999 03302 10224 20073 39945 40228 57009 60002 333 10255 555
 53007=
 28313 62998 03401 10276 20085 30048 40225 57011 60002 333 10307 555
 53005=
 28319 62998 22301 10274 20118 30081 40231 57010 60002 80001 333
 10286=
 28321 62999 01901 10272 20107 30036 40223 57012 60002 333 10292=
 28324 62999 01601 10267 20095 30116 40227 57011 60002 333 10294 555
 53004=
 28326 62998 20701 10255 20105 30054 40227 57011 60002 80001 333 10286
 555 53005=
 28413 62899 10000 10275 20110 30118 40231 57011 60002 81030 333 10297
 555 53004=
 28428 62999 03002 10265 20083 30057 40228 57009 60002 333 10290 555
 53005=
 28429 62998 03401 10239 20087 39848 40231 57007 60002 333 10263 555
 53006=
 22983 12998 21701 10278 20158 30107 40203 57011 60002 82030 333 10296
 91003 91105 555 50220 53007=
 27083 12599 21502 10262 20158 30000 40205 57012 60002 82400 333 10282
 91003 91105 555 50216 53006=
 27097 12998 11501 10260 20165 39973 40214 57011 60002 80001 333 10283
 91002 91105 555 50205 53007=
 27185 12698 60000 10241 20174 30041 40211 57010 60002 84831 333 10291
 91000 91105 555 50217 53006=
 27199 12998 22101 10271 20162 30035 40216 57010 60002 80001 333 10292
 91002 91104 555 50225 53005=
 27281 12982 71201 10252 20153 30015 40206 57012 60002 86072 333 10280
 91002 91107 555 50220 53008=
 27283 12998 51400 10262 20165 30070 40215 57010 60002 85030 333 10298
 91001 91105 555 50231 53006=
 27295 12998 31401 10278 20110 39984 40215 57009 60002 80001 333 10295
 91002 91105 555 50236 53007=
 27296 12974 32102 10275 20119 30017 40218 57009 60002 80001 333 10295
 91003 91105 555 50220 53006=
 27385 125// 61101 10265 20131 30089 40208 57010 60002 82531 333 10302
 91002 91106 555 50215 53007=
 27393 12998 21802 10271 20130 30065 40222 57010 60002 80001 333 10294
 91003 91107 555 50217 53007=
 27480 12598 71402 10272 20126 30087 40206 57010 60002 83531 333 10306
 91003 91106 555 50208 53008=
 28007 12999 01801 10274 20121 39979 40220 57012 60002 333 10292 91001
 91103 555 50221 53004=
 28009 12998 02401 10274 20099 30031 40224 57011 60002 333 10292 91002
 91104 555 50204 53005=
 28105 12998 11401 10265 20121 30043 40221 57011 60002 81040 333 10285
 91002 91104 555 50205 53005=
 28202 12983 11701 10264 20118 30017 40221 57012 60002 81030 333 10290
 91001 91104 555 50210 53005=
 28302 12998 20000 10270 20125 30014 40224 57009 60002 80001 333 10290
 91000 91104 555 50212 53005=
 28307 12998 21102 10270 20122 30085 40218 57011 60002 80001 333 10299
 91003 91106 555 50220 53007=
 28402 12998 61801 10274 20136 30057 40222 57011 60002 80001 333 10293
 91002 91105 555 50225 53006=
 28502 12998 21202 10283 20075 30126 40221 57010 60002 80001 333 10303
 91004 91106 555 50220 53008=
 22550 12997 80701 10215 20199 30185 40195 57007 69942 8805/ 333 10221
 555 50204 53004=
 22778 12998 21502 10269 20140 30128 40192 57010 60002 82030 333 10284
 555 50228 53007=
 22889 12698 11501 10272 20180 30125 40205 57011 60002 81200 333 10301
 555 50218 53005=
 22762 61697 70000 10241 20227 30156 40192 57006 60022 70282 83939 333
 10294 555 50226 53006=
 22638 46/// /1001 10217 20171 39965 40176 57015=
 22671 12599 70201 10251 20186 30115 40188 57003 60002 84931 333 10286
 555 50231 53005=
 22456 12597 80000 10212 20180 30112 40194 57006 60002 8357/ 333 10218
 555 50187 53002=
 22583 11698 63202 10269 20192 30119 40193 57002 60002 70229 83271 333 
 10291 555 50228 53007=
 22749 NIL=
 22951 11598 81402 10227 20158 39910 40171 57015 69902 70282 8693/ 333
 10267 555 50206 53007=
 22887 42599 21701 10272 20187 30134 40198 57009 60002 81501 
 333 10294 555 50230 53007=
 22876 12997 22001 10246 20197 30131 40200 57010 60002 82060 333 10290
 555 50221 53008=
 22481 12698 73201 10222 20180 30147 40196 57004 69942 84461 333 10248
 555 50206 53005=
 22854 12899 81002 10240 20160 39907 40174 57011 60002 8805/ 333 10270
 555 50221 53008=
 22781 NIL=
 22676 12598 21802 10276 20168 30110 40181 57008 60002 82300 333 10301
 555 50229 53007=
 22648 NIL=
 22559 61597 70000 10229 20186 30181 40196 58005 69902 70282 84930 333
 10245 555 50212 53005=
 22869 12997 21403 10252 20121 30055 40192 57011 60002 80033 333 10279
 555 50230 53008=
 22768 12697 31502 10284 20145 30139 40185 57011 60002 82530 333 10290
 555 50243 53007=
 22798 12598 52202 10280 20151 30099 40202 57010 60002 81201 333 10302
 555 50223 53006=
 22375 46/// /3401 10195 20158 30187 40201 57002=
 23207 11599 83302 10194 20175 30175 40197 52005 60062 71582 8694/ 333
 10250 555 50189 53009=
 23215 NIL=
 23219 NIL=
 27095 NIL=
 22408 22799 21303 10224 20120 30023 40162 57014 81130 333   60002=
 22511 22698 61302 10235 20129 30047 40159 57016 83409 333   60002=
 22529 21567 70901 10193 20175 30173 40179 57013 78082 87900 333  
 69902 87921=
 22602 21476 81102 10169 20141 39946 40160 57010 72581 889// 333  
 60012 88915=
 22621 73470 /0902 10199 20174 30041 40172 57015 333   60002=
 22619 22481 60802 10203 20180 30010 40159 57018 82579 333   60002=
 22721 22698 70901 10227 20190 30069 40160 57017 83531 333   69942=
 22727 76969 /0502 10232 20199 30102 40146 57021 333   69952=
 22717 NIL=
 22802 21599 70402 10245 20198 30104 40126 57019 71792 84931 333  
 69962=
 22820 22968 70903 10227 20195 30016 40142 57019 87030 333   69902=
 22831 22698 70802 10247 20204 30098 40149 57020 83931 333   60012=
 22805 22998 20000 10254 20195 30103 40126 57016 80030 333   69972=
 22912 22599 50804 10251 20191 30104 40118 57014 81230 333   60002=
 
