21:31:00 MSK 26.08.2023
020 123456/=о000=1831
 унту01 бтул 261800
 22686 81598 82903 10078 20067 39973 40070 57013 70262 8357/=
 22695 42/// /3004 10081 20053 39901 40048 57014=
 22996 81998 32501 10081 20081 39895 40075 57003 70181 83060=
 23220 41496 81904 10073 20070 39809 49944 52007 75165 886// 333 91110=
 23226 41/03 92203 10081 20075 39729 49934 52012 74784=
 23305 41684 83504 10077 20065 39998 40025 57008 72162 885//=
 23320 66/// /2402 10070 20056 39921 49991 57003 60002 333 10087=
 23324 42979 72503 10074 20056 39905 49979 57002 87500 333 87673=
 23405 41596 83102 10071 20064 39933 40028 57011
 76086 8355/=
 23410 66/// /2702 10068 20057 39908 40001 57004 60002 333 10096=
 23411 41499 83102 10067 20062 39925 40011 57007 70262 8772/=
 23412 41397 83103 10071 20066 39911 40005 57004 76186 8872/ 333 86707=
 23416 NIL=
 23418 41665 72701 10073 20057 39936 40006 57008 72582 86930
 333 86936=
 23501 NIL=
 23503 41598 83002 10075 20063 39974 40023 57012 78082 8595/=
 23507 86/// /3202 10064 20063 39740 40040 58012=
 23509 41998 83603 10088 20084 39953 40039 57013 76186 8802/=
 23514 41597 82701 10067 20062 39832 40022 57010 70282 8697/ 333 85925=
 23518 81696 82901 10075 20065 39926 40014 57005 78082 889// 333
 85637 555 53008=
 23606 42660 82501 10082 20067 39870 40030 57012 885// 333 88640=
 23612 NIL=
 23701 42679 72602 10080 20065 39930 40055 58011 82530=
 23704 66/// /2901 10085 20074 39651 49761 57088 60002 333 10113=
 23707 81498 72802 10083 20065 39932 40060 57007 70282 84930=
 23708 42984 82701 10076 20051 39910 40055 57009 8005/=
 23709 81698 82702 10078 20045 39861 40047 57006 70282 885// 333 88647=
 23711 41498 82801 10064 20058 39868 40033 58006 70282 8595/ 333 85919=
 23803 42999 60000 10064 20036 39881 40056 58004 83061=
 23804 82597 83101 10090 20078 39921 40061 57005 8353/=
 23807 82597 63202 10087 20085 39915 40071 57005 82930=
 23808 86/// /2602 10065 20054 39904 40068 57003=
 23812 41497 82601 10078 20069 39882 40039 57001 70282 889//=
 23904 41973 50000 10063 20063 39921 40074 57002 70282 83031=
 23905 81599 52901 10079 20075 39844 40064 57002 70182 85400 555
 50093=
 23909 81598 72601 10076 20073 39817 40054 57005 70282 86301=
 23912 81898 80000 10070 20065 39859 40045 57005 70382 83031 555
 50094=
 23913 NIL=
 23914 81498 82603 10082 20077 39798 40046 57006 70282 82507=
 28013 81598 22602 10079 20067 39829 40052 57006 70281 82900 555
 50096=
 28016 82/// /2601 10075 20074 39842 40060 57005 555 50093=
 28029 81899 41601 10089 20083 39844 40056 57007 70181 84040 555
 50105=
 28116 81599 52801 10086 20080 39837 40059 57005 70182 82965=
 28128 NIL=
 28134 81597 80000 10086 20083 39719 40057 57008 78082 8691/ 555
 50095=
 28138 43/// /2201 10071 20058 39511 40060 57005=
 28216 81699 52603 10085 20076 39781 40068 57006 72186 85500 555
 50105=
 28222 42/// /2001 10097 20079 39872 40059 57007 555 50115=
 28224 81567 80000 10101 20090 39857 40061 57006 78082 8698/=
 28234 81498 61501 10082 20070 39795 40064 57006 70382 82940 555
 50101=
 28238 82999 82201 10077 20055 39771 40065 57005 80001 555 50102=
 28313 NIL=
 28319 81596 72501 10103 20083 39922 40079 57002 78082 87900=
 28321 81597 82702 10097 20076 39873 40068 57002 76186 885//=
 28324 42/// /2701 10109 20070 39956 40072 54001 555 50118=
 28326 NIL=
 28413 81599 72201 10102 20079 39965 40083 57009 72582 85331 555
 50113=
 28428 82598 82801 10100 20051 39897 40075 57002 885// 555 50114=
 28429 42/// /2001 10082 20074 39678 40076 57005 555 50099=
 22983 42484 72901 10086 20071 39988 40089 57001 84930 333 91002
 91103=
 27083 41584 62902 10093 20085 39871 40086 57002 70282 86900 333 91003
 91104=
 27097 41998 52902 10081 20081 39834 40088 57002 70282 81031 333 91003
 91104=
 27185 42/// /3002 10096 20090 39919 40096 54000 333 91003 91104=
 27199 41598 73101 10097 20085 39897 40087 57002 70282 86331 333 91002
 91105=
 27281 41984 53201 10081 20078 39903 40104 54000 70282 82071 333 91002
 91104=
 27283 41997 22901 10086 20081 39944 40095 57001 70181 82030 333 91002
 91105=
 27295 41597 82701 10095 20082 39851 40094 57002 70282 884// 333 91003
 91105=
 27296 41496 83002 10096 20080 39878 40088 57003 78082 889// 333 91005
 91105=
 27385 415// 52701 10087 20079 39979 40103 57003 70282 82530 333 91002
 91110=
 27393 41598 52503 10093 20081 39931 40096 57005 70282 83540 333 91004
 91106=
 27480 41598 80000 10099 20094 39986 40110 57005 72582 889// 333 91000
 91105=
 28007 41999 62902 10072 20059 39826 40081 57004 70282 86030 333 91003
 91108=
 28009 41/93 92901 10078 20068 39870 40074 57002 74782 333 91002
 91104=
 28105 41598 82101 10078 20071 39893 40080 58003 70362 885// 333 91001
 91106=
 28202 41597 53202 10094 20075 39862 40076 57005 70282 82930 333 91004
 91105=
 28302 41597 62401 10093 20081 39862 40083 57005 72582 82930 333 91002
 91104=
 28307 41498 82601 10103 20082 39955 40094 57006 70282 885// 333 91003
 91103=
 28402 41582 82401 10100 20096 39917 40090 57007 72198 8657/ 333 91003
 91104=
 28502 42597 82602 10116 20073 39994 40094 57002 885// 333 91003
 91107=
 22550 82572 73202 10107 20074 30110 40120 57009 87900 333 87633=
 22778 42598 73202 10082 20059 30029 40097 57006 83570=
 22889 41497 82702 10091 20088 30005 40089 54001 72582 888// 333
 88616=
 22762 82497 83002 10103 20076 30075 40113 57006 8657/=
 22638 46/// /0201 10073 20067 39926 40147 57003=
 22671 42598 73201 10084 20062 30014 40090 58011 86530 333 86625=
 22456 41597 83001 10077 20077 30022 40108 58011 78082 889//=
 22583 41598 83004 10079 20069 39982 40060 57014 78088 889// 333 91111=
 22749 42598 62101 10085 20079 30004 40126 57009 84501=
 22951 42598 83001 10066 20060 39861 40137 57005 85501=
 22887 42697 82702 10102 20084 30026 40094 54000 82531=
 22876 42997 72401 10098 20077 30023 40093 57007 87030=
 22481 41496 83103 10065 20055 30020 40072 57011 78082 889//=
 22854 42899 73001 10102 20080 39849 40128 57006 87030=
 22781 NIL=
 22676 41598 72902 10084 20063 30006 40081 57010 70282 86540 333
 91112=
 22648 41698 73002 10108 20107 30087 40132 57006 70282 87900 333
 87637=
 22559 82698 83103 10099 20067 30101 40117 57007 885// 333 88649=
 22869 41598 53001 10086 20075 39973 40117 57004 70282 82460=
 22768 41597 73201 10099 20087 30065 40113 57005 70282 86970 333
 84632=
 22798 41598 80000 10080 20067 39962 40071 57007 70282 8655/=
 22375 46/// /3606 10085 20077 30059 40073 57022=
 23207 NIL=
 23215 41497 82804 10066 20066 39894 49980 57005 76065 8572/ 333
 88710=
 23219 NIL=
 27095 66/// /3101 10069 20069 39873 40096 57003 60002 333 10147=
 22408 12999 63401 10113 20100 30008 40153 57008 60002 83031 333  
 10196=
 22511 12698 50000 10122 20102 30031 40148 57010 60002 83401 333  
 10189=
 22529 11599 80000 10065 20058 30140 40147 57007 60002 71111 82535
 333   10174=
 22602 12478 63101 10120 20090 39937 40155 57007 60002 84130 333  
 10190=
 22621 12998 60000 10094 20086 30012 40148 57007 60002 80001 333  
 10187=
 22619 12998 22801 10122 20095 39991 40144 57006 60002 80005 333  
 10201=
 22721 11998 20000 10128 20094 30050 40145 57002 69902 70181 80005
 333   10192=
 22727 12969 00000 10116 20102 30099 40145 57007 60002 333   10201=
 22717 12998 02601 10099 20091 39963 40155 57004 60002 333   10193=
 22802 12998 00000 10106 20093 30132 40155 57004 60002 333   10203=
 22820 12998 22302 10098 20083 30016 40149 57006 60002 80001 333  
 10182=
 22831 12698 60000 10110 20097 30085 40138 57007 60002 82530 333  
 10185=
 22805 12998 10000 10131 20083 30132 40156 57003 60002 80001 333  
 10202=
 22912 11980 10000 10098 20089 30135 40150 54000 60002 71111 80001
 333   10204=
 
