21:31:00 MSK 03.01.2023
020 123456/=о000=1831
 унту01 бтул 031800
 22686 41997 80000 11208 21231 39909 40016 57009 77072 86075=
 22695 41497 80000 11219 21251 39839 40004 58006 77172 8552/ 333 85615=
 22996 41597 52002 11141 21161 39845 40040 57004 78582 84980=
 23220 41496 81005 11167 21197 39899 40050 58004 77187 887// 333 91112=
 23226 41360 83501 11180 21199 39830 40060 52004 77172 8572/ 333 85709=
 23305 41471 80503 11199 21221 30004 40034 52007 77182 885// 333 88619=
 23320 66/// /0000 11224 21256 39961 40040 52002 60002 333 11185=
 23324 42981 70402 11195 21227 39962 40044 53002 82078=
 23405 41996 80000 11194 21206 39916 40022 52004 77172
 8802/=
 23410 66/// /0502 11203 21229 39935 40039 54001 60002 333 11194=
 23411 41498 80702 11177 21192 39936 40031 54001 77172 8872/=
 23412 41997 80702 11191 21213 39934 40038 54000 77172 8807/=
 23416 NIL=
 23418 41957 80902 11166 21192 39952 40030 50000 77172
 8802/=
 23501 NIL=
 23503 41998 80901 11181 21208 39968 40021 55001 77172 8802/=
 23507 86/// /0000 11260 21284 39681 40021 57002=
 23509 41997 70000 11195 21215 39929 40013 58004 77172 87070=
 23514 41997 81101 11192 21212 39810 40019 54000 77172 8807/ 333  93609=
 23518 41997 81302 11180 21208 39930 40027 54001 77072 8807/ 555
 53005=
 23606 41960 60000 11227 21252 39828 40016 58005
 70272 86030=
 23612 NIL=
 23701 41966 60000 11236 21256 39880 40021 55002 77171 82015=
 23704 66/// /2801 11194 21204 39926 40039 55004 60002 333 11163=
 23707 81998 42703 11208 21229 39879 40021 52002 70271 80002=
 23708 41965 80000 11230 21258 39859 40021 57008 77172 8802/=
 23709 41997 80000 11238 21256 39821 40030 58006 77171 8802/ 333 936//=
 23711 41998 50000 11231 21257 39841 40025 58004 70282 85030=
 23803 43/// ///// 1//// 2//// 3//// 4//// 5////=
 23804 81997 52501 11169 21187 39871 40025 53004 70272 82031=
 23807 41996 82902 11145 21165 39864 40033 53001 77172 8802/=
 23808 NIL=
 23812 41996 80000 11176 21200 39857 40030 58003 77172 8807/ 333 934//=
 23904 41976 81701 11200 21215 39874 40043 57007 70271 80005=
 23905 42999 02001 11172 21192 39798 40039 57009 555 51114=
 23909 41597 42202 11176 21196 39784 40044 57009 77171 82511 333
 93608=
 23912 42/// /3202 11164 21177 39834 40038 52002 555 51098=
 23913 41597 80000 11144 21166 39793 40033 52004 77172 8872/ 555
 51152=
 23914 81998 12804 11163 21182 39769 40040 52003 70187 80001 333
 93606=
 28013 41898 52202 11180 21203 39804 40050 57003 70272 85070 555
 51086=
 28016 42/// /2001 11182 21204 39816 40057 57007 555 51084=
 28029 41596 82803 11119 21139 39810 40038 52006 77172 8552/ 333 93400
 555 51073=
 28116 41999 22201 11186 21205 39816 40063 52003 70187 80005=
 28128 41596 82902 11121 21149 39893 40053 52009 77172 8652/ 555
 51066=
 28134 41596 83101 11104 21124 39673 40035 52007 77172 885// 555
 51070=
 28138 83/// /2702 11086 21097 39437 40017 52002=
 28216 41896 73103 11139 21162 39753 40066 51006 77173 87020 555
 51068=
 28222 42/// /3103 11114 21145 39849 40052 53008 555 51057=
 28224 41548 82803 11105 21129 39829 40050 52012 78582 8631/=
 28234 41596 83102 11086 21115 39750 40035 52011 77172 8452/ 555
 51053=
 28238 41496 82704 11060 21080 39713 40021 53003 77172 8802/ 555
 51069=
 28313 42/// /2601 11122 21143 39865 40065 51006 555 51053=
 28319 41598 62602 11127 21145 39897 40069 52006 70172 83550=
 28321 41896 63403 11120 21145 39850 40062 51010 77072 83071=
 28324 42/// /3301 11083 21116 39933 40057 52006 555 51040=
 28326 41596 73003 11079 21104 39853 40045 52012 78582 87300 555
 51041=
 28413 42599 73002 11114 21140 39950 40078 52005 83535 555 51042=
 28428 41596 82703 11091 21131 39869 40060 52007 77172 8802/ 555
 51032=
 28429 42/// /2602 11072 21086 39629 40050 52008 555 51050=
 22983 41984 20000 11187 21203 39936 40049 57005 70271 80001 333 91001
 91104=
 27083 42984 32701 11125 21140 39820 40052 57004 83030 333 91002
 91105=
 27097 41997 82502 11127 21135 39786 40060 57008 77171 8807/ 333 91004
 91104=
 27185 42/// /0000 11188 21206 39876 40074 57012 333 91000 91101=
 27199 42998 62601 11141 21157 39863 40071 57013 80009 333 91002
 91102=
 27281 42984 80000 11136 21151 39852 40070 57014 8805/ 333 91001
 91102=
 27283 42997 71801 11145 21161 39896 40061 57015 80001 333 91001
 91102=
 27295 42997 20000 11155 21173 39811 40078 58007 8207/ 333 91000
 91101=
 27296 42998 81401 11161 21183 39843 40074 57013 8801/ 333 91001
 91102=
 27385 415// 80000 11074 21103 39932 40064 57016 70272 8455/ 333 91000
 91102=
 27393 42998 62601 11157 21173 39902 40083 57015 80005 333 91001
 91102=
 27480 42598 80702 11059 21093 39930 40061 57016 885// 333 91003
 91105=
 28007 41597 62503 11139 21158 39784 40059 57009 78511 86300 333 91004
 91104=
 28009 42998 62102 11165 21193 39838 40060 57009 86030 333 91003
 91103=
 28105 42998 22001 11168 21188 39856 40069 57009 80001 333 91002
 91103=
 28202 42997 82401 11168 21190 39839 40074 57006 80007 333 91001
 91103=
 28302 41997 00000 11158 21177 39839 40081 57007 70231 333 91000
 91101=
 28307 42997 80000 11145 21162 39925 40077 57017 86035 333 91000
 91102=
 28402 41984 72101 11120 21134 39893 40080 58010 70232 86035 333 91001
 91102=
 28502 41997 80101 11076 21118 39972 40079 57011 70232 8807/ 333 91001
 91106=
 22550 81570 33602 11098 21114 30044 40054 52003 72681 82940=
 22778 41596 72902 11132 21147 39965 40038 57013 78581 87900=
 22889 41496 82701 11137 21145 39951 40041 58002 77172 8702/ 333
 87514=
 22762 42997 22402 11126 21131 30000 40041 58012 80009=
 22638 46/// /3201 11108 21120 39868 40104 57004=
 22671 41396 73502 11138 21145 39938 40020 55003 78582 87900 333
 86708=
 22456 41597 70000 11163 21171 39961 40055 52003 70282 84541=
 22583 41559 70000 11199 21221 39931 40018 53001 78588 86970=
 22749 41498 73002 11102 21114 39955 40085 56006 72682 85905 333
 85916=
 22951 42898 83502 11106 21115 39793 40087 57001 8807/=
 22887 41597 82101 11182 21194 39970 40045 58013 78582 8695/ 
 333 86920=
 22876 41596 62302 11123 21132 39961 40037 58015 78581 86900 333
 86921=
 22481 41597 73201 11199 21218 39976 40033 52006 78582 86970=
 22854 41498 73002 11102 21112 39781 40081 57008 70182 87900 333
 86916=
 22781 NIL=
 22676 41896 73601 11192 21214 39929 40012 57012 77071 87010=
 22648 42/// /3002 11094 21094 30031 40079 57007=
 22559 42998 13303 11139 21152 30032 40050 55000 80001=
 22869 42498 72502 11128 21137 39912 40068 57010 87500 333 87615=
 22768 42497 53102 11102 21114 30003 40055 57006 85500 333 85616=
 22798 42997 50000 11222 21242 39905 40028 58002 80001=
 22375 46/// /0103 11207 30025 40042 57003=
 23207 NIL=
 23215 41296 80703 11176 21203 39954 40050 50000 77172 886// 333
 88703=
 23219 NIL=
 27095 66/// /1501 11141 21145 39826 40067 57009 60002 333 11116=
 22408 12982 33501 11138 21151 39999 40158 52006 60002 80030 333  
 11087 93502=
 22511 12984 10000 11174 21194 30020 40151 52004 60002 80009 333  
 11090 93502=
 22529 11496 73003 11098 21110 30099 40106 57002 69902 78582 87900
 333   11078 87919=
 22602 12977 53501 11103 21103 39910 40146 52010 60002 8503/ 333  
 11065 93501=
 22621 12998 53102 11126 21140 39980 40128 54000 60002 80001 333  
 11060=
 22619 12998 32803 11118 21129 39959 40126 52003 60002 80005 333  
 11048=
 22721 12397 83002 11084 21093 30018 40120 52005 69902 886// 333  
 11043 88706=
 22727 12970 03601 11078 21090 30069 40119 52010 60002 333   11032=
 22717 12498 80302 11062 21071 39926 40125 52015 69902 886// 333  
 11052 88713=
 22802 12398 83102 11063 21074 30103 40127 52018 60002 886// 333  
 11050=
 22820 11498 83401 11063 21086 39975 40116 52013 69902 70272 885//
 333   11041 88612=
 22831 12997 00000 11168 21187 30045 40104 52005 60002 333   11043=
 22805 125// 80302 11038 21051 30102 40122 52025 60002 885// 333  
 11033=
 22912 12484 80503 11038 21069 30090 40106 52021 69922 886// 333  
 11030 88713=
 
