12:31:00 MSK 01.06.2023
010 111/=о000=0931
 уйту01 бтул 010900
 22686 82598 72505 10186 20038 39909 40002 57002 83909=
 22695 42598 52505 10167 20037 39846 49988 56003 84901=
 22996 41498 73002 10153 20102 39867 40041 52022 72598 87900=
 23220 41497 80604 10126 20108 39873 40006 57021 76162 887//=
 23226 42660 80706 10156 20088 39812 40013 57020 8455/ 333 84533=
 23305 41499 73002 10156 20104 39957 49983 57011 71792 86330=
 23320 86/// /0903 10167 20092 39920 49988 56015=
 23324 42983 70803 10149 20103 39925 49997 57016 87070=
 23405 41560 73103 10114 20108 39903 49997 53002
 79598 83930 333 91112=
 23410 86/// /0504 10193 20074 39887 49976 57013=
 23411 42599 61601 10215 20075 39894 49975 57017 85901=
 23412 42699 82901 10188 20073 39889 49979 57012 8215/=
 23416 NIL=
 23418 42665 81602 10151 20075 39916 49985 57003 8225/=
 23503 42598 72703 10211 20072 39936 49982 56011 84930=
 23507 86/// /2704 10172 20084 39699 49987 55005=
 23509 42/// /2101 10212 20079 39909 49981 56015=
 23514 42597 61702 10198 20080 39802 49983 57009 86903 333 84927=
 23518 41497 82202 10133 20125 39905 49991 54000 78086 889// 333 86712=
 23606 41662 72203 10197 20100 39833 49986 57010 71792 86930 333 84936=
 23701 41699 72703 10180 20090 39879 49999 57003 72522 86901=
 23704 86/// /2702 10203 20109 39926 40039 55004=
 23707 82498 72708 10180 20089 39883 40006 52001 82981 333 91010 91111=
 23708 41598 62203 10198 20095 39865 40003 57008 70282 85930 333 85920=
 23709 82598 71402 10187 20105 39825 40003 57013 87300 333 86931=
 23711 42498 62202 10167 20126 39844 40002 58002 86300 333 84711=
 23803 42699 62301 10183 20094 39847 40014 58010 83260=
 23804 81597 72001 10177 20108 39874 40009 53001 71798 84930=
 23807 41497 71502 10144 20122 39877 40028 53013 71798 84931=
 23808 86/// /2304 10182 20119 39862 40018 55003=
 23812 41497 82902 10155 20135 39856 40008 58005 70282 889//=
 23904 41470 82304 10154 20137 39891 40039 52014 70282 883// 333 88913=
 23905 81599 82703 10176 20120 39814 40025 52005 70282 889//=
 23909 81397 82803 10141 20136 39791 40022 52003 78082 883//=
 23912 81597 81401 10165 20158 39830 40008 58017 78082 8795/=
 23913 42599 82203 10226 20123 39803 40012 58020 889//=
 23914 81496 82104 10159 20157 39770 40010 57021 78182 889//=
 28013 81597 62305 10168 20150 39798 40013 55007 78082 86900 333 91012
 91112=
 28016 81599 72607 10166 20132 39826 40036 53015 72582 87900 333 91014
 91114=
 28029 81599 62206 10192 20161 39822 40025 57011 72522 86900 333 91011
 91113=
 28116 41498 72404 10168 20146 39831 40047 52019 72582 87900 333
 91115=
 28128 82599 32210 10211 20128 39897 40039 57006 83800 333 91015
 91114=
 28134 81598 61801 10182 20175 39716 40042 57011 72982 85901=
 28138 42599 81706 10205 20124 39527 40049 57010 84305 333 91013
 91112=
 28216 82599 42508 10212 20082 39786 40061 53016 84200 333 91016
 91116=
 28222 81598 82303 10243 20136 39865 40043 55003 72992 85201 333
 91110=
 28224 82669 62506 10240 20113 39857 40051 52004 86900 333 91013
 91112=
 28234 81497 72005 10241 20124 39797 40051 55009 71792 87300 333 91011
 91113=
 28238 81599 82004 10191 20163 39786 40068 58006 72582 85901 333
 91114=
 28313 82598 62505 10221 20071 39894 40072 53016 86200 333 91013
 91113=
 28319 82598 32406 10235 20106 39929 40080 52014 83100 333 91010
 91111=
 28321 82599 52505 10224 20097 39875 40063 53010 85200 333 91012
 91113=
 28324 82599 62605 10247 20083 39963 40074 53015 85301 333 91010
 91113=
 28326 82598 52006 10256 20165 39889 40059 57004 85300 333 91011
 91111=
 28413 82599 62704 10235 20070 39974 40087 53012 86200=
 28428 81598 62405 10237 20139 39914 40083 52008 70282 86900 333
 91110=
 28429 81598 72704 10241 20162 39704 40081 53005 71792 86901=
 22983 41498 82302 10150 20117 39953 40052 52008 70282 85965 333 91004
 91105=
 27083 41599 72503 10141 20097 39850 40061 52021 70282 86930 333 91006
 91107=
 27097 41498 82402 10138 20126 39818 40066 53019 70282 889// 333 91004
 91107=
 27185 41598 82302 10153 20115 39908 40081 52025 72522 883// 333 91005
 91107=
 27199 41498 72503 10151 20121 39891 40077 52021 70282 873// 333 91007
 91107=
 27281 41582 73002 10177 20090 39889 40083 52014 70282 87900 333 91005
 91107=
 27283 42498 72903 10158 20117 39937 40084 52022 87900 333 91004
 91107=
 27295 41598 82604 10145 20103 39853 40092 52026 72582 8645/ 333 91007
 91108=
 27296 42598 82404 10155 20111 39875 40080 52022 889// 333 91008
 91109=
 27385 415// 62803 10171 20115 39975 40096 52019 70282 86500 333 91004
 91107=
 27393 42598 72606 10167 20108 39934 40095 52018 86930 333 91008
 91110=
 27480 42598 72701 10170 20116 39984 40105 52013 87900 333 91003
 91106=
 28007 41499 72603 10151 20114 39811 40058 51021 72598 87300 333 87914
 91005 91107=
 28009 41498 82704 10152 20119 39859 40057 52022 72582 889// 333 91006
 91108=
 28105 41598 72405 10168 20121 39876 40063 51019 70182 86230 333 91009
 91111=
 28202 41583 62602 10181 20122 39863 40070 52019 70282 85930 333 91006
 91106=
 28302 42598 72404 10188 20101 39868 40082 52015 86930 333 91009
 91110=
 28307 42498 62402 10179 20093 39961 40096 53014 86200 333 91005
 91109=
 28402 42598 72503 10191 20108 39925 40093 52013 87900 333 91006
 91109=
 28502 42598 62305 10212 20069 30003 40099 53010 86200 333 91008
 91110=
 22550 81597 72203 10135 20073 39981 49991 54000 70282 86931 333
 86623=
 22778 42598 62604 10163 20051 39963 40028 54000 86800=
 22889 42/// /2402 10156 20110 39965 40046 51009=
 22762 81598 51901 10158 20091 39978 40015 57004 72582 85900=
 22638 NIL=
 22671 41598 72003 10134 20079 39931 40006 52003 72522 85970=
 22456 41597 71901 10103 20091 39902 49986 53003 70282 87900=
 22583 41598 72602 10176 20037 39914 49989 57002 70228 87500=
 22749 NIL=
 22951 41497 82401 10133 20061 39768 40035 57004 78082 889//=
 22887 42699 82304 10176 20076 39977 40042 52004 8255/=
 22876 42597 62305 10171 20072 39970 40038 52005 86100 333 86827 91010
 91111=
 22481 41598 82503 10146 20059 39944 49994 52006 72582 8697/=
 22854 41699 72306 10144 20032 39749 40022 57004 70182 86909 333 84646
 91010 91110=
 22781 NIL=
 22676 42598 72305 10150 20049 39937 40010 53007 87900 333 91110=
 22648 NIL=
 22559 81598 62302 10138 20080 39984 40000 54000 72522 85981=
 22869 41597 72104 10169 20068 39900 40039 57011 70282 86930 333
 85920=
 22768 42597 62105 10165 20050 39974 40021 57005 86870 333 84627=
 22798 42598 72303 10173 20062 39913 40018 52003 83531=
 22375 NIL=
 23207 41596 83001 10131 20119 39964 49986 57004 78082 8794/=
 23215 NIL=
 23219 NIL=
 27095 NIL=
 22408 41699 73306 10061 21013 39876 40022 52015 70262 84370 333  
 91111=
 22511 41498 83003 10071 20018 39897 40014 52013 72582 84979=
 22529 41565 82903 10086 20073 39987 49994 52010 78082 889// 333  
 88920=
 22602 42478 72905 10063 21017 39808 40028 52008 86930 333   86912=
 22621 83568 /2703 10089 20047 39870 40004 52009=
 22619 41/59 82803 10074 20056 39859 40013 52011 76262 88/2/ 333  
 88512=
 22721 41598 83001 10105 20070 39916 40010 52005 70282 889// 333  
 86629=
 22727 86/67 /1701 10077 20072 39979 40025 52007=
 22717 83/58 /2803 10064 20043 39845 40034 52006 333   91111=
 22802 41599 72903 10091 20020 30022 40045 52011 70282 85930 333  
 83928=
 22820 41765 72903 10074 20055 39897 40029 52006 72582 87900 333  
 87655=
 22831 41598 62101 10117 20075 39973 40026 57003 70282 83930=
 22805 41497 83201 10058 20039 30029 40048 53007 72582 8693/=
 22912 42599 72503 10125 20051 30024 40038 54000 82330=
 
