06:31:00 MSK 14.01.2023
020 123456/=о000=0331
 уйту01 бтул 140300
 22686 12498 81703 11035 21045 30041 40142 51010 60032 8657/ 333 21069 47047 55000 86612 555 53007 7003/=
 22695 12498 82303 11041 21058 39976 40132 52014 69982 885// 333 21073
 47046 88617 555 53009 7001/=
 22996 12598 82102 11049 21066 30025 40217 52009 69932 8495/ 333 21063
 47043 55000 555 53011 7997/=
 23220 11496 81903 11090 21102 39934 40081 54000 69982 77172 8872/ 333 21121 47061 55000 555 53007 7002/=
 23226 11460 81906 11102 21108 39853 40075 58003 60022 77172 885// 333 
 21137 47036 88612 555 53008 7006/=
 23305 11475 82003 11063 21074 30056 40085 52013 60022 78582 889// 333
 21078 47031 88917 555 53010 7002/=
 23320 76/// /2405 11067 21095 30018 40093 52010 333 21089 60002 555 53012 7000/=
 23324 11579 82204 11073 21092 30009 40088 53007 60012 70272 885// 333
 21094 49042 55000 88625 555 53009 7006/=
 23405 12497 81902 11069 21082 39999 40101 52013
 60032 8355/ 333 21097 47044 55000 555 53007 7004/=
 23410 76/// /1803 11090 21104 39993 40093 52013 333 21090 60002 555 7000/=
 23411 11999 52303 11092 21095 30002 40094 52017 60022 70272 85070 333
 21093 48046 555 53010 7004/=
 23412 11998 82303 11083 21095 39993 40093 52014 60022 77172 8807/ 333 21088 47052 55000 555 53007 7005/=
 23416 NIL=
 23418 11965 22003 11084 21103 30033 40109 52014 60022
 72271 82030 333 21085 44061 55000 555 53006 7005/=
 23501 NIL=
 23503 11498 82102 11076 21091 30064 40116 52020 60022 77072 885// 333 21080 47050 88612 555 53008 7004/ 91210=
 23507 86/// /0000 11053 21053 39811 40128 53023 333 21091 555 53000=
 23509 12498 82202 11046 21059 30047 40127 52018 60032 8652/ 333 21075
 47056 86617 555 53007 7003/=
 23514 11497 82503 11064 21070 39914 40115 52016 60052 77172 887// 333 21086 47062 55000 84712  93401 555 53009 7005/=
 23518 11996 82202 11064 21070 30032 40126 53017 60002 77172
 880// 333 21086 48064 55000 555 51086 7001/ 91212=
 23606 11358 82403 11046 21059 39957 40132 52016 
 60022 75675 886// 333 21076 47056 55000 88707 
 934// 555 53009 7003/=
 23612 11464 82303 11056 21068 39995 40131 52015 60052 77172 885// 
 333 21084 47060 88619 93402 555 53008 7006/=
 23701 12480 82303 11041 21049 30029 40161 52018 60032 8802/ 333
 21062 47045 88511 555 53009 7003/=
 23704 76/// /2404 11041 21041 39926 40039 55004 333 21067 60002 555 51067 7000/=
 23707 61498 82304 11038 21053 30036 40171 52016 69972 70232 889// 333 21060 47032 55000 86615 91110 555 53011 7997/=
 23708 12481 82205 11046 21061 30023 40176 52015 69992 886// 333 21064
 48041 88711 555 53012 7001/ 91212=
 23709 11397 82303 11045 21051 39974 40171 53016 60022 78082 889// 333
 21067 47043 86708 934// 555 53009 7002/=
 23711 11497 82302 11054 21066 39980 40154 52008 60012 78582 889// 333
 21076 47069 55000 88914 555 53009 7001/=
 23803 11499 82603 11052 21081 30007 40192 53018 69982 70232 886// 333
 21064 47040 55000 555 53010 7001/=
 23804 12497 82302 11043 21060 30035 40184 52012 60022 8692/ 333 21057 47039 55000 86912 555 53009 7002/=
 23807 11496 82306 11046 21062 30034 40200 52010 69912 78583 889// 333
 21060 48026 55000 85911 91110 555 53012 7002/=
 23808 NIL=
 23812 11496 82403 11059 21075 30015 40183 52008 69992 78587 889// 333
 21077 47069 88918 555 53009 7001/=
 23904 12478 82203 11048 21062 30060 40222 52009 69942 885// 333 21065
 47035 88614 555 53010 7998/=
 23905 11596 82103 11057 21070 39987 40222 52011 69942 73673 885// 333
 21068 47039 555 53010 7997/=
 23909 11497 82304 11075 21086 39975 40230 52013 69902 77173 8752/ 333
 21076 47035 55000=
 23912 11498 81902 11088 21097 30020 40222 52006 60022 77772 886// 333
 21092 47060 93402 555 53010 7005/=
 23913 11597 82802 11097 21129 39990 40231 53008 69982 77172 8872/ 333
 21102 47054 55000 555 53009 7003/=
 23914 11497 82305 11085 21095 39958 40226 52005 60012 77175 8802/ 333
 21093 47051 55000 93603=
 28013 11398 82204 11081 21100 39998 40240 51012 69922 70272 8472/ 333
 21083 47038 555 53011 7992/=
 28016 12899 82203 11082 21101 30018 40255 52013 69932 8807/ 333 21083
 47034 91110 555 53011 7995/=
 28029 11596 62106 11102 21123 30027 40258 52003 69902 77173 85520 333
 21112 47053 55000 91110 555 53011 7992/=
 28116 11496 82303 11094 21115 30026 40269 52008 69902 77173 8872/ 333
 21098 47045 55000=
 28128 11596 82308 11100 21123 30120 40282 52005 69922 77173 8802/ 333
 21114 47043 55003 91011 91111 555 53013 7994/=
 28134 11496 82102 11113 21136 39911 40283 52004 69952 77072 8672/ 333
 21119 47058 555 53009 7998/=
 28138 11599 82206 11139 21165 39677 40283 57003 69922 73632 885// 333
 21146 47053 55000 91011 91112=
 28216 11896 82105 11119 21142 39985 40303 52004 69902 77172 8802/ 333
 21132 47035 91110 555 53013 7990/=
 28222 11497 82203 11107 21135 30089 40296 52003 69922 77172 8672/ 333
 21117 47043 555 53012 7994/=
 28224 11461 82204 11108 21138 30080 40307 52006 69902 77173 8802/ 333
 21117 47045 55018 91114=
 28234 11596 82204 11117 21157 30010 40307 54000 69902 77172 885// 333
 21139 47048 555 53010 7990/=
 28238 11599 82406 11118 21164 39983 40307 57004 60002 73632 885// 333
 21139 47049 55027 91011 91112 555 53012 7990/=
 28313 11896 82005 11121 21148 30116 40322 52005 69902 77172 8802/ 333
 21136 47044 555 53011 7990/=
 28319 12898 62303 11112 21146 30164 40339 53004 60002 86050 333 21126
 47050=
 28321 11896 82205 11113 21138 30103 40320 52006 69902 77072 8802/ 333
 21127 47052 91110=
 28324 11896 82404 11103 21152 30207 40335 51009 69902 77173 8802/ 333
 21119 47046 555 53010 7990/=
 28326 12598 72305 11110 21168 30127 40326 52004 60002 86530 333 21130
 47041 55025 91010 91111 555 53011 7000/=
 28413 11599 82104 11115 21160 30219 40350 53005 60002 70232 885// 333
 21129 47042 91110 555 53011 7000/=
 28428 11899 62004 11137 21204 30172 40373 53009 60002 70232 86030 333
 21149 48033 555 53011 7000/=
 28429 11998 22306 11151 21200 39922 40369 53004 60002 73630 80001 333
 21151 47033 91010 91113 555 53014 7000/=
 22983 11584 82202 11042 21062 30094 40202 52009 60002 70232 8455/ 333
 21051 47038 55000 91006 91106 555 53008 7002/=
 27083 11559 82104 11054 21067 39994 40223 52008 69902 77122 885// 333
 21064 47035 91005 91107 93400 555 53011 7990/=
 27097 11497 81904 11060 21066 39972 40244 52009 69902 78532 889// 333
 21070 47045 91006 91109 555 53011 7990/=
 27185 12598 81902 11055 21071 30065 40256 52006 60002 885// 333 21061
 47043 91004 91107 555 53009 7000/=
 27199 11998 82103 11066 21078 30063 40269 52008 69902 73632 8807/ 333
 21075 47048 55000 91007 91109 555 53009 7990/=
 27281 11459 82004 11057 21071 30049 40265 52004 69922 77172 8872/ 333
 21063 47040 91006 91108 555 53011 7994/=
 27283 11496 82104 11062 21079 30100 40262 52005 69902 78583 889// 333
 21065 47043 91006 91109 555 53010 7990/=
 27295 11596 81803 11082 21097 30022 40287 52007 69902 77172 8802/ 333
 21089 47059 91005 91107 555 53012 7990/=
 27296 11997 81802 11086 21103 30055 40284 52007 60002 70232 8807/ 333
 21086 47047 55000 91004 91110 555 53010 7000/=
 27385 114// 82104 11069 21084 30157 40291 52002 69902 73632 8677/ 333
 21076 47051 91007 91109 555 53012 7990/=
 27393 11497 82008 11103 21119 30128 40310 52003 69932 77073 8662/ 333
 21116 47063 55000 91010 91111 555 53015 7994/=
 27480 12498 82004 11073 21097 30166 40301 54000 69902 885// 333 21074
 47044 91007 91107 555 53009 7990/=
 28007 11497 82203 11068 21082 39981 40254 52007 69902 75632 886// 333
 21073 44051 55000 88711 91006 91109 93491 555 53012 7990/=
 28009 11496 82103 11084 21100 30040 40260 52010 69912 77773 886// 333
 21085 48046 91006 91109 93401 555 53012 7991/=
 28105 11497 82104 11071 21093 30060 40269 52008 69902 77032 8872/ 333
 21092 47044 91008 91110 555 53010 7990/=
 28202 11596 82306 11101 21120 30053 40288 52004 69922 77173 885// 333
 21106 47052 91009 91110 555 53014 7992/=
 28302 11997 82004 11112 21135 30069 40313 52006 69902 77173 8802/ 333
 21123 47053 91007 91108 555 53010 7993/=
 28307 11497 81604 11109 21131 30167 40321 52003 69902 77173 885// 333
 21123 47049 91007 91109 555 53011 7990/=
 28402 11444 82006 11121 21136 30139 40331 52005 69902 77173 8562/ 333
 21126 47045 91009 91112 555 53013 7990/=
 28502 11597 81910 11129 21158 30236 40348 57001 60002 73632 885// 333
 21152 48033 55017 91014 91115 555 53015 7000/=
 22550 11560 81502 11010 21015 30068 40078 52001 69902 78582 889// 333
 21040 47035 55000 88628 555 53007 7002/=
 22778 12598 82002 11033 21051 30086 40157 52005 69932 8657/ 333 21052
 47038 55000 555 53007 7999/=
 22889 12497 82203 11039 21054 30107 40195 52009 69942 885// 333 21049
 47027 88614 555 53011 7997/=
 22762 12497 81602 11029 21032 30088 40128 54001 69922 8872/ 333 21053
 47038 555 53007 7003/ 91209=
 22638 46/// /2003 11006 21012 39843 40069 57005=
 22671 12597 81803 11025 21028 3//// 4//// 5//// 69972 889// 333 21064
 47041 55000 85823 555 53006 7003/=
 22456 11496 82101 11022 21027 39982 40070 52006 69922 78582 889// 333
 21047 47036 555 53008 7997/=
 22583 11584 72201 11029 21042 30028 40110 51014 60022 70228 875//
 333 21065 47059 55000 555 53006 7002/=
 22749 NIL=
 22951 11497 82303 11043 21054 39863 40151 58005 69982 77172 8772/ 333
 21051 47044 555 53009 7003/=
 22887 12497 81904 11032 21056 30109 40182 52005 69942 8555/
 333 21049 47025 55000 85619 555 53012 7994/=
 22876 11497 82104 11032 21046 30094 40168 52005 69932 73633 889// 333
 21044 47021 88916 91110 555 51051 53013 7993/ 91213=
 22481 11597 82105 11030 21030 30026 40080 51013 69902 78582 889// 333
 21061 48037 555 53009 7992/=
 22854 12298 82003 11043 21049 39843 40138 58001 69972 886// 333 21053
 48045 55000 88705 555 53009 7004/=
 22781 NIL=
 22676 11498 81903 11026 21045 30048 40127 52006 69982 70272 885// 333
 21060 47030 555 53010 7002/=
 22648 NIL=
 22559 12498 61702 11021 21029 30075 40092 52003 69922 85530 333 21053
 48034 55000 85619 555 53007 7003/ 91211=
 22869 11397 81902 11040 21046 30020 40172 54001 69982 78582 889// 333
 21052 47035 86709 555 53008 7002/ 91211=
 22768 11497 82005 11029 21042 30091 40142 52002 69922 73632 885// 333
 21044 47028 55000 88612 555 53010 7996/=
 22798 12497 82202 11039 21053 30058 40174 52013 60012 886// 333 21057
 47034 88711 555 53010 7001/=
 22375 46/// /2206 11022 30039 40054 52014=
 23207 12499 82103 11051 21068 30038 40061 52012 69982 885// 333 21055
 47031 55000 555 53007 7002/=
 23215 NIL=
 23219 NIL=
 27095 76/// /1904 11056 21059 30010 40247 52007 333 21067 60002 555 53012 7000/=
 22408 21330 81404 11015 21019 39843 49992 57014 77372 8872/ 333  
 21026 55000 60022 88506 555   7002/=
 22511 21340 81603 11008 21015 39880 40001 57013 77172 8772/ 333  
 21011 60012 555   7001/=
 22529 22598 82006 10014 21005 30034 40041 57008 885// 333   21025
 69902 88626 555   7990/=
 22602 21473 82003 10004 20004 39783 40007 57003 70272 885// 333  
 21013 55000 60022 88611 555   7002/=
 22621 73356 /1806 10002 21006 39899 40038 57010 333   21024 55000
 69922 91111 555   7992/=
 22619 21496 81602 10000 21013 39877 40036 57004 78582 889// 333  
 21018 55000 69922 88915 555   7001/=
 22721 21397 81401 10000 21003 39961 40059 57004 78582 889// 333  
 21025 69962 86709 93702 555   7006/=
 22727 76470 /1604 10007 21015 30024 40072 57003 333   20004 60002
 555   7002/=
 22717 73/56 /1703 10000 21006 39861 40054 57002 333   21010 60012
 555   7003/=
 22802 21296 81902 10017 20010 30027 40050 52002 71052 886// 333  
 20000 55000 60012 555   7006/=
 22820 21498 82104 10000 21024 39938 40075 57004 70282 885// 333  
 21004 55000 69902 88614 555   7994/=
 22831 21397 81701 11016 21029 30048 40104 54000 72682 889// 333  
 21016 55000 60022 88909 555   7005/=
 22805 215// 81708 10019 20016 30037 40057 54000 71022 885// 333  
 20010 55000 69952 91010 91112 555   7004/=
 22912 21258 82003 10002 21008 30071 40086 52001 75175 886// 333  
 21001 60032 88705 93703 555   7013/=
 
