00:31:00 MSK 21.08.2023
020 123456/=о000=2131
 уйту01 бтул 202100
 22686 82998 31801 10035 20032 30046 40145 57009 83070=
 22695 42998 52601 10053 20033 39978 40128 57010 85030=
 22996 82/// /0000 10085 20085 39968 40149 57004=
 23220 43/// /1102 10058 20036 39962 40100 57001=
 23226 42960 61704 10045 20035 39888 40099 58003 86030=
 23305 42/// /2404 10078 20069 30038 40065 57010=
 23320 86/// /2103 10078 20041 30021 40092 57005=
 23324 42980 81802 10080 20061 30013 40088 57005 8807/=
 23405 41496 82502 10068 20064 39990 40086 57014
 78082 8695/ 333 86913=
 23410 86/// /1904 10074 20051 39982 40076 57007=
 23411 NIL=
 23412 42499 82203 10076 20060 39981 40075 57007 883// 333 85918=
 23416 NIL=
 23418 41660 71901 10078 20065 30025 40096 57012 78082 86930
 333 86940=
 23503 NIL=
 23507 86/// /2903 10068 20048 39810 40112 57016=
 23509 NIL=
 23514 42697 62301 10070 20054 39911 40102 57011 83970=
 23518 42/// /1901 10066 20056 30015 40105 57011=
 23606 42960 62502 10062 20044 39952 40115 57010 86030=
 23704 86/// /2701 10067 20062 39502 49611 56112=
 23701 42/// /3001 10056 20037 30013 40140 57007=
 23707 82998 23103 10075 20048 30011 40140 57007 82040=
 23708 43/// /2702 10077 20052 39991 40137 5////=
 23709 82998 42201 10068 20055 39944 40132 57008 84030=
 23711 42698 82801 10089 20071 39950 40114 57011 8693/=
 23803 41599 80000 10090 20080 39959 40133 56004 72582 889//=
 23804 82697 72801 10087 20075 39999 40141 57008 83530=
 23807 42/// /3002 10085 20085 39992 40149 57006=
 23808 86/// /2502 10095 20088 39980 40143 57006=
 23812 41496 82602 10098 20090 39967 40124 57011 78082 889//=
 23904 41922 20000 10057 20057 39995 40149 57005 71011 80001=
 23905 82599 82901 10094 20091 39919 40139 57006 885//=
 23909 81597 82501 10081 20074 39898 40137 57010 78082 883//=
 23912 82998 21001 10060 20052 39947 40136 57010 80001 333 91112=
 23913 81/93 93301 10071 20071 39918 40142 57013 74542=
 23914 82999 02103 10077 20059 39884 40135 57014=
 28013 82598 22901 10072 20049 39912 40138 57011 82500=
 28016 82/// /0000 10063 20053 39921 40141 57012=
 28029 82899 60000 10073 20063 39925 40139 57014 86070=
 28116 82999 20000 10081 20068 39919 40144 57012 80005=
 28128 82599 80101 10085 20077 39992 40142 57013 8653/=
 28134 82898 60000 10078 20071 39802 40144 57015 86031=
 28138 43/// /0102 10066 20054 39591 40145 57017=
 28216 82699 70000 10112 20066 39856 40143 57014 87500=
 28222 42/// /0000 10106 20080 39954 40142 57012=
 28224 82870 70000 10111 20076 39933 40139 57013 87030=
 28234 82898 80000 10112 20076 39870 40139 57014 8805/=
 28238 82599 80000 10111 20089 39844 40136 56013 885//=
 28313 42/// /0000 10105 20067 39959 40145 57013=
 28319 82599 80201 10111 20065 39986 40144 57013 885//=
 28321 82899 80000 10121 20088 39945 40141 57012 8805/=
 28324 42/// /1901 10090 20058 30023 40141 57012=
 28326 82598 50000 10099 20074 39957 40138 57010 85500=
 28413 82999 01201 10113 20070 30026 40144 57012=
 28428 82598 82601 10134 20075 39957 40134 56013 885//=
 28429 42/// /3001 10137 20114 39738 40130 55013=
 22983 41956 32601 10086 20085 30055 40158 57004 71011 82031 333 91001
 91102=
 27083 42584 20000 10089 20082 39935 40152 57005 82500 333 91000
 91104=
 27097 42/// /3201 10080 20080 39898 40154 57003 333 91001 91102=
 27185 42/// /0000 10089 20088 39975 40155 57007 333 91000 91101=
 27199 42998 00000 10079 20075 39959 40152 57010 333 91001 91101=
 27281 41923 33301 10089 20087 39954 40156 57007 71011 80001 333 91002
 91102=
 27283 41993 03601 10069 20068 30000 40153 57008 74641 333 91001
 91102=
 27295 42997 60000 10110 20089 39917 40161 57006 84049 333 91000
 91101=
 27296 42998 00000 10079 20066 39940 40152 57008 333 91000 91100=
 27385 415// 83401 10134 20128 30025 40148 57008 70282 8355/ 333 91001
 91102=
 27393 42598 60000 10096 20082 39986 40152 57011 85540 333 91000
 91102=
 27480 41497 80501 10130 20129 30025 40148 57008 78085 889// 333 91003
 91104=
 28007 42999 03403 10110 20079 39896 40149 57006 333 91005 91105=
 28009 42998 00000 10076 20064 39943 40149 57010 333 91001 91102=
 28105 42998 00000 10064 20056 39960 40150 57010 333 91000 91102=
 28202 42997 20000 10090 20071 39932 40147 57010 80001 333 91000
 91101=
 28302 42997 10000 10101 20084 39925 40147 57013 81030 333 91000
 91101=
 28307 42498 80000 10129 20110 30007 40145 57011 885// 333 91000
 91101=
 28402 42580 62201 10119 20112 39972 40145 57013 82570 333 91001
 91102=
 28502 42597 80401 10145 20098 30042 40141 57011 8593/ 333 91003
 91104=
 22550 81566 82602 10097 20081 30156 40166 57009 70282 889// 333
 88626=
 22778 42998 83301 10098 20075 30096 40163 57004 8807/=
 22889 42/// /0000 10046 20046 30074 40160 57003=
 22762 81896 52701 10085 20083 30137 40175 57005 71022 85030=
 22638 46/// /1500 10024 20023 39974 40200 57006=
 22671 42/// /2801 10062 20050 30072 40150 57010=
 22456 41597 82902 10080 20068 30065 40151 57008 70282 885//=
 22583 41597 82602 10077 20064 30043 40122 57016 78088 8697/=
 22749 NIL=
 22951 42/// /3401 10089 20075 39924 40199 52005=
 22887 42697 60000 10064 20062 30090 40159 57002 83501=
 22876 42997 72401 10096 20077 30093 40166 57003 87030=
 22481 42/// /2703 10075 20065 30058 40110 57014=
 22854 42/// /3101 10064 20057 39913 40198 54000=
 22781 NIL=
 22676 42598 82803 10085 20062 30072 40147 57007 885//=
 22648 NIL=
 22559 42/// /2803 10095 20070 30151 40167 57009=
 22869 42698 73501 10100 20082 30038 40183 54001 86530 333 86635=
 22768 43/// /3001 10098 20071 30130 40179 57003=
 22798 42998 52801 10067 20051 30039 40149 57005 85030=
 22375 46/// /3305 10083 20077 30089 40103 57013 333 91113=
 23207 NIL=
 23215 NIL=
 23219 NIL=
 27095 86/// /0000 10085 20085 39940 40163 58002=
 22408 42984 23502 10065 20058 30052 40200 57002 82030=
 22511 41966 20000 10074 20068 30075 40194 57003 71100 82031=
 22529 42598 62401 10068 20064 30177 40184 57010 86500 333   86627=
 22602 42976 10000 10091 20086 39977 40198 57005 71200 8103/=
 22621 83/69 /0000 10078 20065 30058 40195 57005=
 22619 42998 02801 10097 20089 30038 40193 57005=
 22721 42997 03002 10083 20076 30103 40200 57003=
 22727 86/70 /0301 10099 20094 30156 40203 57001=
 22717 83/65 /2501 10092 20091 30012 40205 57003=
 22802 42998 10000 10113 20108 30182 40205 54000 81030=
 22820 42998 02202 10085 20078 30070 40204 57002 555   50130=
 22831 42997 00000 10065 20058 30148 40203 52003=
 22805 429// 02803 10176 20122 30184 40207 57001=
 22912 42984 32201 10095 20090 30189 40204 52001 83030=
 
