09:31:00 MSK 21.12.2023
020 123456/=о000=0631
 унту01 бтул 210600
 22686 41497 82304 11024 21045 39787 49886 52029 77073 8752/ 333 21024 87619=
 22695 41597 82304 11030 21047 39725 49876 53077 72272 885// 333 21030=
 22996 42598 82103 11005 21024 39780 49964 52011 885// 333 88632=
 23220 41295 80904 11054 21078 39694 49834 52002 77373 8872/ 333 86704=
 23226 41460 81708 11052 21081 39616 49828 52003 70272 889// 333 85917 
 91111=
 23305 41699 82103 11024 21029 39774 49801 53020 70272 885//=
 23320 66/// /1905 11018 21032 39751 49823 55001 60002 333 21056=
 23324 41450 81604 11035 21051 39747 49823 53001 77172 8172/=
 23405 41434 82202 11026 21029 39723
 49820 52027 78587 8595/ 333 85913=
 23410 66/// /1704 11024 21035 39714 49808 53008 60002 333 21039=
 23411 41497 82203 11023 21024 39719 49806 52017 77172 8772/=
 23412 41397 82102 11022 21028 39715 49810 53011 77172 8577/ 333 84708=
 23416 NIL=
 23418 41560 71204 11010 21026 39756 49828 53013 78587
 86930 333 84922=
 23501 NIL=
 23503 41998 82203 11014 21028 39779 49828 52024 77172 8802/=
 23507 86/// /2504 11029 21029 39542 49847 52032=
 23509 42598 82303 11011 21024 39769 49846 52028 8652/ 333 86623=
 23514 41496 82305 11018 21022 39648 49841 52023 78583 889// 333 86710 91111  93403=
 23518 41996 82106 11012 21019 39764 49854 53016 77172 8802/ 333
 91111 555 53011=
 23606 41457 82203 11019 21019 39709 49873 52032 78582 889// 333 86914 91110=
 23701 41477 72305 11023 21042 39772 49900 52031 70283 85980 333 21023
 85918 91112=
 23704 66/// /2404 11017 21031 39651 49766 57022 60002 333 21017 91115=
 23707 81598 82406 11014 21049 39785 49916 52025 73632 8695/ 333 21015 85630 91113=
 23708 41598 72105 11019 21049 39775 49923 52027 73683 84530 333 21019 91111=
 23709 41497 82205 11011 21049 39736 49926 52030 78583 889// 333 88915 91011 91112=
 23711 41499 72304 11011 21036 39736 49903 52024 70282 82970=
 23803 41597 82306 11006 21032 39766 49944 53024 78583 8696/ 333 86922 91110=
 23804 81496 82402 11007 21020 39786 49929 52021 78583 883// 333 21014 86918 =
 23807 41497 72206 11002 21023 39788 49948 52020 70283 83931 333 91112=
 23808 86/// /2006 11004 21021 39790 49956 51024 333 91111=
 23812 41496 82304 11005 21032 39782 49942 52022 78582 889// 333 91111
 934//=
 23904 42670 82003 11006 21026 39815 49970 52015 885// 333 88640=
 23905 41599 82004 11009 21031 39750 49975 52016 70272 885//=
 23909 41498 82105 11005 21036 39745 49988 52019 73683 885// 333 91010
 91111=
 23912 41598 82105 11004 21033 39796 49986 52022 70282 885//=
 23913 41597 81301 11002 21043 39768 49995 52021 77072 885//=
 23914 81499 82105 11008 21035 39739 49994 52022 70232 885// 333
 91111=
 28013 41598 82004 11005 21045 39770 49999 52019 70273 885// 333
 91111=
 28016 42599 82002 11005 21031 39787 40010 52016 885//=
 28029 41599 82106 10003 21040 39808 40026 52017 70272 885// 333
 91110=
 28116 42499 72102 11003 21035 39796 40025 52013 87900=
 28128 41599 82002 10000 21023 39890 40043 52014 70232 885// 333
 91113=
 28134 41598 82002 11003 21032 39698 40048 52017 72272 885//=
 28138 42599 82205 11016 21035 39488 40054 52015 883// 333 91111=
 28216 41599 81905 10003 21016 39751 40047 52009 70272 887// 333
 91110=
 28222 42598 81903 10009 21020 39859 40052 52013 885//=
 28224 41570 81903 10011 21017 39849 40061 52014 70282 889//=
 28234 42598 82004 10003 21023 39791 40068 51015 885//=
 28238 41599 82203 10005 21024 39770 40072 52014 77072 885//=
 28313 42598 81904 10012 21010 39866 40056 52008 885//=
 28319 41496 82003 10013 21002 39908 40070 52005 77172 8802/=
 28321 42599 81904 10007 21009 39857 40060 50009 884//=
 28324 42699 81904 10018 21008 39951 40071 52008 885//=
 28326 41598 62104 10011 21004 39892 40078 52012 70282 86500=
 28413 41498 81903 10013 21007 39945 40067 58002 76076 887//=
 28428 41597 82004 10009 21003 39910 40094 52009 76162 8802/=
 28429 42498 82204 10000 21004 39690 40101 52010 886// 333 93400=
 22983 42598 82201 10000 21032 39845 49949 52010 885// 333 91004
 91108=
 27083 42599 82002 11012 21034 39746 49967 52003 885// 333 21012 91004
 91108=
 27097 42598 81803 11018 21029 39722 49983 57002 8653/ 333 21018 91005
 91107=
 27185 42698 81502 11013 21028 39801 49984 58010 885// 333 21016 91004
 91105=
 27199 42998 81802 11006 21019 39802 49998 57009 8807/ 333 91003
 91107=
 27281 42482 81403 11007 21016 39774 49980 57017 886// 333 91004
 91104=
 27283 42498 81802 11001 21010 39834 49989 58015 887// 333 91004
 91104=
 27295 41566 81402 10001 21009 39749 49998 58014 77172 8802/ 333 91004
 91105=
 27296 41971 81503 10005 21011 39788 40003 57011 77122 8802/ 333 91004
 91106=
 27385 414// 81602 10001 21002 39864 49992 57021 77572 8872/ 333 20001
 91004 91104=
 27393 41495 81705 10003 21003 39847 40016 58013 77372 8672/ 333 20003
 91007 91109=
 27480 41420 81702 10003 20003 39866 49993 57019 78682 889// 333 20002
 91005 91107=
 28007 42699 82002 11014 21042 39736 49997 52001 885// 333 21014 88642
 91005 91107=
 28009 41598 82104 11004 21049 39795 40004 52005 70283 8655/ 333 91006
 91108=
 28105 42498 81802 11005 21034 39812 40004 57001 888// 333 21006 91004
 91106=
 28202 42683 82004 10001 21019 39796 40016 58003 884// 333 21004 91005
 91106=
 28302 41595 81603 10002 21006 39799 40026 57005 78622 889// 333 20002
 91005 91106=
 28307 41496 81403 10003 21005 39875 40019 57014 77176 8802/ 333 20003
 91005 91106=
 28402 41448 81806 10006 21001 39854 40032 57010 77172 8567/ 333 20005
 91008 91108=
 28502 42598 81906 10016 20000 39945 40048 57006 8802/ 333 20012 91008
 91109=
 22550 81457 82603 11028 21029 39850 49859 52023 78582 889// 333 21028
 88616=
 22778 41498 82303 11015 21040 39839 49908 52012 72682 8667/ 333
 85711=
 22889 42498 72303 11002 21033 39857 49942 52016 87500 333 21004
 87618=
 22762 41997 82201 11037 21048 39858 49897 53015 70272 8007/ 333
 21037=
 22638 46/// /2801 11065 21082 39666 49892 52008=
 22671 41397 82502 11033 21040 39787 49865 52022 78582 889// 333 21033
 85708=
 22456 41496 83101 11038 21055 39761 49848 52023 78582 889//=
 22583 41598 82402 11016 21027 39764 49843 52031 70282 8657/=
 22749 41598 82102 11027 21032 39774 49898 52007 72272 8752/ 333
 87624=
 22951 41598 82102 11025 21045 39643 49923 52002 70282 885// 333
 21025=
 22887 41599 81902 11002 21029 39870 49939 52023 70282 8655/
 333 21004 86633=
 22876 41597 72104 11006 21030 39854 49928 52013 70283 87500 333 21013
 87620=
 22481 42598 82803 11034 21041 39778 49830 52032 8757/=
 22854 42598 82102 11031 21044 39625 49912 52007 885// 333 88628=
 22781 NIL=
 22676 41498 82304 11030 21051 39800 49877 52025 70273 885// 333 21030
 91110=
 22648 41798 72302 11051 21052 39849 49895 52013 70183 87900 333 21051
 87655=
 22559 41597 82504 11030 21041 39853 49869 52023 77187 8572/ 333
 21031=
 22869 42697 82302 11010 21038 39781 49928 51006 885// 333 88636=
 22768 41395 82401 11020 21026 39854 49904 52011 77372 8872/ 333
 86709=
 22798 41498 82303 11021 21047 39810 49922 52025 73633 8695/ 333 21024
 91113=
 22375 46/// /3102 11053 21060 39818 49833 52031=
 23207 41594 82802 11045 21050 39767 49789 52024 78581 889//=
 23215 41497 81804 11028 21031 39705 49793 52005 77172 8751/ 333
 87617=
 23219 NIL=
 27095 66/// /2003 11011 21020 39765 49992 52003 60002 333 21011=
 22408 12970 80000 11127 21139 39729 49883 52005 60002 85015 333  
 21130 47054=
 22511 12984 21301 11148 21163 39758 49884 52002 60002 82071 333  
 21150 47046 93500=
 22529 11498 72702 11073 21090 39874 49881 52010 69932 70272 87900
 333   21074 48043 87914=
 22602 11473 81701 11096 21107 39655 49885 57005 69902 70272 885//
 333   21096 47042 88612=
 22621 12498 82201 11072 21080 39747 49888 52002 69922 889// 333  
 21083 48049 88917=
 22619 12398 80000 11064 21071 39723 49883 57001 60002 886// 333  
 21065 47049 88709=
 22721 11297 80000 11051 21056 39791 49890 52001 69932 70282 886//
 333   21053 47063 88704=
 22727 12570 81401 11028 21038 39845 49893 52002 69922 884// 333  
 21028 44033 88623=
 22717 12498 80000 11035 21053 39692 49888 57001 69902 886// 333  
 21035 47028 88712=
 22802 12498 81601 11032 21049 39864 49887 57004 60002 889// 333  
 21032 47027 86913=
 22820 12498 82101 11023 21052 39757 49893 57001 69922 885// 333  
 21023 43036 88618=
 22831 11497 72201 11021 21031 39845 49900 52004 60032 70282 87900
 333   21021 47049 87918=
 22805 125// 71801 11015 21033 39862 49887 57007 60002 87500 333  
 21031 44025=
 22912 12584 71601 11015 21031 39879 49894 57007 60002 87500 333  
 21015 43023 87629=
 
