00:31:00 MSK 19.04.2023
020 123456/=о000=2131
 уйту01 бтул 182100
 22686 42998 20000 11047 21074 30239 40343 52010 80001=
 22695 42998 01003 10002 21096 30174 40330 52007=
 22996 42998 11003 10053 21093 30117 40303 52009 80001=
 23220 42999 20803 11200 21233 30179 40336 57013 82030=
 23226 42960 02001 11182 21208 30105 40340 57014=
 23305 42/// /1901 11053 21105 30305 40334 57004=
 23320 86/// /2302 11088 21131 30265 40342 57006=
 23324 42984 02002 11116 21160 30256 40338 57009=
 23405 42997 01502 11003 21138 30233 40335 58003=
 23410 86/// /1602 11120 21157 30238 40342 57009=
 23411 42999 02303 11025 21140 30244 40336 58007=
 23412 42999 01501 11064 21132 30238 40340 57008=
 23416 NIL=
 23418 42965 00801 11082 21109 30270 40349 58002=
 23503 NIL=
 23507 86/// /0000 11038 21085 30029 40352 52003=
 23509 42/// /0000 11058 21075 30269 40351 52002=
 23514 42997 02002 11018 21090 30151 40354 52003=
 23518 42/// /2401 11105 21112 30264 40362 52002=
 23606 42960 02001 11022 21098 30181 40353 52005=
 23704 86/// /0000 11021 21046 39926 40039 55004=
 23701 42/// /0201 11046 21066 30216 40351 52007=
 23707 82998 20602 10005 21066 30200 40335 52010 80001=
 23708 42/// /0701 11016 21091 30196 40350 52009=
 23709 42998 00000 11039 21096 30157 40358 52005=
 23711 42998 01901 11053 21097 30187 40364 52007=
 23803 42999 00901 10001 21139 30169 40354 51007=
 23804 82997 01001 10030 21076 30183 40330 52009=
 23807 42/// /0502 10021 21051 30161 40325 52010=
 23808 86/// /1101 11020 21073 30166 40340 52010=
 23812 42997 00000 11074 21094 30196 40368 52007=
 23904 42980 02301 11012 21069 30162 40323 52010=
 23905 42999 00000 10001 21069 30102 40334 52010=
 23909 42998 11002 11005 21060 30091 40343 52010 80001=
 23912 42998 01301 11001 21125 30161 40358 52014=
 23913 42999 00000 11069 21106 30134 40376 52009=
 23914 82999 01202 11004 21116 30093 40357 52014=
 28013 42999 01102 10005 21078 30104 40341 52011=
 28016 42/// /1201 10008 21057 30105 40334 52011=
 28029 42999 00803 10005 21111 30123 40348 52014=
 28116 42999 01002 10016 21056 30095 40330 52012=
 28128 42999 00502 10011 21057 30183 40339 52014=
 28134 42998 01301 10007 21121 39989 40348 52012=
 28138 43/// /0503 11028 21130 39775 40361 52011=
 28216 42999 01004 10034 21075 30011 40311 52010=
 28222 42/// /1004 10025 21065 30137 40334 52013=
 28224 42970 01103 10029 21066 30110 40326 52014=
 28234 42998 01002 10011 21123 30056 40341 52011=
 28238 42999 00702 11020 21082 30038 40352 52012=
 28313 42/// /3501 10039 21068 30112 40306 52011=
 28319 42599 60702 10060 21059 30133 40297 52011 83550=
 28321 42999 01003 10050 21074 30105 40310 51012=
 28324 42/// /1101 10054 21077 30182 40303 52011=
 28326 42898 21003 10029 21072 30130 40319 52011 82030=
 28413 42599 61101 10034 21046 30165 40288 52007 81534=
 28428 42999 50401 10034 21081 30110 40297 52010 80001=
 28429 42/// /0703 10030 21050 39891 40307 52007=
 22983 42984 00000 11009 21111 30201 40309 52008 333 91001 91101=
 27083 42984 00502 10033 21124 30068 40292 52007 333 91003 91103=
 27097 42/// /0502 10049 21117 30030 40293 52009 333 91004 91105=
 27185 42/// /0401 10010 21040 30095 40282 52006 333 91003 91103=
 27199 42998 20801 10057 21103 30085 40282 52006 80030 333 91002
 91104=
 27281 42984 00601 10035 21052 30063 40272 54000 333 91002 91102=
 27283 42997 63401 10020 21044 30117 40275 52003 86030 333 91001
 91102=
 27295 42/// /0501 10049 21083 30024 40277 54001 333 91002 91103=
 27296 42997 00601 10024 21069 30059 40279 52005 333 91002 91102=
 27385 425// 20000 10056 21014 30137 40266 52002 82500 333 91000
 91104=
 27393 42998 31002 10033 21049 30108 40280 52003 81035 333 91003
 91103=
 27480 42998 50201 10023 20003 30138 40269 57006 82031 333 91001
 91102=
 28007 42999 01101 10043 21119 30040 40304 52009 333 91003 91105=
 28009 42998 00301 10015 21097 30104 40317 52009 333 91002 91103=
 28105 42998 00802 10049 21143 30092 40293 52007 333 91005 91105=
 28202 42997 01302 10049 21132 30069 40292 52010 333 91003 91103=
 28302 42997 50402 10049 21096 30053 40283 52005 85030 333 91003
 91105=
 28307 42998 62901 10070 21039 30126 40269 51001 84031 333 91002
 91102=
 28402 42684 81002 10087 21035 30093 40270 52001 8257/ 333 91003
 91105=
 28502 42597 81702 10121 21025 30172 40273 52009 884// 333 91004
 91107=
 22550 82970 03401 11023 21032 30348 40358 52011=
 22778 42998 00502 11011 21117 30253 40324 52010=
 22889 42/// /0802 11023 21077 30227 40317 52008=
 22762 42998 00000 11016 21072 30291 40331 53011=
 22638 46/// /0100 11019 21029 30137 40371 52009=
 22671 42/// /0202 10011 21108 30260 40340 52009=
 22456 NIL=
 22583 42998 00000 11035 21093 30256 40340 52006=
 22749 NIL=
 22951 42/// /0603 10049 21142 30037 40321 52011=
 22887 42997 00201 11012 21066 30237 40309 52007=
 22876 42997 00000 11029 21064 30246 40321 52012=
 22481 42/// /3201 11063 21092 30292 40348 52006=
 22854 42/// /0303 10044 21125 30039 40331 52010=
 22781 NIL=
 22676 42998 03201 11037 21069 30256 40337 52012=
 22648 NIL=
 22559 42/// /0401 10001 21045 30336 40353 52010=
 22869 42998 00000 10019 21100 30166 40317 52010=
 22768 42997 00101 10003 21112 30272 40323 52008=
 22798 42998 00501 10022 21068 30217 40332 52008=
 22375 46/// /3302 11051 30340 40356 52003=
 23207 NIL=
 23215 NIL=
 23219 NIL=
 27095 86/// /0603 10047 21118 30075 40305 52008=
 22408 42784 73501 10004 21024 30231 40385 54000 87500 333   87650=
 22511 42984 21901 11007 21033 30257 40382 52002 82030=
 22529 42998 00000 11033 21041 30369 40376 52008=
 22602 42979 02101 11030 21076 30152 40387 52007=
 22621 83/70 /3501 10001 21023 30236 40380 52007=
 22619 42998 03101 11003 21024 30211 40375 52007=
 22721 42997 03002 10017 21019 30266 40367 52007=
 22727 86/70 /3502 10028 21018 30309 40358 52012=
 22717 83/70 /0202 10025 21021 30166 40363 52011=
 22802 42998 00303 10047 21029 30333 40357 52011=
 22820 42998 00102 10030 21050 30214 40353 52013 555   50044=
 22831 42997 00501 10038 21058 30282 40338 52012=
 22805 425// 20202 10049 21027 30333 40353 52011 81501=
 22912 42984 23602 10030 21098 30314 40329 52005 80001=
 
