03:31:00 MSK 22.11.2023
020 123456/=о000=0031
 унту01 бтул 220000
 22686 41497 80201 11106 21127 30088 40193 57006 77172 8652/ 333 86617 555 1/106=
 22695 41998 50102 11125 21152 30014 40176 58008 70272 85030 555 1/108=
 22996 41596 70102 11107 21112 39927 40121 57012 77172 83570 555 1/108=
 23220 42598 31104 11134 21153 30115 40267 57002 82530 555 1/116=
 23226 41960 00301 11208 21227 30046 40282 58002 70241 555 1/123=
 23305 NIL=
 23320 86/// /1004 11120 21139 30152 40229 57004=
 23324 42981 10902 11137 21153 30165 40247 58004 80001 555 1/118=
 23405 41997 59901 11130 21143 30104 40208 58016 70272 85030 555 1/120=
 23410 86/// /3401 11205 21233 30121 40227 57008 555 53003=
 23411 42/// /0102 11125 21134 30132 40227 57013 555 1/111=
 23412 42999 20402 11162 21179 30121 40226 57009 82050 333  93531 555 1/122=
 23416 NIL=
 23418 42965 00000 11223 21242 30136 40216 58010 555 1/125=
 23503 NIL=
 23507 86/// /0203 11137 21145 39874 40204 57005=
 23509 NIL=
 23514 41597 50402 11124 21136 39992 40200 57009 70281 85900 333 85927 555 1/114=
 23518 42/// /0202 11172 21190 30100 40198 57013 555 1/120=
 23606 81660 60302 11141 21149 30003 40180 57006 70281 86500 333 86645 555 1/114=
 23612 NIL=
 23701 42/// /0202 11146 21161 30040 40178 55008 555 1/115=
 23704 86/// /3601 11138 21144 39150 49263 56101 555 53005=
 23707 81597 70204 11122 21140 30015 40155 57009 77177 83520 555 1/109=
 23708 42/// /0103 11111 21130 39996 40152 57006 555 1/109=
 23709 42998 00102 11126 21149 39948 40151 57005 555 1/115=
 23711 42998 70403 11123 21146 39989 40168 58005 87030 555 1/115=
 23803 41999 80502 11100 21128 39954 40142 57006 70271 80001 555 1/109=
 23804 41496 80102 11111 21126 39990 40143 57009 77172 8657/ 333 86610 555 1/108=
 23807 43/// /0305 11105 21113 39968 40137 57009 555 1/108=
 23808 86/// /3202 11114 21118 39956 40133 58012=
 23812 42997 30501 11122 21147 39972 40143 57008 81031 555 1/106=
 23904 41359 83602 11112 21121 39957 40121 57014 77072 8672/ 333 86708
 555 1/109=
 23905 42899 80103 11105 21119 39874 40111 57013 8801/ 555 1/110=
 23909 41498 80303 11096 21110 39846 40100 57014 70272 885//=
 23912 42898 80404 11095 21114 39910 40109 57012 8807/ 555 1/109=
 23913 41597 80803 11083 21118 39875 40112 57012 77172 8872/ 555
 1/108=
 23914 82498 80303 11092 21109 39835 40101 57014 88500=
 27095 86/// /3603 11107 21107 39887 40126 57012=
 28013 41397 80304 11089 21108 39850 40088 58015 77172 8872/ 555
 1/108=
 28016 42/// /0203 11085 21092 39849 40080 58018 555 1/107=
 28029 41495 80503 11075 21089 39843 40068 57020 77372 8872/ 555
 1/106=
 28116 41495 80304 11075 21087 39825 40062 57021 77372 8872/=
 28128 41595 80404 11068 21078 39899 40056 57020 77372 8802/ 555
 1/107=
 28134 41496 83601 11076 21094 39696 40055 57027 77072 8672/ 555
 1/107=
 28138 43/// /0506 11095 21105 39494 40079 57020 333 91011 91111=
 28216 41895 80205 11067 21077 39730 40033 57021 77372 8802/ 555
 1/107=
 28222 42/// /0402 11061 21071 39846 40044 56024 555 1/105=
 28224 41465 80403 11051 21066 39810 40026 57026 78087 889// 333
 93401=
 28234 41597 80903 11059 21089 39758 40041 57024 76662 885// 333 93402
 555 1/104=
 28238 41599 80606 11056 21084 39739 40047 57024 70272 8452/ 555
 1/106=
 28313 42/// /0204 11046 21061 39822 40016 58025 555 1/104=
 28319 41598 80603 11028 21035 39829 49993 57027 70252 885// 333
 93402=
 28321 41599 80304 11044 21053 39811 40017 58019 70276 8802/ 333
 93400=
 28324 42/// /0503 11025 21042 39878 49999 58024 555 1/103=
 28326 41598 70703 11037 21056 39821 40009 57026 70282 82330 333 93402
 555 1/105=
 28413 41599 80204 11018 21036 39861 49983 58031 72376 8657/ 333 93403
 555 1/101=
 28428 41898 80403 11019 21039 39787 49971 58031 70262 8805/ 333 93401
 555 1/103=
 28429 42/// /0803 11024 21048 39572 49982 58026 333 91110 555 1/104=
 22983 41575 83201 11121 21141 30039 40150 57010 77872 8553/ 333 91002
 91103 555 1/110=
 27083 41458 83403 11118 21138 39892 40125 57011 77172 887// 333 91006
 91107 555 1/110=
 27097 42/// /3503 11109 21118 39839 40113 57011 333 91006 91108 555
 1/110=
 27185 42/// /3504 11106 21130 39919 40111 57007 333 91009 91109 555
 1/110=
 27199 41596 83603 11093 21114 39881 40085 57014 77173 8472/ 333 91007
 91109 555 1/109=
 27281 41456 83506 11105 21129 39891 40107 57005 77172 8872/ 333 91008
 91109 555 1/110=
 27283 42497 83606 11096 21117 39931 40093 57011 885// 333 91008 91109
 555 1/110=
 27295 42/// /3404 11093 21116 39815 40075 57015 333 91008 91109 555
 1/107=
 27296 42597 83605 11088 21112 39844 40068 57017 8802/ 333 91008 91109
 555 1/105=
 27385 414// 83603 11079 21107 39941 40074 57011 70272 8675/ 333 91008
 91109 555 1/108=
 27393 41497 80304 11078 21097 39881 40056 57018 77072 8677/ 333 91007
 91108 555 1/108=
 27480 42498 83603 11074 21107 39941 40073 57009 885// 333 91007 91108
 555 1/106=
 28007 41499 80105 11108 21127 39823 40096 57015 73622 8635/ 333 86913
 91007 91108 555 1/109=
 28009 41496 83602 11088 21112 39864 40082 57020 77172 8872/ 333 91005
 91107 555 1/108=
 28105 42498 80102 11094 21115 39878 40078 57018 885// 333 91007 91107
 555 1/108=
 28202 41996 80303 11077 21095 39827 40054 57019 77172 8807/ 333 91006
 91107 555 1/107=
 28302 41597 80104 11072 21091 39807 40041 57018 77172 885// 333 91007
 91107 555 1/106=
 28307 41497 83204 11071 21093 39894 40042 56015 77172 885// 333 91007
 91108 555 1/106=
 28402 41423 83504 11066 21078 39840 40023 57018 77372 8802/ 333 91007
 91107 555 1/107=
 28502 41494 83605 11055 21071 39895 40000 57020 77572 8872/ 333 91009
 91109 555 1/105=
 22550 81458 83601 11092 21097 30217 40228 57004 78582 889// 333 88711
 555 1/109=
 22778 41596 83102 11106 21125 30117 40190 57008 78581 8697/ 333 86921
 555 1/107=
 22889 42/// /3203 11116 21132 30062 40153 57009 555 1/107=
 22762 41997 00000 11174 21186 30176 40218 57003 70271 555 1/122=
 22638 46/// /2900 11126 21140 30006 40246 57005=
 22671 NIL=
 22456 41596 80000 11113 21135 30142 40235 57004 78582 889// 555
 1/110=
 22583 42598 70401 11094 21111 30126 40211 58005 87500 
 555 1/107=
 22749 42/// /3602 11071 21080 30084 40214 54001 555 1/105=
 22951 42/// /0302 11092 21101 39913 40209 54001 555 1/108=
 22887 41697 63103 11141 21154 30095 40170 57004 70282 83531 
 555 1/115=
 22876 42997 73201 11126 21139 30106 40183 56005 87030 555 1/110=
 22481 42/// /3401 11132 21143 30171 40228 57004 555 1/113=
 22854 42/// /0202 11084 21093 39912 40214 57002 555 1/107=
 22781 NIL=
 22676 41598 33101 11142 21160 30119 40202 57008 72271 83500 555
 1/113=
 22648 41598 73602 11068 21070 30180 40228 58001 70283 87900 333 87627
 555 1/107=
 22559 42/// /0401 11077 21090 30212 40229 57002 555 1/106=
 22869 41498 63403 11124 21142 30043 40201 55001 78581 83930 555
 1/113=
 22768 41597 23501 11122 21134 30151 40204 57002 70187 82530 555
 1/116=
 22798 42998 00000 11164 21177 30044 40165 57011 555 1/116=
 22375 46/// /1500 11187 21207 30220 40237 57008=
 23207 NIL=
 23215 42298 80000 11161 21172 30160 40257 57007 886// 333 88704 555
 1/113=
 23219 NIL=
 22408 42284 83301 11243 21267 30110 40278 57009 886// 333   88704
 93506 555   1/123=
 22511 41258 80000 11171 21190 30138 40270 57009 77172 8572/ 333  
 85704 93514 555   1/118=
 22529 41998 02901 11132 21145 30235 40242 57005 70281 555   1/115=
 22602 41475 70000 11136 21150 30030 40272 57009 70272 87500 333  
 87614 555   1/113=
 22621 83262 /3002 11163 21179 30111 40263 57005 555   1////=
 22619 42498 32904 11131 21145 30090 40261 57002 83500 555   1/117=
 22721 42597 83102 11118 21134 30151 40256 57003 885// 333   88625
 555   1/109=
 22727 86464 /0102 11076 21093 30201 40251 57004 555   1////=
 22717 83/66 /3502 11089 21103 30051 40259 57005 555   1////=
 22802 42498 83102 11064 21085 30236 40261 57004 889// 333   85915
 555   1/105=
 22820 41497 82902 11090 21103 30108 40252 57002 77172 885// 333  
 88610 555   1/108=
 22831 42997 43001 11113 21131 30177 40236 52002 84030 555   1/114=
 22805 425// 83501 11051 21068 30232 40258 57004 885// 555   1/105=
 22912 42484 80103 11086 21097 30233 40249 52001 886// 333   88712
 555   1/109=
 
