21:31:00 MSK 18.11.2023
020 123456/=о000=1831
 унту01 бтул 181800
 22686 41498 82103 11063 21081 30018 40120 58013 70272 8657/ 333 86617=
 22695 42/// /2303 11064 21084 39951 40108 57010=
 22996 42/// /2603 11070 21074 39981 40173 57007=
 23220 41396 82703 11155 21173 39923 40073 57007 77172 8872/ 333 86709=
 23226 41432 82303 11162 21181 39847 40075 57005 77372 885// 333 88612=
 23305 41960 81802 11053 21054 30014 40042 58009 77072 8807/=
 23320 66/// /1401 11113 21117 39999 40075 57009 60002 333 11113=
 23324 42578 80402 11207 21231 30001 40085 57007 885// 333 88620=
 23405 41996 82002 11052 21059 39955 40057 57005 77172 8802/=
 23410 66/// /0000 11093 21108 39963 40062 57005 60002 333 11092=
 23411 41498 82203 11066 21070 39965 40056 57005 77172 8802/ 333 93534=
 23412 41498 61401 11084 21094 39961 40061 57006 77172 83710=
 23416 NIL=
 23418 41457 82402 11068 21080 39995 40070 57006
 77172 8652/ 333 86615=
 23501 NIL=
 23503 41997 81902 11072 21083 30017 40068 57010 77172 8802/=
 23507 86/// /2503 11068 21073 39770 40087 57007=
 23509 41997 82302 11069 21089 30005 40085 57012 77172 8802/=
 23514 41496 82203 11092 21100 39880 40083 57010 77172 887// 333 86710=
 23518 41496 82403 11075 21084 39993 40087 57006 77372 8552/ 333
 85616 555 53006=
 23606 41338 82403 11074 21074 39929 40101 57010 77272 8872/ 333 86708=
 23612 NIL=
 23701 41457 72303 11069 21082 39997 40130 57007 78582 87900 333
 87910=
 23704 66/// /2503 11064 21068 39382 49495 52013 60002 333 11064=
 23707 81497 82604 11069 21091 30005 40142 57006 77176 8652/ 333 86619  93400=
 23708 41470 82303 11074 21091 39987 40141 57003 77172 8577/ 333 85711=
 23709 41497 82402 11079 21104 39938 40138 57004 77187 885// 333 88611=
 23711 41497 82801 11087 21106 39943 40119 57001 78582 889// 333 88915=
 23803 41597 82702 11077 21100 39965 40152 58006 78582 889// 333 88920=
 23804 81496 82702 11068 21084 30002 40152 58003 77187 8652/ 333 86613=
 23807 41496 82704 11071 21080 39998 40165 57004 77172 8802/ 333 88518=
 23808 86/// /2403 11075 21083 39991 40165 57004=
 23812 41496 82803 11079 21103 39964 40132 57005 78587 8792/ 333 934//=
 23904 42476 82602 11073 21085 30013 40176 57005 885// 333 88612=
 23905 41596 82302 11087 21102 39934 40171 57004 77172 885// 555
 51082=
 23909 41497 82402 11093 21111 39913 40169 57006 77187 8652/=
 23912 41597 82502 11082 21103 39956 40155 57004 77172 8352/ 555
 51078=
 23913 41997 82601 11084 21116 39917 40154 54000 77172 8802/ 555
 51081=
 23914 81495 82603 11090 21110 39895 40162 54000 78582 889//=
 28013 41597 82303 11092 21125 39933 40174 54001 78582 889// 555
 51082=
 28016 42/// /2402 11092 21106 39949 40184 57002 555 51080=
 28029 41596 82603 11081 21105 39943 40172 54000 77172 8802/ 555
 51081=
 28116 41496 82602 11095 21122 39949 40190 52001 77172 8872/=
 28128 41596 82603 11077 21113 30027 40186 52003 77172 8802/ 555
 51074=
 28134 41596 80000 11088 21108 39812 40177 52001 77072 885// 555
 51090=
 28138 43/// /2705 11104 21126 39578 40170 52001 333 91110=
 28216 41899 73003 11108 21139 39892 40205 52003 70272 87010 555
 51087=
 28222 42/// /2902 11077 21120 39985 40187 52003 555 51075=
 28224 41670 62802 11085 21116 39970 40193 52003 77172 83505=
 28234 41596 82702 11079 21112 39895 40184 52003 77172 885// 555
 51081=
 28238 41596 82502 11084 21121 39867 40182 52002 77172 885// 555
 51082=
 28313 42/// /2802 11091 21128 30008 40209 52003 555 51077=
 28319 41496 82901 11072 21095 30039 40210 52002 77172 8802/=
 28321 41899 62703 11084 21118 39988 40200 52002 70282 86070=
 28324 42/// /3002 11067 21121 30077 40203 54001 555 51068=
 28326 41596 82502 11077 21107 30001 40196 52005 77172 8802/ 555
 51071=
 28413 41596 82902 11061 21110 30086 40213 52002 77172 8657/ 555
 51063=
 28428 41596 82602 11072 21115 30018 40211 52004 77187 8802/ 555
 51061=
 28429 42/// /2602 11095 21116 39781 40212 52008 555 51078=
 22983 41465 82501 11059 21068 30062 40171 57010 77172 8872/ 333 91002
 91104=
 27083 41484 82402 11066 21083 39953 40184 57005 70272 8802/ 333 91004
 91106=
 27097 41498 72402 11073 21080 39923 40195 57005 70282 87900 333 91003
 91105=
 27185 42/// /2102 11078 21098 30022 40214 52003 333 91003 91105=
 27199 41996 82503 11076 21099 30006 40212 57002 77172 8802/ 333 91005
 91106=
 27281 41458 82602 11077 21100 30009 40225 57004 77172 8872/ 333 91005
 91106=
 27283 41497 82504 11079 21107 30059 40222 58002 70272 885// 333 91006
 91108=
 27295 41496 82203 11088 21114 39963 40227 54000 77187 8802/ 333 91004
 91105=
 27296 41696 82602 11083 21112 39992 40220 54000 77172 885// 333 91006
 91106=
 27385 415// 62802 11075 21114 30105 40239 52005 77071 84530 333 91003
 91107=
 27393 41497 82603 11078 21110 30054 40233 52002 78582 8697/ 333 91003
 91107=
 27480 42598 80000 11067 21105 30109 40244 52003 885// 333 91000
 91106=
 28007 41499 82802 11077 21098 39922 40194 57004 70272 885// 333 88617
 91004 91105=
 28009 41497 82202 11082 21108 39973 40192 57004 78582 889// 333 91003
 91103=
 28105 41497 82503 11077 21095 30002 40203 57001 77172 8872/ 333 91005
 91105=
 28202 41596 82702 11079 21106 39976 40207 54000 77172 885// 333 91004
 91104=
 28302 41597 82702 11078 21113 39978 40217 52001 78582 8597/ 333 91004
 91104=
 28307 41498 83002 11064 21106 30078 40228 52002 77172 885// 333 91005
 91106=
 28402 41571 82903 11067 21114 30039 40226 52003 77172 885// 333 91006
 91107=
 28502 42597 62702 11087 21113 30126 40235 52005 86400 333 91003
 91104=
 22550 81670 72704 11032 21054 30104 40115 57001 72682 87900 333
 87634=
 22778 41396 82502 11064 21080 30081 40153 57007 77172 8872/ 333
 86708=
 22889 41496 82402 11064 21076 30077 40166 57010 77187 8652/ 333
 86616=
 22762 41496 82402 11049 21058 30110 40150 57004 77072 885//=
 22638 46/// /2903 11046 21066 39933 40164 57002=
 22671 41497 82502 11044 21057 30030 40111 57007 78582 889// 333
 86911=
 22456 NIL=
 22583 41597 72503 11037 21055 39992 40074 57010 78582 87900=
 22749 41496 82803 11040 21049 30043 40171 54001 77172 8802/ 333
 88518=
 22951 41497 82602 11055 21060 39906 40197 57003 78582 889//=
 22887 41597 81702 11059 21074 30091 40163 58012 78582 8695/
 333 86927=
 22876 41597 72302 11060 21071 30085 40160 57010 72682 87900 333
 87923=
 22481 41597 82604 11039 21055 39998 40051 57003 78583 889// 333
 91111=
 22854 41297 82403 11046 21050 39883 40179 57005 77172 8772/ 333
 87704=
 22781 NIL=
 22676 41498 82205 11054 21069 30037 40117 57013 70276 885// 333
 93401=
 22648 41498 82804 11039 21045 30115 40163 54000 70272 889// 333
 88617=
 22559 42998 82603 11038 21058 30105 40122 57003 8002/=
 22869 41497 82503 11051 21059 30027 40180 57004 78582 889// 333
 86913=
 22768 41396 82303 11052 21064 30107 40159 57003 77172 8872/ 333
 86708=
 22798 41597 82401 11068 21078 30031 40147 57007 77872 885//=
 22375 46/// /2806 11015 21022 30007 40022 57008 333 91115=
 23207 NIL=
 23215 42198 80000 11169 21181 39980 40075 57006 886// 333 88702=
 23219 NIL=
 27095 66/// /2703 11069 21070 39963 40201 58004 60002 333 11069=
 22408 12484 82703 11044 21064 30007 40160 57002 60002 885// 333  
 11034 88613=
 22511 12484 82703 11038 21067 30039 40163 54000 60002 8457/ 333  
 11028=
 22529 12598 82703 11035 21060 30146 40153 57002 69902 889// 333  
 11028 88924=
 22602 11475 82602 11044 21065 39952 40184 52002 69902 70272 885//
 333   11041 88613=
 22621 12498 82704 11041 21063 30027 40170 52001 69902 889// 333  
 11040 86913=
 22619 12498 82805 11037 21056 30011 40174 52003 60002 885// 333  
 11035 88619=
 22721 11597 82901 11032 21052 30077 40178 52002 69922 70282 885//
 333   11031 88627=
 22727 12667 82603 11025 21042 30144 40193 57002 69922 884// 333  
 11025 88643=
 22717 12598 72601 11038 21050 39996 40199 57001 69922 87500 333  
 11033 87620=
 22802 11598 82302 11019 21035 30183 40207 57002 69962 70282 889//
 333   11018 88931=
 22820 11898 62504 11035 21049 30057 40197 54000 69922 70272 86030
 333   11032=
 22831 11597 62801 11027 21047 30129 40186 57001 69962 70282 82930
 333   11020=
 22805 115// 82906 11001 21027 30186 40212 57003 69942 70282 885//
 333   10007 91113=
 22912 11950 82401 11010 21023 30194 40209 57004 60042 77172 8807/
 333   11005=
 
