00:31:00 MSK 27.01.2023
020 123456/=о000=2131
 уйту01 бтул 262100
 22686 42498 82604 11030 21053 39972 40073 52004 885// 333 88618=
 22695 41497 82603 11034 21062 39902 40057 52007 77172 8752/ 333 87617=
 22996 42/// /2101 11012 21012 39912 40098 54001=
 23220 41495 82305 11041 21048 39737 49877 52011 77373 8872/ 333 91111=
 23226 41221 82609 11052 21059 39654 49867 52013 77373 887// 333 86705 
 91013 91114 92983=
 23305 42/// /2507 11031 21047 39942 49970 52006 333 91012 91114=
 23320 86/// /2505 11028 21045 39861 49933 52009=
 23324 41450 82604 11029 21037 39840 49917 51007 78587 889// 333 86916
 91110=
 23405 41497 82604 11037 21055 39899 40000 52002
 73673 8555/ 333 85615 91110=
 23410 86/// /2305 11029 21046 39853 49949 52008 333 91110=
 23411 42/// /2507 11025 21041 39874 49963 52003 333 91012 91112=
 23412 41498 82605 11028 21042 39856 49953 52008 77173 8577/ 333 91111=
 23416 NIL=
 23418 42465 82604 11030 21057 39911 49985 52012 885//
 333 88615 91110=
 23503 42/// /2704 11034 21057 39955 40005 52005 333 91110=
 23507 86/// /2903 11048 21055 39724 40038 53007=
 23509 42/// /2403 11043 21062 39946 40025 53005=
 23514 41497 82503 11041 21051 39810 40008 51009 70273 887// 333 85710=
 23518 42/// /2603 11037 21051 39913 40005 52015=
 23606 41560 62503 11046 21062 39864 40037 52009 
 70272 84530 333 84628=
 23704 86/// /2703 11028 21037 39926 40039 55004=
 23701 NIL=
 23707 81498 82702 11034 21043 39943 40076 52008 77171 8652/ 333 86616=
 23708 42/// /2703 11033 21052 39922 40073 52008=
 23709 42/// /2704 11027 21047 39849 40072 52009 333 91110=
 23711 42498 82802 11031 21049 39874 40044 52013 889// 333 88916=
 23803 41599 83102 11015 21042 39890 40071 51010 70282 889//=
 23804 41497 72101 11022 21025 39932 40078 52006 70282 85930 333 85916=
 23807 42/// /2402 11007 21007 39928 40090 52005=
 23808 86/// /2103 11010 21016 39917 40086 52004=
 23812 41497 72501 11021 21033 39894 40057 52014 70282 87900 333 87916
 934//=
 23904 42478 82402 11005 21011 39943 40100 52003 885// 333 88611=
 23905 42599 82303 11011 21018 39868 40096 52006 885// 333 93401=
 23909 41496 82303 11015 21022 39851 40097 52008 77172 8772/ 333
 93401=
 23912 42/// /2502 11012 21016 39888 40081 52011=
 23913 41597 82301 11018 21032 39847 40077 52012 77172 8872/ 333
 93401=
 23914 81497 82503 11016 21024 39831 40088 52012 70272 885// 333
 93404=
 28013 41397 82304 11016 21031 39870 40102 52007 77172 8872/ 333
 93400=
 28016 42/// /2402 11014 21019 39886 40113 52004=
 28029 42598 62304 11025 21032 39890 40111 52007 86500=
 28116 41496 82503 11022 21030 39890 40122 52004 77172 8872/ 333
 93401=
 28128 41596 82404 11023 21036 39973 40129 52001 77075 8802/ 333
 93400=
 28134 41498 82101 11038 21045 39772 40128 52004 72452 886// 333
 93402=
 28138 43/// /2204 11068 21078 39554 40136 52011=
 28216 41896 82103 11038 21044 39843 40147 52001 76875 886// 333
 93402=
 28222 42/// /2003 11044 21051 39941 40140 54001=
 28224 41361 82104 11048 21060 39931 40149 57002 70275 886// 333 91110
 93401=
 28234 41596 82004 11063 21077 39868 40154 53003 77172 885// 333
 93402=
 28238 41596 82303 11064 21078 39847 40159 53008 77173 885//=
 28313 42/// /2003 11045 21058 39962 40159 54000=
 28319 42598 82302 11045 21060 30005 40173 58003 885//=
 28321 41496 82003 11053 21060 39950 40159 52003 77172 886// 333
 93401=
 28324 42/// /0000 11050 21069 30044 40168 58002=
 28326 42598 72204 11058 21067 39974 40166 54000 87500 333 91110=
 28413 41596 82102 11040 21059 30051 40176 57004 77172 8752/=
 28428 41496 82103 11066 21089 39997 40188 57005 77175 8802/ 333
 93401=
 28429 42/// /2304 11094 21105 39764 40194 57005=
 22983 41448 82502 11003 21006 39991 40097 57001 77172 8477/ 333 91003
 91104 93403=
 27083 41459 82302 11015 21022 39884 40108 57002 77172 887// 333 91002
 91103 93402=
 27097 42/// /2202 11018 21019 39855 40119 57004 333 91004 91105=
 27185 42/// /2002 11016 21020 39946 40132 57004 333 91004 91105=
 27199 41395 82402 11019 21024 39936 40136 57005 77372 8672/ 333 91004
 91105 93401=
 27281 41445 82303 11020 21025 39932 40142 57005 77172 8872/ 333 91006
 91106=
 27283 41496 82403 11018 21023 39974 40132 57004 78582 889// 333 91006
 91106=
 27295 42/// /2002 11025 21033 39893 40149 57004 333 91004 91106=
 27296 41497 82303 11021 21035 39922 40143 57003 72272 8872/ 333 91005
 91106=
 27385 414// 82203 11027 21037 30031 40161 57002 77172 8872/ 333 91006
 91107=
 27393 41496 82205 11030 21037 39987 40161 57003 77173 8672/ 333 91007
 91107=
 27480 41398 82302 11030 21041 30042 40173 57005 70252 886// 333 91004
 91107 93402=
 28007 41497 82402 11020 21030 39858 40122 57002 77172 8802/ 333 88512
 91004 91106=
 28009 41496 82302 11018 21033 39909 40121 54000 78587 889// 333 91004
 91106 93400=
 28105 41497 82303 11021 21028 39928 40130 57003 77172 8872/ 333 91005
 91106 93402=
 28202 41596 82502 11027 21039 39913 40138 58005 77175 885// 333 91004
 91105 93401=
 28302 41596 82202 11032 21040 39920 40153 57003 77172 885// 333 91003
 91105 93401=
 28307 41496 82002 11029 21044 30019 40166 57003 77172 8657/ 333 91004
 91106 93402=
 28402 41450 82103 11038 21045 39986 40169 57003 77172 8662/ 333 91005
 91106 93403=
 28502 42997 82305 11029 21058 30076 40182 57005 8807/ 333 91007 91108
 93400=
 22550 81459 82503 11038 21051 30082 40093 52005 78587 889// 333 88614
 93402=
 22778 42598 83201 11028 21033 30022 40092 52005 8657/=
 22889 42/// /2701 10000 21003 30004 40091 54000=
 22762 41296 82902 11051 21051 30058 40098 52007 71022 886//=
 22638 46/// /2601 11078 21086 39895 40128 54010=
 22671 42/// /2701 11034 21043 39998 40078 52005=
 22456 NIL=
 22583 42584 82803 11036 21052 39965 40046 52008 8657/ 333 91110=
 22749 NIL=
 22951 42/// /2701 11004 21005 39824 40107 54000=
 22887 41597 89901 10002 21004 30020 40091 51002 
 70282 8655/ 333 86623=
 22876 42/// /0000 11005 21005 30018 40091 52004=
 22481 42/// /2603 11050 21054 39978 40032 52009=
 22854 42/// /3501 11011 21012 39814 40105 52007=
 22781 NIL=
 22676 41497 82703 11033 21054 30001 40079 52004 77787 886//=
 22648 NIL=
 22559 42/// /2703 11039 21061 30077 40094 51015=
 22869 42/// /2402 11001 21001 39950 40099 57002=
 22768 42697 72202 11012 21021 30045 40095 52004 82570=
 22798 42/// /0000 11034 21037 39968 40082 52005=
 22375 46/// /2805 11036 39998 40014 52008=
 23207 NIL=
 23215 NIL=
 23219 NIL=
 27095 86/// /2202 11016 21016 39894 40125 57003=
 22408 42984 63202 11113 21122 30001 40159 52015 80001 333   93501=
 22511 42984 22902 11082 21095 30022 40148 52014 80005=
 22529 42998 02802 11076 21086 30111 40118 52008=
 22602 42977 03002 11077 21087 39930 40164 52013=
 22621 83/70 /2904 11064 21075 39991 40135 52007=
 22619 42498 22705 11047 21063 39976 40139 52010 82500=
 22721 42797 72902 11039 21050 30034 40135 52010 87500 333   87650=
 22727 86370 /3403 11023 21040 30091 40140 52015=
 22717 83/70 /3102 11034 21041 39957 40155 52015=
 22802 42498 73503 11012 21034 30141 40165 52017 87500 333   87616=
 22820 42398 73102 11022 21036 30001 40140 52012 87500 333   87608
 555   50012=
 22831 42697 63102 11009 21021 30065 40121 52013 83530=
 22805 425// 63503 11007 21020 30140 40160 52020 86500=
 22912 41584 73402 10001 21009 30125 40140 52017 70252 87500 333  
 87627=
 
