00:31:01 MSK 13.11.2023
020 123456/=о000=2131
 уйту01 бтул 122100
 22686 41398 80703 11047 21055 30125 40228 58004 70272 886// 333 85709=
 22695 42598 80905 11045 21063 30061 40218 58004 8555/=
 22996 42498 81302 11003 21003 39992 40180 58011 889// 333 86915=
 23220 41699 83005 11040 21058 30040 40185 52017 73683 8557/ 333 85636=
 23226 42560 83006 11041 21064 39959 40179 52020 8655/ 333 86625 91110=
 23305 42/// /3301 11059 21059 30231 40260 52012=
 23320 86/// /2203 11045 21046 30161 40236 52012=
 23324 42580 22703 11046 21060 30147 40226 51010 82500=
 23405 41/93 90000 11057 21061 30154 40258 52010 74544=
 23410 86/// /2503 11056 21066 30146 40246 52013=
 23411 42/// /3202 11069 21072 30161 40254 52012=
 23412 41499 63102 11061 21068 30150 40251 52013 70272 86700 333 84635=
 23416 NIL=
 23418 42665 83102 11047 21056 30173 40249 52012 885//
 333 88641=
 23503 42/// /1701 11091 21102 30206 40259 52015=
 23507 86/// /1101 11053 21053 39929 40250 52005=
 23509 NIL=
 23514 41497 80000 11054 21057 30050 40254 52010 72272 8561/ 333 85710=
 23518 42/// /0000 11115 21125 30157 40254 52012=
 23606 41114 80602 11070 21070 30079 40253 52008 71072 886// 333 88703=
 23704 86/// /0702 11017 21017 39554 49668 57012=
 23701 NIL=
 23707 81397 80703 11013 21016 30074 40209 57002 77177 8872/ 333 86709  93603=
 23708 42/// /0403 11019 21027 30073 40226 51003=
 23709 41997 70401 11020 21031 30037 40234 52007 77172 87070=
 23711 42498 80402 11032 21046 30068 40242 52012 889// 333 88915=
 23803 41497 80801 11009 21022 30046 40229 52003 77172 8802/ 333 88517=
 23804 41297 80802 11003 21007 30056 40203 58003 72272 886// 333 88704=
 23807 42/// /0902 11004 21004 30031 40194 58006=
 23808 86/// /1002 11001 21001 30044 40214 56004=
 23812 41496 80000 11014 21016 30068 40234 51009 78582 889//=
 23904 41257 81502 11003 21003 30041 40200 58006 71022 886// 333 88705=
 23905 41495 81402 11006 21007 39983 40214 57001 72842 886//=
 23909 41195 81602 11004 21006 39978 40226 52002 71022 886//=
 23912 41496 81702 11003 21006 30039 40234 52003 71072 886//=
 23913 41593 80000 11002 21016 30006 40238 52005 74474 885//=
 23914 81/93 91601 11005 21006 39973 40233 52002 74574 333 93401=
 28013 41396 81702 11006 21015 39996 40231 52003 75152 886//=
 28016 42/// /1802 11006 21006 30002 40230 54001=
 28029 41596 72003 11006 21008 30018 40241 52002 71022 83520=
 28116 42499 81802 11008 21011 30003 40237 52004 885//=
 28128 42599 81801 10001 21005 30090 40246 52002 885//=
 28134 42598 82001 11009 21013 39893 40250 54000 885//=
 28138 43/// /2303 11021 21024 39675 40254 52002=
 28216 41/93 91703 11013 21016 39941 40245 54001 74944=
 28222 42/// /2002 11001 21006 30052 40250 52002=
 28224 42470 81802 11005 21016 30036 40253 52002 886//=
 28234 42597 82003 11007 21022 39977 40261 55000 885//=
 28238 42599 82103 11005 21021 39950 40259 57002 885//=
 28313 42/// /1602 11005 21015 30051 40247 57002=
 28319 42598 81702 10003 21011 30085 40251 57004 885//=
 28321 42899 81802 11004 21013 30043 40250 54000 8802/=
 28324 42/// /1801 10009 21008 30129 40252 57005=
 28326 42598 71902 10006 21011 30067 40255 57004 87500=
 28413 42499 81202 10004 21019 30120 40244 58008 885//=
 28428 42599 81903 10013 21006 30073 40260 57005 885//=
 28429 42/// /2202 10005 21012 39848 40266 54001=
 22983 42484 81103 10005 21003 30057 40162 57015 889// 333 91005
 91105=
 27083 41438 81002 11005 21009 39931 40156 57023 77372 8802/ 333 91005
 91105=
 27097 42/// /1003 11008 21008 39901 40166 58024 333 91005 91107=
 27185 42/// /0902 10004 20000 39954 40139 57033 333 91006 91107=
 27199 41295 81104 10001 21001 39971 40170 57027 77372 8872/ 333 91008
 91108=
 27281 41458 81205 10004 20000 39912 40119 57031 77172 8872/ 333 91008
 91111=
 27283 41496 81206 10002 20002 39983 40140 57034 77176 8872/ 333 91008
 91109=
 27295 42/// /1104 10002 21006 39903 40157 58031 333 91009 91110=
 27296 41595 81304 10001 21008 39957 40177 57022 77172 8802/ 333 91008
 91109=
 27385 414// 81403 10020 20012 39997 40126 57033 76362 8872/ 333 91007
 91109=
 27393 41495 81305 10003 21001 30010 40182 57024 77172 886// 333 91008
 91109=
 27480 41496 81405 10020 20007 39986 40114 57023 78082 889// 333 91008
 91113=
 28007 41/92 91301 11008 21014 39931 40197 58014 77144 333 91001 91103
 96049=
 28009 41496 81001 11003 21015 30003 40217 57008 71022 885// 333 91003
 91104 93401=
 28105 42598 81401 10000 21006 39998 40193 58016 885// 333 91002
 91104=
 28202 42597 81603 11004 21013 39984 40209 57010 885// 333 91006
 91106=
 28302 41596 81404 11005 21010 39976 40208 57015 71022 886// 333 91007
 91107=
 28307 41496 81104 11001 21008 30033 40179 58023 77172 8802/ 333 91009
 91109=
 28402 41450 81204 10002 21012 30022 40204 57013 77022 8872/ 333 91007
 91107=
 28502 41597 81003 10005 21018 30100 40205 58015 72222 8257/ 333 91007
 91108=
 22550 82365 80802 11042 21042 30189 40199 57015 886// 333 88709=
 22778 41598 80904 10001 21015 30092 40162 57015 70282 885// 333
 88621=
 22889 42/// /0904 10004 20002 30085 40172 58011=
 22762 42497 80802 11019 21027 30124 40164 58016 885//=
 22638 46/// /0803 11042 21050 39911 40141 57019=
 22671 NIL=
 22456 41596 80000 11084 21087 30137 40229 58007 78582 889//=
 22583 42598 60000 11106 21119 30160 40246 52002 86500=
 22749 NIL=
 22951 42/// /0806 10003 20001 39803 40085 57021 333 91112=
 22887 41396 80802 10008 20003 30088 40159 57013 75155 886// 333
 88707=
 22876 42397 80806 10008 20008 30082 40155 58015 889// 333 88709
 91110=
 22481 42/// /0000 11062 21068 30195 40250 52002=
 22854 42/// /0704 11001 21001 39813 40102 57022 333 91010 91111=
 22781 NIL=
 22676 41498 71004 11040 21056 30127 40206 57008 70272 87500=
 22648 NIL=
 22559 42/// /0804 11039 21043 30187 40204 57015 333 91011 91111=
 22869 41298 80905 10004 21002 39975 40124 57019 70252 886// 333 85705
 91110=
 22768 41497 80805 10002 21004 30086 40137 57020 70272 885// 333 88616
 91110=
 22798 41496 80603 11009 21010 30087 40202 57004 78582 889//=
 22375 46/// /1101 11146 21161 30235 40252 52001=
 23207 NIL=
 23215 NIL=
 23219 NIL=
 27095 86/// /1203 11006 21029 39957 40212 58017=
 22408 42984 70502 11042 21047 30038 40192 57015 84035 333   93507=
 22511 41481 80403 11036 21043 30056 40180 57014 70272 886// 333  
 88710 93513=
 22529 42598 20805 11016 21036 30161 40168 57018 82500 333   91110=
 22602 42974 40705 11032 21051 39913 40143 57017 8403/ 333   91010
 91110=
 22621 83369 /0603 11028 21041 30005 40147 57022=
 22619 42598 80604 11018 21039 39965 40126 57017 885// 333   88624
 91112=
 22721 42497 80601 11020 21042 30018 40118 57020 887// 333   85713=
 22727 86470 /0302 10006 21007 30040 40088 57019=
 22717 83/59 /0404 11012 21383 39882 40081 57020 333   91110=
 22802 42498 80605 10009 21003 30039 40062 57016 889// 333   88914
 91111=
 22820 41398 80807 10014 20005 39938 40074 57020 70262 8751/ 333  
 87608 91011 91112 555   50011=
 22831 41296 80803 10007 21003 30025 40080 57020 76062 8872/ 333  
 88706 91110=
 22805 425// 80504 10019 20010 30024 40049 57018 885// 333   91011
 91112=
 22912 41384 80606 10033 20010 30017 40032 57020 70252 886// 333  
 88708 91011 91111=
 
