00:31:00 MSK 23.01.2023
020 123456/=о000=2131
 уйту01 бтул 222100
 22686 42998 81902 11098 21110 30293 40400 53003 8805/=
 22695 42498 82402 11092 21111 30219 40382 53001 887// 333 87710=
 22996 42/// /2001 11054 21054 30214 40410 52004=
 23220 41598 82505 11027 21035 30122 40267 52002 73632 885// 333 91111=
 23226 41460 82907 11028 21038 30049 40269 52008 77172 885// 333 
 88617 91010 91111 93603=
 23305 42/// /2304 11031 21052 30303 40332 57006=
 23320 86/// /2503 11028 21040 30247 40322 51011=
 23324 41477 82703 11027 21039 30230 40310 52008 70272 886// 333 88715
 93401=
 23405 42497 82402 11035 21056 30245 40349 58001
 885// 333 88614=
 23410 86/// /2303 11031 21044 30230 40330 52005=
 23411 42/// /2504 11036 21046 30242 40335 50001=
 23412 42599 82603 11031 21045 30233 40333 52006 8455/=
 23416 NIL=
 23418 42465 82603 11026 21045 30271 40347 52007 886//
 333 88712=
 23503 42/// /2502 11033 21062 30302 40354 50001=
 23507 86/// /2402 11062 21064 30045 40371 54000=
 23509 42/// /2202 11046 21058 30287 40369 52002=
 23514 41397 82502 11050 21057 30157 40362 52003 70272 886// 333 85708=
 23518 42/// /2702 11031 21043 30261 40356 52008=
 23606 42360 82602 11057 21072 30196 40377 52003 
 887// 333 86708=
 23704 86/// /2001 11101 21101 39926 40039 55004=
 23701 42/// /2302 11084 21092 30264 40402 52006=
 23707 81397 82602 11072 21080 30263 40403 52004 70242 886// 333 88708  93401=
 23708 42/// /2402 11084 21096 30248 40407 53005=
 23709 NIL=
 23711 41498 83101 11049 21064 30204 40381 52012 70282 8697/ 333 86913=
 23803 42599 83203 11069 21094 30209 40399 52004 889//=
 23804 81296 80000 11053 21059 30251 40404 52004 75652 886// 333 88705 934//=
 23807 42/// /2602 11046 21046 30240 40409 53006=
 23808 86/// /2901 11050 21059 30230 40406 52003=
 23812 41497 83002 11056 21069 30219 40390 52008 70282 889// 333 88915
 934//=
 23904 42478 82601 11048 21051 30247 40411 52004 885// 333 88612=
 23905 42599 82402 11048 21059 30165 40403 57001 885//=
 23909 42498 82402 11063 21074 30146 40404 52002 885//=
 23912 42/// /0000 11060 21066 30195 40397 53007=
 23913 42599 83101 11070 21090 30155 40397 53007 885//=
 23914 81498 82701 11063 21071 30126 40397 52005 70272 8552/=
 28013 41898 82402 11072 21090 30161 40406 53002 70272 8802/=
 28016 42/// /2502 11077 21105 30173 40413 52004=
 28029 41599 52102 11082 21097 30173 40406 52004=
 28116 41496 82401 11084 21102 30168 40413 52003 77172 8872/=
 28128 41596 82304 11086 21112 30251 40415 54000 77172 8802/=
 28134 42698 80000 11093 21121 30037 40411 57002 8652/=
 28138 43/// /2704 11110 21130 39794 40401 57010=
 28216 42999 02402 11143 21162 30105 40430 50002=
 28222 42/// /1801 11090 21130 30208 40416 57003=
 28224 41870 82601 11104 21148 30192 40421 57002 77172 8802/=
 28234 42898 82202 11096 21148 30118 40416 57005 8805/=
 28238 42599 82301 11096 21150 30087 40411 58008 885//=
 28313 42/// /0301 11211 21234 30227 40443 55000=
 28319 42999 00000 11181 21201 30262 40443 52001=
 28321 42899 22202 11161 21180 30208 40432 55003 82030=
 28324 42/// /0000 11213 21243 30303 40439 55001=
 28326 42998 30000 11186 21206 30226 40433 57003 80001=
 28413 42999 02001 11131 21159 30306 40439 55001=
 28428 42899 21901 11174 21199 30237 40442 58003 82030=
 28429 42/// /2402 11134 21158 39993 40440 57004=
 22983 41559 82601 11029 21033 30302 40412 52007 71022 885// 333 91002
 91102 93403=
 27083 42584 81901 11104 21123 30180 40419 52004 885// 333 91001
 91102=
 27097 42/// /2001 11185 21198 30143 40434 50002 333 91001 91103=
 27185 42/// /2201 11077 21100 30231 40427 52004 333 91003 91103=
 27199 42998 82601 11084 21110 30218 40429 52005 8807/ 333 91004
 91104=
 27281 42984 52102 11100 21110 30212 40435 52006 80001 333 91002
 91104=
 27283 42497 82901 11080 21104 30258 40424 52008 885// 333 91002
 91104=
 27295 42/// /2401 11088 21124 30167 40437 52007 333 91002 91103=
 27296 42597 82602 11084 21125 30195 40428 52007 885// 333 91003
 91103=
 27385 429// 82301 11070 21110 30299 40436 52008 8807/ 333 91001
 91103=
 27393 42998 62203 11099 21134 30257 40441 52005 80031 333 91004
 91106=
 27480 42598 82101 11066 21119 30304 40440 52006 885// 333 91002
 91103=
 28007 42499 60000 11126 21148 30147 40431 51006 86500 333 86616 91000
 91103=
 28009 41598 82301 11095 21129 30199 40423 52003 70282 885// 333 91002
 91103=
 28105 42998 50000 11199 21226 30217 40440 53008 85030 333 91000
 91102=
 28202 42997 80501 11156 21182 30193 40436 52002 8805/ 333 91002
 91103=
 28302 42997 82501 11125 21153 30187 40435 52002 8807/ 333 91002
 91102=
 28307 42498 80000 11103 21134 30284 40439 52002 885// 333 91000
 91102=
 28402 42984 82203 11094 21139 30243 40435 53001 83075 333 91004
 91106=
 28502 42997 82205 11098 21144 30331 40443 58004 80001 333 91006
 91107=
 22550 82970 62002 11085 21101 30364 40375 57005 86070=
 22778 41498 80000 11092 21104 30345 40419 52006 70252 8667/=
 22889 42/// /2902 11041 21048 30323 40414 52006=
 22762 42/// /1701 11107 21110 30372 40414 52002=
 22638 46/// /1901 11104 21116 30165 40407 52001=
 22671 42/// /2301 11104 21106 30303 40388 54001=
 22456 42/// /2202 11050 21061 30258 40350 57007=
 22583 42584 81901 11061 21077 30281 40365 57004 8657/=
 22749 NIL=
 22951 42/// /0701 11057 21061 30122 40419 52006=
 22887 42497 80000 11038 21046 30337 40411 52005 885// 333 
 85710=
 22876 42/// /3001 11051 21051 30340 40416 52007=
 22481 42/// /2105 11049 21050 30283 40338 58004=
 22854 42/// /2601 11064 21069 30113 40419 54000=
 22781 NIL=
 22676 NIL=
 22648 NIL=
 22559 42/// /2002 11104 21116 30368 40385 58002=
 22869 42/// /0000 11026 21030 30260 40415 52006=
 22768 41396 83101 11070 21079 30362 40415 52004 71072 886// 333
 88709=
 22798 42/// /0000 11108 21114 30287 40409 52002=
 22375 46/// /2606 11027 30301 40317 57003 333 91113=
 23207 NIL=
 23215 NIL=
 23219 NIL=
 27095 86/// /0000 11114 21120 30188 40435 50004=
 22408 41959 01301 11117 21128 30195 40356 57006 71000=
 22511 42984 21401 11095 21107 30232 40361 57005 80005=
 22529 42598 22202 11080 21094 30364 40371 57004 82500=
 22602 42373 82102 11078 21084 30143 40382 57004 886// 333   88709
 93501=
 22621 83270 /1903 11090 21101 30242 40391 57003=
 22619 42498 20000 11112 21124 30223 40395 57003 82500=
 22721 42297 81501 11085 21093 30303 40408 57001 886// 333   88704=
 22727 86/10 /1802 11074 21082 30363 40414 57002=
 22717 83/66 /0000 11105 21117 30206 40414 57002=
 22802 41396 81301 11052 21059 30385 40410 57003 71022 886//=
 22820 41196 80000 11078 21090 30269 40415 57001 71022 886// 333  
 88702 555   51062 93510=
 22831 42297 81401 11098 21110 30363 40422 52002 886// 333   88703=
 22805 425// 80901 11048 21050 30393 40414 54000 885//=
 22912 42984 80601 11088 21099 30401 40417 52002 8807/=
 
