18:31:00 MSK 23.03.2023
020 123456/=о000=1531
 уйту01 бтул 231500
 22686 11396 81703 10004 20000 39799 49897 57019 60052 77172 8872/ 333 10006 84708 555 51023 53006=
 22695 11496 82103 10001 21012 39738 49888 57022 60052 77072 8772/ 333
 10005 87710 555 51027 53006=
 22996 12598 82105 10060 21009 39815 49999 57016 69952 8597/ 333 10060
 91012 91113 555 50003 53013=
 23220 11495 81904 11084 21095 39789 49932 52002 60022 77387 887// 333 11067 555 51084 53013=
 23226 11438 82306 11095 21107 39708 49927 53005 60022 78587 8695/ 333 
 11084 86911 91112 92980 555 51090 53013=
 23305 12999 63602 11054 21106 39908 49936 57006 60002 84035 333 11033
 555 51072 53006=
 23320 76/// /0000 11064 21091 39876 49950 57005 333 60002 555 51071 53012=
 23324 12982 22602 11095 21114 39872 49951 52002 69932 82040 333 11049
 555 51079 53011=
 23405 11950 80103 11041 21053 39833 49933 57011 69932
 77172 8802/ 333 11027 555 51051 53006=
 23410 76/// /1601 11058 21079 39840 49938 57012 333 60002=
 23411 11498 83301 11052 21060 39845 49935 57012 69932 77172
 8472/ 333 11033 555 51079 53009=
 23412 12999 81901 11054 21081 39839 49936 57013 69902 8805/ 333 11034 555 51082 53008=
 23416 NIL=
 23418 11519 80000 11032 21046 39860 49934 57030 60022
 78582 8595/ 333 11024 85922 555 51066 53007=
 23503 11497 80502 11030 21045 39875 49925 56018 60012 77172 8352/ 333 11016 555 51071 53007=
 23507 86/// /1201 11018 21019 39604 49911 57019 333 11012 555 51049 53006=
 23509 11496 81601 11006 21014 39842 49919 56022 60022 77172
 8652/ 333 11003 86614 555 53006=
 23514 11597 82101 11018 21020 39731 49926 57022 60032 77172 8557/ 333 11016 85624 555 51057 53007=
 23518 11496 82105 11013 21015 39844 49934 58028 60032 77372 8872/ 333
 11012 85712 555 51059 53009=
 23606 11324 82202 11002 21008 39760 49929 57021
 60032 77372 8872/ 333 11002 86709 555 51036 53008=
 23701 11339 82004 10002 21000 39795 49922 57024 60042 77372 8872/ 333
 10004 86708 555 51031 53009=
 23704 76/// /2103 10004 20004 39926 40039 55004 333 60002=
 23707 61397 82205 10018 20014 39804 49933 57021 60042 76176 8872/ 333 10018 86709 555 51015 53009 =
 23708 11437 82005 10003 21005 39802 49949 57023 60022 77372 8872/ 333
 10008 87710 91110 555 51022 53012=
 23709 11395 81903 10003 21006 39771 49960 57021 60042 78582 889// 333
 10008 85708 91110 555 51015 53010=
 23711 11495 82004 10001 21004 39786 49953 57021 60022 78582 889// 333 10002 88915 555 51023 53010=
 23803 11597 82208 10017 21007 39799 49976 57022 60022 78082 889// 333 10030 88922 91011 91112 555 51012 53012=
 23804 11496 82105 10034 20015 39808 49950 57022 60022 78082 8695/ 333 10034 86911 555 51007 53010=
 23807 11496 82208 10047 20008 39815 49972 57020 69942 78082 8695/ 333
 10047 85916 91013 91113 555 51005 53013=
 23808 66/// /1808 10030 20003 39821 49986 56019 60002 333 10033 91112=
 23812 11596 82104 10002 21006 39829 49990 57015 69932 78582 889// 333
 10031 91112 555 51014 53013=
 23904 11659 81904 10046 21001 39852 40005 58013 69902 76062 8552/ 333
 10049 85642 91111 555 51002 53013=
 23905 11598 82105 10029 20000 39793 40016 57012 69932 72582 889// 333
 10040 91113 555 53013=
 23909 11598 82205 10035 21023 39789 40030 57007 69902 72582 8437/ 333
 10045 91012 91115=
 23912 11497 82206 10018 21009 39841 40030 55007 69912 76876 8802/ 333
 10040 91010 91115 555 53015=
 23913 12599 82102 10032 21068 39809 40034 56017 60002 889// 333 10038
 555 53010=
 23914 11597 82306 10016 21010 39784 40038 57007 69902 78582 8692/ 333
 10038 91011 91114=
 28013 12598 82105 10039 21041 39812 40039 57009 60002 889// 333 10047
 91114 555 53014=
 28016 12599 72104 10044 21023 39830 40051 57011 60002 87500 333 10053
 91112 555 53014=
 28029 12899 82206 10041 21035 39847 40063 57013 60002 8802/ 333 10047
 91010 91114 555 53014=
 28116 12899 72204 10040 21033 39846 40073 57008 60002 86076 333 10057
 91112=
 28128 12599 82310 10038 21022 39936 40087 57006 60002 82531 333 10045
 91013 91114 555 53014=
 28134 12698 82103 10039 21056 39740 40085 57011 60002 82575 333 10051
 91110 555 53010=
 28138 12999 82104 10012 21068 39535 40098 57012 60002 80001 333 10029
 91113=
 28216 12699 72306 10033 21031 39809 40104 56005 60002 82401 333 10060
 91010 91115 555 53015=
 28222 12998 82104 10046 21045 39905 40097 56009 60002 80001 333 10062
 91112 555 53012=
 28224 12670 72205 10042 21031 39900 40110 57006 60002 87500 333 10064
 91010 91112=
 28234 12898 22004 10032 21061 39834 40110 57011 60002 82070 333 10059
 91112 555 53012=
 28238 12899 62204 10030 21057 39817 40117 56012 60002 82021 333 10051
 91114 555 53015=
 28313 12598 72204 10039 21027 39930 40120 55001 60002 87500 333 10064
 91112 555 53012=
 28319 12599 72305 10042 21020 39976 40138 57006 60002 87500 333 10065
 91112=
 28321 12899 72307 10041 21021 39915 40116 56005 60002 87070 333 10066
 91012 91114=
 28324 12699 82403 10044 21032 30013 40132 57005 60002 885// 333 10071
 91113 555 53013=
 28326 12598 52205 10040 21036 39941 40126 57011 60002 82530 333 10064
 91112 555 53012=
 28413 12599 72204 10049 21027 30020 40141 56010 60002 86550 333 10069
 91112 555 53012=
 28428 12598 82004 10036 21034 39969 40153 56012 60002 85531 333 10059
 91111 555 53011=
 28429 12998 62204 10021 21040 39744 40155 57010 60002 80001 333 10050
 91111 555 53012=
 22983 11475 82305 10057 20010 39878 49980 57009 69902 78082 889// 333
 10067 91010 91113 555 50009 53013=
 27083 12999 82006 10059 21021 39792 40007 57015 69902 8807/ 333 10061
 91010 91111 555 50004 53011=
 27097 12598 81805 10052 21016 39781 40037 57012 60002 8657/ 333 10060
 91010 91112 555 50003 53012=
 27185 12698 81803 10060 21023 39874 40054 58012 60002 885// 333 10080
 91008 91109 555 50021 53011=
 27199 12998 72103 10046 21020 39879 40073 57005 60002 86081 333 10057
 91006 91109 555 50009 53011=
 27281 12982 81904 10066 21022 39864 40066 57009 60002 87075 333 10073
 91006 91112 555 50022 53013=
 27283 12498 72104 10056 21024 39923 40078 57007 60002 87500 333 10071
 91007 91109 555 50019 53010=
 27295 12997 61903 10042 21029 39846 40093 54000 60002 82071 333 10056
 91007 91113 555 50002 53013=
 27296 12998 62103 10041 21032 39876 40091 54000 60002 80009 333 10056
 91006 91111 555 50009 53013=
 27385 129// 62104 10046 21009 39977 40104 57001 60002 83031 333 10061
 91006 91110 555 50011 53013=
 27393 12998 62206 10038 21021 39945 40114 57003 60002 82031 333 10046
 91009 91114 555 50007 53014=
 27480 12598 82001 10049 21001 39986 40112 57004 60002 81531 333 10076
 91003 91109 555 50015 53011=
 28007 12599 82004 10044 21033 39794 40051 56008 60002 8555/ 333 10051
 91008 91112 555 50001 53013=
 28009 12598 82106 10043 21038 39855 40061 57004 60002 8657/ 333 10050
 91011 91112 555 51005 53013=
 28105 12998 72004 10041 21035 39878 40074 54000 60002 86071 333 10058
 91006 91111 555 50004 53015=
 28202 12982 82404 10028 21031 39873 40092 57003 60002 82034 333 10050
 91007 91113 555 51000 53015=
 28302 12998 82103 10035 21032 39883 40109 56006 60002 80001 333 10047
 91006 91112 555 50003 53012=
 28307 12998 81802 10035 21023 39978 40121 56007 60002 80001 333 10058
 91003 91107 555 50007 53008=
 28402 12998 82106 10033 21018 39950 40127 57009 60002 82079 333 10049
 91010 91114 555 50012 53014=
 28502 12598 82006 10026 21012 30043 40146 57010 60002 82571 333 10045
 91007 91111 555 50009 53011=
 22550 11494 80504 11045 21053 39885 49895 52002 60082 77573 8872/ 333
 11027 88712 555 51044 53011=
 22778 11498 82304 10037 20022 39854 49922 57006 60102 70282 8657/ 333
 10037 555 51001 53009=
 22889 11496 82205 10049 20015 39884 49968 56011 69902 76162 8872/ 333
 10058 88513 91112 555 50005 53012=
 22762 11597 72203 10041 20036 39856 49894 55002 60072 70262 85570 333
 10042 91110 555 50002 53010=
 22638 46/// /2303 10026 20014 39653 49872 52016=
 22671 11294 80404 11023 21023 39803 49881 56012 60092 78682 889// 333
 10007 86704 555 51034 53008=
 22456 11496 80802 11062 21100 39836 49925 54000 60012 77172 8672/ 333
 11029 555 51082 53008=
 22583 11496 80302 11042 21053 39832 49913 57012 60042 77177 8872/
 333 11018 555 51044 53006=
 22749 NIL=
 22951 11498 72503 10043 20021 39687 49961 53004 60032 70262 87700 333
 10043 555 50010 53011=
 22887 11597 81604 10050 20028 39890 49958 57010 69952 76166 
 8802/ 333 10056 88527 91110 555 50011 53011=
 22876 11597 82306 10048 20030 39875 49947 54000 60022 70282 889// 333
 10049 88924 91011 91112 555 50007 53013=
 22481 12998 70301 11048 21152 39882 49935 56008 60002 87030 333 11028
 555 51056 53006=
 22854 12898 72104 10034 20022 39655 49936 53008 60052 87030 333 10036
 91113 555 50004 53014=
 22781 NIL=
 22676 11496 82002 10011 20003 39805 49881 57018 60072 76876 8872/ 333 10013 555 51015 53006=
 22648 NIL=
 22559 11494 80604 11042 21049 39875 49892 55001 60102 77572 8872/ 333
 11022 88714 91110 555 51034 53010=
 22869 11497 82304 10043 20026 39822 49967 53007 69972 78082 8797/ 333
 10053 86917 91110 555 50007 53011=
 22768 11497 72205 10041 20026 39871 49919 52002 60032 70282 87900 333
 10043 85911 91114 555 50009 53014=
 22798 11496 82104 10028 20021 39823 49933 57017 60062 76176 8872/ 333
 10028 555 51017 53009=
 22375 46/// /0103 11085 39930 49945 57001=
 23207 12599 72302 11069 21142 39907 49930 57001 60002 83541 333 11031
 555 51061 53009=
 23215 NIL=
 23219 NIL=
 27095 76/// /1905 10053 21010 39817 40040 57012 333 60002 91111 555 51003 53011=
 22408 21335 80303 11068 21092 39786 49937 52015 77373 8872/ 333  
 60042 88509=
 22511 21221 80504 11050 21071 39795 49917 52015 77373 8872/ 333  
 60082 91113 92980=
 22529 21466 80403 11035 21046 39888 49895 52015 77173 8872/ 333  
 60072 88518 92980=
 22602 21358 80603 11041 21046 39665 49890 52016 77172 8872/ 333  
 60112 88508=
 22621 73/32 /0302 11033 21041 39750 49889 52020 333   60092=
 22619 21350 80102 11010 21017 39719 49876 52019 77787 886// 333  
 60072 88707=
 22721 22598 82701 10037 20017 39787 49882 52014 889// 333   60082
 86623=
 22727 76570 /2205 10046 20006 39858 49904 52004 333   60022 91011
 91112=
 22717 73/64 /2203 10035 20012 39714 49902 52005 333   60042 91112=
 22802 22599 72303 10052 20009 39887 49910 52002 87500 333   69932
 87632=
 22820 22570 82405 10046 20008 39781 49913 52003 885// 333   60012
 88626 91112=
 22831 22698 72503 10048 20007 39869 49923 52006 87900 333   60032
 87934=
 22805 22598 62605 10028 20009 39905 49924 52003 86500 333   69912
 91110=
 22912 22599 22305 10061 20008 39924 49939 52001 81531 333   69902
 91112=
 
