09:31:00 MSK 10.03.2023
020 123456/=о000=0631
 унту01 бтул 100600
 22686 41998 12301 11115 21141 39880 49983 52021 70171 80001 333 21145=
 22695 42/// /2502 11106 21139 39810 49967 52021 333 21107=
 22996 42998 71901 11054 21092 39804 49992 52014 82038 333 21082=
 23220 41599 60804 11078 21121 39760 49903 53001 70273 83531 333 91111=
 23226 41925 81611 11093 21109 39678 49897 57006 73873 8807/ 333
 91015 91116 92980=
 23305 41465 72405 11093 21112 39894 49923 52032 78583 87300 333 21093
 87917 91110=
 23320 66/// /2307 11047 21070 39830 49902 52013 60002 333 21073 91014 91114=
 23324 41582 82205 11045 21075 39819 49896 53010 73687 8297/ 333 91010=
 23405 41773 62602 11088 21117 39838 49939 52029
 70273 82101 333 21090 91110=
 23410 66/// /2107 11057 21077 39805 49901 52024 60002 333 21076 91111=
 23411 41497 82405 11065 21076 39824 49913 53032 77173 8772/=
 23412 41396 82505 11057 21075 39808 49905 52026 77172 8577/ 333 85709=
 23416 NIL=
 23418 41565 62106 11044 21087 39859 49933 52024 73673
 86500 333 86623 91010 91110=
 23501 NIL=
 23503 42598 62802 11066 21107 39892 49942 52027 83930 333 21066=
 23507 86/// /2804 11082 21105 39639 49954 52022 333 21086=
 23509 41998 52303 11047 21088 39875 49953 52021 70272 82033 333 21061=
 23514 41497 82403 11055 21083 39750 49948 52024 78583 8695/ 333 21062 86918 91113=
 23518 42698 82405 11041 21080 39862 49954 52017 889// 333 85/42
 91112 555 53014=
 23606 42662 22402 11048 21084 39786 49959 52017 
 82500 333 21062=
 23701 41964 62402 11075 21086 39846 49978 52019 77072 87070 333 21114=
 23704 66/// /2901 11051 21057 39926 40039 55004 60002 333 21056=
 23707 81498 72002 11048 21061 39840 49973 52017 72682 87900 333 21056 85618=
 23708 42598 52203 11044 21071 39829 49979 52013 83939 333 21080=
 23709 42498 62203 11041 21079 39791 49984 52015 85530 333 21076 85618=
 23711 41598 72201 11038 21067 39807 49977 52014 70282 85940 333 21066 85920=
 23803 42999 22402 11043 21094 39814 49995 53012 80005 333 21067=
 23804 81597 81801 11054 21073 39834 49981 52016 70271 8697/ 333 21087 86821=
 23807 42997 32403 11050 21071 39825 49988 52013 81039 333 21092=
 23808 86/// /2104 11047 21080 39823 49992 52011 333 21104=
 23812 NIL=
 23904 42970 81201 11057 21072 39838 49997 52009 80005 333 21157=
 23905 42999 02303 11032 21068 39768 49995 52008 333 21063=
 23909 41598 82102 11027 21051 39754 49999 52003 70282 85352=
 23912 41598 71701 11026 21036 39811 40003 52008 72687 84909=
 23913 41596 80101 11014 21033 39775 40003 52004 77172 8872/=
 23914 81496 82701 11028 21038 39748 40005 52010 77187 8802/=
 28013 41895 82701 11027 21042 39774 40005 52006 77372 8802/=
 28016 41895 80201 11024 21030 39782 40009 53007 77372 8802/ 333
 21031=
 28029 41495 82202 10003 20000 39782 49998 57001 77187 8802/=
 28116 41495 80502 11013 21018 39771 40000 52005 77387 8872/=
 28128 41598 82001 10006 20004 39852 40004 52001 77172 8802/=
 28134 41497 82002 10005 21001 39663 40010 52005 77172 8672/ 333
 21001=
 28138 41595 82005 11001 21006 39460 40021 57003 78682 883// 333
 91112=
 28216 41597 82005 10009 20002 39711 40004 52010 77176 8872/ 333
 91111=
 28222 41496 81903 10011 20008 39820 40012 52005 75075 886//=
 28224 41560 81904 10021 20010 39806 40016 52011 78087 889// 333
 91112=
 28234 41596 82006 10018 20002 39754 40028 53002 76076 885// 333 91011
 91114=
 28238 41498 82107 10020 20004 39739 40038 55004 76176 8802/ 333
 91112=
 28313 41496 81904 10021 20009 39823 40012 52008 76376 8872/ 333
 91110=
 28319 41496 82004 10029 20021 39869 40029 58006 75176 886// 333
 91111=
 28321 41597 81904 10018 20011 39817 40017 53006 76176 8802/ 333
 91111=
 28324 41496 81905 10031 20009 39909 40028 52003 75165 8662/ 333
 91111=
 28326 41597 82105 10031 20015 39854 40037 52004 71076 8802/ 333
 91112=
 28413 41497 81904 10031 20013 39907 40028 52005 75152 886// 333
 91112=
 28428 41597 82006 10024 20004 39874 40057 50000 78087 889// 333
 91113=
 28429 41496 82105 10015 20011 39659 40067 50003 75352 886// 333 91010
 91113=
 22983 42598 82502 11062 21073 39882 49988 52013 8653/ 333 91003
 91103=
 27083 42699 62501 11073 21105 39768 49994 52013 82539 333 21123 91001
 91101=
 27097 42598 80000 11058 21061 39736 40001 52011 8257/ 333 21101 91000
 91102=
 27185 41996 80000 11062 21069 39813 40000 51008 71022 8801/ 333 21091
 91000 91101=
 27199 41998 80901 11022 21037 39800 49998 52007 70272 8807/ 333 21031
 91002 91102=
 27281 41942 80101 11052 21058 39786 49996 52004 72822 88050 333 21074
 91001 91101=
 27283 41598 83401 11036 21045 39840 40000 52005 70272 8557/ 333 21047
 91002 91103=
 27295 41568 80000 11018 21028 39742 49992 52006 77172 8802/ 333 91000
 91100=
 27296 41565 80000 11008 21023 39774 49991 52006 70282 889// 333 21027
 91000 91100=
 27385 414// 80301 11010 21018 39853 49981 57006 77172 8872/ 333 21024
 91002 91102=
 27393 41495 80602 11007 21012 39823 49992 52001 77372 8777/ 333 91003
 91104=
 27480 41420 80402 11005 21012 39852 49979 57011 77387 8802/ 333 91003
 91103=
 28007 41599 82201 11034 21048 39740 40003 52009 70272 8152/ 333 21043
 91001 91102=
 28009 41458 80000 11020 21038 39795 40005 52006 78582 889// 333 91001
 91102=
 28105 41598 80501 11022 21037 39801 40000 52009 72272 885// 333 21034
 91001 91102=
 28202 41575 80501 11008 21027 39774 49994 53007 70272 8802/ 333 91001
 91102=
 28302 41595 80000 10005 21001 39765 49991 52006 77372 8802/ 333 91000
 91104=
 28307 41494 80000 10007 21005 39841 49984 57001 78682 889// 333 91000
 91106=
 28402 41557 81904 10018 20012 39816 49992 54000 76176 8662/ 333 91006
 91109=
 28502 41598 81604 10029 20013 39899 40001 57005 70262 8257/ 333 91006
 91111=
 22550 82697 71301 11162 21184 39945 49956 52011 87500 333 21210
 87641=
 22778 41998 12902 11123 21142 39930 40002 52022 70281 81030=
 22889 42498 83002 11052 21063 39900 49987 52016 8653/ 333 86618=
 22762 42997 02201 11133 21148 39952 49993 53010 333 21198=
 22638 46/// /2401 11156 21175 39750 49987 52012=
 22671 41998 02002 11158 21170 39889 49972 52014 77670 333 21224=
 22456 42997 22001 11161 21177 39846 49938 52010 80001=
 22583 41998 22301 11113 21142 39875 49958 52020 70277 82070 333 21150=
 22749 42998 22402 11140 21161 39875 40006 51013 82030=
 22951 42998 02701 11121 21138 39732 40025 52012 333 21166=
 22887 41596 83203 11068 21084 39927 49998 52038 78582 8595/ 333 
 21068 85928=
 22876 41495 83002 11078 21097 39926 40000 52025 78682 889// 333 21080
 88917=
 22481 41998 42005 11142 21159 39883 49939 52020 73683 81031 333
 21144=
 22854 42898 22302 11139 21159 39714 40016 52012 82031 333 21181=
 22781 NIL=
 22676 42998 00901 11167 21191 39900 49982 52014 333 21222=
 22648 42698 61802 11159 21169 39941 49990 52012 82531=
 22559 42698 32002 11174 21195 39949 49966 53010 82801 333 21195=
 22869 41597 42301 11090 21119 39863 40016 52019 70171 83530 333
 21102=
 22768 42997 11803 11127 21145 39950 40002 52014 80001 333 21185=
 22798 41497 80000 11055 21076 39867 49981 52024 78582 889// 333
 21057=
 22375 46/// /2404 11113 39897 49913 52015=
 23207 41599 82403 11118 21146 39882 49906 52027 70282 82535 333
 91110=
 23215 41997 82206 11087 21104 39780 49871 52013 77172 8807/=
 23219 NIL=
 27095 66/// /1401 11071 21071 39778 40012 52012 60002 333 21112=
 22408 12999 82202 11122 21141 39781 49936 52007 60002 80035 333  
 21228 47057 93500=
 22511 12998 32002 11112 21141 39820 49945 52007 60002 80001 333  
 21153 47047=
 22529 12599 52303 11120 21155 39947 49954 52010 60002 82532 333  
 21149 48036=
 22602 12476 72404 11112 21132 39739 49972 52008 60002 86530 333  
 21138 47057 86615=
 22621 12998 42103 11150 21169 39827 49974 52010 60002 82031 333  
 21170 47066=
 22619 12482 32505 11119 21146 39812 49977 52008 60002 83500 333  
 21139 47055=
 22721 12997 22901 11147 21169 39891 49994 52011 60002 80005 333  
 21170 47083=
 22727 12970 01301 11150 21173 39967 40018 52014 60002 333   21216
 48050=
 22717 12998 02403 11144 21177 39821 40025 52015 60002 333   21164
 47081=
 22802 62999 00000 11207 21230 30004 40029 52009 60002 333   21268
 47062=
 22820 12970 02505 11112 21162 39875 40017 52010 60002 333   21139
 47039=
 22831 12998 50000 11186 21209 39962 40021 52014 60002 85030 333  
 21238 47084=
 22805 12998 02404 11072 21105 30002 40022 51004 60002 333   21099
 48029=
 22912 12999 01301 11205 21230 30023 40039 52012 60002 333   21281
 47049=
 
