03:31:00 MSK 30.08.2023
020 123456/=о000=0031
 унту01 бтул 300000
 22686 81998 80000 10036 20035 30029 40127 58002 71122 82031 555 11004=
 22695 42998 80000 10066 20048 39967 40117 56001 8805/ 555 10008=
 22996 82/// /0000 10049 20049 39945 40128 57003 555 1/005=
 23220 43/// /0101 10061 20055 30011 40150 52005 555 1/007=
 23226 42960 80501 10056 20047 39940 40152 54000 8805/ 555 10006=
 23305 42/// /1202 10113 20081 30107 40133 54001 555 1/010=
 23320 86/// /0701 10011 20004 30071 40144 54000=
 23324 41909 10402 10018 20016 30071 40148 54000 74640 81070 555 11002=
 23405 41996 81202 10104 20084 30033 40129 57003 76062 
 8802/ 555 11011=
 23410 86/// /0302 10080 20060 30043 40137 54001 555 53005=
 23411 42/// /3602 10098 20090 30049 40135 57002 555 1/010=
 23412 42999 80603 10086 20068 30043 40137 53001 8805/ 555 11008=
 23416 NIL=
 23418 42965 73401 10079 20073 30059 40131 57001 87030
 555 11008=
 23503 42/// /0000 10084 20076 30085 40134 54001 555 1/010=
 23507 86/// /1301 10084 20084 39827 40128 54001=
 23509 NIL=
 23514 42697 80101 10067 20067 39939 40131 57004 885// 333 88647 555 10008=
 23518 42/// /0401 10062 20057 30038 40128 54001 555 1/007=
 23606 42960 60000 10072 20072 39966 40128 57004 86030 555 11010=
 23612 NIL=
 23701 42/// /0000 10088 20082 30007 40133 54001 555 1/010=
 23704 86/// /0000 10080 20080 39612 49722 56063 555 53002=
 23707 81998 60000 10072 20069 39999 40129 57001 71110 86030 555 11008=
 23708 42/// /3401 10046 20035 39984 40131 55001 555 1/005=
 23709 82998 22101 10024 20011 39939 40131 57004 82030 555 11004=
 23711 42998 53201 10079 20062 39956 40120 52001 80070 555 11008=
 23803 42999 20301 10068 20030 39948 40124 58005 82030 555 11005=
 23804 82997 60000 10032 20031 39987 40131 54000 82035 555 11006=
 23807 42/// /0000 10042 20042 39974 40134 54000 555 1/004=
 23808 NIL=
 23812 42997 20000 10017 20012 39954 40116 57002 80002 555 11003=
 23904 42966 60000 10011 20011 39977 40134 52001 83071 555 11004=
 23905 82999 03201 10032 20029 39896 40121 57006 555 11003=
 23909 82998 23502 10064 20055 39869 40109 57006 80001=
 23912 82598 20101 10053 20048 39909 40097 57005 82500 555 10005=
 23913 82599 60000 10030 20030 39863 40090 57008 86900 555 10004=
 23914 82498 33301 10071 20055 39843 40093 57005 82504=
 27095 NIL=
 28013 82998 03203 10066 20048 39874 40099 57004 555 10005=
 28016 82/// /3303 10066 20061 39882 40101 57005 555 1/006=
 28029 82899 13601 10078 20053 39857 40069 57007 81040 555 11007=
 28116 82999 03402 10060 20052 39866 40091 57005=
 28128 82999 13603 10107 20067 39919 40066 57006 80001 555 11008=
 28134 82998 80000 10068 20055 39715 40055 57008 80001 555 11005=
 28138 43/// /0106 10097 20063 39482 40024 57008 333 91012 91113=
 28216 82699 23402 10072 20062 39789 40078 56005 82500 555 11006=
 28222 42/// /3601 10093 20064 39871 40058 57005 555 1/007=
 28224 82670 70103 10115 20072 39845 40048 57006 84530=
 28234 82598 83502 10102 20065 39763 40029 57006 885// 555 11011=
 28238 82599 80206 10117 20070 39721 40009 57007 885// 333 91010 91112
 555 11010=
 28313 42/// /3502 10083 20065 39886 40072 56004 555 1/007=
 28319 82999 03502 10096 20068 39903 40060 57005=
 28321 82999 03504 10094 20067 39862 40058 55005=
 28324 42/// /0104 10111 20063 39934 40049 57005 555 1/008=
 28326 81597 83601 10105 20077 39848 40026 57004 76062 8802/ 555
 11010=
 28413 82999 03303 10098 20066 39948 40066 55001 555 10009=
 28428 82599 53505 10109 20063 39846 40022 57008 83501 333 91111 555
 11008=
 28429 42/// /3404 10096 20075 39611 40004 57007 333 91110 555 1/009=
 22983 42984 80000 10048 20047 30031 40135 57005 86035 333 91000 91102
 555 11006=
 27083 42984 60000 10042 20040 39913 40133 57003 80009 333 91000 91101
 555 10006=
 27097 42/// /3101 10058 20058 39878 40135 56003 333 91001 91102 555
 1/006=
 27185 42/// /0000 10046 20045 39957 40139 57003 333 91000 91101 555
 1/007=
 27199 42998 20000 10074 20064 39937 40130 57001 80001 333 91002 91104
 555 10006=
 27281 42984 83101 10066 20060 39938 40141 54000 8805/ 333 91001 91102
 555 10008=
 27283 42997 33602 10054 20053 39981 40134 58002 80001 333 91002 91102
 555 10006=
 27295 42/// /3202 10072 20054 39886 40133 55001 333 91004 91104 555
 1/006=
 27296 42997 53301 10048 20035 39913 40128 57001 82031 333 91001 91102
 555 10005=
 27385 419// 50000 10039 20035 30008 40136 54000 71111 82031 333 91000
 91101 555 11005=
 27393 42598 20000 10088 20056 39957 40123 53001 81540 333 91001 91104
 555 10005=
 27480 41598 80000 10059 20059 30014 40140 52001 71122 82501 333 91000
 91101 555 10007=
 28007 42999 63302 10073 20047 39870 40126 55003 80001 333 91003 91104
 555 10006=
 28009 42998 30000 10037 20026 39912 40120 57004 80001 333 91001 91102
 555 11004=
 28105 42998 22501 10040 20032 39932 40123 58002 82040 333 91001 91102
 555 10005=
 28202 42997 33401 10070 20051 39893 40109 57001 82031 333 91002 91104
 555 10006=
 28302 42997 00101 10074 20054 39884 40107 54000 333 91002 91104 555
 11006=
 28307 42998 22902 10080 20055 39976 40117 52002 80001 333 91004 91104
 555 10006=
 28402 41982 22501 10063 20057 39931 40106 54000 71100 81031 333 91002
 91102 555 11006=
 28502 42997 22502 10088 20058 39999 40100 52001 80001 333 91003 91105
 555 10007=
 22550 82572 21402 10109 20106 30086 40096 52005 81530 555 11010=
 22778 42998 81401 10086 20074 30057 40125 52002 8805/ 555 10010=
 22889 42/// /0801 10041 20041 30049 40135 58005 555 1/006=
 22762 NIL=
 22638 46/// /2301 10124 20110 39894 40111 52007=
 22671 42/// /2001 10111 20089 30029 40105 54001 555 1/011=
 22456 41597 71901 10116 20115 30003 40087 52002 78082 85970 555
 11011=
 22583 42998 50000 10035 20032 30038 40118 57002 82071 
 555 11005=
 22749 42/// /2101 10062 20061 30004 40127 52004 555 1/006=
 22951 42/// /2702 10115 20110 39870 40141 52003 555 1/012=
 22887 41996 71201 10069 20067 30060 40128 56001 71022 85031
 555 11008=
 22876 42997 21901 10043 20043 30059 40130 54001 82030 555 10006=
 22481 42/// /1102 10072 20057 30050 40102 57004 555 1/007=
 22854 42/// /2502 10110 20108 39855 40134 52003 555 1/012=
 22781 NIL=
 22676 42698 71601 10083 20071 30038 40114 54000 84540 555 11009=
 22648 42498 71301 10116 20114 30070 40114 52007 85930 555 10009=
 22559 NIL=
 22869 42698 80000 10099 20092 39992 40136 54001 885// 333 88649 555
 11011=
 22768 42597 81902 10122 20097 30070 40118 52002 885// 333 88626 555
 10013=
 22798 42997 80000 10048 20047 30025 40136 53003 8805/ 555 10008=
 22375 46/// /1703 10093 20074 30075 40090 57003=
 23207 NIL=
 23215 NIL=
 23219 NIL=
 22408 42984 22401 10111 20103 39942 40086 52016 82030 555   11008=
 22511 42981 22302 10129 20111 39974 40090 52016 82030 555   11011=
 22529 42598 82302 10137 20116 30085 40091 52009 885// 333   88627
 555   12011=
 22602 42976 02501 10105 20099 39885 40102 52012 555   11007=
 22621 83/67 /2002 10107 20102 39970 40105 52009 555   1////=
 22619 42498 62503 10140 20115 39952 40103 52008 86500 555   11011=
 22721 42997 03102 10116 20102 30018 40113 52005 555   11010=
 22727 86/64 /1501 10118 20115 30080 40126 52007 555   1////=
 22717 83/68 /2302 10123 20120 39934 40124 52005 555   1////=
 22802 41998 70000 10111 20108 30101 40124 52007 71211 80004 555  
 11011=
 22820 42998 02302 10129 20120 39996 40127 52006 555   11010=
 22831 41996 00000 10068 20062 30077 40131 52005 71000 555   11007=
 22805 429// 22501 10157 20148 30103 40127 52005 81031 555   11013=
 22912 42984 31101 10074 20069 30119 40134 52006 83030 555   11010=
 
