03:31:00 MSK 05.08.2023
020 123456/=о000=0031
 унту01 бтул 050000
 22686 81998 02001 10149 20145 39993 40087 57004 71100 555 10016=
 22695 42998 00903 10170 20146 39940 40083 56002 555 10017=
 22996 82/// /1801 10172 20172 39937 40111 53004 555 1/017=
 23220 43/// /0604 10180 20145 30046 40179 54000 555 1/017=
 23226 42960 23502 10168 20136 39981 40185 52001 82030 555 10016=
 23305 42/// /1501 10175 20154 30102 40128 55000 555 1/016=
 23320 86/// /1202 10179 20152 30087 40155 54001=
 23324 42977 61002 10194 20164 30088 40160 56001 84042 555 10018=
 23405 42969 01103 10176 20168 30030 40123 53001 555 10017=
 23410 86/// /0502 10145 20137 30053 40145 57004 555 53010=
 23411 42/// /1102 10183 20156 30054 40137 57003 555 1/017=
 23412 42999 10803 10162 20155 30053 40145 57002 81040 555 11015=
 23416 NIL=
 23418 42965 20000 10168 20161 30071 40140 53002 82080
 555 12016=
 23503 42/// /0000 10128 20120 30082 40129 54001 555 1/015=
 23507 86/// /1601 10166 20166 39822 40114 54001=
 23509 NIL=
 23514 41995 20000 10138 20138 39942 40129 57005 71011 82030 555 11015=
 23518 42/// /0601 10130 20128 30053 40140 54001 555 1/014=
 23606 41914 11302 10161 20161 39966 40123 52002 71011 80001 555 11016=
 23612 NIL=
 23701 42/// /0000 10134 20131 39989 40112 55000 555 1/015=
 23704 86/// /0901 10138 20138 39726 49834 56106 555 53003=
 23707 82997 11301 10173 20156 39978 40102 52001 80001 555 10017=
 23708 42/// /0501 10150 20138 39976 40118 54001 555 1/015=
 23709 81993 00000 10146 20136 39945 40128 52005 74641 555 11015=
 23711 42998 60000 10146 20143 39969 40130 53004 82035 555 11015=
 23803 41997 00801 10169 20162 39953 40122 53001 71000 555 11017=
 23804 82997 20000 10162 20159 39971 40108 53002 80001 555 11016=
 23807 42/// /1201 10165 20165 39958 40109 58003 555 1/016=
 23808 86/// /1501 10129 20126 39963 40123 52002=
 23812 42997 20000 10133 20126 39975 40130 53007 82030 555 11012=
 23904 42962 62001 10133 20133 39971 40120 52002 80005 555 11014=
 23905 82999 00000 10141 20139 39911 40127 52004 555 11014=
 23909 82998 01501 10156 20149 39897 40129 52005=
 23912 92998 10000 10139 20135 39949 40132 52009 80001 555 10015=
 23913 82999 10000 10129 20120 39922 40141 52007 81030 555 10013=
 23914 82498 61401 10169 20156 39888 40130 52007 85509=
 27095 86/// /1401 10174 20174 39911 40126 57002=
 28013 81898 11401 10165 20141 39911 40129 52006 71200 81030 555
 10016=
 28016 82/// /2301 10156 20152 39920 40132 52006 555 1/017=
 28029 82899 22001 10161 20155 39923 40130 52008 81031 555 10017=
 28116 81995 20000 10146 20143 39914 40133 52004 71000 80005=
 28128 82998 00101 10152 20150 39989 40135 52006 555 10015=
 28134 82998 20000 10137 20135 39805 40140 52006 80001 555 10014=
 28138 43/// /0102 10123 20117 39604 40147 52007=
 28216 82998 02502 10180 20168 39857 40136 52004 555 10015=
 28222 42/// /0501 10150 20147 39952 40137 52007 555 1/014=
 28224 82961 01401 10155 20150 39936 40138 52006=
 28234 82997 01501 10159 20147 39875 40138 52009 555 10015=
 28238 81993 82202 10142 20131 39851 40140 52008 74642 80001 555
 11015=
 28313 42/// /0000 10136 20128 39962 40146 52006 555 1/014=
 28319 81993 00000 10155 20153 39992 40147 52006 74640=
 28321 82999 02001 10170 20161 39947 40139 52006=
 28324 NIL=
 28326 81896 20000 10137 20133 39962 40140 52007 71000 82030 555
 10015=
 28413 82998 01301 10171 20158 30030 40145 52005 555 11017=
 28428 81/93 91801 10138 20125 39969 40146 52006 74540 555 11014=
 28429 42/// /0000 10142 20136 39756 40148 52006 555 1/014=
 22983 41456 81301 10185 20182 30005 40103 52008 78082 8695/ 333 91001
 91105 555 11019=
 27083 41584 60000 10180 20173 39897 40105 54000 72511 86900 333 91000
 91105 555 11019=
 27097 42/// /2301 10178 20172 39874 40119 55001 333 91002 91103 555
 1/018=
 27185 42/// /0000 10186 20186 39946 40118 50002 333 91000 91104 555
 1/020=
 27199 42598 60000 10185 20158 39938 40123 57001 82575 333 91001 91102
 555 10018=
 27281 41/06 91601 10185 20182 39928 40121 57001 74798 333 91002 91105
 555 11020=
 27283 41497 81601 10190 20187 39974 40120 54000 72582 889// 333 91002
 91109 555 11019=
 27295 42/// /2703 10187 20161 39899 40135 57003 333 91005 91109 555
 1/019=
 27296 42998 61601 10180 20150 39924 40128 52001 85032 333 91002 91102
 555 10018=
 27385 414// 80501 10187 20180 30005 40125 52004 72998 8575/ 333 91002
 91105 555 11019=
 27393 41598 20701 10179 20160 39973 40133 58001 71200 82140 333 91001
 91102 555 11018=
 27480 41498 82201 10195 20191 30007 40127 52007 72581 889// 333 91001
 91108 555 11020=
 28007 42999 51601 10183 20158 39880 40125 54000 85040 333 91001 91103
 555 11017=
 28009 42998 60000 10156 20146 39936 40135 52003 80001 333 91001 91101
 555 10015=
 28105 42998 60000 10153 20146 39946 40129 53001 86040 333 91000 91101
 555 10016=
 28202 42997 61701 10161 20151 39924 40134 53003 80004 333 91002 91102
 555 10010=
 28302 42998 81001 10174 20166 39922 40137 52002 83031 333 91002 91102
 555 10016=
 28307 42498 81001 10172 20154 39995 40131 57001 83531 333 91001 91101
 555 10018=
 28402 42998 71702 10188 20160 39967 40135 54000 83079 333 91003 91104
 555 10018=
 28502 42997 80000 10155 20139 30042 40141 52002 85032 333 91000 91102
 555 10017=
 22550 81972 82002 10183 20176 30053 40062 52002 70282 8805/ 555
 11019=
 22778 41596 81302 10179 20175 30021 40086 57002 78082 8697/ 555
 12019=
 22889 42/// /0601 10176 20176 30023 40104 51007 555 1/019=
 22762 81496 81701 10180 20180 30044 40080 52002 72186 8377/ 555
 12018=
 22638 46/// /1701 10141 20138 39851 40065 52003=
 22671 42/// /1601 10180 20166 30000 40074 55001 555 1/018=
 22456 41597 82101 10184 20184 39975 40055 52004 78082 889// 555
 11018=
 22583 42998 12101 10157 20149 30010 40086 57003 81070 
 555 10016=
 22749 42/// /2202 10158 20151 39962 40080 52009 555 1/014=
 22951 42/// /2101 10137 20135 39835 40103 52009 555 1/014=
 22887 41597 81501 10182 20175 30036 40102 52004 70282 8355/
 555 11017=
 22876 41497 81901 10178 20178 30028 40096 51008 70282 889// 333 88918
 555 12019=
 22481 42/// /1403 10182 20165 30024 40073 57004 555 1/016=
 22854 42/// /2101 10156 20156 39818 40091 53008 555 1/016=
 22781 NIL=
 22676 42598 71901 10162 20156 30006 40079 52003 87900 555 10018=
 22648 41993 21302 10158 20156 30030 40074 52005 74441 82030 555
 12015=
 22559 42/// /2201 10184 20177 30053 40069 52003 555 1/019=
 22869 41297 82201 10182 20178 39960 40099 52004 70282 886// 333 85705
 555 12019=
 22768 41497 81902 10185 20181 30038 40084 52003 70282 8695/ 333 84912
 555 12019=
 22798 42598 30701 10170 20160 39993 40099 53002 82530 555 10017=
 22375 46/// /1503 10174 20150 30051 40065 57004=
 23207 NIL=
 23215 42598 50902 10166 20155 30069 40153 54000 83032 555 10016=
 23219 NIL=
 22408 41656 20000 10140 20136 39879 40020 52001 71098 81530 555  
 11013=
 22511 41598 31901 10156 20146 39912 40026 52001 70281 81570 555  
 11014=
 22529 42599 22102 10154 20151 30039 40045 52006 81502 555   12014=
 22602 41475 82002 10154 20145 39818 40030 52004 70298 889// 333  
 88914 555   1/015=
 22621 83/70 /1803 10161 20150 39915 40046 52002 555   1////=
 22619 42598 11101 10147 20141 39894 40044 52002 81500 555   11013=
 22721 42998 00000 10151 20143 39966 40059 52005 555   11015=
 22727 86470 /1802 10168 20157 30024 40069 52006 555   1////=
 22717 NIL=
 22802 41498 71902 10172 20155 30031 40053 52002 72511 86930 333  
 84919 555   11017=
 22820 42998 32303 10168 20154 39941 40069 52004 83030 555   11015=
 22831 42997 20000 10129 20124 30030 40083 52009 82030 555   12014=
 22805 425// 81906 10170 20156 30040 40059 52004 885// 555   11016=
 22912 42984 62202 10171 20149 30065 40079 52006 80001 555   11015=
 
