09:31:00 MSK 26.07.2023
020 123456/=о000=0631
 унту01 бтул 260600
 22686 82598 11101 10200 20140 39955 40047 52005 81900=
 22695 41698 51401 10175 20136 39896 40039 53007 70282 83901=
 22996 82598 32401 10197 20146 39891 40063 52006 82101=
 23220 42598 80301 10216 20154 39907 40037 57007 835//=
 23226 42960 80904 10213 20129 39844 40042 57005 86077=
 23305 42699 22301 10214 20150 30017 40043 53002 82200=
 23320 66/// /1101 10202 20137 39974 40041 57003 60002 333 20149=
 23324 41575 80603 10173 20151 39975 40047 58001 70262 889// 333 85630=
 23405 42780 39901 10196 20139 39949 40041 54000
 81230=
 23410 66/// /0101 10216 20126 39950 40039 57002 60002 333 20141=
 23411 42599 21802 10211 20142 39958 40040 57003 82100=
 23412 42699 52601 10212 20132 39952 40041 54000 83530=
 23416 NIL=
 23418 42665 52501 10221 20129 39975 40042 57002 83201=
 23501 NIL=
 23503 42698 21902 10220 20126 39997 40043 57002 81202=
 23507 86/// /2501 10145 20142 39758 40050 53007=
 23509 41598 71701 10174 20141 39974 40047 53002 72582 84971=
 23514 42697 61902 10209 20126 39860 40041 57001 85909=
 23518 42698 32101 10223 20127 39956 40043 57006 82201 555 53003=
 23606 41262 71801 10177 20165 39889 40044 52002 72582 86330 333 84706=
 23701 41599 61801 10180 20142 39927 40048 52003 70282 86900 333 20141
 85921=
 23704 66/// /2001 10146 20146 39926 40039 55004 60002 333 20112=
 23707 81498 82502 10144 20140 39935 40060 52011 70242 886// 333 88710=
 23708 42584 82203 10181 20132 39918 40057 52008 82931=
 23709 82498 72503 10174 20125 39877 40057 53006 87200 333 87817=
 23711 42598 61302 10211 20145 39888 40044 58003 82240=
 23803 42599 82601 10159 20124 39905 40074 53021 8696/=
 23804 81497 82701 10151 20137 39926 40063 52011 72164 8652/ 333 86611=
 23807 81597 52502 10161 20152 39916 40067 52009 70242 83531=
 23808 NIL=
 23812 42697 61801 10222 20124 39899 40049 58005 84230=
 23904 42570 73501 10194 20151 39923 40069 52004 87300 333 86827=
 23905 81499 82502 10157 20129 39858 40072 52011 70242 886//=
 23909 82598 62602 10196 20131 39837 40064 52006 86300=
 23912 82598 52303 10193 20148 39882 40060 54000 85900=
 23913 81599 73401 10188 20144 39851 40064 58006 70242 83931=
 23914 82499 72302 10188 20145 39823 40062 54000 87900=
 28013 81698 52202 10187 20132 39853 40068 52006 70241 85200=
 28016 82599 72903 10190 20144 39865 40074 52009 87900=
 28029 82699 62304 10208 20144 39862 40065 52002 86570=
 28116 82599 42402 10179 20145 39862 40077 52008 84100=
 28128 82599 71701 10201 20161 39934 40076 52003 82530=
 28134 82598 72301 10195 20143 39747 40073 52001 86201=
 28138 42599 72002 10180 20125 39548 40077 52003 87500=
 28216 82599 62502 10206 20148 39801 40076 52003 86904=
 28222 82598 82201 10210 20148 39897 40077 52002 85951=
 28224 82670 82403 10214 20145 39882 40079 52003 86139=
 28234 82599 62202 10198 20139 39823 40081 52002 82270=
 28238 81599 82304 10211 20131 39799 40080 54000 70361 885//=
 28313 82598 62202 10213 20145 39901 40079 54000 85201=
 28319 82598 62502 10210 20158 39933 40084 52003 82550=
 28321 82699 61602 10206 20158 39890 40078 54000 85202=
 28324 82599 83501 10213 20146 39969 40081 54000 84481=
 28326 81598 72701 10205 20152 39910 40083 52001 70282 87500=
 28413 82599 72901 10219 20145 39970 40083 52002 81189=
 28428 81599 52102 10217 20143 39913 40083 54000 70282 82534=
 28429 82698 71902 10200 20148 39702 40084 55005 85531=
 22983 41998 62502 10200 20136 39964 40061 52005 70241 82035 333 91004
 91104=
 27083 43/// /1802 10196 20129 39855 40062 52004 333 91004 91104=
 27097 42598 31203 10195 20140 39827 40070 52004 81101 333 91005
 91105=
 27185 42998 51501 10205 20140 39900 40071 52003 83031 333 91003
 91104=
 27199 42598 61901 10208 20133 39891 40073 52003 84232 333 91002
 91104=
 27281 42982 71502 10198 20141 39877 40069 52003 86035 333 91004
 91104=
 27283 41998 21701 10209 20154 39928 40072 52004 70141 81031 333 91001
 91103=
 27295 41998 61901 10213 20137 39842 40073 52004 70242 80005 333 91002
 91103=
 27296 42998 61302 10211 20125 39872 40073 52001 80001 333 91003
 91103=
 27385 419// 31901 10205 20159 39955 40074 52004 70241 83030 333 91003
 91103=
 27393 41598 52601 10189 20177 39923 40082 52004 70242 81941 333 91002
 91102=
 27480 41598 61802 10213 20175 39957 40075 52005 70242 81539 333 91004
 91104=
 28007 42699 52001 10195 20124 39834 40078 52007 83201 333 91002
 91103=
 28009 41598 72502 10191 20116 39882 40078 52009 70242 87200 333 91003
 91104=
 28105 42598 61801 10207 20123 39897 40076 52005 85202 333 91003
 91103=
 28202 41682 21801 10208 20126 39872 40077 52006 70241 81101 333 91002
 91102=
 28302 41598 82401 10197 20146 39867 40079 52003 70242 83901 333 91002
 91102=
 28307 41498 80901 10209 20152 39945 40078 51003 70241 84431 333 91003
 91103=
 28402 42598 62101 10202 20162 39913 40079 52003 82839 333 91003
 91103=
 28502 42698 82102 10212 20162 39985 40081 52002 85581 333 91003
 91104=
 22550 81497 71502 10168 20143 30009 40019 52001 70252 86970 333
 86615=
 22778 42598 31602 10201 20112 39978 40043 57003 81101=
 22889 42598 21901 10206 20158 39979 40059 52002 81104=
 22762 82998 61501 10196 20143 39998 40034 52004 80070=
 22638 46/// /1001 10176 20147 39796 40006 54000=
 22671 42598 71701 10170 20137 39962 40036 52005 86930=
 22456 41496 81901 10166 20134 39936 40018 52003 71022 8667/=
 22583 42698 31101 10205 20141 39964 40038 52003 82230=
 22749 42598 61702 10187 20136 39898 40014 54000 86500=
 22951 42898 82103 10177 20126 39764 40026 58001 8805/=
 22887 42999 51402 10199 20153 39988 40053 52002 
 82031=
 22876 42997 61901 10208 20148 39983 40050 52003 80004=
 22481 41598 21503 10199 20141 39980 40029 52003 70241 82230=
 22854 42899 71401 10177 20113 39754 40023 51001 87070=
 22781 NIL=
 22676 42698 70901 10188 20135 39968 40040 52005 82230=
 22648 42698 61302 10178 20174 39975 40018 52001 82531=
 22559 81598 61001 10179 20145 30009 40024 54000 70282 81539=
 22869 42997 51803 10201 20131 39908 40046 52002 80039=
 22768 42697 51701 10212 20132 39990 40036 54000 82501=
 22798 41498 61401 10164 20149 39954 40060 52007 72842 86900=
 22375 46/// /1803 10201 20136 30009 40023 52002=
 23207 41599 62002 10205 20148 30015 40036 52001 70341 86200=
 23215 41698 80902 10188 20166 39960 40043 57004 70282 8557/=
 23219 NIL=
 27095 66/// /2002 10200 20156 39868 40080 52006 60002 333 20072=
 22408 11299 81502 10145 20135 39862 40003 52003 60012 70252 886//
 333   20130 31012 88704=
 22511 11581 70901 10166 20136 39886 49999 52001 69952 70282 84949
 333   20113 31011=
 22529 11599 71701 10171 20147 39999 40005 52002 60002 70242 87900
 333   20084 32011 87921=
 22602 12599 40902 10167 20116 39783 49994 52002 60002 82104 333  
 20096 31010=
 22621 11216 81101 10138 20135 39874 40006 52002 60002 710// 886//
 333   20095 31/// 88703=
 22619 11359 81002 10141 20136 39847 49997 52002 60002 71042 88600
 333   20112 31010 88709=
 22721 11598 71501 10164 20138 39906 49998 57001 60002 70242 81509
 333   20139 31015=
 22727 12363 81801 10146 20138 39951 49996 5//// 60002 886// 333  
 20120 32///=
 22717 12998 70502 10146 20137 39795 49977 5//// 60002 86031 333  
 20124 31///=
 22802 12699 70803 10161 20138 39958 49980 52003 60002 85531 333  
 20130 31013 85646=
 22820 12965 70701 10145 20132 39861 49989 52001 60002 87030 333  
 20114 31009=
 22831 12698 71101 10160 20137 39953 40005 52005 60002 83930 333  
 20089 32009=
 22805 12598 61305 10191 20157 39954 49972 52002 60002 81531 333  
 20155 31015=
 22912 12499 71003 10176 20142 39960 49974 57005 60002 87500 333  
 20115 31013 87617=
 
