12:31:00 MSK 28.03.2023
010 111/=о000=0931
 уйту01 бтул 280900
 22686 42998 03504 11007 21172 30057 40158 52024=
 22695 42/// /3503 11011 21183 39984 40139 52025=
 22996 41599 83403 11021 21046 39926 40114 52040 70282 8597/=
 23220 42599 13101 11199 21244 39962 40115 52006 81500=
 23226 42960 00302 11188 21214 39885 40116 54000=
 23305 42999 61701 11043 21088 30107 40135 54000 82035=
 23320 86/// /0203 11125 21174 30043 40120 52010=
 23324 42984 00602 11130 21180 30040 40122 52007=
 23405 42972 13102 11059 21122 30045 40045 52014 80001=
 23410 86/// /3104 11097 21148 30022 40122 52011=
 23411 42999 00702 11070 21128 30040 40132 52008=
 23412 42999 10201 11084 21145 30026 40126 52012 81030=
 23416 NIL=
 23418 42965 13505 11088 21154 30038 40114 52016 80001=
 23503 42998 03603 11050 21141 30087 40138 52014=
 23507 86/// /0103 11041 21139 39827 40144 52018=
 23509 42998 03403 11033 21157 30049 40129 52018=
 23514 42997 13604 11045 21165 39910 40110 52017 80009=
 23518 42998 30105 11048 21130 39996 40089 53020 83030=
 23606 42962 13404 11032 21143 39938 40113 52024 
 80001=
 23701 42999 20204 11009 21153 30007 40138 52029 80001=
 23704 86/// /0204 11010 21147 39926 40039 55004=
 23707 81999 20106 11007 21149 39991 40124 52036 70231 80002=
 23708 42998 53604 11011 21150 39960 40110 52035 81015=
 23709 42/// /3405 11020 21113 39899 40093 52035=
 23711 42998 63404 11015 21097 39904 40074 52030 83031=
 23803 41599 73604 11016 21084 39917 40098 53040 73673 87900 333 87922=
 23804 82997 43402 11004 21087 39970 40116 52037 80005=
 23807 41597 63503 11026 21059 39956 40120 52039 70272 83831=
 23808 86/// /3304 11027 21050 39934 40104 52042=
 23812 NIL=
 23904 41470 83404 11023 21040 39951 40110 52043 70272 883// 333 85612=
 23905 41599 83404 11026 21048 39864 40094 52045 77172 8802/=
 23909 41497 83303 11015 21043 39827 40073 52044 78582 8731/=
 23912 41498 83406 11021 21038 39857 40050 52045 72787 8695/=
 23913 41596 83103 10014 21007 39793 40019 53036 78582 889// 333
 91110=
 23914 81498 83105 11020 21034 39791 40048 52046 78582 8692/=
 28013 41598 83105 11016 21041 39832 40064 52048 72682 889//=
 28016 41499 83204 10001 21013 39842 40068 52045 72682 889//=
 28029 41497 83204 10038 20031 39814 40029 52025 76065 8872/=
 28116 41499 83204 10030 20011 39825 40052 52034 70252 8692/=
 28128 42599 82202 10041 20011 39891 40042 52021 8755/=
 28134 41698 82402 10049 20032 39693 40035 52016 72122 885//=
 28138 41599 82404 10040 20027 39480 40033 52011 70282 883//=
 28216 41699 72705 10048 20006 39767 40059 52020 70162 87500 333
 91110=
 28222 42598 82704 10063 20016 39856 40046 52020 885// 333 91110=
 28224 42570 82503 10068 20022 39843 40049 52018 885//=
 28234 41597 82302 10060 20037 39775 40045 52011 70262 885//=
 28238 41598 82503 10063 20034 39751 40046 52012 76162 885//=
 28313 42598 82502 10060 20008 39878 40065 52018 885//=
 28319 42599 82403 10055 20012 39915 40075 52018 8657/=
 28321 42599 82604 10053 20014 39862 40061 52019 889//=
 28324 42698 82703 10060 20012 39951 40069 52021 885//=
 28326 41598 72503 10064 20048 39874 40055 52015 70282 87300=
 28413 42599 72804 10076 20005 39960 40079 52018 86801=
 28428 41598 82602 10057 20030 39894 40075 53015 70262 889//=
 28429 41495 82403 10056 20043 39670 40072 53012 76362 8872/=
 22983 42698 30302 10003 21058 30026 40131 52033 82131 333 91005
 91105=
 27083 41599 83602 11014 21044 39897 40121 52037 70272 885// 333 91004
 91107=
 27097 41498 83204 11004 21028 39852 40115 52039 70282 889// 333 91007
 91108=
 27185 42698 83203 10005 21035 39940 40124 52041 885// 333 91005
 91108=
 27199 41598 83202 10004 21030 39913 40110 52042 70287 889// 333 91004
 91106=
 27281 41482 83404 10006 21031 39918 40125 52037 70272 885// 333 91006
 91109=
 27283 41498 83405 10008 21029 39960 40118 52038 70282 889// 333 91008
 91109=
 27295 41598 82904 10009 21020 39858 40109 52034 72782 884// 333 91007
 91108=
 27296 41498 83305 10020 21023 39882 40099 52034 70282 889// 333 91008
 91108=
 27385 424// 83203 10032 21013 39986 40113 52031 8675/ 333 91005
 91107=
 27393 42598 73103 10032 21013 39935 40104 52030 86230 333 91005
 91109=
 27480 42598 83002 10057 20017 39989 40115 52027 885// 333 91005
 91106=
 28007 41450 83404 11014 21043 39839 40103 52043 78582 883// 333 88917
 91007 91109=
 28009 41498 83203 11006 21042 39881 40091 52046 70282 889// 333 91006
 91107=
 28105 41598 83102 11002 21026 39900 40100 52045 70272 885// 333 91005
 91107=
 28202 41558 83303 10014 21007 39864 40084 52032 78522 889// 333 91007
 91110=
 28302 42598 72804 10037 21017 39859 40083 52023 85930 333 91007
 91109=
 28307 42498 82703 10047 20001 39957 40099 52025 8553/ 333 91006
 91107=
 28402 42698 82603 10055 20022 39915 40091 52017 8357/ 333 91005
 91108=
 28502 42598 82905 10071 20026 39996 40098 52015 889// 333 91008
 91108=
 22550 82997 03202 11027 21105 30183 40193 52019=
 22778 42998 13602 10017 21137 30079 40148 52023 81030=
 22889 42/// /3202 11005 21063 30047 40135 52034=
 22762 42998 03601 10007 21093 30128 40167 52023=
 22638 46/// /0702 11040 21102 39950 40181 52019=
 22671 42999 13402 11017 21098 30095 40176 52023 80000=
 22456 42598 22902 11016 21090 30098 40188 52015 82500=
 22583 42598 13102 11020 21115 30084 40166 52017 81100=
 22749 NIL=
 22951 42498 81202 11019 21052 39866 40152 51024 885//=
 22887 42999 13503 11003 21081 30071 40142 52033 81030=
 22876 42997 03302 10013 21096 30070 40143 52028=
 22481 42598 23102 11028 21087 30117 40171 52018 81101=
 22854 42598 80502 11030 21067 39868 40162 52028 885// 333 88626=
 22781 NIL=
 22676 42998 00102 11003 21157 30087 40165 52023=
 22648 NIL=
 22559 42998 12801 11037 21120 30175 40192 52021 80001=
 22869 42997 70601 11005 21065 30004 40154 52030 80070=
 22768 42897 20403 11005 21079 30110 40160 52027 82030=
 22798 42998 23603 10007 21165 30020 40133 52033 80002=
 22375 46/// /2904 11027 30156 40171 52019=
 23207 41596 82703 11056 21086 30099 40122 52005 78582 8794/=
 23215 NIL=
 23219 NIL=
 27095 86/// /3203 11009 21022 39889 40120 52040=
 22408 43999 80702 11037 21103 30053 40207 52010 80005=
 22511 42998 60703 11035 21116 30071 40195 52007 82075 333   93500=
 22529 42599 30702 11045 21080 30192 40199 52018 82532=
 22602 42477 60706 11060 21104 39940 40173 52008 86530 333   86610=
 22621 83/68 /0702 11040 21100 30041 40184 52013=
 22619 42498 70805 11059 21090 30007 40171 52011 87500=
 22721 42998 81202 11032 21097 30066 40167 52007 8805/=
 22727 86770 /0703 11028 21101 30102 40151 52011=
 22717 83/69 /0603 11048 21086 39938 40137 52011=
 22802 41464 80803 11034 21048 30098 40122 52013 70282 886// 333  
 88710=
 22820 41770 80905 11036 21085 30002 40142 52010 70272 885// 333  
 88655=
 22831 42998 30802 11004 21072 30093 40149 52014 80001=
 22805 41497 80904 11025 21040 30094 40114 52009 78582 889//=
 22912 41556 80904 11015 21043 30101 40116 52012 77172 8802/ 333  
 88527=
 
