18:31:00 MSK 27.04.2023
020 123456/=о000=1531
 уйту01 бтул 271500
 22686 12998 00403 10077 21092 30073 40171 52018 60002 333 10091 555 50062 53010=
 22695 12999 00403 10066 21111 30008 40158 52020 60002 333 10082 91110
 555 50060 53011=
 22996 11498 80404 10043 20038 39931 40118 52031 69952 72582 8692/ 333
 10139 555 50095 53009=
 23220 11496 80207 11030 21038 39966 40109 52008 69972 78583 889// 333 11016 555 51051 53010=
 23226 12460 80308 11040 21062 39903 40122 52013 69902 8655/ 333 11010 
 86614 91012 91113 555 51035 53013=
 23305 12699 83605 11008 21042 30191 40219 52022 69902 885// 333 10002
 91111 555 51015 53011=
 23320 76/// /3505 11017 21062 30063 40136 53024 333 60002 555 51031 53010=
 23324 11582 40105 11020 21050 30058 40137 52023 69992 70281 82502 333
 10008 91111 555 51040 53011=
 23405 12572 83506 11010 21049 30111 40212 52021 60002 
 8455/ 333 10005 84623 91012 91113 555 51003 53014=
 23410 76/// /3406 11023 21063 30069 40167 53029 333 60002 91012 91113=
 23411 42599 80107 11009 21048 30097 40187 52024 69902 889// 333 10006
 91012 91112 555 51009 53012=
 23412 12599 60106 11018 21058 30076 40174 52030 60002 86500 333 10006 86621 91011 91114 555 51013 53014=
 23416 NIL=
 23418 11565 73404 11003 21057 30084 40158 52021 69902 70282 87900
 333 10012 85630 91110 555 51009 53010=
 23503 12598 83603 11003 21051 30140 40190 52019 60002 885// 333 10021
 88622 91110 555 51008 53011=
 23507 66/// /0405 10013 21064 39877 40188 53019 60002 333 10039 91110 555 50022 53010=
 23509 12598 73603 10003 21060 30105 40184 53024 60002 87500 333
 10049 87623 555 53010=
 23514 11597 83503 11008 21053 39971 40170 52022 69902 72782 889// 333 10034 86925 91110 555 50006 53010=
 23518 12698 83404 10001 21047 30049 40141 52017 60002 885// 333
 10045 88644 91110=
 23606 12662 33604 10015 21065 30000 40167 52025 60002 83500 333 10063 91112 555 50036 53012=
 23701 12984 10205 10049 21056 30038 40166 53026 60002 80005 333
 10086 91111 555 53011=
 23704 76/// /0304 10076 21069 39926 40039 55004 333 60002 91111=
 23707 62998 20305 10077 21055 30009 40138 52024 60012 80001 333 10098 91112 555 50066 53012=
 23708 12984 70206 10066 21082 39992 40139 52028 69942 80001 333 10096
 91111 555 50061 53011=
 23709 12998 20105 10061 21090 39941 40130 52027 69902 80001 333 10087
 91112 555 50059 53012=
 23711 12/98 13604 10026 21060 39966 40135 52034 69952 81100 333 10078 91112 555 50040 53012=
 23803 11999 80102 10072 21062 39951 40127 53020 69932 70262 80005 333 10082 555 50065 53008=
 23804 11997 70403 10085 21031 39986 40127 52018 60022 70262 83035 333 10088 555 50072 53009=
 23807 12998 70302 10052 20035 39971 40130 52018 69992 8353/ 333 10089
 555 50075 53010=
 23808 66/// /3301 10041 20028 39961 40127 52017 60002 333 10092=
 23812 12997 63601 10050 21017 39945 40105 52021 69992 82012 333 10064
 555 50038 53007=
 23904 12470 80302 10046 20033 39966 40120 52031 60012 883// 333 10118
 86923 555 50083 53008=
 23905 11599 80302 10044 20022 39893 40117 52032 69932 70282 889// 333
 10122 91110 555 53010=
 23909 11498 80303 10040 20005 39869 40110 52033 60022 70282 885// 333
 10116=
 23912 11598 80203 10038 20011 39907 40096 52031 60012 70285 8455/ 333
 10113 91110 555 53010=
 23913 11599 83003 10074 20053 39848 40070 53016 60032 72582 889// 333
 10111 555 53007=
 23914 11498 73503 10040 20011 39840 40093 52036 60082 70182 86570 333
 10122=
 28013 11598 83606 10063 20047 39869 40095 53030 60042 70282 889// 333
 10139 91110 555 53012=
 28016 11599 73604 10101 20095 39869 40085 53019 60052 72582 87900 333
 10146 555 53008=
 28029 12499 72304 10116 20101 39855 40065 52008 60002 84770 333 10145
 555 53010=
 28116 11499 72601 10111 20103 39858 40078 52010 60062 72582 87900 333
 10156=
 28128 11597 83102 10106 20101 39933 40080 52009 60052 76186 8802/ 333
 10151 555 53011=
 28134 11597 80000 10097 20093 39741 40078 52006 60142 78082 889// 333
 10144 555 53011=
 28138 11599 82402 10091 20078 39534 40079 52009 69972 70282 883// 333
 10142 91110=
 28216 11599 82503 10126 20090 39800 40083 53008 69952 72582 889// 333
 10158 91111 555 53011=
 28222 11598 80000 10118 20101 39893 40079 53004 69962 78082 8697/ 333
 10172 555 53010=
 28224 11670 72303 10156 20075 39875 40077 52002 69942 70282 87900 333
 10172=
 28234 11498 72001 10129 20083 39814 40079 50003 69982 72582 86970 333
 10170 91110 555 53011=
 28238 12599 62404 10147 20062 39792 40079 57005 69932 84530 333 10175
 91110 555 53013=
 28313 12598 72303 10152 20081 39904 40086 52005 69902 86901 333 10169
 555 53010=
 28319 12598 70000 10133 20096 39939 40094 53004 69902 85550 333
 10177=
 28321 12599 62403 10140 20083 39890 40083 52004 69902 85970 333 10172
 91110=
 28324 12599 62402 10166 20057 39974 40088 54001 60002 86960 333 10187
 91110 555 53010=
 28326 12598 62502 10157 20070 39910 40087 52003 69982 84530 333 10172
 555 53011=
 28413 12599 73001 10168 20060 39978 40093 53002 60002 86830 333 10180
 555 53011=
 28428 12599 32301 10172 20037 39919 40093 54000 60002 83900 333 10194
 91112 555 53014=
 28429 12598 72403 10160 20050 39710 40099 52003 60002 87500 333 10189
 91111 555 53014=
 22983 11472 80701 10047 20035 30027 40131 52026 60022 78082 889// 333
 10091 91002 91107 555 50082 53007=
 27083 12599 80203 10075 20062 39883 40100 52030 60002 888// 333 10132
 91006 91108 555 50100 53008=
 27097 11498 83201 10117 20111 39835 40085 52019 60042 70282 889// 333
 10135 91002 91104 555 50108 53004=
 27185 11598 82702 10120 20109 39916 40092 52018 60022 70282 883// 333
 10142 91003 91105 555 50112 53007=
 27199 12598 73101 10136 20093 39899 40087 52019 60062 87800 333 10155
 91002 91107 555 50118 53008=
 27281 11482 83103 10117 20102 39900 40098 52019 69982 72582 8593/ 333
 10144 91005 91106 555 50113 53009=
 27283 12498 82703 10126 20105 39944 40093 52019 60062 889// 333 10158
 91006 91109 555 50118 53009=
 27295 12598 72602 10135 20088 39851 40090 52015 60022 85485 333 10160
 91004 91104 555 50117 53008=
 27296 11598 72302 10130 20109 39879 40086 52016 60082 72582 87900 333
 10155 91003 91106 555 50118 53008=
 27385 115// 62403 10133 20112 39978 40101 52015 60032 70282 85531 333
 10146 91006 91107 555 50118 53008=
 27393 11598 62505 10135 20115 39938 40101 52013 60052 70262 85970 333
 10149 91007 91109 555 50123 53011=
 27480 11498 62501 10143 20116 39987 40109 52013 60022 70282 83931 333
 10149 91003 91107 555 50122 53008=
 28007 12499 83601 10127 20085 39834 40083 52016 60042 883// 333 10130
 88916 91002 91103 555 50105 53004=
 28009 11498 82101 10128 20087 39883 40084 52013 60032 72582 86901 333
 10139 91002 91104 555 50112 53007=
 28105 11498 72701 10118 20106 39893 40083 52018 60082 72582 87300 333
 10143 91003 91104 555 50113 53006=
 28202 11575 82502 10125 20107 39868 40079 52009 60162 72582 889// 333
 10136 91005 91106 555 50113 53008=
 28302 12598 72403 10142 20093 39873 40090 53011 69982 83930 333 10150
 91005 91109 555 50128 53009=
 28307 11498 82501 10135 20097 39965 40102 52013 69952 72582 86931 333
 10164 91003 91106 555 50134 53009=
 28402 12598 82804 10154 20089 39931 40100 52014 69912 8653/ 333 10179
 91007 91107 555 50138 53009=
 28502 12598 32805 10183 20060 30002 40100 52010 60002 83400 333 10207
 91006 91113 555 50155 53016=
 22550 62997 70603 10069 21034 30180 40190 52008 60002 80001 333 10082
 555 50051 53009=
 22778 12998 30602 10124 21062 30074 40141 52018 60002 81071 333 10138
 555 50088 53010=
 22889 11598 70902 10063 20047 30048 40133 51016 60052 70162 84541 333
 10089 555 50077 53008=
 22762 12998 20102 10109 21054 30121 40159 52017 60002 80001 333 10139
 555 50087 53007=
 22638 46/// /0602 10101 21032 39934 40153 52007=
 22671 12999 00503 10063 21029 30104 40182 52013 60002 333 10070 555
 50045 53009=
 22456 12998 30802 10049 21045 30121 40208 53012 60002 80001 333 10067
 555 50022 53007=
 22583 12998 00302 10042 21054 30118 40198 52018 60002
 333 10064 555 50028 53006=
 22749 NIL=
 22951 12998 80702 10136 20002 39857 40127 52011 60002 80001 333 10149
 555 50095 53006=
 22887 12699 71501 10078 20030 30059 40127 52017 69982 82531 333 
 10081 555 50078 53009=
 22876 12997 50304 10117 21067 30061 40133 53018 69942 80009 333 10135
 555 50086 53010=
 22481 12998 00403 10005 21056 30177 40230 52018 60002 333 10026 555
 51008 53009=
 22854 12999 80403 10128 21031 39857 40135 52012 60002 80009 333 10140
 555 50094 53009=
 22781 NIL=
 22676 12998 10404 10087 21061 30094 40170 52015 60002 80001 333 10096
 555 50070 53008=
 22648 NIL=
 22559 12998 60603 10064 21037 30173 40189 52008 60002 80001 333 10075
 555 50047 53008=
 22869 12997 70203 10130 21018 39986 40129 53012 60002 80031 333 10139
 555 50091 53009=
 22768 12897 50405 10129 21060 30093 40141 52014 60002 81038 333 10144
 91110 555 50094 53010=
 22798 12998 20206 10089 21070 30031 40140 53022 69932 82030 333 10113
 91110 555 50070 53011=
 22375 NIL=
 23207 12499 80305 11015 21044 30211 40234 52014 69902 885// 333 11011
 555 51015 53011=
 23215 NIL=
 23219 NIL=
 27095 76/// /0301 10110 20110 39876 40095 53021 333 60002 555 50107 53009=
 22408 22999 60803 10051 21030 30020 40168 52010 84032 333   60002=
 22511 22998 80805 10061 21034 30041 40161 52007 86031 333   60002=
 22529 22599 80702 10043 21025 30164 40171 52004 885// 333   60002
 88628=
 22602 22999 21004 10110 20036 39902 40120 52005 8203/ 333   60002=
 22621 73/70 /0702 10092 21023 30016 40152 52008 333   60002=
 22619 22482 70603 10096 20002 39973 40128 52002 87500 333   60002=
 22721 22998 51401 10126 20030 30038 40133 52005 81084 333   60002=
 22727 76970 /1603 10111 20050 30079 40125 52002 333   60002=
 22717 73/70 /1002 10143 20050 39918 40103 52002 333   60002=
 22802 22999 60903 10157 20058 30062 40084 52001 85031 333   60002=
 22820 22968 61004 10117 20053 39990 40122 54000 86030 333   60002=
 22831 22998 60801 10153 20036 30075 40128 52004 86030 333   60002=
 22805 22598 71505 10100 20029 30079 40098 53013 86531 333   60002
 91010 91112=
 22912 22599 21106 10176 20060 30072 40086 57002 81401 333   60002
 91110=
 
