09:31:00 MSK 23.06.2023
020 123456/=о000=0631
 унту01 бтул 230600
 22686 82998 53302 10166 20046 30045 40139 58002 80005=
 22695 42698 42301 10173 20008 39979 40123 58003 82104=
 22996 82598 63302 10177 20067 39962 40137 57002 81130=
 23220 42598 83104 10050 21001 39970 40109 52010 885//=
 23226 42560 83305 10052 21013 39901 40112 52012 885// 333 88624 91110=
 23305 42599 83502 10082 20065 30135 40162 52005 8243/=
 23320 66/// /3203 10090 20018 30061 40132 52003 60002 333 20054=
 23324 42684 73404 10089 20008 30054 40129 52005 87500 333 87636=
 23405 42680 73404 10109 20047 30058 40155
 52007 83141=
 23410 66/// /3002 10066 20046 30049 40144 52006 60002 333 20052=
 23411 42599 80103 10076 20042 30065 40152 52005 885//=
 23412 42499 83603 10071 20041 30052 40147 52006 887// 333 85711=
 23416 NIL=
 23418 42565 83302 10082 20038 30069 40141 53009 8655/
 333 86620=
 23501 NIL=
 23503 42698 83602 10124 20040 30097 40145 52002 83932=
 23507 86/// /3602 10140 20036 39843 40140 57003=
 23509 42598 61402 10153 20046 30063 40137 57007 82131=
 23514 42697 83402 10133 20047 39945 40133 57004 86831 333 84638=
 23518 42698 63304 10133 20034 30037 40125 57003 86809 333 85643 555
 53008=
 23606 42662 70101 10135 20044 39979 40138 57005 81101=
 23701 42699 42801 10170 20050 30016 40239 57006 81209=
 23704 66/// /0301 10173 20061 39926 40039 55004 60002 333 20010=
 23707 82599 51601 10185 20036 30004 40128 57005 83101=
 23708 42998 10701 10162 20039 39996 40138 57007 81001=
 23709 82998 73101 10138 20022 39956 40140 57007 81039=
 23711 42698 60703 10131 20048 39973 40135 58006 82131 333 20096=
 23803 42999 02201 10139 20043 39969 40141 58006=
 23804 82697 20102 10188 20048 39993 40129 57004 82100=
 23807 42598 22101 10185 20061 39983 40135 57004 81230=
 23808 86/// /2901 10166 20039 39981 40140 57005=
 23812 42597 50202 10114 20022 39981 40138 58007 83101=
 23904 42670 23501 10177 20042 39989 40137 57004 82200=
 23905 82599 20202 10166 20041 39922 40137 57004 82100=
 23909 82598 30601 10141 20050 39906 40140 57005 82101=
 23912 82898 23502 10109 20029 39957 40142 57004 82031=
 23913 82599 63003 10117 20017 39911 40131 58004 86900=
 23914 82498 63502 10115 20031 39892 40140 57005 82401=
 28013 82698 50201 10141 20040 39918 40138 57006 82201=
 28016 82699 10202 10156 20053 39923 40137 57007 81100=
 28029 82999 33003 10126 20033 39922 40133 57004 83001=
 28116 82699 13501 10157 20054 39916 40135 57003 81100=
 28128 82999 60202 10145 20062 39991 40137 57002 80009=
 28134 82998 63402 10129 20037 39793 40129 57004 80001=
 28138 42599 52303 10142 20041 39571 40110 57004 85100=
 28216 82599 63002 10167 20043 39847 40128 57004 83209=
 28222 82598 83101 10163 20056 39949 40133 57003 82101=
 28224 82670 30202 10156 20044 39929 40131 57003 83100=
 28234 82899 23502 10150 20041 39862 40127 58002 82041=
 28238 82599 42802 10159 20043 39830 40117 57005 82101=
 28313 82598 60201 10191 20042 39948 40128 57006 85201=
 28319 82598 62403 10170 20064 39979 40134 58002 85950=
 28321 82599 61102 10172 20037 39937 40130 57005 83201=
 28324 82598 63202 10176 20046 30016 40130 57004 82969=
 28326 82598 52903 10157 20050 39953 40131 57003 82201=
 28413 82599 72501 10149 20081 30024 40140 54001 83850=
 28428 82599 62202 10183 20041 39955 40129 57004 86900=
 28429 82598 62802 10151 20041 39739 40130 54000 86901=
 22983 42498 60301 10184 20055 30044 40143 57005 82930 333 91002
 91102=
 27083 42599 52701 10178 20026 39931 40141 57002 85200 333 91003
 91104=
 27097 42598 53501 10182 20053 39897 40144 57002 85200 333 91003
 91105=
 27185 42698 21301 10184 20068 39974 40147 57003 82200 333 91002
 91103=
 27199 42698 33401 10180 20039 39960 40146 57001 83100 333 91003
 91104=
 27281 42582 22701 10178 20065 39955 40151 54000 82100 333 91002
 91102=
 27283 42598 21001 10180 20074 30002 40149 57001 82500 333 91002
 91103=
 27295 42998 63401 10169 20032 39911 40150 54000 84085 333 91003
 91105=
 27296 42698 23502 10181 20041 39937 40142 57001 82100 333 91004
 91104=
 27385 419// 50201 10175 20061 30032 40154 57002 70242 80001 333 91004
 91104=
 27393 41598 33201 10172 20077 39988 40150 58002 70241 81109 333 91003
 91103=
 27480 42698 22601 10179 20081 30037 40159 57001 81101 333 91002
 91103=
 28007 42699 33603 10172 20014 39894 40142 57002 82230 333 91005
 91105=
 28009 42598 70202 10183 20023 39940 40138 57001 87200 333 91005
 91105=
 28105 42598 30102 10187 20021 39952 40138 58002 83200 333 91005
 91105=
 28202 42983 53601 10177 20057 39927 40136 58001 82031 333 91004
 91104=
 28302 42998 61901 10168 20071 39923 40139 54000 86030 333 91003
 91103=
 28307 42498 83501 10166 20071 30011 40148 57003 81282 333 91002
 91104=
 28402 41498 72601 10137 20089 39977 40149 57002 70282 81979 333 91003
 91104=
 28502 41598 72702 10152 20070 30051 40150 57001 70282 81439 333 91004
 91104=
 22550 82597 12701 10192 20081 30136 40146 57001 81200=
 22778 42698 23301 10189 20033 30077 40143 57004 81131=
 22889 42698 22601 10189 20057 30062 40143 57005 82200=
 22762 82998 31301 10194 20050 30108 40145 54001 80081=
 22638 NIL=
 22671 42998 50301 10174 20027 30071 40146 54001 80001=
 22456 42998 00801 10166 20053 30071 40154 57001=
 22583 42998 23501 10158 20034 30070 40147 57004 80001=
 22749 42698 21403 10169 20075 30015 40133 57003 81101=
 22951 42598 61503 10151 20066 39870 40138 57003 82201=
 22887 42599 79901 10174 20077 30077 40143 57005 82130=
 22876 42597 62301 10183 20073 30075 40144 57003 81230=
 22481 42598 20103 10118 20045 30114 40165 54000 81130=
 22854 42499 51602 10146 20065 39864 40139 58001 83240=
 22781 NIL=
 22676 42998 53602 10171 20038 30068 40141 58002 80001=
 22648 42998 01303 10179 20082 30098 40142 54000=
 22559 82598 50601 10176 20075 30133 40149 54001 81209=
 22869 42697 22502 10182 20051 30009 40149 57003 82130=
 22768 42697 62302 10162 20082 30098 40146 52003 86500=
 22798 42598 22301 10198 20032 30026 40132 57004 82200=
 22375 46/// /0802 10097 30161 40176 54000=
 23207 42499 83102 10084 20045 30141 40163 52004 885//=
 23215 42598 83303 10089 20033 30055 40142 52005 885// 333 88628=
 23219 NIL=
 27095 66/// /0000 10139 20090 39939 40158 57002 60002 333 20023=
 22408 12599 61206 10172 20100 39978 40119 52002 69932 84330 333  
 20120 30011 91010 91110=
 22511 12598 61104 10176 20091 30002 40116 52003 69902 82532 333  
 20121 31011=
 22529 12599 21003 10169 20120 30127 40133 52003 60002 82502 333  
 20031 31006=
 22602 11459 81103 10131 20117 39885 40100 52005 60102 78082 889//
 333   20127 31013 88912=
 22621 12998 61004 10168 20094 39989 40121 52003 60002 82031 333  
 20124 30///=
 22619 12581 80905 10131 20109 39958 40110 52004 60002 885// 333  
 20124 31012 88622=
 22721 12498 81201 10141 20107 30022 40116 52004 60002 885// 333  
 20119 31013 88618=
 22727 11456 81404 10136 20112 30102 40147 5//// 69932 75100 886//
 333   20/// 31/// 88711=
 22717 12498 80902 10143 20122 39911 40095 52006 60002 886// 333  
 20129 31/// 88712=
 22802 12499 81303 10170 20153 30060 40082 52005 60002 885// 333  
 20146 31016 88613=
 22820 12259 80903 10126 20116 39971 40102 52004 60002 886// 333  
 20112 31012 88704=
 22831 12698 71002 10161 20109 30062 40114 52003 60002 86530 333  
 20111 31011 86639=
 22805 11/92 91105 10156 20156 30058 40077 52005 69952 74544 333  
 20102 31013=
 22912 11360 81003 10155 20144 30072 40086 52005 60012 76162 8872/
 333   20154 31016 86709=
 
