09:31:00 MSK 07.12.2023
020 123456/=о000=0631
 унту01 бтул 070600
 22686 42998 00000 11346 21379 30342 40460 52014 333 21347=
 22695 42998 00000 11332 21379 30268 40449 52013 333 21334=
 22996 41996 20201 11328 21357 30232 40450 52016 70500 80008 333 21333=
 23220 42998 60000 11295 21328 30263 40427 52014 83015 333 21302=
 23226 41937 80000 11319 21344 30175 40427 52009 70511 80005 333 21320=
 23305 42999 81802 11225 21250 30406 40437 52009 8807/=
 23320 66/// /2202 11222 21244 30347 40429 51014 60002 333 21246=
 23324 42377 80000 11287 21318 30342 40431 52012 886// 333 21339 88707=
 23405 42965 20000 11309 21339 30334 40449 52013
 82030 333 21311=
 23410 66/// /1002 11221 21251 30321 40430 53013 60002 333 21238=
 23411 42999 82202 11206 21226 30335 40435 52012 77172 8802/=
 23412 41499 82101 11199 21221 30320 40428 52010 72272 8577/ 333 84711=
 23416 NIL=
 23418 41365 80000 11257 21281 30358 40442 52012 72272 886//
 333 88708=
 23501 NIL=
 23503 41498 82501 11238 21274 30392 40449 52014 70272 885// 333 88614=
 23507 NIL=
 23509 41998 60000 11280 21318 30362 40454 51014 70272 86070=
 23514 41597 82701 11253 21281 30222 40446 52013 77072 8257/=
 23518 41998 80000 11330 21369 30340 40448 52012 70272 82045 555
 53002=
 23606 42962 60000 11275 21304 30258 40449 52015 86070=
 23701 42599 20000 11346 21380 30309 40463 52013 82500 333 21346=
 23704 66/// /0000 11317 21342 38621 48737 58052 60002 333 21344=
 23707 82998 72401 11304 21334 30300 40454 52012 87030 333  93626=
 23708 42982 10000 11363 21406 30284 40463 53011 8000/ 333 21364=
 23709 42998 00000 11369 21418 30235 40466 52015 333 21376=
 23711 42998 60000 11306 21338 30252 40450 52012 86030 333 21347=
 23803 42999 30000 11345 21396 30256 40470 52015 80005 333 21345=
 23804 82997 80000 11302 21331 30286 40456 52013 85031 333 21322=
 23807 42997 20000 11339 21365 30271 40463 52013 81031 333 21347=
 23808 86/// /0000 11388 21420 30269 40473 53015=
 23812 42997 00000 11395 21444 30268 40465 52015 333 21401 934//=
 23904 41958 00000 11367 21401 30278 40466 52015 70500 333 21370=
 23905 42999 03101 11385 21420 30194 40469 52016 333 21385=
 23909 42998 00000 11362 21395 30172 40465 52018 333 21368 93605=
 23912 42998 00000 11356 21393 30231 40460 52018 333 21365=
 23913 42999 61101 11342 21386 30199 40470 52016 80002=
 23914 82999 13401 11322 21354 30154 40455 52018 80001 333 21328=
 28013 42998 02801 11344 21388 30185 40458 52018 333 21344=
 28016 42996 00000 11372 21406 30194 40464 52018 333 21378 93502=
 28029 42898 70000 11335 21367 30193 40452 52020 83015 333 21336=
 28116 42999 00000 11349 21382 30184 40458 52019 333 21359=
 28128 41999 02201 11352 21380 30272 40457 52017 77670 333 21367=
 28134 41996 00000 11336 21368 30048 40462 52019 71070 333 21339=
 28138 42999 00000 11307 21345 39799 40458 52016 333 93646=
 28216 41998 02701 11310 21349 30102 40449 52016 70270 333 21313=
 28222 42598 50000 11324 21363 30226 40455 52020 82101 333 21343=
 28224 42967 00000 11292 21322 30200 40447 52019 333 21318=
 28234 42997 00000 11321 21365 30132 40459 52021 333 21343=
 28238 42999 02401 11383 21432 30108 40474 52020 333 21387=
 28313 41997 00000 11340 21378 30223 40450 52018 77670 333 21353
 93502=
 28319 42998 00000 11315 21347 30252 40444 52018 333 21328=
 28321 42999 00000 11315 21350 30208 40446 52017 333 21323=
 28324 42997 00000 11328 21365 30301 40443 52018 333 21358 93504=
 28326 42998 00000 11339 21375 30230 40451 52019 333 21368=
 28413 41997 00000 11259 21295 30291 40431 52016 74170 333 21271=
 28428 42998 00501 11294 21329 30220 40434 52018=
 28429 42998 00401 11283 21315 39964 40438 52016 333 21294=
 22983 42998 71101 11257 21284 30327 40448 52017 84035 333 91002
 91102=
 27083 42599 60401 11283 21313 30186 40444 52016 86800 333 91002
 91102=
 27097 42998 70000 11284 21308 30142 40447 52016 84039 333 21295 91000
 911//=
 27185 42998 80000 11280 21307 30228 40440 52014 85035 333 91000
 91101=
 27199 41992 60801 11265 21293 30215 40441 52015 74441 80001 333 91001
 91102=
 27281 42982 20601 11272 21300 30196 40435 52013 81031 333 21284 91002
 91102=
 27283 42998 30000 11318 21349 30260 40443 52017 83030 333 21326 91000
 91100=
 27295 42998 50201 11262 21295 30148 40437 52016 80005 333 91002
 91103=
 27296 42965 00000 11337 21380 30190 40445 52018 333 91000 91100=
 27385 429// 10000 11302 21332 30283 40433 52015 81030 333 21308 91000
 91102=
 27393 42598 21001 11315 21351 30245 40445 52017 82500 333 21316 91002
 91103=
 27480 42498 80301 11247 21280 30281 40428 52013 8653/ 333 21247 91002
 91102=
 28007 42999 00000 11298 21333 30146 40450 52017 333 21312 91000
 91102=
 28009 42998 00000 11357 21406 30212 40463 52017 333 21362 91000
 91100=
 28105 41959 00000 11333 21372 30223 40459 52016 70500 333 21335 91000
 91100=
 28202 42981 00000 11317 21357 30188 40448 52016 333 21320 91000
 91102=
 28302 42998 00201 11288 21324 30175 40440 52017 333 91001 91103=
 28307 42998 00000 11306 21343 30267 40435 52015 333 21320 91000
 91102=
 28402 42977 00401 11301 21331 30225 40434 52015 333 21307 91001
 91102=
 28502 42998 10000 11315 21355 30310 40432 52017 81030 333 21328 91000
 91102=
 22550 81968 00000 11287 21316 30410 40422 52012 70271 333 21288=
 22778 42998 71102 11221 21248 30356 40434 52015 87070=
 22889 42897 20702 11323 21354 30354 40456 52017 82030 333 21325=
 22762 42997 81101 11217 21238 30380 40424 52013 8005/=
 22638 46/// /0700 11309 21339 30149 40411 52012=
 22671 42998 20000 11263 21291 30346 40436 52013 82030 333 21263=
 22456 42597 80000 11301 21249 30330 40430 52010 885//=
 22583 42998 20000 11340 21374 30361 40457 52012 82070=
 22749 42998 80000 11244 21267 30257 40399 52012 82017=
 22951 41898 81001 11204 21223 30088 40402 52014 77172 8807/=
 22887 42999 60000 11263 21287 30364 40444 52020 84031=
 22876 42997 70801 11253 21275 30356 40439 52014 87030=
 22481 42998 40000 11349 21386 30385 40448 52011 82031=
 22854 42998 00501 11235 21260 30084 40410 52014 333 21235=
 22781 NIL=
 22676 42898 10000 11316 21350 30354 40445 52012 81030 333 21321=
 22648 42998 00000 11275 21299 30358 40412 52011 333 21275=
 22559 42998 00000 11275 21306 30409 40428 52012 333 21275 93542=
 22869 41997 20901 11264 21292 30255 40426 52012 70171 80031 333
 21265=
 22768 42897 50701 11257 21286 30359 40416 52011 85070=
 22798 41997 00000 11340 21374 30327 40461 52013 70271 333 21340=
 22375 46/// /1801 11299 21331 30419 40437 52012=
 23207 42599 72501 11220 21242 30401 40426 52011 86530=
 23215 42798 81501 11180 21194 30312 40411 52008 885//=
 23219 NIL=
 27095 NIL=
 22408 12577 81501 11222 21243 30219 40387 52009 60002 885// 333  
 21302 47033 88620 93503=
 22511 12984 20000 11311 21346 30252 40393 52010 60002 82030 333  
 21317 47033 93502=
 22529 12998 00000 11282 21313 30390 40398 52011 60002 333   21298
 47031=
 22602 11459 60000 11212 21236 30129 40381 52010 69942 77172 84530
 333   21277 47030 93502=
 22621 12998 00000 11253 21280 30239 40398 52011 60002 333   21255
 47029=
 22619 11496 81001 11197 21218 30208 40385 52011 69982 78582 889//
 333   21283 48035 88913=
 22721 12997 03001 11276 21304 30282 40395 52011 60002 333   21276
 47038=
 22727 11550 80000 11210 21230 30336 40390 52014 60002 77300 8872/
 333   21226 48028 88724=
 22717 12498 70000 11189 21213 30165 40385 52012 60002 86530 333  
 21222 47012 86616=
 22802 11596 83202 11106 21116 30338 40363 52011 69952 78587 889//
 333   21131 47015 88928=
 22820 11397 82801 11192 21216 30235 40387 52013 69902 77172 8652/
 333   21237 47032 86608 93505=
 22831 12297 50000 11241 21267 30329 40392 52013 60002 82031 333  
 21251 47015=
 22805 115// 62003 11040 21064 30337 40363 52017 60052 70272 86500
 333   21055 48031=
 22912 12984 21001 11183 21202 30366 40383 52016 69922 82031 333  
 21184 47018=
 
