06:31:00 MSK 28.09.2023
020 123456/=о000=0331
 уйту01 бтул 280300
 22686 62598 81901 10080 20077 30092 40189 57008 60002 82579 333 20040 55006 555 53005 7000/=
 22695 11395 82101 10074 20061 30028 40178 57006 60002 71011 886// 333
 20069 3/006 555 53005 7000/=
 22996 62598 72002 10096 20096 30056 40238 57005 60002 85570 333 20096 31008 55020 555 53005 7000/ 91207=
 23220 11397 80401 10008 20002 39966 40107 57006 69962 76162 8872/ 333 20008 55000 86707 555 53005 7005/=
 23226 11221 81702 11012 21015 39894 40109 57003 69992 77372 887// 333 
 21023 42997 86704 555 53006 7005/=
 23305 12999 72403 10106 20097 30101 40128 58006 69942 87070 333 20071
 31007 555 53006 7998/=
 23320 76/// /2305 10045 20045 30044 40116 57012 333 20037 60002 555 53009 7000/=
 23324 11238 82303 10044 20041 30030 40106 57014 60032 76365 8872/ 333
 20034 55000 86705 555 53009 7004/=
 23405 12366 72402 10088 20080 30050 40147 57002
 60002 85630 333 20085 55021 85708 555 53005 7996/=
 23410 76/// /2203 10076 20070 30023 40117 57006 333 20035 60002 555 7000/=
 23411 11499 82602 10095 20093 30040 40127 54001 69952 70262 887// 333
 20046 32006 555 53007 7003/=
 23412 11499 72703 10085 20083 30025 40119 57006 69992 70252 87700 333 20037 55000 84710 555 53007 7002/=
 23416 NIL=
 23418 11460 81901 10072 20065 30064 40136 57006 60012 76162
 8672/ 333 20047 55002 86711 555 53008 7005/=
 23501 NIL=
 23503 11598 72501 10100 20085 30098 40147 54000 69932 70262 83530 333
 20052 555 53004 7001/=
 23507 66/// /2501 10086 20080 39865 40167 57005 60002 333 20085 555 53009 7000/=
 23509 12598 82301 10110 20084 30082 40158 58021 60002 8552/ 333 20077
 85625 555 53002 7990/=
 23514 12697 62502 10092 20090 39958 40149 57005 69912 83531 333 20046 55028 555 53006 7002/=
 23518 11397 82102 10069 20063 30057 40147 57010 60012 78082 889// 333
 20058 31007 55000 85708 555 53008 7004/ 91211=
 23606 12662 82402 10096 20088 30001 40167 57004 60002 885// 333 20085 55047 88633 555 53004 7991/=
 23612 11398 82102 10081 20081 30022 40154 57007 69902 70252 886// 333 20042 86708 555 53010 7002/=
 23701 12699 62302 10081 20075 30067 40194 57005 60002 81109 333 20081
 555 53008 7990/=
 23704 76/// /2602 10089 20089 39785 49897 58072 333 20089 60002 555 50119 7000/=
 23707 62498 72603 10096 20091 30074 40203 57005 60002 82940 333 20090 55002 555 53007 7990/=
 23708 12998 62403 10101 20085 30054 40200 57004 60002 82031 333 20101
 555 53007 7990/=
 23709 12398 82503 10105 20088 30005 40192 57004 69982 885// 333 20101
 88608 555 53007 7002/=
 23711 12998 72602 10106 20093 30004 40168 57006 60002 87030 333 20052 55030 555 53005 7993/=
 23803 11699 72102 10103 20090 30025 40200 58005 69952 70282 87400 333
 20090 55011 555 53008 7995/=
 23804 12697 72401 10106 20094 30068 40209 57005 69902 87530 333 20102
 55002 87636 555 53005 7990/=
 23807 11596 72403 10102 20100 30066 40223 57006 60002 71022 82530 333
 20096 55011 555 53007 7000/=
 23808 66/// /2203 10108 20092 30057 40221 57003 60002 333 20101 555 7000/=
 23812 12497 82702 10103 20092 30028 40186 57002 60002 885// 333 20089
 555 53006 7003/=
 23904 12670 82602 10109 20098 30083 40235 57003 60002 885// 333 20108
 88642 555 53005 7000/=
 23905 62599 82402 10107 20093 30006 40227 57003 60002 885// 333 20107
 30010 555 53005 7000/=
 23909 62598 82502 10107 20094 39984 40223 52001 60002 885// 333 20106
 30010 55020=
 23912 61497 80000 10096 20092 30018 40205 54001 69932 70282 8775/ 333
 20072 31005 555 53006 7995/=
 23913 62599 83101 10105 20087 39974 40196 52002 69982 889// 333 20097
 31008 55003 555 53007 7001/=
 23914 62498 72705 10096 20089 39958 40208 52001 69942 87500 333 20095
 30008 55003=
 28013 62598 82502 10107 20085 39998 40222 54001 60002 889// 333 20104
 30009 555 53006 7000/=
 28016 62599 72701 10106 20096 30013 40232 54001 60002 87500 333 20106
 30010 555 53005 7000/=
 28029 11699 82702 10107 20093 30002 40216 52005 69912 70262 8755/ 333
 20102 31009 55006 555 53005 7991/=
 28116 62499 72902 10105 20088 30009 40234 52001 60002 87500 333 20104
 30010 55006=
 28128 62599 73002 10113 20091 30079 40229 52008 60002 87500 333 20111
 30009 55006 555 53005 7000/=
 28134 61598 80000 10095 20087 39876 40218 52005 60002 72162 885// 333
 20068 31005 555 53003 7000/=
 28138 12599 52904 10087 20071 39652 40205 52003 60002 85300 333 20077
 30005 55012=
 28216 62699 72703 10089 20076 39954 40246 54000 60002 87500 333 20087
 30007 555 53004 7000/=
 28222 62598 82801 10113 20091 30041 40230 52008 60002 885// 333 20083
 30006 555 53005 7000/=
 28224 62670 82501 10104 20081 30025 40233 52006 60002 885// 333 20098
 30008 55006=
 28234 62599 83001 10096 20072 39952 40224 53004 60002 885// 333 20083
 30008 555 53005 7000/=
 28238 62599 72203 10090 20062 39923 40220 52007 60002 87500 333 20076
 30005 55007 555 53007 7000/=
 28313 62698 50000 10078 20062 30063 40252 52008 60002 82501 333 20076
 30006 555 53004 7000/=
 28319 62598 50000 10088 20071 3//// 4//// 5//// 60002 83530 333 20085
 30007=
 28321 62599 63102 10103 20079 30043 40242 52006 60002 82230 333 20089
 30007=
 28324 62699 82701 10097 20065 30128 40246 53008 60002 86489 333 20086
 30006 555 53006 7000/=
 28326 62598 70000 10094 20076 30050 40233 52008 60002 87500 333 20079
 30007 55008 555 53005 7000/=
 28413 62599 32501 10098 20060 30138 40258 51010 60002 83500 333 20097
 30009 555 53005 7000/=
 28428 62599 82601 10096 20053 30064 40246 53008 60002 885// 333 20095
 30009 555 53004 7000/=
 28429 62598 82802 10085 20056 39839 40243 52011 60002 889// 333 20080
 30008 555 53003 7000/=
 22983 12598 62401 10082 20079 30134 40237 57009 60002 82535 333 20082
 31008 55011 91003 91103 555 52006 53004 7000/=
 27083 12599 32001 10065 20062 30028 40249 57008 60002 82109 333 20063
 30005 91002 91103 555 52005 53004 7000/=
 27097 11550 82301 10065 20064 30003 40263 57003 60002 71022 85539 333
 20050 30004 91002 91103 555 52001 53004 7000/=
 27185 12998 70000 10019 20019 30091 40277 58001 60002 80005 333 20019
 30004 91000 91101 555 52001 53002 7000/=
 27199 11995 82501 10051 20050 30077 40274 52004 60002 71011 80001 333
 20044 30002 55022 91001 91102 555 52001 53003 7000/=
 27281 11910 63001 10028 20026 30074 40283 52001 60002 71222 80009 333
 20026 30002 91001 91101 555 52000 53002 7000/=
 27283 11998 20000 10030 20030 30121 40279 53001 60002 71200 81031 333
 20029 30000 91000 91102 555 52100 53003 7000/=
 27295 11459 80000 10022 20013 30030 40285 52004 60002 71022 886// 333
 20021 31001 91000 91101 555 52100 53001 7000/=
 27296 11918 80000 10040 20030 30059 40277 52003 60002 71011 80001 333
 20033 30004 55002 91001 91101 555 52101 53002 7000/=
 27385 115// 50000 10003 20002 30157 40291 52005 60002 71122 83530 333
 20000 30101 91000 91101 555 52102 53002 7000/=
 27393 11997 32301 10031 20025 30113 40285 52003 60002 71200 82031 333
 20027 30002 55000 91002 91104 555 52002 53004 7000/=
 27480 11905 21901 10017 20006 30161 40292 52003 60002 74440 80001 333
 20012 30001 91001 91102 555 52102 53002 7000/=
 28007 12999 62703 10085 20071 39999 40257 54000 60002 86030 333 20085
 30008 55033 91005 91105 555 52007 53006 7000/=
 28009 12598 72701 10099 20085 30045 40251 52002 60002 87500 333 20085
 31005 91004 91103 555 52003 53004 7000/=
 28105 12998 62101 10065 20059 30071 40263 54000 60002 86030 333 20044
 30004 91002 91103 555 52001 53003 7000/=
 28202 12671 73002 10084 20070 30044 40262 52003 60002 82531 333 20078
 30006 91004 91104 555 52006 53007 7000/=
 28302 11993 80000 10046 20037 30045 40274 52005 60002 74611 80001 333
 20043 30003 91000 91101 555 52001 53004 7000/=
 28307 12998 20000 10029 20019 30138 40284 52007 60002 80001 333 20028
 30002 91000 91102 555 52101 53003 7000/=
 28402 12998 62302 10069 20061 30099 40277 52007 60002 80005 333 20067
 30005 91003 91103 555 52004 53003 7000/=
 28502 12598 82501 10063 20032 30175 40278 52005 60002 86401 333 20048
 30004 55042 91002 91103 555 52001 53006 7000/=
 22550 12570 82002 10111 20098 30137 40147 57025 60002 889// 333 20102
 31008 55080 88626 555 53005 7000/=
 22778 12598 81602 10092 20085 30137 40205 57016 60002 8657/ 333 20046
 55037 555 53004 7000/=
 22889 12598 62802 10079 20079 30147 40232 57008 60002 82544 333 20061
 555 53004 7990/=
 22762 62597 61701 10098 20092 30150 40188 58020 60002 86500 333 20073
 555 53004 7000/ 91207=
 22638 46/// /1802 10106 20103 39914 40133 57038=
 22671 12398 82002 10090 20084 30091 40168 5//// 69902 886// 333 31///
 55044 86706 555 7990/=
 22456 12597 82001 10092 20092 30054 40139 58019 60002 885// 333 20078
 555 53006 7000/=
 22583 12498 82301 10100 20090 30084 40162 57008 
 60002 886// 333 20094 55020 555 53006 7990/=
 22749 NIL=
 22951 12598 82003 10094 20081 39931 40206 57032 60002 885// 333 20059
 555 53006 7000/=
 22887 11696 81702 10090 20086 30160 40229 57007 60002 71011 86531 
 333 20089 31007 55016 85635 555 53004 7000/=
 22876 12997 82102 10102 20092 30150 40221 57010 60002 8805/ 333 20093
 555 50123 53007 7990/ 91207=
 22481 11495 82203 10092 20086 30092 40144 57011 60002 71022 886// 333
 20072 555 53007 7990/=
 22854 12899 82004 10104 20085 39905 40186 57035 60002 8807/ 333 20085
 55047 91110 555 53010 7000/=
 22781 NIL=
 22676 12598 72103 10090 20080 30103 40179 57016 60002 87500 333 20087
 555 53007 7000/=
 22648 NIL=
 22559 62598 82002 10105 20093 30140 40156 57025 60002 8393/ 333 20083
 31007 55076 555 53005 7000/ 91211=
 22869 12697 71901 10089 20084 30081 40227 57018 60002 87500 333 20062
 87645 555 53003 7000/ 91206=
 22768 12597 71902 10098 20086 30145 40194 57023 60002 86570 333 20091
 55070 86632 555 53005 7000/=
 22798 11496 82301 10084 20084 30102 40212 57006 60002 71022 885// 333
 20076 555 53003 7990/=
 22375 46/// /2403 10098 20095 30113 40128 54010=
 23207 12498 82402 10101 20092 30092 40114 57007 60012 886// 333 20074
 55000 555 53008 7001/=
 23215 NIL=
 23219 NIL=
 27095 76/// /1601 10046 20050 30042 40273 57002 333 20029 60002 555 53004 7000/=
 22408 21382 82202 10117 20113 39966 40110 57012 70252 886// 333  
 20104 55047 60032 88707 555   7003/=
 22511 21359 82102 10115 20109 39996 40112 57016 76162 8772/ 333  
 20115 60012 87708 555   7001/=
 22529 21496 81901 10111 20105 30117 40124 57028 78182 889// 333  
 20101 60042 88918 555   7004/=
 22602 21474 82503 10118 20112 39911 40128 57002 70282 885// 333  
 20111 55024 60072 88613 555   7007/=
 22621 73269 /1803 10111 20107 39985 40120 57027 333   20108 55037
 60102 555   7010/=
 22619 21498 62503 10123 20117 39975 40128 57013 70282 86500 333  
 20106 55034 69952 555   7995/=
 22721 21597 83002 10126 20120 30042 40136 57019 70282 889// 333  
 20113 60042 86628 555   7004/=
 22727 76670 /2403 10138 20130 30110 40156 57008 333   20116 60022
 555   7002/=
 22717 73/70 /2402 10133 20125 39974 40163 52003 333   20112 60012
 555   7001/=
 22802 22598 72202 10142 20132 30150 40172 52002 87500 333   20133
 55004 69992 87631 555   7002/=
 22820 22598 82504 10139 20125 30030 40161 57004 8655/ 333   20107
 55029 60022 86633 91110 555   7002/=
 22831 21497 82201 10118 20109 30110 40163 57025 70282 889// 333  
 20077 55036 60042 88911 555   7004/=
 22805 225// 72503 10141 20137 30157 40181 52001 85531 333   20131
 55020 60022 555   7003/=
 22912 21584 62303 10151 20133 30171 40186 57001 70262 82530 333  
 20095 69982 555   7998/=
 
