09:31:00 MSK 21.06.2023
020 123456/=о000=0631
 унту01 бтул 210600
 22686 81598 83305 10108 20042 30059 40156 58001 70282 82935=
 22695 42598 73504 10099 20022 39987 40135 51003 83130=
 22996 82599 73303 10094 20038 39941 40121 51006 87500=
 23220 42598 83002 10070 20005 39936 40073 54000 885//=
 23226 41560 73606 10054 21004 39870 40080 53001 71082 87500 333 87621 
 91011 91111=
 23305 42999 73405 10056 20031 30135 40162 54000 87070=
 23320 66/// /0304 10044 21001 30037 40109 52006 60002 333 20036=
 23324 42582 83605 10048 20005 30032 40108 52004 885// 333 88622=
 23405 42477 53505 10062 20033 30056 40155 52003 85500 333
 85613 91010 91110=
 23410 66/// /3405 10065 20018 30026 40121 52004 60002 333 20057 91111=
 23411 42599 70304 10087 20039 30048 40135 51002 84531 333 91110=
 23412 42599 70205 10082 20029 30028 40122 52002 87500 333 87626 91110=
 23416 NIL=
 23418 42565 73505 10084 20025 30035 40106 52002 86530
 333 86633 91011 91111=
 23501 NIL=
 23503 42598 73504 10111 20036 30082 40130 54000 83931=
 23507 86/// /0304 10066 20039 39843 40147 52009=
 23509 42598 83503 10086 20034 30048 40124 51006 8641/ 333 88621=
 23514 42597 70204 10104 20040 39918 40107 52003 86939 333 85922=
 23518 42598 80106 10101 20029 39995 40083 51003 85589 333 91012 91114
 555 53014=
 23606 42462 83603 10077 20046 39952 40114 52009 885// 333 88614 91110=
 23701 41580 83604 10083 20041 30009 40135 52006 70282 8692/ 333 86924=
 23704 66/// /3602 10079 20054 39926 40039 55004 60002 333 20061=
 23707 81598 80103 10083 20046 39998 40126 52006 72582 8697/ 333 84623=
 23708 41582 73505 10089 20046 39968 40113 52006 72582 87900 333 86624=
 23709 81598 83404 10092 20034 39910 40096 52005 70282 889// 333 85924=
 23711 42598 73503 10101 20043 39911 40074 52002 86570 333 86631=
 23803 43/// ///// 1//// 2//// 3//// 4//// 5////=
 23804 81596 83503 10087 20046 39979 40120 52005 78082 8592/ 333 85929=
 23807 42497 83403 10085 20048 39967 40124 52003 8695/ 333 86617=
 23808 NIL=
 23812 82597 73603 10105 20036 39906 40062 52002 87800=
 23904 42570 83502 10087 20035 39966 40118 52003 883// 333 86929=
 23905 82599 83503 10085 20024 39879 40099 52002 889//=
 23909 82598 83404 10090 20027 39845 40082 52002 888//=
 23912 81498 83503 10087 20038 39874 40060 52005 70282 8655/=
 23913 81597 83104 10079 20031 39821 40042 52008 78082 889//=
 23914 81499 83302 10083 20034 39811 40060 52007 70282 889// 333
 91110=
 28013 82598 83105 10088 20016 39849 40072 52004 889// 333 91110=
 28016 82599 73406 10090 20021 39864 40081 52003 87500 333 91011
 91111=
 28029 82699 83303 10090 20034 39838 40050 52005 885//=
 28116 82499 83404 10080 20013 39854 40078 52007 885// 333 91110=
 28128 82599 83303 10088 20027 39913 40061 52006 885//=
 28134 81698 83301 10070 20039 39707 40047 52006 70262 8651/=
 28138 41599 83004 10047 20029 39480 40032 52010 70282 883//=
 28216 82599 83204 10081 20011 39788 40076 52008 887//=
 28222 82598 83401 10086 20027 39871 40059 52008 885//=
 28224 82570 73404 10088 20015 39853 40059 52008 87500=
 28234 81598 83302 10073 20037 39776 40045 52008 70262 882//=
 28238 81498 83104 10069 20043 39743 40037 52010 76162 8872/ 333
 91110=
 28313 82598 83303 10093 20024 39890 40076 52006 885//=
 28319 82598 83102 10102 20021 39917 40157 52003 8657/=
 28321 82599 83503 10087 20028 39871 40068 52006 8618/=
 28324 82599 83403 10100 20020 39951 40067 52007 884//=
 28326 82598 73104 10090 20037 39871 40050 52008 87500=
 28413 82599 83303 10110 20026 39964 40081 52004 88800=
 28428 82598 83104 10104 20022 39885 40063 52005 889//=
 28429 82598 73004 10097 20027 39655 40051 52005 87900=
 22983 41498 83402 10088 20050 30043 40145 52004 70282 889// 333 91004
 91106=
 27083 42599 73604 10094 20015 39913 40129 52004 87800 333 91008
 91109=
 27097 42498 73404 10085 20032 39871 40126 52006 87900 333 91008
 91109=
 27185 42598 83203 10106 20023 39953 40131 52005 8537/ 333 91005
 91107=
 27199 41598 63301 10107 20032 39928 40118 52004 72582 86300 333 91004
 91107=
 27281 42582 83305 10107 20025 39936 40136 52006 8225/ 333 91008
 91108=
 27283 42598 83504 10105 20036 39977 40128 52007 888// 333 91006
 91107=
 27295 42598 83103 10095 20035 39879 40122 52008 884// 333 91005
 91107=
 27296 42598 83303 10101 20047 39902 40112 52006 889// 333 91005
 91106=
 27385 429// 73202 10113 20044 30003 40127 52006 87030 333 91005
 91105=
 27393 42498 83304 10105 20045 39952 40117 52005 889// 333 91007
 91107=
 27480 42998 83002 10115 20066 30009 40133 52005 8805/ 333 91004
 91104=
 28007 42599 63605 10088 20014 39860 40114 52006 86500 333 86622 91007
 91111=
 28009 41498 83503 10082 21005 39904 40109 52009 72522 889// 333 91008
 91108=
 28105 41598 73602 10097 20020 39917 40110 52006 72582 86230 333 91007
 91107=
 28202 42582 83603 10108 20036 39885 40098 52004 86901 333 91009
 91109=
 28302 42598 83403 10099 20026 39879 40100 52004 86901 333 91006
 91109=
 28307 42498 83203 10117 20040 39973 40112 52005 8645/ 333 91007
 91107=
 28402 42598 83503 10109 20025 39931 40104 52005 888// 333 91006
 91108=
 28502 42598 70105 10130 20033 30001 40100 52003 85930 333 91009
 91109=
 22550 82597 62902 10105 20033 30203 40213 54000 86500 333 86631=
 22778 42598 63403 10116 20044 30107 40175 52001 85570=
 22889 41498 83104 10091 20054 30060 40144 52003 70282 888// 333
 88616=
 22762 82998 03402 10118 20037 30159 40197 52003=
 22638 NIL=
 22671 42698 23402 10117 20046 30114 40191 54001 82100=
 22456 42597 73002 10069 20035 30124 40211 58001 87500=
 22583 42698 13104 10097 20036 30095 40173 54000 81100=
 22749 42598 80401 10083 20027 30087 40210 52007 885// 333 88632=
 22951 42598 80402 10064 20015 39931 40209 52009 885//=
 22887 41599 83403 10092 20059 30086 40154 52005 70282 8355/=
 22876 42597 73302 10105 20053 30092 40163 54001 87500 333 87630=
 22481 42698 83203 10062 20031 30143 40195 54000 885//=
 22854 42599 70402 10069 20010 39925 40210 52009 87500 333 87626=
 22781 NIL=
 22676 42498 43205 10121 20043 30098 40173 57002 84200=
 22648 42598 71801 10091 20020 30173 40219 52005 87500 333 87633=
 22559 82598 50502 10101 20033 30194 40210 54000 85500=
 22869 42597 53503 10108 20024 30039 40183 52003 85800 333 85821=
 22768 42697 63604 10122 20030 30142 40190 52003 86500=
 22798 42598 83301 10098 20045 30028 40138 52002 885//=
 22375 NIL=
 23207 41499 83204 10049 20022 30146 40169 57006 70252 886//=
 23215 42498 83506 10059 20012 30043 40130 52001 885// 333 88618=
 23219 NIL=
 27095 66/// /3203 10084 20047 39906 40129 52004 60002 333 20069=
 22408 11699 81404 10134 20078 30034 40178 57008 69902 72582 8397/
 333   20094 30010=
 22511 11574 81702 10134 20050 30070 40187 57006 69902 78082 8691/
 333   20085 31008 86921=
 22529 12599 40901 10137 20049 30203 40210 57006 60002 81502 333  
 21019 30004=
 22602 12599 51501 10164 20061 39967 40182 57012 60002 83531 333  
 20100 30008=
 22621 12998 01902 10136 20009 30072 40207 57006 60002 333   20022
 30///=
 22619 12984 31002 10132 20054 30048 40202 57004 60002 80005 333  
 20063 30007=
 22721 12998 41201 10123 20063 30116 40211 57003 60002 80001 333  
 20025 31006=
 22727 12970 01703 10123 20068 30170 40217 52002 60002 333   20057
 30///=
 22717 12998 21101 10154 20061 30019 40205 57001 60002 81031 333  
 20074 31///=
 22802 12999 41702 10172 20090 30177 40199 57001 60002 80001 333  
 20084 30010=
 22820 12968 60903 10122 20053 30081 40214 52003 60002 80004 333  
 20036 30005=
 22831 12998 21002 10130 20031 30156 40210 54000 60002 80001 333  
 20059 30006=
 22805 12998 21204 10146 20094 30184 40203 51001 60002 80001 333  
 20088 30009=
 22912 12999 30801 10156 20053 30193 40208 52004 60002 80001 333  
 20010 30006=
 
