09:31:00 MSK 11.06.2023
020 123456/=о000=0631
 унту01 бтул 110600
 22686 81598 73105 10054 21002 30159 40259 52014 72582 86970 333 91110=
 22695 41498 73006 10043 21004 30082 40234 52014 72562 86930 333 86916
 91012 91112=
 22996 82599 73103 10084 20018 30068 40255 52009 87900=
 23220 41598 83105 10081 20056 39901 40037 53005 70282 8693/=
 23226 42360 83506 10061 20047 39837 40045 52002 887// 333 20057 86708 
 91010 91110=
 23305 42699 83207 10052 20003 30175 40202 52017 885// 333 91011 91114=
 23320 66/// /3103 10054 20042 30015 40086 52015 60002 333 20037=
 23324 41480 83505 10052 20040 30007 40082 53020 70285 886// 333 88710=
 23405 42578 73305 10054 21013 30108 40207 52016
 86530 333 86625 91112=
 23410 66/// /3006 10011 20001 30030 40127 52025 60002 333 20007 91012 91113=
 23411 41498 83506 10041 20001 30075 40163 52023 76176 8772/ 333 91012
 91115=
 23412 41397 83407 10022 20013 30040 40137 52027 76176 8872/ 333 85707 91012 91113=
 23416 NIL=
 23418 41457 83006 10026 20010 30063 40136 52025 76176 8872/
 333 86711 91010 91110=
 23501 NIL=
 23503 41598 83204 10048 21006 30135 40185 52018 76062 885// 333 88624 91112=
 23507 86/// /3304 10037 21013 39910 40220 52015 333 91111=
 23509 42598 73807 10055 21016 30115 40198 52020 87500 333 87635=
 23514 41497 83003 10027 20021 39972 40168 52019 76176 8672/ 333 84710 91011 91112=
 23518 41497 83205 10028 20010 30046 40137 53022 78082 889// 333 84713
 91110 555 53010=
 23606 42662 83103 10057 21008 30027 40192 52015 8653/ 333 86633=
 23701 42684 73404 10062 21017 30105 40233 52011 86460 333 91110=
 23704 66/// /3103 10064 21002 39926 40039 55004 60002 333 20027=
 23707 81599 53307 10072 20001 30102 40233 52011 70381 85500 333 91010=
 23708 42598 73004 10050 21026 30076 40225 52018 87500 333 87622 91110=
 23709 81498 82905 10050 21008 30013 40204 52015 78782 889// 333 20027 85911 91010 91111=
 23711 41498 83003 10039 20007 30006 40174 53018 72582 8697/ 333 20037 86915=
 23803 42599 80102 10063 20019 30030 40208 53015 889//=
 23804 81596 73102 10062 20035 30091 40235 52012 78081 84340=
 23807 41496 73005 10062 20028 30086 40246 52010 78082 87900 333 84915=
 23808 NIL=
 23812 81497 72904 10054 20014 30017 40178 52009 72582 86930 333 91111=
 23904 42570 73103 10082 20020 30089 40244 52010 87300 333 85627 91010
 91110=
 23905 82599 73104 10071 21015 30005 40230 52012 87500=
 23909 81598 73003 10068 20019 39973 40215 52012 72722 86370=
 23912 81598 73006 10070 20011 30002 40191 52010 72582 87900=
 23913 81599 83005 10075 21011 39950 40175 51006 78082 889// 333 91011
 91111=
 23914 82599 82905 10070 20002 39942 40195 52010 889//=
 28013 82598 72803 10080 20006 39982 40209 52010 87900=
 28016 82599 72804 10086 21002 39999 40219 52011 87900 333 91110=
 28029 82599 63004 10089 20016 39983 40198 52005 86900=
 28116 82599 73204 10094 21002 39995 40221 52012 87900=
 28128 82599 73403 10089 20012 30064 40214 52006 87500=
 28134 82598 72801 10094 20012 39859 40202 52005 87800=
 28138 42599 72904 10065 21011 39643 40201 52014 87300 333 91110=
 28216 82599 72904 10102 21019 39935 40225 51006 87900=
 28222 82598 82902 10111 20009 30026 40215 51008 86201=
 28224 82670 73003 10092 20003 30012 40221 52009 87900=
 28234 82599 73102 10095 21002 39941 40213 52012 83230=
 28238 82599 83104 10089 20003 39911 40208 52013 888//=
 28313 82598 63303 10114 21014 30044 40231 50006 86200=
 28319 82599 63302 10115 21019 30078 40238 52009 86800=
 28321 82599 73303 10114 20007 30028 40226 51007 85430=
 28324 82599 73003 10117 21027 30113 40231 52010 87300=
 28326 82598 63203 10107 20010 30038 40220 52012 86500=
 28413 82599 73503 10125 21016 30119 40238 51006 87200=
 28428 82599 63304 10127 21017 30048 40227 52008 84531 333 91110=
 28429 82698 63304 10104 21004 39820 40222 52019 83101 333 91111=
 22983 42698 63004 10090 20006 30162 40265 52005 84230 333 91009
 91109=
 27083 42599 63204 10083 20000 30043 40263 52009 86800 333 91007
 91107=
 27097 42498 73204 10088 20020 30005 40263 52011 87900 333 91008
 91108=
 27185 42598 63202 10093 20015 30092 40273 52009 86300 333 91005
 91107=
 27199 42598 63202 10095 20024 30070 40264 52010 86300 333 91004
 91107=
 27281 42582 73303 10085 20008 30075 40280 52008 87200 333 91005
 91106=
 27283 42598 63604 10097 20018 30119 40272 52009 86200 333 91007
 91107=
 27295 42598 62902 10092 20012 30020 40268 52010 82580 333 91005
 91106=
 27296 42598 73103 10110 20017 30044 40257 52008 83930 333 91006
 91106=
 27385 425// 33303 10107 20014 30146 40273 52006 83500 333 91006
 91106=
 27393 42598 63304 10112 20019 30097 40264 52007 86100 333 91006
 91109=
 27480 42698 53501 10132 20043 30152 40277 52006 85100 333 91005
 91105=
 28007 42599 73304 10082 20006 39995 40253 52013 85203 333 91006
 91107=
 28009 41498 63003 10099 20003 30035 40241 52011 72522 86900 333 91006
 91107=
 28105 42598 63002 10094 20012 30056 40252 52009 86200 333 91005
 91106=
 28202 42683 63303 10101 20019 30028 40245 52010 85231 333 91007
 91108=
 28302 42598 63003 10106 20009 30025 40248 52008 86200 333 91006
 91107=
 28307 42498 33003 10123 20016 30119 40259 52005 83100 333 91008
 91108=
 28402 42698 63204 10114 20005 30078 40253 52004 86201 333 91006
 91106=
 28502 42598 23503 10129 21002 30153 40254 52006 82200 333 91006
 91108=
 22550 82997 72802 10120 20031 30266 40276 54000 84032=
 22778 42598 53304 10080 20004 30213 40282 52006 84570 333 91110=
 22889 42598 62805 10075 20003 30178 40264 52007 86800 333 86820 91010
 91111=
 22762 82998 82802 10087 20032 30252 40291 52002 8005/=
 22638 NIL=
 22671 42598 62701 10094 20028 30189 40267 57002 82931=
 22456 42598 23103 10118 20031 30173 40259 57002 81109=
 22583 41598 73203 10060 20004 30169 40250 52010 70288 86870 333
 91110=
 22749 42998 83001 10105 20018 30173 40296 57005 84035=
 22951 42998 82901 10105 20000 30030 40307 52003 80009=
 22887 42699 63106 10081 20015 30203 40272 52010 84530 333 91010 91111=
 22876 42597 43103 10086 20008 30204 40278 52006 84500 333 91110=
 22481 NIL=
 22854 42899 62502 10095 20001 30015 40300 54000 83039=
 22781 NIL=
 22676 42498 73104 10070 20011 30191 40268 52003 87800=
 22648 41998 61901 10135 20018 30246 40291 58005 70142 82031=
 22559 82698 73104 10122 20028 30260 40276 57003 84834=
 22869 42597 73103 10093 20015 30151 40298 52005 87800 333 87632=
 22768 42697 73402 10101 20017 30244 40293 52004 82830=
 22798 41498 62901 10082 20014 30138 40249 51012 70282 86900=
 22375 NIL=
 23207 41597 73206 10046 20012 30191 40214 52013 78082 87900 333 91010
 91110=
 23215 41497 83410 10026 20007 30045 40134 52026 78086 889// 333 20010
 88915 91016 91117=
 23219 NIL=
 27095 66/// /3003 10055 20036 30039 40267 52016 60002 333 20028=
 22408 12999 62403 10152 20038 30119 40263 57009 60002 80009 333  
 20013 31003=
 22511 12998 62403 10166 20010 30151 40267 57006 60002 80005 333  
 20029 30003=
 22529 12599 72401 10140 20068 30266 40273 57001 60002 87500 333  
 21009 32004 87627=
 22602 12999 12403 10161 20009 30063 40280 57003 60002 80001 333  
 20025 30003=
 22621 12998 22803 10164 20017 30144 40279 54000 60002 80001 333  
 20051 31///=
 22619 12982 22804 10164 20048 30129 40282 54000 60002 80005 333  
 20061 30006=
 22721 12999 32802 10162 20021 30194 40289 52003 60002 80001 333  
 20043 31005=
 22727 12970 22501 10154 20055 30254 40300 54000 60002 80001 333  
 20040 31///=
 22717 12998 12502 10156 20021 30116 40304 57002 60002 80001 333  
 20049 31///=
 22802 12999 12001 10165 20053 30287 40310 57004 60002 80001 333  
 20025 30003=
 22820 12970 32703 10150 20039 30170 40303 52002 60002 80001 333  
 20065 31003=
 22831 12698 62101 10109 20054 30244 40298 57003 60002 82530 333  
 21008 31000=
 22805 12998 21701 10083 20043 30304 40324 52003 60002 80001 333  
 20058 30005=
 22912 12999 22702 10159 20055 30303 40318 54000 60002 80001 333  
 21010 31003=
 
