06:31:00 MSK 25.08.2023
020 123456/=о000=0331
 уйту01 бтул 250300
 22686 62498 83203 10088 20072 39997 40094 52003 60002 86531 333 20082 31007 55000 86618 555 53008 7001/=
 22695 12698 53204 10072 20052 39924 40073 51003 69952 83530 333 20072
 31007 555 53008 7002/=
 22996 62598 73102 10081 20079 39902 40082 54000 69902 87900 333 20077
 31009 55040 555 53006 7995/=
 23220 11497 82603 10090 20085 39796 49931 57013 60052 76162 8872/ 333 20082 31008 55012 555 53007 7006/=
 23226 11356 83106 10084 20080 39728 49933 57018 60072 76162 887// 333 
 20081 32008 86707 555 53010 7009/=
 23305 12699 73305 10091 20078 30032 40059 58001 60002 87500 333 20088
 31009 555 53009 7001/=
 23320 76/// /3102 10084 20073 39916 49986 57003 333 20081 60002 555 53006 7000/=
 23324 11576 73103 10089 20083 39901 49975 58008 69962 72582 81940 333
 20082 55024 555 53007 7001/=
 23405 11363 83203 10083 20079 39966 40062 52004
 60022 72022 886// 333 20082 31009 55000 85707
 555 53009 7006/=
 23410 76/// /2903 10096 20081 39913 40005 57003 333 20070 60002 555 7000/=
 23411 11498 83204 10093 20085 39942 40028 58003 69952 76162
 8802/ 333 20093 32009 555 53010 7003/ =
 23412 12499 83303 10097 20085 39918 40011 58003 69972 887// 333 20083 31007 55050 85710 555 53008 7001/=
 23416 NIL=
 23418 12365 83003 10101 20093 39942 40012 52004 69952 8665/
 333 20080 31006 55016 86709 555 53007 7007/=
 23501 NIL=
 23503 12498 83402 10098 20074 39995 40043 52004 60002 885// 333 20097 32009 88615 555 53007 7004/ 91210=
 23507 66/// /3502 10077 20077 39765 40065 52003 60002 333 20075 555 53008 7000/=
 23509 11498 83603 10098 20081 39971 40047 53020 60012 72162 885// 333
 20084 31009 88618 555 53005 7002/=
 23514 11297 83303 10091 20088 39840 40028 52005 60012 75152 886// 333 20084 32007 55002 88706 555 53007 7004/=
 23518 12498 83503 10088 20076 39920 40007 52010 69912 887// 333 20074
 31008 55012 84711 555 53007 7005/ 91207=
 23606 12362 83302 10101 20101 39878 40038 52005 69942 887// 333 20095 31011 55000 86708 555 53007 7002/=
 23612 11398 83203 10086 20085 39881 40010 52008 69992 70282 886// 333 20079 32010 86707 555 53006 7006/=
 23701 11483 83302 10086 20072 39944 40069 52005 69962 70282 8697/ 333
 20085 31009 86913 555 53008 7001/=
 23704 76/// /3202 10087 20087 39621 49730 57008 333 20087 60002 555 50090 7000/=
 23707 62598 83103 10091 20076 39938 40066 52003 69902 889// 333 20088 31009 55000 85620 555 53008 7993/=
 23708 12584 83202 10092 20075 39911 40055 52006 69972 885// 333 20088
 88623 555 53009 7002/ 91210=
 23709 12397 82903 10095 20078 39854 40038 52004 69972 887// 333 20088
 32009 86709 555 53007 7003/=
 23711 11498 83402 10101 20091 39854 40016 52007 60032 70282 8693/ 333 20093 31010 55000 86917 555 53006 7005/=
 23803 11499 83402 10091 20070 39869 40041 52003 60012 72052 886// 333
 20077 31007 55000 555 53009 7003/=
 23804 61396 83002 10086 20082 39925 40065 52002 69912 78082 889// 333 20086 31009 55000 86708 555 53007 7995/=
 23807 11496 82902 10081 20081 39920 40077 53001 60012 72582 889// 333
 20078 31008 55025 85917 555 53006 7002/=
 23808 NIL=
 23812 11496 73302 10100 20087 39858 40013 52005 60032 78082 87930 333
 20088 31008 555 53005 7007/=
 23904 12370 83102 10084 20079 39924 40076 54000 60012 886// 333 20078
 31009 88708 555 53005 7001/=
 23905 61599 82902 10081 20076 39839 40059 54000 69932 70252 885// 333
 20077 31009 555 53006 7001/=
 23909 61298 82902 10083 20079 39811 40047 52003 69982 72585 883// 333
 20076 31009 55009=
 23912 61497 83003 10093 20090 39837 40021 52003 60022 78082 8795/ 333
 20083 31009 555 53006 7008/=
 23913 61597 82201 10086 20082 39795 40015 52002 60012 78082 889// 333
 20080 31009 55000 555 53006 7006/=
 23914 61496 82904 10085 20082 39780 40027 52002 60012 75052 886// 333
 20078 31009 55000=
 28013 61396 82804 10083 20072 39820 40043 54001 60012 75165 886// 333
 20077 31009 555 53007 7003/=
 28016 61496 82903 10083 20080 39836 40053 54000 60002 71022 886// 333
 20079 30009 555 53008 7993/=
 28029 61396 82803 10085 20078 39823 40034 54000 60022 75052 886// 333
 20080 31009 55004 555 53007 7002/=
 28116 61499 83003 10087 20065 39833 40055 57003 60002 70265 885// 333
 20080 30009 55013=
 28128 61599 83002 10091 20078 39902 40050 57001 69932 70262 8802/ 333
 20085 31009 55012 555 53008 7002/=
 28134 61495 82701 10074 20070 39703 40042 57001 60012 75052 886// 333
 20070 31008 555 53005 7009/=
 28138 11596 82504 10061 20052 39491 40040 52004 69992 71022 885// 333
 20059 31006 55005=
 28216 61496 82803 10075 20068 39781 40069 54000 60012 75065 886// 333
 20073 31008 555 53009 7002/=
 28222 62597 82602 10085 20074 39866 40054 54000 69952 886// 333 20082
 31009 555 53008 7003/=
 28224 61570 83003 10086 20066 39854 40060 52001 69932 76086 885// 333
 20083 31009 55039=
 28234 62598 82602 10084 20066 39784 40053 54001 69932 885// 333 20075
 31010 555 53006 7003/=
 28238 61599 82702 10078 20060 39758 40051 54001 69982 76162 885// 333
 20072 31008 55019 555 53006 7002/=
 28313 61498 82901 10083 20070 39889 40075 52002 69952 76162 887// 333
 20080 31010 555 53008 7995/=
 28319 12599 72901 10086 20068 39921 40079 53003 60002 87500 333 20070
 30008=
 28321 61598 82902 10083 20071 39871 40068 54001 60012 76186 8652/ 333
 20080 31008=
 28324 61597 83002 10094 20068 39954 40071 52003 69952 76162 884// 333
 20078 31008 555 53007 7995/=
 28326 61597 72903 10090 20074 39881 40061 52001 69932 78082 87300 333
 20087 30009 55059 555 53009 7993/=
 28413 62599 73002 10093 20058 39967 40085 52004 60002 86530 333 20084
 30009 555 53008 7000/=
 28428 62599 72701 10086 20066 39894 40073 52003 60002 87500 333 20059
 30004 555 53004 7000/=
 28429 62898 62401 10078 20070 39673 40072 52003 60002 83035 333 20060
 30006 555 53006 7000/=
 22983 12598 83101 10085 20066 30000 40102 52002 60002 885// 333 20073
 30008 55091 91002 91104 555 52004 53004 7000/=
 27083 12599 62903 10078 20061 39880 40097 52001 60002 86500 333 20069
 30007 91005 91105 555 52005 53005 7000/=
 27097 12998 63003 10086 20074 39843 40097 52001 69902 86030 333 20078
 30009 91005 91106 555 52006 53006 7990/=
 27185 12698 62902 10076 20061 39930 40109 52002 60002 82531 333 20066
 30008 91003 91103 555 52005 53004 7000/=
 27199 12598 82901 10087 20064 39906 40097 57001 60002 889// 333 20057
 30006 55111 91003 91104 555 52003 53004 7000/=
 27281 12982 63101 10057 20054 39914 40117 52001 60002 85039 333 20049
 30006 91002 91102 555 52003 53003 7990/=
 27283 12498 63202 10087 20068 39954 40105 54000 60002 84530 333 20046
 30006 91003 91104 555 52002 53006 7996/=
 27295 12998 70000 10065 20054 39861 40108 54000 60002 87070 333 20046
 31003 91000 91101 555 52000 53004 7000/=
 27296 12980 80000 10075 20062 39887 40099 57001 60002 8807/ 333 20057
 31005 55090 91001 91101 555 52101 53003 7002/=
 27385 129// 52901 10069 20061 39988 40114 52003 60002 85030 333 20065
 30007 91001 91102 555 52002 53005 7000/=
 27393 12598 72402 10081 20064 39939 40105 54000 60002 86530 333 20052
 30005 55073 91003 91104 555 52002 53010 7000/=
 27480 12998 63001 10100 20085 39995 40119 52004 60002 86031 333 20082
 30010 91002 91102 555 52007 53002 7000/=
 28007 11599 83103 10077 20062 39832 40086 54000 69982 72582 8235/ 333
 20072 31008 55055 91004 91105 555 52007 53009 7998/=
 28009 11498 83002 10080 20068 39874 40078 57001 60012 70282 889// 333
 20073 31009 91004 91105 555 52008 53006 7001/=
 28105 12998 72701 10079 20070 39900 40087 54000 69972 87030 333 20072
 31010 91002 91103 555 52006 53006 7997/=
 28202 11577 83103 10080 20059 39869 40084 57003 69952 70282 8697/ 333
 20073 31008 91005 91105 555 52007 53005 7003/=
 28302 12598 80000 10079 20058 39871 40093 57002 60002 8397/ 333 20071
 31006 91000 91102 555 52005 53004 7001/=
 28307 12498 80000 10088 20066 39962 40102 54000 60002 8643/ 333 20069
 30007 91000 91103 555 52003 53007 7000/=
 28402 12698 72501 10080 20067 39925 40099 52001 69902 83570 333 20069
 30008 91002 91103 555 52004 53004 7990/=
 28502 12598 73102 10117 20067 30000 40100 52004 60002 84881 333 20104
 30012 55124 91003 91103 555 52009 53006 7000/=
 22550 12997 83401 10093 20080 30136 40146 52001 60002 8805/ 333 20086
 31010 55111 555 53006 7000/=
 22778 12498 83102 10081 20066 30048 40116 52002 60002 8257/ 333 20054
 30007 55077 555 53006 7000/=
 22889 12498 82803 10084 20073 30014 40098 52002 60002 8653/ 333 20079
 31009 86616 555 53005 7990/=
 22762 62697 82802 10085 20078 30096 40134 52002 60002 8653/ 333 20073
 30008 555 53004 7000/ 91207=
 22638 46/// /1500 11007 21007 39944 40172 52002=
 22671 12398 73202 10091 20080 30040 40117 52002 60002 86930 333 20086
 30009 55007 86707 555 53006 7000/=
 22456 12/// /3501 10078 20078 30055 40141 52002 60002 333 20077 3/009
 555 53005 7000/=
 22583 12598 73102 10090 20063 30019 40097 52003 60002 86570 
 333 20086 31009 55018 555 53007 7994/=
 22749 NIL=
 22951 12598 60000 10085 20079 39879 40154 52003 60002 86500 333 20061
 31007 555 53003 7990/=
 22887 12599 83104 10090 20084 30040 40108 54000 60002 8355/
 333 20078 30007 55102 53007 7000/=
 22876 12497 82701 10085 20074 30041 40112 54001 60002 889// 333 20078
 30009 88918 555 50115 53007 7000/ 91209=
 22481 12598 83103 10088 20079 30056 40107 52001 69942 885// 333 20084
 31009 555 53006 7997/=
 22854 12899 23301 10051 20047 39868 40153 51001 60002 82040 333 20040
 30004 55046 555 53003 7000/=
 22781 NIL=
 22676 11496 83003 10088 20081 30030 40105 52001 60002 71022 886// 333
 20085 31009 555 53009 7000/=
 22648 NIL=
 22559 62598 73202 10092 20072 30126 40142 52001 69902 82530 333 20086
 31010 55072 555 53005 7990/=
 22869 12997 72902 10059 20057 39994 40140 52004 60002 80050 333 20028
 31004 555 53006 7000/ 91207=
 22768 12597 63002 10082 20065 30085 40134 52001 60002 86500 333 20072
 30006 55108 86632 555 53004 7000/=
 22798 12498 82401 10087 20078 39973 40082 53003 60002 8595/ 333 20080
 31009 555 53007 7001/=
 22375 46/// /3504 10091 20076 30102 40117 57002=
 23207 11495 83203 10083 20079 30046 40068 57004 69962 75352 886// 333
 20077 55009 555 53008 7002/=
 23215 NIL=
 23219 NIL=
 27095 76/// /3002 10075 20075 39881 40104 54001 333 20063 60002 555 53005 7000/=
 22408 22899 73502 10094 20082 30021 40167 52002 80070 333   20090
 55101 60002 555   7000/=
 22511 22998 80000 10091 20077 30045 40163 52001 8807/ 333   20063
 60002 555   7000/=
 22529 22599 72802 10050 20048 30152 40159 54000 87500 333   21007
 60002 87625 555   7000/=
 22602 22477 60000 10069 20063 39940 40162 52002 85530 333   20068
 55133 60002 85612 555   7000/=
 22621 73/68 /0000 10037 20033 30029 40168 52001 333   20026 55101
 60002 555   7000/=
 22619 22498 50000 10093 20087 30005 40160 52004 85500 333   20080
 55103 60002 555   7000/=
 22721 22698 23001 10033 20029 30069 40167 52004 81501 333   20032
 60002 555   7000/=
 22727 76870 /0501 10091 20086 30112 40159 52002 333   20072 60002
 555   7000/=
 22717 73/70 /0901 10114 20097 39962 40153 52001 333   20105 60002
 555   7000/=
 22802 21434 80803 10123 20118 30118 40141 57003 78182 8692/ 333  
 20122 55000 60042 86912 555   7011/=
 22820 22670 72701 10094 20085 30025 40158 52002 86530 333   20069
 55048 60002 86636 555   7000/=
 22831 22998 60000 10048 20042 30104 40159 52004 86030 333   20029
 55106 60002 555   7000/=
 22805 22598 81306 10157 20137 30114 40137 57002 884// 333   20148
 55026 60012 91110 555   7003/=
 22912 22599 61401 10112 20098 30134 40149 52002 82430 333   20108
 69902 555   7992/=
 
