18:31:00 MSK 05.04.2023
020 123456/=о000=1531
 уйту01 бтул 051500
 22686 12998 73205 10028 21061 30158 40259 52009 69902 86075 333 10038 91111 555 50003 53011=
 22695 12598 73205 10020 21066 30084 40238 52013 69932 86530 333 10036
 86622 91010 91112 555 50012 53012=
 22996 12999 23505 10078 20000 30019 40202 52014 60002 82021 333 10127
 91110 555 50060 53010=
 23220 11496 82203 11066 21082 39985 40130 57004 69902 78582 889// 333 11031 555 51101 53005=
 23226 11458 82303 11074 21083 39909 40131 57006 69972 77072 8655/ 333 
 11065 86615 555 51122 53009=
 23305 11499 83607 11059 21091 30233 40262 52052 69952 73683 885// 333
 10014 88615 91010 91114 555 51028 53014=
 23320 76/// /2703 11016 21052 30080 40154 52005 333 60002 555 51018 53009=
 23324 11457 72503 11022 21038 30062 40141 58005 69922 78582 87900 333
 10015 85917 555 51038 53009=
 23405 11465 83609 11023 21045 30138 40239 52029
 69942 73683 8695/ 333 10019 86917 91013 91113 555
 51009 53013=
 23410 76/// /3109 11039 21059 30087 40186 53022 333 60002 91014 91115=
 23411 11499 83507 11059 21085 30132 40224 53044 69902 73673
 887// 333 10019 91012 91115 555 51013 53015=
 23412 11499 73307 11046 21074 30098 40198 52030 69922 73683 87300 333 10022 85916 91012 91113 555 51024 53013=
 23416 NIL=
 23418 12965 83105 10014 21041 30106 40180 53008 60022
 8805/ 333 10030 91110 555 51009 53010=
 23503 11497 83304 11001 21035 30166 40217 53019 60012 78582 8595/ 333 10037 91110 555 51011 53010=
 23507 66/// /3404 11005 21044 39921 40236 52015 60002 333 10024 91110 555 51003 53010=
 23509 12598 63204 10024 21055 30135 40213 52016 69992 86500 333 10047
 86625 91111 555 50001 53011=
 23514 12597 73104 10010 21051 30003 40200 53015 60022 86930 333 10031 85925 91110 555 51009 53010=
 23518 12598 23304 10016 21073 30086 40178 52007 69992 81941 333
 10033=
 23606 12962 63203 10024 21065 30040 40207 52014 69902 86030 333 10046 555 50003 53009=
 23701 12499 73504 10028 21065 30107 40237 52018 60002 85530 333
 10053 85614 91110 555 53010=
 23704 76/// /3304 10036 21053 39926 40039 55004 333 60002 91113=
 23707 62998 43507 10039 21065 30094 40226 52013 60002 82041 333 10069 91011 91112 555 50020 53012=
 23708 12984 33203 10038 21074 30065 40214 52011 60002 80011 333 10088
 555 50017 53010=
 23709 12698 53404 10026 21026 30011 40203 53024 60002 85400 333 10112
 91111 555 50013 53011=
 23711 12998 63202 10018 21022 30018 40188 52019 60002 84055 333 10096 555 50010 53010=
 23803 12699 63405 10035 21028 30026 40205 53025 60002 86400 333 10101 86644 91110 555 50032 53010=
 23804 62997 23101 10038 21032 30072 40218 52011 60002 82030 333 10097 555 50021 53008=
 23807 12998 23502 10044 20002 30060 40220 52023 60002 82039 333 10099
 91110 555 50045 53010=
 23808 66/// /3105 10050 21005 30038 40205 53022 60002 333 10109 91111=
 23812 12597 73604 10057 21037 30007 40168 53015 60002 86830 333 10114 555 50029 53009=
 23904 12570 13403 10088 21008 30041 40195 52015 60002 81500 333 10138
 555 50044 53009=
 23905 12999 03403 10086 21016 39958 40181 52011 60002 333 10127 555
 53008=
 23909 12598 82801 10088 21008 39925 40164 57001 60002 82531 333
 10119=
 23912 12898 83302 10086 21008 39966 40154 57002 60002 83045 333 10114
 555 53004=
 23913 12999 73102 10043 21015 39925 40152 55002 60002 82045 333 10123
 555 53005=
 23914 62498 72502 10081 21007 39905 40156 57001 60002 82532 333
 10106=
 28013 12898 73003 10098 21017 39935 40159 52002 60002 86071 333 10136
 555 53007=
 28016 12599 83502 10104 20008 39944 40162 53002 60002 87501 333 10141
 555 53005=
 28029 12899 83101 10095 21003 39938 40151 57004 60002 8802/ 333 10123
 555 53003=
 28116 12599 80000 10074 21002 39934 40160 57003 60002 85579 333
 10128=
 28128 12899 80000 10046 21002 30006 40158 57001 60002 81014 333 10126
 555 53004=
 28134 12898 80000 10063 21009 39809 40154 57003 60002 86018 333 10135
 555 53003=
 28138 12999 83102 10084 21045 39592 40143 57005 60002 80005 333
 10145=
 28216 12699 70103 10121 21009 39864 40151 57003 60002 87500 333 10153
 555 53004=
 28222 12898 83301 10084 20007 39964 40154 54001 60002 8807/ 333 10158
 555 53003=
 28224 12963 80000 10104 21004 39939 40146 57005 60002 80009 333
 10160=
 28234 12897 80401 10107 21042 39874 40143 57006 60002 85075 333 10167
 555 53005=
 28238 12899 83501 10111 21053 39846 40139 54000 60002 86021 333 10181
 555 53008=
 28313 12698 60000 10121 21002 39963 40148 57004 60002 82509 333 10166
 555 53003=
 28319 12598 60000 10101 21003 39989 40147 57003 60002 85530 333
 10174=
 28321 12599 63601 10132 21016 39949 40144 57005 60002 82932 333
 10166=
 28324 12898 72901 10100 21029 30027 40144 56005 60002 85085 333 10171
 555 53004=
 28326 12598 70000 10114 21026 39960 40140 57002 60002 85530 333 10186
 555 53005=
 28413 12598 50000 10139 21030 30027 40144 57004 60002 82531 333 10152
 555 53002=
 28428 12599 83102 10129 21007 39957 40134 57005 60002 885// 333 10188
 555 53005=
 28429 12598 80000 10118 21019 39740 40137 57013 60002 83901 333 10179
 555 53007=
 22983 12998 13201 10054 21014 30128 40233 52014 60002 80002 333 10102
 91003 91106 555 50031 53007=
 27083 12999 23503 10085 21010 39985 40203 52011 60002 80009 333 10119
 91006 91107 555 50048 53007=
 27097 12598 23204 10099 21000 39937 40193 52011 60002 81489 333 10135
 91008 91109 555 50069 53009=
 27185 12698 23303 10115 21011 30012 40191 52006 60002 82500 333 10149
 91007 91108 555 50067 53008=
 27199 12598 23101 10126 21015 39986 40176 52005 60002 82530 333 10158
 91003 91105 555 50095 53006=
 27281 12982 23404 10117 20002 39989 40190 52004 60002 81049 333 10144
 91006 91108 555 50079 53008=
 27283 12998 23403 10118 20006 30031 40182 52002 60002 82030 333 10163
 91005 91110 555 50091 53010=
 27295 12998 53202 10119 21010 39934 40178 52004 60002 82072 333 10163
 91003 91109 555 50102 53009=
 27296 12598 63302 10124 21008 39960 40170 52006 60002 82930 333 10165
 91004 91107 555 50089 53007=
 27385 125// 60203 10132 20018 30050 40174 52009 60002 82530 333 10178
 91005 91107 555 50110 53007=
 27393 12598 50101 10124 20010 30007 40172 53002 60002 83535 333 10158
 91003 91104 555 50086 53006=
 27480 12598 63301 10148 20023 30048 40171 52003 60002 85530 333 10190
 91002 91105 555 50108 53006=
 28007 12699 63505 10103 21029 39924 40179 52009 60002 86500 333 10147
 91007 91108 555 50081 53008=
 28009 12598 83601 10110 21028 39969 40171 52010 60002 86501 333 10157
 91106 555 50059 53006=
 28105 12598 33501 10114 21037 39977 40170 53005 60002 83800 333 10159
 91003 91106 555 50065 53006=
 28202 12680 63202 10113 21007 39946 40160 57002 60002 81531 333 10140
 91002 91104 555 50077 53006=
 28302 12998 80101 10123 21004 39942 40163 52002 60002 82031 333 10159
 91002 91107 555 50085 53007=
 28307 12498 53501 10137 21003 30025 40164 52002 60002 81531 333 10171
 91002 91107 555 50088 53007=
 28402 12998 53502 10134 21002 39986 40158 52005 60002 82039 333 10176
 91003 91108 555 50102 53008=
 28502 12998 13205 10143 20016 30049 40148 54000 60002 80030 333 10184
 91006 91108 555 50089 53008=
 22550 62997 72801 10015 21029 30297 40307 52006 60002 87030 333 10028
 555 51032 53007=
 22778 12998 63604 10043 21060 30198 40268 52012 69902 82075 333 10065 555 50023 53009=
 22889 12998 13302 10062 21051 30147 40233 53005 60002 80001 333 10093
 555 50022 53010=
 22762 12998 73002 10043 21050 30249 40289 52008 60002 80035 333 
 10062 555 50014 53007=
 22638 46/// /0102 10027 21062 30082 40310 52005=
 22671 12498 70104 10016 21028 30209 40289 52018 60002 86930 333 10055
 86915 555 51011 53008=
 22456 12597 80401 10007 21054 30218 40308 52015 60002 885// 333 10034
 555 51059 53007=
 22583 11598 83205 11019 21076 30198 40281 52031 69902 70288 8457/ 
 333 10028 91112 555 51010 53012=
 22749 NIL=
 22951 12998 00201 10049 21055 39998 40281 52002 60002 333 10057 555
 50012 53006=
 22887 12999 13004 10054 21046 30172 40242 52002 60002 80001 
 333 10056 555 50020 53011=
 22876 12997 02901 10057 21083 30178 40251 53004 60002 333 10070 555
 53007=
 22481 11597 73503 11029 21072 30246 40301 52026 69902 78582 84970 333
 10020 91112 555 51066 53015=
 22854 12998 30202 10047 21078 39997 40287 52005 60002 80001 333 10054
 555 50010 53007=
 22781 NIL=
 22676 12598 73505 10026 21048 30198 40277 52013 60002 85536 333 10039 91110 555 50001 53010=
 22648 NIL=
 22559 12598 73103 10026 21035 30285 40302 52008 60002 84831 333 10037 555 51018 53007=
 22869 12997 13403 10053 21087 30120 40269 52005 60002 80001 333 10063
 555 50013 53008=
 22768 12897 63503 10047 21063 30232 40282 52010 69902 82078 333 10067
 555 50019 53007=
 22798 12998 13004 10032 21058 30125 40238 52014 69902 80001 333 10077
 91110 555 50015 53010=
 22375 46/// /0104 11055 30297 40313 52022=
 23207 11496 80206 11071 21120 30258 40282 52043 69952 78583 889// 333
 11001 91112 555 51107 53013=
 23215 NIL=
 23219 NIL=
 27095 76/// /3202 10106 21006 39977 40200 52011 333 60002 555 50062 53009=
 22408 22999 81601 10039 21053 30161 40312 57003 8807/ 333   60002=
 22511 22998 70000 10072 21072 30188 40309 57004 82035 333   60002=
 22529 22599 40101 10037 21047 30308 40315 57001 82502 333   60002=
 22602 22999 60000 10062 21050 30078 40304 57004 83031 333   60002=
 22621 73/69 /0201 10062 21079 30170 40310 57001 333   60002=
 22619 22983 31001 10033 21098 30146 40307 57003 80001 333   60002=
 22721 22998 50000 10053 21085 30206 40305 54000 80001 333   60002=
 22727 76/70 /0302 10061 21129 30255 40303 52002 333   60002=
 22717 73/70 /0602 10056 21110 30103 40297 54000 333   60002=
 22802 22999 20901 10067 21029 30268 40291 57002 80001 333   60002=
 22820 22970 20601 10053 21067 30161 40298 54000 80001 333   60002=
 22831 22998 13602 10066 21111 30235 40290 52002 80001 333   60002=
 22805 22997 33301 10023 21011 30276 40296 52005 80005 333   60002=
 22912 22999 20703 10063 21012 30271 40286 52004 80001 333   60002=
 
