00:31:00 MSK 17.11.2023
020 123456/=о000=2131
 уйту01 бтул 162100
 22686 42498 82602 11061 21075 39993 40096 52011 885// 333 88618=
 22695 42598 82904 11068 21094 39919 40076 52010 885//=
 22996 41497 73603 11070 21070 39907 40098 52023 78582 83920=
 23220 41395 82604 11116 21129 39863 40009 52020 77387 8872/ 333 86707=
 23226 41342 82204 11131 21144 39782 40005 52019 77172 887// 333 86707=
 23305 42/// /2204 11093 21098 30002 40031 57003=
 23320 86/// /2103 11165 21175 39960 40037 52003=
 23324 42981 01702 11170 21190 39949 40031 52005=
 23405 41396 82301 11089 21096 39948 40050 58002 71022 
 8561/ 333 85709=
 23410 86/// /1601 11182 21207 39934 40037 54001=
 23411 42/// /2203 11181 21195 39944 40039 54000=
 23412 42999 02102 11159 21176 39936 40038 53003=
 23416 NIL=
 23418 42965 00000 11242 21260 39979 40060 52006=
 23503 42/// /1901 11202 21226 30012 40066 52005=
 23507 86/// /3001 11098 21101 39749 40070 52005=
 23509 NIL=
 23514 42997 52001 11227 21249 39859 40073 52011 82071=
 23518 42/// /3101 11104 21113 39962 40057 52010=
 23606 81260 82902 11111 21111 39897 40070 52017 77172 8672/ 333 86705=
 23704 86/// /3303 11070 21076 39377 49490 56029=
 23701 42/// /3001 11077 21087 39958 40091 53015=
 23707 81598 83003 11063 21087 39952 40087 52015 77177 8652/ 333 86620=
 23708 42/// /3303 11073 21093 39928 40082 52021=
 23709 41598 72804 11063 21086 39868 40064 52018 70272 87300 333 87923=
 23711 41497 80101 11077 21089 39875 40049 52013 78582 8493/=
 23803 41497 82904 11059 21083 39892 40076 53018 78582 889// 333 88919=
 23804 41496 83001 11061 21082 39940 40089 52018 70282 8795/ 333 87915 93400=
 23807 43/// /3303 11059 21076 39930 40095 52019=
 23808 86/// /3003 11066 21079 39918 40090 53021=
 23812 41497 80000 11074 21084 39889 40055 52014 70282 889// 333 934//=
 23904 42571 73302 11062 21072 39932 40092 53021 87300 333 85624=
 23905 42599 83303 11059 21080 39849 40082 52019 885//=
 23909 41498 82701 11048 21051 39819 40067 52012 70272 885//=
 23912 41498 63302 11049 21058 39860 40055 52018 70172 85530=
 23913 41597 83202 11043 21054 39814 40046 52020 77172 8872/=
 23914 81497 83302 11048 21063 39794 40054 52016 70282 885//=
 28013 41397 83102 11044 21062 39829 40063 52017 78582 889//=
 28016 42/// /3302 11041 21046 39840 40068 52017=
 28029 41596 82303 11007 21011 39822 40041 52003 77172 8652/=
 28116 41495 83303 11027 21032 39826 40058 52012 77372 8872/=
 28128 41596 82305 10001 21006 39900 40053 52004 77172 8802/=
 28134 41496 82001 11009 21018 39701 40051 52002 77172 8672/=
 28138 NIL=
 28216 41596 82403 11008 21012 39761 40059 53002 77172 8872/=
 28222 42/// /2202 10001 21009 39862 40056 52002=
 28224 41522 82202 11004 21011 39849 40062 52004 78682 889//=
 28234 42898 82102 11004 21021 39786 40064 52003 8805/=
 28238 41596 82101 11005 21022 39765 40068 52004 77072 885//=
 28313 42/// /2202 11003 21016 39873 40065 54001=
 28319 42598 82302 10006 21016 39911 40073 52002 885//=
 28321 41896 82302 11001 21018 39861 40064 52003 77172 8802/=
 28324 42/// /2201 10008 21018 39948 40068 54001=
 28326 42598 72302 10008 21017 39882 40068 52003 87500=
 28413 42599 82202 10010 21032 39955 40077 52003 8655/=
 28428 42597 62301 10008 21006 39891 40075 52002 86500=
 28429 42/// /2201 11006 21013 39666 40078 54000=
 22983 41584 83201 11055 21092 30006 40114 52017 70272 885// 333 91004
 91105=
 27083 41459 83102 11052 21072 39874 40101 52020 77772 886// 333 91004
 91106=
 27097 42/// /3002 11046 21051 39829 40095 52014 333 91003 91105=
 27185 42/// /3102 11035 21050 39917 40104 52015 333 91003 91105=
 27199 41498 63201 11035 21051 39894 40094 52021 72272 85750 333 91003
 91105=
 27281 41458 83203 11036 21056 39898 40109 52017 77172 8872/ 333 91005
 91107=
 27283 42497 83403 11033 21051 39944 40102 52019 887// 333 91004
 91106=
 27295 42/// /2902 11035 21053 39841 40096 52020 333 91004 91108=
 27296 41597 83104 11032 21046 39866 40086 52019 70282 889// 333 91007
 91108=
 27385 415// 83202 11017 21040 39969 40099 52010 77072 8457/ 333 91003
 91104=
 27393 41497 63003 11022 21037 39915 40088 52009 78582 83930 333 91005
 91108=
 27480 42498 83001 11014 21039 39975 40104 52011 8753/ 333 91003
 91104=
 28007 41999 83302 11045 21055 39821 40087 52017 70272 8805/ 333 91004
 91106 93710=
 28009 41496 83301 11039 21053 39865 40078 52016 78582 889// 333 91003
 91104=
 28105 41497 83302 11034 21043 39886 40082 52017 77172 8872/ 333 91005
 91105=
 28202 41596 83302 11016 21032 39844 40066 52011 78582 889// 333 91004
 91104=
 28302 42597 82502 11010 21031 39840 40069 52005 8557/ 333 91003
 91105=
 28307 42498 62703 11016 21058 39942 40087 53008 82531 333 91005
 91108=
 28402 41576 82702 11009 21041 39902 40082 52006 70272 885// 333 91005
 91106=
 28502 42997 62703 10006 21020 39983 40087 53006 86080 333 91003
 91104=
 22550 81568 52603 11056 21059 30114 40125 52010 70281 85900 333
 85929=
 22778 NIL=
 22889 42/// /2803 11058 21081 30022 40111 53017=
 22762 42597 22802 11082 21091 30101 40142 52014 82500=
 22638 46/// /2601 11151 21165 39949 40190 52008=
 22671 NIL=
 22456 42997 02901 11136 21145 30013 40105 52004=
 22583 42598 72602 11051 21065 39989 40071 52002 87500=
 22749 NIL=
 22951 42/// /3401 11085 21091 39880 40173 52015=
 22887 42497 83103 11057 21079 30040 40112 52014 8655/ 
 333 86615=
 22876 41496 83002 11061 21069 30049 40124 53018 78582 889// 333
 88914=
 22481 42/// /2603 11050 21055 30003 40057 52003=
 22854 42/// /3202 11097 21102 39871 40173 52015=
 22781 NIL=
 22676 42498 82904 11066 21080 30027 40107 52016 886// 333 93400=
 22648 NIL=
 22559 42/// /2702 11091 21100 30111 40128 52009=
 22869 42398 83304 11070 21083 39993 40146 53013 886// 333 86707=
 22768 42597 73203 11063 21081 30090 40142 52017 87500 333 87627=
 22798 41497 83003 11065 21081 39986 40101 52019 78582 889//=
 22375 46/// /3103 11034 21039 30033 40049 52001=
 23207 NIL=
 23215 NIL=
 23219 NIL=
 27095 86/// /3201 11044 21044 39869 40101 52014=
 22408 42684 82903 11110 21124 30029 40187 57002 82535 333   93502=
 22511 42984 62702 11108 21130 30060 40188 52002 85011 333   93501=
 22529 42598 22602 11124 21137 30164 40171 52003 82500=
 22602 42978 02601 11156 21172 39972 40215 52005 333   93501=
 22621 83/69 /2704 11123 21137 30045 40193 52006=
 22619 42998 02503 11115 21128 30029 40197 52005=
 22721 42997 02902 11103 21112 30093 40197 52008=
 22727 86/70 /3001 11079 21091 30152 40202 52009=
 22717 83/70 /3101 11090 21105 30007 40214 52011=
 22802 42598 80102 11057 21092 30193 40217 52011 885// 333   88624=
 22820 41497 82902 11070 21090 30063 40205 52012 77172 8652/ 333  
 86613 555   51044=
 22831 42997 03102 11093 21107 30133 40191 52013=
 22805 425// 83601 11037 21070 30188 40214 52014 885//=
 22912 42984 03101 11072 21081 30189 40205 52014=
 
