18:31:00 MSK 21.07.2023
020 123456/=о000=1531
 уйту01 бтул 211500
 22686 62598 61202 10217 20161 39852 49943 52009 60002 84970 333 10239
 555 50192 53008=
 22695 12698 51403 10202 20127 39798 49938 52007 69902 83901 333 10217
 555 50185 53009=
 22996 61498 82303 10143 20143 39821 49996 52017 60022 72582 889// 333 10163 555 50155 53009=
 23220 12599 60904 10246 20156 39832 49959 57001 60002 83830 333 10267 91110 555 50217 53010=
 23226 12660 71502 10238 20153 39771 49964 53003 69992 83904 333 
 10270 555 50221 53009=
 23305 11565 71104 10182 20169 39940 49965 53010 60032 79598 86330 333
 10261 555 50204 53007=
 23320 76/// /1302 10201 20178 39894 49961 50004 333 60002 555 50207 53006=
 23324 11584 71501 10213 20161 39891 49962 51004 69952 72582 81992 333
 10281 555 50211 53007=
 23405 12573 60104 10232 20156 39863 49953 52004 69942
 85930 333 10260 84932 555 50211 53008=
 23410 76/// /1401 10243 20150 39873 49960 55000 333 60002=
 23411 11499 70000 10200 20181 39877 49958 52002 60042 72598
 87300 333 10264 555 50200 53010=
 23412 12599 62501 10229 20164 39875 49962 52004 60002 83330 333 10257 555 50204 53008=
 23416 NIL=
 23418 12665 71402 10236 20186 39895 49962 54000 60032
 82930 333 10271 555 50210 53006=
 23503 11598 70601 10209 20179 39909 49955 50006 69962 72582 83930 333 10275 555 50216 53006=
 23507 66/// /1802 10237 20110 39666 49947 52003 60002 333 10246 555 50189 53007=
 23509 12598 32103 10248 20117 39882 49952 53004 60002 83900 333 10267
 555 50213 53007=
 23514 11597 71301 10215 20169 39778 49957 52004 69932 70282 86970 333 10253 84924 555 50201 53006=
 23518 62698 81801 10199 20155 39883 49967 52002 60002 8457/ 333
 10232=
 23606 12662 51703 10224 20126 39804 49955 52003 60002 83101 333 10245 555 50192 53008=
 23701 61699 71601 10190 20153 39841 49960 52009 60002 70282
 83360 333 10234 555 53007=
 23704 76/// /1901 10198 20186 39926 40039 55004 333 60002=
 23707 62598 62003 10205 20142 39832 49953 52007 60022 83930 333 10213 555 50181 53010=
 23708 11598 62203 10214 20134 39830 49959 52007 69932 70282 84931 333 10217 555 50175 53008=
 23709 62698 71501 10198 20141 39795 49972 52003 60002 83960 333 10211 555 50175 53007=
 23711 12998 32003 10214 20133 39814 49968 52004 60002 83040 333 10234 555 50186 53007=
 23803 11599 80000 10190 20151 39807 49973 51003 60042 72582 86901 333
 10213 555 50173 53005=
 23804 62597 62003 10186 20142 39828 49961 52010 60042 84430 333 10208 555 50180 53008=
 23807 11496 82305 10154 20152 39825 49975 52013 69912 78082 8795/ 333
 10187 84914 91110 555 50167 53010=
 23808 66/// /1805 10172 20139 39825 49981 52010 60002 333 10202=
 23812 12597 72002 10196 20121 39834 49984 52005 60002 87900 333 10220
 555 50183 53007=
 23904 11470 82303 10146 20130 39850 49997 52013 69952 70282 883// 333
 10178 86617 91110 555 50161 53010=
 23905 61499 82304 10146 20131 39786 49999 52013 60022 72582 889// 333
 10188 555 53009=
 23909 61598 82303 10147 20136 39777 40006 52013 60032 72582 8637/ 333
 10184 91110=
 23912 61598 61701 10169 20153 39822 40001 52003 69982 72582 84930 333
 10200 555 53009=
 23913 61599 71701 10177 20122 39798 40011 51007 69932 70282 86901 333
 10206 555 53009=
 23914 61499 72303 10170 20142 39765 40004 52005 60042 72582 87900 333
 10191=
 28013 62598 62403 10163 20117 39796 40011 52011 60002 86900 333 10191
 91110 555 53010=
 28016 61498 72403 10157 20129 39812 40023 52013 69952 72522 87900 333
 10183 91110 555 53010=
 28029 12499 62205 10181 20130 39815 40019 52003 69902 86300 333 10199
 91111 555 53013=
 28116 62599 72604 10177 20103 39817 40032 52012 60002 82965 333 10193
 91112=
 28128 61899 82502 10171 20127 39895 40038 52013 60042 70282 83069 333
 10204 91110 555 53012=
 28134 61598 82001 10151 20131 39709 40039 52008 60032 72582 82485 333
 10192 555 53008=
 28138 12599 52103 10171 20104 39507 40035 52003 60002 85300 333 10188
 91110=
 28216 62599 63201 10181 20118 39769 40046 52003 69932 86900 333 10219
 91110 555 53015=
 28222 61598 82301 10164 20115 39866 40049 51021 60012 70282 83851 333
 10235 91115 555 53015=
 28224 61670 81601 10155 20146 39853 40053 52017 60052 72582 85981 333
 10240 91113=
 28234 61499 62806 10190 20102 39793 40051 53013 69932 70382 86900 333
 10227 91012 91112 555 53012=
 28238 61599 62202 10192 20098 39766 40048 52011 69952 70282 84230 333
 10227 91112 555 53012=
 28313 61598 61001 10197 20131 39869 40047 51007 60022 70282 86500 333
 10239 91112 555 53012=
 28319 12598 42503 10232 20102 39899 40048 52003 69902 84900 333 10248
 91110=
 28321 81599 50201 10180 20134 39860 40049 50012 60012 72582 84201 333
 10257 91111=
 28324 62599 52503 10233 20067 39934 40045 52004 60002 85900 333 10248
 91113 555 53013=
 28326 62598 63001 10211 20115 39877 40050 52008 60002 83530 333 10247
 91110 555 53011=
 28413 62699 62402 10245 20073 39939 40051 55000 60002 86800 333 10251
 555 53011=
 28428 62599 22603 10237 20078 39886 40056 52002 60002 82900 333 10251
 91111 555 53013=
 28429 62598 62202 10197 20115 39680 40062 54001 60002 86900 333 10235
 555 53012=
 22983 11498 82603 10157 20141 39889 49987 52019 60052 70282 8595/ 333
 10168 91006 91110 555 50158 53010=
 27083 11599 71801 10148 20139 39793 40002 52008 60052 72162 87800 333
 10148 91002 91105 555 50144 53010=
 27097 11498 82101 10142 20138 39775 40021 53010 60142 78182 889// 333
 10143 91004 91106 555 50140 53010=
 27185 11598 81801 10159 20146 39850 40022 53012 60082 72522 883// 333
 10214 91002 91109 555 50154 53009=
 27199 11496 71801 10162 20151 39841 40026 54000 60062 78082 87300 333
 10187 91002 91108 555 50155 53009=
 27281 12582 62304 10203 20111 39831 40022 52008 60002 83842 333 10217
 91007 91112 555 50164 53012=
 27283 12498 62404 10209 20113 39879 40023 52007 60002 86900 333 10227
 91009 91110 555 50173 53011=
 27295 12598 52103 10203 20092 39797 40029 52006 60002 82580 333 10229
 91006 91111 555 50172 53014=
 27296 12598 32404 10213 20088 39826 40027 52006 69902 83200 333 10229
 91008 91111 555 50176 53012=
 27385 126// 52203 10218 20098 39918 40036 52002 60002 82131 333 10232
 91006 91110 555 50178 53010=
 27393 12598 52607 10222 20090 39882 40039 52003 60002 84130 333 10231
 91009 91110 555 50178 53014=
 27480 12598 62201 10218 20113 39923 40041 57001 60002 85530 333 10238
 91003 91108 555 50182 53010=
 28007 11559 81801 10138 20123 39782 40029 52007 60022 78082 8635/ 333
 10156 91003 91112 555 50144 53012=
 28009 11498 82403 10149 20106 39835 40033 52015 69932 72582 8692/ 333
 10169 91006 91112 555 50155 53012=
 28105 11598 71501 10169 20135 39847 40027 54000 60032 70182 85231 333
 10175 91002 91105 555 50152 53011=
 28202 11580 70602 10157 20137 39833 40041 52008 60102 70298 86930 333
 10218 91004 91112 555 50153 53013=
 28302 12598 72302 10209 20093 39824 40035 52004 60002 85930 333 10227
 91004 91108 555 50173 53010=
 28307 12598 22402 10226 20072 39909 40041 52003 60002 81101 333 10242
 91006 91108 555 50182 53010=
 28402 12698 62303 10225 20090 39877 40042 54000 60002 84431 333 10241
 91007 91108 555 50177 53010=
 28502 12598 82405 10240 20060 39958 40053 52002 60002 82101 333 10255
 91009 91113 555 50188 53015=
 22550 11597 50902 10232 20170 39909 49918 52003 60042 70282 82960 333
 10232 555 50190 53008=
 22778 11496 82403 10159 20147 39885 49949 52018 60022 78082 889// 333
 10194 555 50170 53009=
 22889 11496 82402 10153 20143 39899 49980 52026 69902 78082 889// 333
 10198 88614 555 50166 53009=
 22762 61396 81801 10163 20163 39896 49932 52021 60222 71062 8872/ 333
 10200 555 50178 53007=
 22638 46/// /2901 10129 20121 39710 49922 52008=
 22671 12599 51401 10197 20173 39853 49925 52011 60032 85900 333 10245
 555 50192 53007=
 22456  11598  50301  10219  20120 39853 49932 51010 60012 72992
 84970 333 10254 555 50183 53008=
 22583 11698 51101 10232 20154 39868 49941 52007 60032 70282 83870
 333 10254 555 50205 53008=
 22749 NIL=
 22951 41497 82602 10156 20119 39707 49970 52012 60022 78082 889// 333
 10156 555 50140 53011=
 22887 11499 82202 10158 20148 39904 49969 52020 60022 72582 
 889// 333 10177 85712 91110 555 50166 53010=
 22876 11497 82203 10159 20149 39894 49967 52018 60022 70282 8495/ 333
 10184 555 50165 53008=
 22481 11598 51002 10248 20140 39893 49941 52006 69902 70182 82462 333
 10259 555 50211 53010=
 22854 11599 82304 10135 20126 39677 49948 52013 60042 70262 886// 333
 10139 87621 91113 555 50142 53013=
 22781 NIL=
 22676 11598 51302 10192 20167 39860 49931 52011 60012 72582 84930 333
 10232 555 50186 53008=
 22648 NIL=
 22559 61598 61002 10221 20170 39905 49920 52005 60062 70282 83831 333
 10233 91110 555 50190 53010=
 22869 11597 82203 10157 20145 39833 49971 52011 60112 76166 8872/ 333
 10159 86521 555 50152 53008=
 22768 11497 82104 10156 20141 39898 49944 52017 60012 78082 8695/ 333
 10180 84914 555 50167 53008=
 22798 12598 71902 10199 20141 39850 49953 52011 60022 87800 333 10215
 555 50181 53008=
 22375 46/// /0506 10146 20126 39950 49964 52003=
 23207 11599 70000 10166 20163 39953 49974 52010 60052 72592 85940 333
 10239 91112 555 50184 53012=
 23215 NIL=
 23219 NIL=
 27095 76/// /1801 10142 20142 39811 40026 50009 333 60002 555 50146 53010=
 22408 21359 80102 10107 20097 39844 49986 52001 76186 8872/ 333  
 60032 88509=
 22511 21458 83503 10110 20099 39853 49968 57001 76186 8492/ 333  
 60112=
 22529 21577 80202 10135 20128 39917 49923 52003 72162 885// 333  
 60032 88620=
 22602 21357 83502 10107 20099 39757 49971 52006 76162 8872/ 333  
 60102 88507=
 22621 73238 /3402 10115 20108 39801 49933 52002 333   60152=
 22619 21459 83005 10121 20113 39790 49940 52005 78082 88900 333  
 60052=
 22721 21497 83002 10118 20110 39843 49936 52005 78082 8695/ 333  
 60092=
 22727 76/62 /2901 10122 20120 39903 49948 52009 333   60642=
 22717 73/59 /2605 10128 20121 39778 49961 52003 333   60372 91012
 91112=
 22802 21560 82402 10157 20147 39965 49987 57001 78082 889// 333  
 60132 88923=
 22820 21421 82505 10129 20120 39821 49950 52009 76562 8752/ 333  
 60552 87614 91011 91112=
 22831 21398 82401 10135 20126 39892 49944 52012 70282 889// 333  
 60122 88907=
 22805 21498 82605 10146 20136 39970 49989 54000 70282 889// 333  
 60022=
 22912 21959 82603 10141 20131 39981 49995 52009 76162 8807/ 333  
 60272=
 
