18:31:00 MSK 14.05.2023
020 123456/=о000=1531
 уйту01 бтул 141500
 22686 62998 03302 10150 21001 30134 40230 56010 60002 333 10153 555 50065 53006=
 22695 12998 33004 10136 21041 30069 40217 57009 60002 80001 333 10140
 555 50062 53007=
 22996 62999 53503 10154 21005 30038 40216 57008 60002 80005 333 10167
 555 50106 53007=
 23220 11496 81805 11001 21027 39998 40140 57035 69902 78582 889// 333 10003 555 51032 53009=
 23226 11332 82209 11012 21031 39922 40137 57041 69932 77372 885// 333 
 11043 88615 91012 91114 555 51040 53014=
 23305 12999 52604 10098 20014 30158 40185 56016 60002 82035 333 10100
 91110 555 50035 53010=
 23320 76/// /2404 10039 21050 30104 40177 57019 333 60002 555 51001 53009=
 23324 12683 82303 10028 21033 30088 40165 57021 60002 885// 333 10040
 88646 555 51011 53009=
 23405 12976 62602 10121 20013 30104 40199 57014 60002
 82044 333 10125 555 50035 53007=
 23410 76/// /1903 10049 21028 30085 40181 56021 333 60002=
 23411 12999 72403 10088 21003 30095 40182 57019 60002 85076 333
 10088 555 50024 53009=
 23412 12999 82503 10061 21017 30086 40182 57019 60002 8805/ 333 10066 555 50014 53008=
 23416 NIL=
 23418 12765 72202 10062 21058 30124 40197 57019 60002
 87500 333 10062 87650 555 50024 53007=
 23503 12598 82602 10120 21012 30149 40198 57022 60002 82535 333 10123 555 50028 53008=
 23507 66/// /2903 10120 21018 39917 40218 57007 60002 333 10121 555 50043 53007=
 23509 12998 52602 10135 21033 30132 40207 57011 60002 80001 333 10138
 555 50052 53009=
 23514 12697 82601 10099 21021 30009 40201 57015 60002 82571 333 10102 555 50033 53007=
 23518 12998 83002 10072 21046 30111 40201 57011 60002 86079 333
 10092=
 23606 12962 62903 10123 21024 30051 40212 57006 60002 80001 333 10138 555 50057 53006=
 23701 62999 23002 10144 21008 30101 40225 57008 60002 80001 333
 10149 555 53007=
 23704 76/// /3102 10149 21006 39926 40039 55004 333 60002=
 23707 62999 63202 10147 21010 30093 40220 57007 60002 80005 333 10154 555 50092 53007 =
 23708 12998 23303 10134 21036 30079 40223 57008 60002 80001 333 10138
 555 50078 53007=
 23709 12998 83103 10130 21055 30031 40217 57007 60002 80005 333 10132
 555 50074 53008=
 23711 12998 53202 10112 21037 30045 40210 57008 60002 80005 333 10120 555 50057 53007=
 23803 12999 53202 10134 21053 30049 40223 57007 60002 80001 333 10140 555 50084 53008=
 23804 62997 53101 10142 21024 30082 40222 57006 60002 80005 333 10153 555 50099 53006=
 23807 12998 10202 10147 20043 30068 40223 57006 60002 80001 333 10152
 555 50099 53010=
 23808 66/// /3103 10139 21036 30060 40222 57005 60002 333 10148=
 23812 12997 23301 10118 21052 30053 40210 57007 60002 80002 333 10124
 555 50064 53006=
 23904 12970 63402 10150 20008 30070 40221 57009 60002 80001 333 10153
 555 50097 53007=
 23905 12999 33201 10139 20002 39996 40215 57009 60002 80005 333 10143
 555 53008=
 23909 12598 53402 10138 21018 39974 40210 57006 60002 81101 333
 10144=
 23912 12998 30202 10113 21004 30025 40212 57008 60002 80001 333 10120
 555 53008=
 23913 12999 10602 10085 20008 39991 40216 55001 60002 80001 333 10104
 555 53007=
 23914 62898 50502 10103 20007 39962 40212 57005 60002 81081 333
 10112=
 28013 12999 20802 10124 20011 39986 40209 57007 60002 80001 333 10132
 555 53009=
 28016 12599 40202 10132 20027 39994 40211 57007 60002 83401 333 10136
 555 53009=
 28029 12599 33502 10123 20024 39989 40201 52002 60002 82501 333 10145
 555 53008=
 28116 12499 20104 10121 20022 39988 40211 54000 69902 81539 333
 10130=
 28128 12599 73603 10137 20027 30053 40201 52001 60002 84531 333 10147
 91110 555 53010=
 28134 11598 73601 10129 20029 39857 40195 52002 69902 70282 84985 333
 10140 555 53006=
 28138 12599 30402 10098 20002 39643 40194 52005 60002 83500 333
 10120=
 28216 11599 70000 10102 20064 39915 40205 52002 69962 72522 87900 333
 10134 91111 555 53011=
 28222 11598 80000 10115 20052 30011 40200 52004 69902 70282 86851 333
 10146 555 53006=
 28224 12670 70401 10116 20054 39991 40197 52006 60002 87900 333
 10135=
 28234 11498 70000 10099 20074 39927 40198 52004 60072 72582 87900 333
 10116 555 53006=
 28238 12599 71001 10110 20054 39902 40196 52007 60022 86830 333 10116
 555 53006=
 28313 11598 63501 10112 20053 30015 40202 54000 69902 70282 85530 333
 10132 555 53008=
 28319 12599 20203 10131 20035 30036 40194 58002 60002 82500 333
 10138=
 28321 11599 63602 10108 20062 30001 40198 52005 69902 72582 83960 333
 10140=
 28324 12599 20104 10135 20026 30073 40190 52002 60002 82400 333 10152
 555 53008=
 28326 12598 70502 10127 20057 30009 40189 52006 69942 82530 333 10166
 555 53007=
 28413 12599 23603 10130 20025 30075 40193 54000 60002 81530 333 10144
 555 53009=
 28428 12599 50402 10150 20024 39996 40173 53006 60002 85900 333 10173
 555 53007=
 28429 12598 30202 10133 20043 39782 40178 52009 60002 83900 333 10153
 555 53006=
 22983 12998 20401 10157 20000 30127 40228 57005 60002 80001 333 10168
 91003 91106 555 50114 53006=
 27083 12599 23502 10150 20003 30003 40217 57008 60002 82500 333 10151
 91003 91106 555 50099 53010=
 27097 12598 50601 10137 20028 39970 40223 57004 69902 85500 333 10149
 91002 91106 555 50091 53008=
 27185 12698 73502 10128 20023 30051 40229 57005 60002 87500 333 10130
 91003 91107 555 50097 53008=
 27199 12698 60501 10132 20026 30030 40221 57001 60002 86400 333 10134
 91003 91106 555 50109 53008=
 27281 12582 50504 10119 20019 30030 40231 57002 60002 83530 333 10127
 91007 91107 555 50097 53009=
 27283 12598 63303 10116 20033 30076 40227 58003 60002 85530 333 10123
 91005 91107 555 50102 53009=
 27295 12598 83501 10118 20023 39977 40222 55001 60002 885// 333 10135
 91003 91107 555 50101 53007=
 27296 12598 30402 10118 20023 30005 40216 52001 60002 80400 333 10131
 91004 91108 555 50104 53008=
 27385 125// 60103 10124 20036 30097 40222 52005 69912 85530 333 10138
 91006 91107 555 50104 53008=
 27393 12598 70402 10119 20040 30052 40218 52003 69902 86930 333 10138
 91004 91107 555 50107 53008=
 27480 12598 83501 10130 20068 30095 40219 52005 60012 8553/ 333 10145
 91004 91107 555 50102 53007=
 28007 12699 60303 10130 20002 39969 40223 57002 60002 85201 333 10141
 91004 91107 555 50101 53009=
 28009 12698 73601 10138 20004 30016 40219 57003 60002 86501 333 10145
 91002 91104 555 50105 53007=
 28105 12598 70301 10130 20012 30026 40219 57004 69902 87200 333 10148
 91003 91107 555 50107 53008=
 28202 12683 80403 10125 20019 39998 40213 58003 69902 885// 333 10132
 91005 91106 555 50113 53009=
 28302 12998 63601 10123 20023 39988 40210 52003 60002 86030 333 10133
 91003 91108 555 50116 53008=
 28307 12498 73302 10130 20041 30068 40207 52004 60022 84431 333 10144
 91004 91107 555 50112 53007=
 28402 12998 63602 10131 20036 30026 40199 52001 69902 84079 333 10141
 91005 91107 555 50114 53009=
 28502 12598 80203 10136 20040 30094 40194 53005 69902 889// 333 10147
 91005 91107 555 50122 53007=
 22550 62697 42802 10191 20040 30211 40221 57013 60002 84500 333 10195
 555 50094 53006=
 22778 12998 22602 10158 20023 30171 40238 57008 60002 80001 333 10162 555 50087 53007=
 22889 12998 03303 10158 21022 30146 40229 57007 60002 333 10162 555
 50106 53008=
 22762 12998 03401 10180 20009 30202 40239 57011 60002 333 10182 
 555 50085 53005=
 22638 NIL=
 22671 12599 22701 10169 20028 30154 40230 57010 60002 82100 333 10169
 555 50065 53007=
 22456 12998 72804 10172 20038 30125 40209 57011 60002 80004 333 10182
 555 50069 53010=
 22583 12998 42503 10151 20026 30141 40219 57014 60002 80001 333 
 10154 555 50057 53006=
 22749 NIL=
 22951 12598 23602 10176 21012 39971 40240 57008 60002 82100 333 10180
 555 50117 53006=
 22887 12999 02603 10158 20030 30165 40233 57008 
 60002 333 10163 555 50102 53008=
 22876 12997 03001 10156 21006 30167 40239 57010 60002 333 10162 555
 50096 53004=
 22481 12598 62203 10151 20037 30149 40200 57017 60002 82539 333 10154
 555 50057 53010=
 22854 12599 23502 10176 21026 39964 40240 57008 60002 82500 333 10182
 555 50119 53008=
 22781 NIL=
 22676 12998 13202 10154 20010 30158 40233 57011 60002 80001 333 10157 555 50063 53005=
 22648 NIL=
 22559 12598 32502 10188 20010 30213 40229 57012 60002 82201 333 10190 555 50095 53008=
 22869 12997 00101 10171 21002 30096 40238 57007 60002 333 10179 555
 50107 53007=
 22768 12997 21001 10179 20016 30190 40238 57009 60002 80001 333 10189
 555 50108 53007=
 22798 12998 13101 10143 21011 30118 40227 57008 60002 80001 333 10163
 555 50088 53005=
 22375 NIL=
 23207 12999 82804 10075 20028 30152 40174 57007 60002 91111 555 50039
 53012=
 23215 NIL=
 23219 NIL=
 27095 76/// /0602 10142 20022 30011 40231 57006 333 60002 555 50094 53009=
 22408 22999 52503 10202 20018 30067 40208 57008 80001 333   60002=
 22511 22698 32503 10204 20016 30097 40211 57008 81502 333   60002=
 22529 22599 22403 10198 20045 30210 40216 57008 82900 333   60002=
 22602 22499 32803 10203 20040 30003 40216 57008 82530 333   60002=
 22621 73/70 /2205 10200 20027 30089 40221 57010 333   60002=
 22619 22482 32003 10203 20043 30071 40221 57009 83800 333   60002=
 22721 22998 41301 10139 20040 30144 40239 57009 80002 333   60002=
 22727 76/70 /1603 10147 20059 30201 40247 57011 333   60002=
 22717 73/70 /1702 10189 20027 30055 40239 57012 333   60002=
 22802 22699 31902 10152 20049 30227 40250 57008 82231 333   69972=
 22820 22570 50702 10138 20049 30118 40250 57010 82130 333   60002=
 22831 22698 22601 10189 20035 30194 40247 57006 82200 333   60002=
 22805 22598 31204 10087 20031 30221 40240 57012 81531 333   69912=
 22912 22599 23002 10190 20037 30230 40244 57010 82400 333   60002=
 
