21:31:00 MSK 15.08.2023
020 123456/=о000=1831
 унту01 бтул 151800
 22686 81598 72501 10187 20178 30068 40161 52006 70298 82989=
 22695 NIL=
 22996 81598 70301 10196 20196 39962 40135 54001 70282 86961=
 23220 42599 21301 10100 20083 30055 40192 52003 81530=
 23226 42960 10302 10120 20094 39990 40197 53005 81040=
 23305 41463 81502 10186 20179 30135 40161 53008 79598 883// 333 91112=
 23320 66/// /0802 10133 20091 30113 40183 50003 60002 333 10234=
 23324 42983 60703 10106 20093 30114 40189 58001 82072=
 23405 41965 51002 10228 20175 30063 40155 53005 70292 80001=
 23410 66/// /0602 10159 20113 30083 40175 52003 60002 333 10249=
 23411 42599 31202 10210 20121 30082 40165 53003 83500=
 23412 42999 20903 10173 20130 30084 40176 53005 82030=
 23416 NIL=
 23418 42965 11001 10208 20123 30098 40167 52005 81030=
 23501 NIL=
 23503 41998 31301 10179 20167 30113 40160 52006 70291 82031=
 23507 86/// /3501 10192 20174 39868 40158 51007=
 23509 42598 43201 10201 20178 30084 40158 52008 84500=
 23514 42597 80000 10186 20177 39979 40163 52006 83572=
 23518 82997 80000 10167 20158 30077 40164 52006 82049 555 53005=
 23606 42960 21201 10188 20156 39998 40154 52006 80001=
 23612 NIL=
 23701 82680 20000 10174 20158 30034 40156 52007 81240=
 23704 66/// /0000 10181 20180 30032 40143 58357 60002 333 10306=
 23707 82598 53402 10208 20164 30023 40146 52003 82539=
 23708 42984 20501 10191 20156 30014 40154 52006 82030=
 23709 42998 10000 10184 20139 39977 40158 52006=
 23711 42698 23101 10187 20172 39996 40154 52004 81101=
 23803 42999 01301 10199 20163 39986 40154 53009=
 23804 82997 72601 10207 20185 30012 40147 52005 87070=
 23807 41597 63602 10215 20180 39994 40143 54001 71122 82531=
 23808 86/// /0000 10164 20151 39992 40151 52004=
 23812 42997 10000 10165 20134 30005 40159 52004 80002=
 23904 41572 20000 10165 20165 39995 40143 51006 71311 81301=
 23905 82599 20000 10185 20157 39934 40147 52004 81501 555 50204=
 23909 82998 21003 10215 20143 39923 40151 52004 80001=
 23912 82998 40000 10176 20154 39978 40159 52003 80001 555 50216=
 23913 81599 63101 10173 20150 39951 40167 52005 70292 86900 555
 50200=
 23914 82498 60401 10224 20129 39917 40155 52003 81504=
 28013 82898 31101 10213 20128 39936 40151 52005 81085 555 50237=
 28016 82/// /0000 10203 20164 39939 40148 52003 555 50222=
 28029 82999 30201 10187 20146 39947 40153 52003 80001 555 50225=
 28116 82599 50000 10196 20142 39932 40148 52003 81535=
 28128 82899 50301 10163 20149 30009 40154 52003 85030 555 50220=
 28134 82998 00000 10148 20131 39831 40165 52006 555 50196=
 28138 43/// /0101 10163 20144 39631 40168 52004=
 28216 82699 61502 10236 20106 39870 40145 52004 85402 555 50238=
 28222 42/// /0501 10185 20149 39971 40154 52002 555 50226=
 28224 82870 31401 10202 20149 39951 40150 54000 83030=
 28234 82898 21501 10191 20099 39895 40157 52005 82040 555 50223=
 28238 82999 02402 10166 20118 39874 40161 51007 555 50205=
 28313 42/// /0000 10195 20124 39968 40148 52004 555 50209=
 28319 82598 60701 10200 20137 39992 40145 57002 85530=
 28321 82899 21501 10223 20115 39956 40145 54001 82030=
 28324 42/// /0000 10173 20140 30032 40146 54001 555 50199=
 28326 82898 50000 10164 20118 39977 40154 52004 85030 555 50213=
 28413 82599 61201 10217 20127 30028 40141 54000 86530 555 50238=
 28428 82599 60301 10195 20123 39971 40144 58002 83501 555 50206=
 28429 42/// /0501 10169 20134 39769 40158 50001 555 50209=
 22983 41498 80000 10177 20170 30054 40153 52005 71798 84365 333 91001
 91103=
 27083 41459 72801 10166 20159 39935 40145 52004 79598 87900 333 91001
 91104=
 27097 41598 83201 10176 20175 39898 40144 57005 70298 82385 333 91003
 91104=
 27185 42/// /0000 10172 20171 39975 40148 52005 333 91000 91101=
 27199 41598 60000 10175 20167 39955 40140 57001 70298 83431 333 91001
 91105=
 27281 41984 50000 10166 20161 39954 40150 52004 70292 81031 333 91001
 91104=
 27283 41997 62702 10182 20180 39992 40141 54000 71222 86030 333 91002
 91103=
 27295 42997 23002 10172 20155 39906 40144 52002 80002 333 91003
 91104=
 27296 41998 63101 10166 20151 39933 40139 57003 70298 85032 333 91002
 91106=
 27385 425// 23201 10182 20168 30024 40144 52006 82500 333 91001
 91104=
 27393 41998 31101 10195 20172 39981 40141 52004 70281 82035 333 91002
 91105=
 27480 42998 10000 10171 20170 30031 40152 52007 80001 333 91000
 91103=
 28007 41597 70402 10179 20164 39899 40145 50009 79598 86901 333 91004
 91107=
 28009 41497 80101 10193 20171 39958 40155 52015 79598 889// 333 91002
 91108=
 28105 41598 60000 10178 20168 39956 40137 58003 70198 84330 333 91000
 91105=
 28202 41597 60000 10195 20140 39926 40133 58004 70298 82930 333 91000
 91103=
 28302 41597 70401 10192 20161 39919 40133 54000 70298 82930 333 91002
 91104=
 28307 41498 63001 10201 20165 39999 40134 52003 70282 84901 333 91002
 91104=
 28402 42684 82701 10209 20181 39962 40129 52002 82515 333 91003
 91103=
 28502 41997 82701 10193 20173 30036 40133 51008 70298 80001 333 91002
 91104=
 22550 82997 20000 10149 20145 30173 40183 52007 81041=
 22778 41596 80000 10187 20183 30101 40166 52007 78082 8697/=
 22889 42597 52601 10181 20181 30072 40153 52004 82580=
 22762 81997 60000 10179 20179 30138 40175 52010 70292 8007/=
 22638 46/// /3300 10141 20133 39982 40199 52008=
 22671 41997 60000 10171 20165 30092 40167 52010 71122 86030=
 22456 42997 60000 10166 20140 30087 40170 52010 82041=
 22583 42698 52501 10189 20166 30087 40162 53013 83571=
 22749 42598 42801 10160 20155 30070 40189 52013 84400=
 22951 41498 53001 10177 20171 39927 40193 52011 70298 85900=
 22887 41997 73202 10186 20183 30090 40156 52007 70282 84031 =
 22876 41997 72601 10178 20178 30096 40164 52007 71122 87030=
 22481 41598 31701 10178 20168 30108 40157 51008 71191 81260=
 22854 41899 23001 10170 20165 39917 40191 52012 70181 82030=
 22781 NIL=
 22676 41598 73101 10195 20177 30087 40159 52007 72522 83940=
 22648 42698 10000 10168 20165 30149 40193 52012 81500=
 22559 81998 52802 10169 20147 30168 40184 52010 70298 82031=
 22869 41997 73202 10191 20183 30034 40173 53010 72998 80075=
 22768 41597 52901 10186 20182 30125 40172 52012 71182 82931=
 22798 42497 72701 10183 20168 30047 40153 52003 82531=
 22375 46/// /3002 10188 20178 30146 40160 52011=
 23207 NIL=
 23215 42598 71202 10163 20118 30100 40184 54001 84570=
 23219 NIL=
 27095 NIL=
 22408 12999 12301 10164 20143 30040 40182 52005 60002 81030 333  
 10235=
 22511 12998 10000 10171 20151 30068 40183 52005 60002 81030 333  
 10232=
 22529 12599 21901 10157 20147 30181 40187 52008 60002 82800 333  
 10257=
 22602 12978 10000 10154 20139 39982 40198 52006 60002 80001 333  
 10229=
 22621 12698 50000 10198 20180 30058 40190 52024 60002 83230 333  
 10243=
 22619 12982 22402 10180 20142 30042 40193 52004 60002 82050 333  
 10241=
 22721 12998 63101 10176 20150 30107 40200 52008 60002 83031 333  
 10248=
 22727 12970 00000 10183 20164 30160 40205 52006 60002 333   10253=
 22717 12998 02301 10159 20148 30021 40209 52004 60002 333   10235=
 22802 12999 20000 10176 20151 30191 40213 52006 60002 80001 333  
 10247=
 22820 12970 12402 10186 20153 30078 40208 52005 60002 81030 333  
 10243=
 22831 12998 20000 10163 20152 30150 40203 52007 60002 82030 333  
 10247=
 22805 12598 20000 10196 20171 30193 40216 52005 60002 81130 333  
 10239=
 22912 12999 22201 10174 20156 30201 40215 52002 60002 81041 333  
 10244=
 
