03:31:00 MSK 23.01.2023
020 123456/=о000=0031
 унту01 бтул 230000
 22686 42998 41801 11109 21123 30287 40394 58006 84030 555 1/112=
 22695 42998 62302 11101 21121 30216 40379 58003 86030 555 1/110=
 22996 42/// /1801 11057 21057 30221 40417 52007 555 1/106=
 23220 41496 82607 11027 21035 30124 40269 52002 77173 8872/ 333 91011 91111 555 1/103=
 23226 41257 82907 11035 21040 30049 40271 54000 77172 887// 333 85706 
 91010 91111 93603 555 1/103=
 23305 42/// /2103 11036 21052 30293 40322 58010 555 1/104=
 23320 86/// /2403 11031 21047 30242 40317 57005=
 23324 41480 72504 11031 21042 30229 40309 58001 70272 82670 333 93401
 555 1/104=
 23405 42497 82102 11046 21062 30233 40337 57012
 885// 333 88613 555 1/106=
 23410 86/// /2205 11039 21056 30224 40324 57007 333 91010 91110 555 53010=
 23411 NIL=
 23412 42499 82604 11039 21056 30224 40325 58009 887// 555 1/105=
 23416 NIL=
 23418 42465 82303 11034 21059 30275 40352 52004 885//
 333 88614 555 1/104=
 23503 42/// /2202 11041 21061 30294 40346 58008 555 1/105=
 23507 86/// /2402 11072 21078 30036 40363 57009=
 23509 42/// /1902 11053 21065 30277 40359 58010 555 1/106=
 23514 41397 82303 11059 21064 30155 40361 58002 77075 886// 333 86708  93400 555 1/106=
 23518 42/// /2503 11040 21050 30260 40355 54001 555 1/105=
 23606 41260 82102 11062 21074 30196 40378 54000 
 72272 887// 333 86706 555 1/106=
 23612 NIL=
 23701 42/// /2101 11090 21098 30261 40399 55002 555 1/109=
 23704 86/// /2302 11096 21096 39926 40039 55004 555 53004=
 23707 81397 82502 11080 21089 30262 40403 57001 70242 886// 333 88709  93401 555 1/109=
 23708 42/// /2502 11090 21104 30246 40406 54001 555 1/109=
 23709 42/// /2402 11085 21101 39849 40072 52009 555 1/109=
 23711 41998 52601 11090 21103 30209 40390 52005 70282 85070 555 1/113=
 23803 42599 83303 11072 21097 30211 40401 52002 889// 555 1/109=
 23804 81297 82301 11054 21062 30250 40403 58001 70252 886// 333 88705 93400 555 1/105=
 23807 42/// /2702 11054 21054 30245 40415 51005 555 1/105=
 23808 86/// /3002 11059 21067 30237 40414 51007=
 23812 41497 82902 11066 21074 30224 40395 52005 70282 889// 333 86917
 934// 555 1/106=
 23904 42378 82501 11047 21051 30251 40415 50004 886// 333 88709 555
 1/105=
 23905 42599 82302 11050 21060 30174 40412 52009 885// 555 1/105=
 23909 42498 82401 11065 21076 30154 40413 52008 885//=
 23912 42/// /0000 11062 21068 30200 40403 50005 555 1/107=
 23913 41599 82501 11067 21089 30160 40402 52005 70252 885// 555
 1/107=
 23914 81498 82701 11063 21070 30132 40402 52006 70272 885//=
 27095 86/// /1601 11113 21121 30195 40443 52007=
 28013 41898 82502 11071 21088 30168 40413 53002 70272 8802/ 555
 1/107=
 28016 42/// /2601 11074 21103 30182 40422 52004 555 1/107=
 28029 41599 12202 11079 21097 30177 40410 52004 83520 555 1/108=
 28116 41499 82801 11082 21101 30175 40420 52007 70272 8872/=
 28128 41596 82201 11086 21099 30255 40419 52004 77172 8802/ 555
 1/108=
 28134 42698 80000 11097 21113 30042 40417 52005 885// 555 1/110=
 28138 43/// /2501 11105 21122 39803 40409 52009=
 28216 41496 82701 11150 21164 30108 40433 52003 77171 886// 555
 1/115=
 28222 42/// /0000 11093 21125 30213 40421 52005 555 1/109=
 28224 41564 82501 11112 21137 30192 40422 54000 77172 8552/=
 28234 41596 82701 11097 21143 30121 40419 52002 77172 885// 555
 1/109=
 28238 42599 82502 11099 21141 30092 40417 50006 885// 555 1/110=
 28313 42/// /0000 11229 21254 30229 40446 53002 555 1/129=
 28319 42999 02101 11187 21207 30261 40444 58001=
 28321 42899 52201 11178 21196 30211 40436 53003 83031=
 28324 42/// /0000 11237 21272 30306 40443 53003 555 1/130=
 28326 42998 20000 11184 21204 30223 40429 57003 80001 555 1/124=
 28413 42899 72701 11101 21145 30306 40438 50000 86075 555 1/111=
 28428 42999 03101 11219 21251 30237 40446 54000 555 1/127=
 28429 42/// /2502 11147 21166 39989 40439 57004 555 1/119=
 22983 41558 82301 11033 21037 30305 40415 52003 71022 885// 333 91001
 91102 93403 555 1/104=
 27083 42584 82001 11108 21127 30188 40427 52008 885// 333 91002 91102
 555 1/109=
 27097 42/// /2401 11188 21201 30154 40446 50002 333 91001 91101 555
 1/123=
 27185 42/// /0000 11078 21098 30242 40438 52010 333 91000 91103 555
 1/108=
 27199 42998 82801 11083 21107 30227 40438 52009 8807/ 333 91003 91104
 555 1/109=
 27281 42984 60000 11119 21133 30218 40442 52006 80001 333 91001 91102
 555 1/114=
 27283 42997 53101 11101 21113 30266 40434 52008 85030 333 91002 91104
 555 1/111=
 27295 42/// /2201 11088 21117 30171 40441 52004 333 91002 91102 555
 1/108=
 27296 42597 82901 11084 21118 30204 40437 52009 885// 333 91002 91103
 555 1/109=
 27385 429// 72201 11073 21108 30306 40443 52007 87030 333 91001 91102
 555 1/108=
 27393 42998 62203 11091 21125 30262 40445 52005 80031 333 91004 91104
 555 1/109=
 27480 42598 60000 11108 21134 30309 40447 52005 83501 333 91000 91102
 555 1/116=
 28007 42499 82401 11124 21143 30153 40437 52006 885// 333 88618 91002
 91102 555 1/111=
 28009 41498 82101 11094 21129 30205 40430 52006 78582 889// 333 91001
 91103 555 1/109=
 28105 42998 00000 11213 21242 30222 40446 53005 333 91000 91101 555
 1/124=
 28202 42997 80000 11163 21188 30198 40442 52005 8805/ 333 91000 91102
 555 1/116=
 28302 42997 80000 11113 21144 30192 40439 52005 8807/ 333 91000 91102
 555 1/111=
 28307 42498 81401 11090 21119 30289 40444 52005 885// 333 91001 91101
 555 1/109=
 28402 42584 62302 11086 21129 30250 40442 52007 82535 333 91003 91104
 555 1/109=
 28502 42997 81903 11097 21136 30336 40448 52005 80001 333 91003 91107
 555 1/110=
 22550 82970 71902 11080 21102 30360 40370 57004 87070 555 1/108=
 22778 41498 80000 11084 21095 30341 40415 57004 70252 886// 555
 1/108=
 22889 42/// /3003 11051 21054 30330 40421 52006 555 1/105=
 22762 42/// /0000 11155 21163 30369 40411 57003 555 1/123=
 22638 46/// /1801 11125 21138 30155 40398 54010=
 22671 42/// /2202 11117 21120 30300 40385 55003 555 1/116=
 22456 42/// /2202 11063 21072 30254 40346 57004 555 1/107=
 22583 42584 71801 11076 21095 30274 40359 57007 86570 
 555 1/108=
 22749 42/// /2401 11112 21124 30286 40421 54000 555 1/112=
 22951 42/// /0000 11059 21064 30120 40418 57002 555 1/107=
 22887 42497 80000 11038 21046 30341 40415 52004 8655/ 333 
 86616 555 1/104=
 22876 42/// /2901 11045 21045 30339 40416 54000 555 1/105=
 22481 42/// /2104 11066 21067 30280 40336 57003 555 1/106=
 22854 42/// /0000 11070 21076 30113 40420 54000 555 1/108=
 22781 NIL=
 22676 42898 31701 11168 21188 30312 40397 57001 83030 555 1/118=
 22648 42/// /1502 11139 21142 30354 40405 57004 555 1/118=
 22559 42/// /2002 11118 21133 30364 40382 58004 555 1/113=
 22869 42/// /2401 11031 21034 30260 40415 50000 555 1/103=
 22768 41497 82402 11058 21066 30358 40411 57004 70272 885// 333 88611
 555 1/106=
 22798 42/// /2501 11072 21075 30289 40408 50001 555 1/107=
 22375 46/// /2506 11028 30294 40310 57006 333 91114=
 23207 NIL=
 23215 42/// /2506 11051 21065 30207 40300 58003 333 91112 555 1/105=
 23219 NIL=
 22408 42982 01401 11145 21159 30182 40344 57013 555   1/120=
 22511 42984 01702 11095 21108 30219 40348 57013 333   93501 555  
 1/114=
 22529 42598 22003 11089 21104 30359 40366 57005 82500 555   1/112=
 22602 42474 71901 11089 21096 30133 40373 57010 87500 333   87614
 93501 555   1/110=
 22621 83/70 /1903 11117 21130 30234 40385 57008 555   1////=
 22619 42998 01701 11125 21138 30217 40389 57006 555   1/119=
 22721 42297 81501 11093 21101 30296 40401 57007 886// 333   88705
 555   1/109=
 22727 86125 /1702 11078 21087 30356 40407 57007 555   1////=
 22717 83/57 /0000 11109 21122 30200 40409 57006 555   1////=
 22802 41396 82201 11050 21058 30379 40404 57006 71072 886// 555  
 1/105=
 22820 41196 80000 11093 21107 30263 40409 57006 71022 886// 333  
 88702 93510 555   1/108=
 22831 42297 81401 11102 21115 30357 40416 57006 886// 333   88704
 555   1/110=
 22805 425// 81701 11046 21050 30386 40407 57007 885// 555   1/103=
 22912 42984 81301 11082 21094 30394 40410 57007 8807/ 555   1/108=
 
