09:31:00 MSK 13.01.2023
020 123456/=о000=0631
 унту01 бтул 130600
 22686 41498 82004 11080 21101 30024 40127 53004 70273 885// 333 88617=
 22695 42/// /2104 11087 21115 39959 40118 52004=
 22996 41597 82203 11073 21080 30025 40218 57003 77172 8452/=
 23220 41495 80806 11155 21173 39953 40103 57011 77373 8872/ 333 91112=
 23226 41211 81609 11142 21155 39872 40098 57017 77573 887// 333 86705 
 91012 91113 92982=
 23305 41599 82004 11082 21097 30031 40060 53002 72263 885// 333 21084
 88622=
 23320 66/// /2307 11095 21123 30020 40096 56013 60002 333 21097 91012 91113=
 23324 41338 82205 11095 21111 30011 40091 56013 77373 8872/ 333 86708
 91110=
 23405 41460 82003 11086 21101 39978 40081 54000
 70272 8272/ 333 21090 93401=
 23410 66/// /1707 11101 21118 39984 40084 55009 60002 333 21101 91112=
 23411 41495 82206 11096 21102 39980 40072 56006 77373 8872/ 333
 21096 91112=
 23412 41495 82206 11096 21103 39980 40072 56006 77373 8872/ 333 21096
 91010 91112=
 23416 NIL=
 23418 41431 81706 11098 21124 30040 40116 57003 77373
 8652/ 333 86614 91110=
 23501 NIL=
 23503 41997 82104 11092 21109 30044 40096 56005 77173 8802/ 333 21094=
 23507 86/// /0000 11101 21109 39785 40107 57002=
 23509 41498 72003 11093 21112 30036 40117 57004 72273 87500 333 87617=
 23514 41395 82104 11105 21119 39913 40117 57008 77273 8802/ 333 88507   91111  93400=
 23518 41496 82007 11108 21124 30044 40140 56009 78583 889// 333
 21109 91112 555 53013=
 23606 41560 82203 11096 21122 39958 40137 
 56003 72272 8652/ 333 86620 93400=
 23701 41464 72204 11091 21110 30019 40154 52005 78587 85970 333 85916=
 23704 66/// /2304 11090 21099 39926 40039 55004 60002 333 21107=
 23707 81597 82105 11087 21110 30032 40170 52004 77173 8652/ 333 86620 91110=
 23708 41458 82106 11090 21111 30024 40180 52002 77173 8672/ 333 86710
 91010 91110=
 23709 41498 82104 11091 21111 39982 40183 57003 78582 883// 333 88916=
 23711 41497 81903 11105 21124 39996 40174 57005 78582 889// 333 88918=
 23803 41497 82604 11089 21113 30012 40199 53001 78587 889//=
 23804 81496 82203 11084 21103 30034 40185 53001 77172 8652/ 333 86615=
 23807 41496 82206 11081 21099 30035 40203 52003 77073 8802/ 333 88518
 91010 91113=
 23808 NIL=
 23812 42/// /2204 11103 21124 30036 40207 55008=
 23904 41470 82103 11077 21089 30062 40226 50000 72432 8652/ 333 86613
 93401=
 23905 41599 82104 11086 21101 39991 40229 52002 70272 885// 333
 91110=
 23909 41498 82304 11088 21108 39980 40237 57003 70272 885//=
 23912 41496 81905 11108 21122 30037 40240 57007 77172 8802/ 333 91010
 91110=
 23913 41597 82202 11108 21147 30014 40256 55010 77172 8872/=
 23914 81496 82005 11106 21124 39978 40249 57002 78587 889// 333
 93604=
 28013 41897 82003 11098 21125 30010 40253 57006 77172 8802/=
 28016 41896 82203 11090 21122 30025 40263 55001 77172 8807/=
 28029 41597 81905 11110 21134 30045 40278 57004 77172 8652/ 333
 91110=
 28116 41896 82304 11095 21120 30032 40275 57002 77173 8807/=
 28128 41596 82104 11104 21128 30132 40295 57006 77173 8802/ 333
 91110=
 28134 41597 81902 11121 21146 39933 40307 57001 77072 8552/=
 28138 41596 82206 11140 21165 39705 40313 57003 78583 883// 333 91011
 91112=
 28216 41897 72206 11117 21142 39997 40315 55003 77173 87020 333 91010
 91110=
 28222 41596 82103 11109 21135 30105 40312 55004 77172 8611/=
 28224 41570 72103 11106 21144 30095 40323 57005 72273 83509 333
 91110=
 28234 41597 81904 11124 21156 30033 40331 55002 77172 8358/=
 28238 41899 82304 11119 21155 30010 40335 55004 77173 8652/ 333
 91111=
 28313 41998 22004 11120 21153 30127 40333 57002 70271 80001=
 28319 42898 22204 11118 21179 30181 40357 57002 82050 333 91110=
 28321 41999 21904 11122 21150 30114 40332 57005 70171 80001=
 28324 41699 62104 11110 21183 30219 40348 57005 70272 82549=
 28326 41898 62206 11114 21160 30144 40345 57003 70232 82034 333 91011
 91111=
 28413 42899 32204 11121 21188 30232 40363 54001 82034 333 21122
 91110=
 28428 41899 82005 11117 21190 30187 40386 57002 70232 82031=
 28429 42898 52306 11131 21176 39941 40386 58004 82031 333 91012
 91112=
 22983 41580 82202 11075 21097 30091 40200 57004 72273 8655/ 333 91006
 91108=
 27083 41599 82204 11069 21089 39991 40222 57006 73632 885// 333 91008
 91109=
 27097 41498 81805 11071 21080 39974 40247 50002 73673 889// 333 91008
 91110=
 27185 41598 81803 11061 21081 30066 40257 53001 73632 8557/ 333 91007
 91109=
 27199 41998 82103 11065 21085 30066 40272 57004 70273 8007/ 333 91006
 91109=
 27281 41482 81905 11064 21081 30046 40262 57002 70273 886// 333 91008
 91110=
 27283 41498 82104 11065 21084 30101 40264 57004 73632 885// 333 91007
 91111=
 27295 41598 81904 11072 21091 30022 40286 57003 70232 885// 333 91009
 91112=
 27296 41570 82104 11067 21093 30054 40282 57005 73673 885// 333 91007
 91110=
 27385 414// 82106 11064 21086 30161 40296 57004 73673 8577/ 333 91011
 91113=
 27393 41997 82209 11082 21100 30131 40311 58001 73673 8007/ 333 91012
 91114=
 27480 41498 82004 11073 21103 30174 40309 57003 73632 885// 333 91008
 91109=
 28007 41499 82204 11075 21096 39984 40258 55001 73683 8731/ 333 87915
 91008 91111=
 28009 41560 82205 11073 21106 30043 40262 57003 77173 8552/ 333 91008
 91110=
 28105 41498 82304 11067 21094 30063 40271 57002 73632 885// 333 91007
 91110=
 28202 41676 82305 11078 21103 30054 40287 57002 72272 885// 333 91010
 91110=
 28302 41997 81905 11110 21138 30074 40316 52002 77173 8802/ 333 91010
 91110=
 28307 41498 81603 11106 21134 30180 40334 52006 70273 885// 333 21107
 91007 91109=
 28402 41598 82106 11121 21135 30156 40348 53006 73632 885// 333 21124
 91009 91111=
 28502 41698 72004 11151 21198 30267 40380 53011 70231 85531 333 21151
 91008 91112=
 22550 81568 81904 11033 21049 30027 40037 57003 70273 886// 333
 88620=
 22778 41598 81704 11078 21097 30073 40145 57002 70282 8657/=
 22889 41498 82002 11076 21099 30105 40195 54000 70272 885// 333
 88615=
 22762 42497 81702 11059 21069 30066 40106 57003 8577/=
 22638 46/// /1903 11041 21055 39803 40031 57013=
 22671 42498 82003 11062 21071 30004 40087 53001 889// 333 86912=
 22456 41496 82102 11047 21051 39938 40027 54000 77072 8872/=
 22583 41598 82001 11071 21090 39997 40080 53001 70288 8657/=
 22749 41598 82005 11057 21071 39964 40092 58011 73632 885// 333 88621
 91110=
 22951 41497 82205 11077 21093 39849 40140 57010 77173 8772/=
 22887 41597 81303 11075 21101 30106 40179 58003 78582 8595/ 
 333 85924=
 22876 41997 81902 11079 21100 30087 40163 57005 70232 8805/=
 22481 41496 82006 11061 21066 39985 40039 52001 77173 8872/ 333
 91112=
 22854 41298 81804 11073 21083 39823 40121 57009 72272 886// 333 88706
 91110=
 22781 NIL=
 22676 41498 82005 11067 21091 30025 40105 54000 70273 885//=
 22648 41498 81805 11038 21042 30018 40065 57011 73632 889// 333 88911
 91111=
 22559 41597 82004 11046 21061 30037 40054 57006 73673 885// 333 88620
 91110=
 22869 42497 81904 11082 21099 30014 40169 57002 886// 333 86614=
 22768 41697 72006 11071 21095 30075 40127 57004 73632 87500 333 91010
 91111=
 22798 41497 82003 11089 21108 30054 40171 52004 77073 885// 333 88614
 91111=
 22375 46/// /2106 11052 39993 40009 52001=
 23207 41499 82204 11068 21092 30005 40028 57002 72272 886//=
 23215 41393 81906 11089 21105 39955 40047 57020 77573 8872/ 333
 91111=
 23219 NIL=
 27095 66/// /1904 11070 21077 30013 40252 50001 60002 333 21110=
 22408 11483 81803 10001 21012 39791 49939 57005 69922 72682 889//
 333   21012 43032 88912=
 22511 11465 81803 10002 21014 39833 49953 57004 69902 77072 887//
 333   21015 43024 88711=
 22529 11598 82006 11021 21046 39991 49998 57006 69902 73632 885//
 333   21034 48028 88626 91111=
 22602 11473 82004 11004 21004 39740 49963 54000 69962 70273 8872/
 333   21026 47035 88510=
 22621 11498 81806 11032 21050 39859 49999 57009 69942 736// 889//
 333   21040 47029 86912 91111=
 22619 11496 71602 11031 21052 39836 49996 57009 69922 78582 87900
 333   21036 47029=
 22721 11396 81302 11038 21043 39921 40020 57014 60022 78582 889//
 333   21047 47046 85709=
 22727 11925 81304 11032 21039 39978 40026 57021 60012 77300 8807/
 333   21043 48021=
 22717 11395 81602 11029 21040 39812 40006 57017 60022 77100 8872/
 333   21033 47034 86707=
 22802 11496 81603 11011 21018 39969 49992 57017 60052 78582 889//
 333   21015 47052=
 22820 11496 81902 11028 21049 39890 40028 57021 69962 77172 8652/
 333   21046 47023 86616=
 22831 11497 81402 11041 21054 30002 40058 57024 60022 78582 889//
 333   21053 47042 88910=
 22805 115// 81608 11007 21008 39973 49993 57014 60012 77173 885//
 333   21012 48014 91012 91115=
 22912 11250 81804 11024 21034 30014 40029 57017 60052 77173 8872/
 333   21041 47016 86706=
 
