21:31:00 MSK 27.05.2023
020 123456/=о000=1831
 унту01 бтул 271800
 22686 82498 63401 10103 20056 30060 40157 52007 82989=
 22695 42/// /3303 10140 21011 39992 40138 50005=
 22996 41598 70201 10146 20142 39935 40116 54000 71282 86981=
 23220 41496 80201 10071 20060 30013 40152 57002 78082 889//=
 23226 41658 80303 10078 20056 39946 40156 57011 76162 885// 333 88637=
 23305 42999 30000 10116 20020 30137 40164 53004 82031=
 23320 66/// /0302 10113 20098 30074 40144 54001 60002 333 10189=
 23324 41457 80403 10104 20096 30075 40150 53001 76186 8272/=
 23405 42971 60303 10118 20014 30063 40158 52005
 86030=
 23410 66/// /3402 10125 20044 30058 40151 52002 60002 333 10150=
 23411 42999 70000 10131 20024 30071 40156 53005 87030=
 23412 42999 80302 10126 20050 30058 40151 53002 8805/=
 23416 NIL=
 23418 42565 73203 10134 20034 30072 40142 53001 85530 333 
 85630=
 23501 NIL=
 23503 42598 80000 10094 20080 30107 40156 52003 82405=
 23507 86/// /0403 10144 20024 39852 40148 52005=
 23509 42998 63401 10106 20074 30072 40148 51001 85071=
 23514 42697 80501 10120 20080 39958 40147 52003 8555/ 333 85636=
 23518 41597 83502 10134 20126 30052 40139 52007 70282 889// 333 85624
 555 53007=
 23606 42762 80301 10143 20110 39980 40138 52003 8293/=
 23612 NIL=
 23701 82699 70202 10140 20122 30016 40139 50002 82270=
 23704 66/// /0000 10154 20136 39926 40039 55004 60002 333 10191=
 23707 81498 80202 10142 20130 30002 40128 57002 70282 8395/=
 23708 41481 80701 10153 20135 39984 40125 57002 70282 8295/=
 23709 81395 80301 10155 20145 39944 40126 58004 78082 883// 333 86707=
 23711 41498 82201 10172 20160 39968 40127 52001 70282 8697/ 333 86914=
 23803 41497 80301 10153 20136 39962 40133 56001 78082 889// 333 88919=
 23804 81597 70101 10150 20145 39983 40120 58006 70298 86950 333 86923=
 23807 41497 30302 10136 20121 39968 40121 55005 71198 81531=
 23808 86/// /1101 10145 20138 39960 40120 58007=
 23812 41497 81601 10150 20140 39971 40125 57003 72582 85932=
 23904 41966 80000 10148 20148 39965 40114 58002 70282 87041=
 23905 41598 80301 10151 20148 39894 40109 52003 72598 889// 555
 50180=
 23909 42598 71702 10183 20119 39883 40112 57003 82375=
 23912 42598 81603 10203 20113 39945 40124 57009 84535 555 50216=
 23913 41597 80000 10160 20125 39927 40144 57002 78082 889// 555
 50190=
 23914 81497 71903 10197 20107 39887 40127 57006 70282 87501=
 28013 42598 61602 10186 20104 39902 40118 57004 82570 333 91110 555
 50213=
 28016 42/// /1602 10187 20126 39907 40118 58003 555 50208=
 28029 41599 81503 10192 20119 39933 40138 57005 70282 8657/ 333 91113
 555 50232=
 28116 41598 81502 10182 20117 39906 40122 57011 70382 82437 333
 91112=
 28128 41598 81602 10187 20131 39996 40140 57014 70282 885// 333 91112
 555 50204=
 28134 41698 80000 10173 20116 39824 40155 57006 70282 8553/ 555
 50202=
 28138 43/// /1601 10171 20092 39629 40164 54000 333 91110=
 28216 41699 71303 10195 20105 39854 40132 56007 70282 85401 555
 50215=
 28222 42/// /1403 10193 20109 39962 40144 57013 555 50216=
 28224 41870 81404 10186 20114 39945 40145 57010 70282 86077=
 28234 41598 80000 10170 20115 39896 40159 56020 70282 885// 555
 50223=
 28238 42599 80301 10192 20089 39878 40163 58008 885// 555 50207=
 28313 42/// /2001 10183 20119 39955 40135 57007=
 28319 42598 81603 10226 20113 39990 40142 57006 885//=
 28321 41599 61702 10196 20109 39947 40138 56010 70182 82931=
 28324 42/// /1802 10212 20082 30030 40143 57005 555 50217=
 28326 41598 71501 10200 20077 39974 40149 57009 70282 87500 555
 50217=
 28413 42599 81603 10227 20098 30027 40140 54000 8652/ 555 50230=
 28428 42598 71802 10208 20081 39981 40154 54001 87900 555 50208=
 28429 42/// /1303 10200 20081 39778 40164 57004 555 50208=
 22983 41498 80201 10126 20093 30028 40128 52007 70298 82935 333 91004
 91106=
 27083 42999 23501 10142 20135 39900 40111 52005 82030 333 91002
 91108=
 27097 42998 83201 10153 20147 39866 40114 53002 82041 333 91001
 91106=
 27185 42/// /0000 10142 20133 39939 40114 53004 333 91000 91106=
 27199 41598 71301 10154 20150 39926 40113 52017 72598 87300 333 91002
 91107=
 27281 42982 83301 10160 20135 39917 40113 52004 83035 333 91002
 91106=
 27283 41458 70000 10153 20150 39966 40113 52006 71098 82530 333 91001
 91106=
 27295 42597 80401 10173 20124 39879 40114 52019 885// 333 91002
 91108=
 27296 41563 80602 10170 20155 39911 40118 52022 79598 889// 333 91005
 91108=
 27385 415// 73501 10185 20160 39987 40108 52012 70292 82531 333 91002
 91103=
 27393 41598 82205 10195 20151 39955 40115 53012 70292 85531 333 91007
 91108=
 27480 41598 80000 10173 20171 39986 40107 52005 71198 8693/ 333 91000
 91102=
 28007 41450 83402 10168 20155 39866 40112 51012 79598 883// 333 88910
 91005 91105=
 28009 42498 81803 10204 20124 39914 40110 52004 86907 333 91006
 91106=
 28105 41598 81301 10158 20145 39924 40113 53013 71798 883// 333 91002
 91109=
 28202 42672 81501 10182 20137 39903 40110 53003 85931 333 91002
 91108=
 28302 42598 81402 10188 20144 39900 40114 57001 82931 333 91003
 91106=
 28307 41498 82201 10185 20134 39977 40112 51007 72998 889// 333 91004
 91107=
 28402 42598 81904 10206 20135 39948 40115 52002 81971 333 91006
 91107=
 28502 42697 82102 10208 20105 30030 40127 52008 885// 333 91003
 91110=
 22550 82997 02901 10096 21013 30188 40198 52008=
 22778 42998 70102 10143 20042 30084 40151 52006 87070=
 22889 41496 82502 10118 20106 30053 40136 53011 78098 889// 333
 88914=
 22762 82998 62901 10118 20076 30133 40171 52007 80004=
 22638 NIL=
 22671 42999 53501 10134 20050 30096 40172 52011 83032=
 22456 42998 02901 10084 21029 30104 40190 52014=
 22583 42598 63601 10131 20044 30089 40167 52008 85501=
 22749 42598 60103 10131 20030 30058 40178 52013 86900=
 22951 41497 80501 10101 20075 39905 40179 52017 78082 8693/=
 22887 41699 83101 10128 20107 30073 40140 52005 70282 8355/=
 22876 42597 52501 10095 20092 30075 40148 52003 82430=
 22481 42698 10401 10100 20051 30127 40179 52003 81400=
 22854 42499 80103 10108 20051 39899 40180 52015 8395/=
 22781 NIL=
 22676 42898 20000 10118 20018 30086 40161 52006 81049=
 22648 41698 53203 10119 21023 30151 40196 52011 70381 81431=
 22559 42998 03002 10101 21012 30181 40197 52016=
 22869 42997 73502 10145 20053 30010 40152 53011 80070=
 22768 42697 70103 10146 20037 30114 40162 52009 82570=
 22798 42598 83301 10151 20093 30026 40133 54000 885//=
 22375 NIL=
 23207 NIL=
 23215 42998 70602 10112 20031 30076 40162 54001 87030=
 23219 NIL=
 27095 66/// /3501 10155 20155 39902 40119 57002 60002 333 10195=
 22408 12999 02602 10108 21047 30040 40186 52002 60002 333   10141=
 22511 42998 02501 10120 21050 30070 40188 52004 60002 333   10147=
 22529 12599 41602 10111 20007 30187 40194 52005 60002 82532 333  
 10153=
 22602 12999 22502 10113 21048 39977 40196 52003 60002 8203/ 333  
 10144=
 22621 12998 52201 10128 21020 30060 40195 52006 60002 85030 333  
 10158=
 22619 12483 32102 10114 21006 30041 40196 52005 60002 83500 333  
 10137=
 22721 12998 10000 10119 21018 30104 40200 52009 60002 81030 333  
 10169=
 22727 12970 00000 10116 21012 30157 40204 52011 60002 333   10167=
 22717 12998 22901 10117 21001 30021 40209 52006 60002 82030 333  
 10151=
 22802 12999 02901 10124 20005 30194 40217 52004 60002 333   10157=
 22820 12970 23201 10126 21003 30070 40202 52010 60002 82030 333  
 10154=
 22831 12698 50000 10121 20037 30139 40193 52012 60002 82530 333  
 10175=
 22805 12598 22802 10075 20017 30199 40218 52002 60002 82500 333  
 10115=
 22912 12999 12803 10102 20015 30192 40207 52007 69902 81040 333  
 10148=
 
