21:31:00 MSK 18.04.2023
020 123456/=о000=1831
 унту01 бтул 181800
 22686 42998 00000 11010 21054 30229 40332 52012=
 22695 42/// /0903 10038 21117 30167 40321 52011=
 22996 42/// /0702 10074 21134 30108 40293 52016=
 23220 42999 00903 11184 21217 30192 40347 57012=
 23226 42960 01902 11170 21196 30119 40352 57007=
 23305 42984 01502 11016 21109 30309 40338 53001=
 23320 66/// /1601 11133 21168 30271 40350 57005 60002 333 11021=
 23324 42984 00000 11129 21173 30265 40348 58007=
 23405 42997 01003 10022 21140 30236 40338 53002=
 23410 66/// /0901 11103 21147 30247 40350 54001 60002 333 10040=
 23411 42/// /1501 11002 21121 30251 40343 54001=
 23412 42999 01502 11047 21141 30246 40347 57002=
 23416 NIL=
 23418 42965 00000 11050 21082 30272 40349 53002=
 23501 NIL=
 23503 42998 00000 11057 21108 30293 40345 52005=
 23507 86/// /0000 11002 21092 30026 40344 52009=
 23509 42998 00000 11030 21069 30267 40348 52010=
 23514 42997 01702 11003 21085 30148 40350 52006=
 23518 42998 02201 11059 21089 30262 40358 52008 555 53004=
 23606 42960 01302 11011 21082 30176 40347 52008=
 23612 NIL=
 23701 42/// /0301 11028 21067 30209 40343 52010=
 23704 66/// /0702 10009 21043 39926 40039 55004 60002 333 10088=
 23707 82998 30403 10033 21060 30190 40324 52012 80001=
 23708 42984 01002 10029 21098 30186 40338 52014=
 23709 42998 00000 11020 21078 30152 40351 52013=
 23711 42998 00000 11038 21091 30180 40356 52008=
 23803 42999 00702 10019 21122 30162 40346 52013=
 23804 82997 00701 10049 21072 30174 40320 52015=
 23807 42998 20604 10050 21040 30151 40313 52016 80001=
 23808 86/// /0502 10047 21068 30156 40325 52017=
 23812 42997 00000 11044 21092 30189 40358 52016=
 23904 42980 20000 11009 21093 30152 40313 52019 80001=
 23905 42999 00000 10026 21085 30092 40323 52018 555 50041=
 23909 42998 10902 10021 21065 30081 40330 52014 80001=
 23912 42998 01004 10027 21132 30147 40342 52015 555 50019=
 23913 42999 01401 11036 21094 30125 40364 52022 555 50006=
 23914 82999 00802 10022 21109 30079 40340 52017=
 28013 42999 00903 10034 21078 30093 40326 52017 555 50053=
 28016 42/// /0802 10041 21065 30094 40321 52019 555 50046=
 28029 42999 00902 10033 21073 30109 40331 52019 555 50047=
 28116 42999 00902 10046 21069 30083 40315 52021=
 28128 42999 00703 10043 21053 30169 40323 52026 555 50042=
 28134 42998 00901 10023 21068 39977 40333 52017 555 50036=
 28138 43/// /0503 11004 21095 39764 40345 52016=
 28216 42999 00804 10061 21098 30001 40298 52018 555 50077=
 28222 42/// /0803 10047 21066 30123 40319 52024 555 50054=
 28224 42970 00803 10055 21073 30096 40309 52024=
 28234 42998 01101 10031 21084 30045 40327 52021 555 50051=
 28238 42999 00602 10018 21071 30026 40334 52023 555 50033=
 28313 42/// /0602 10059 21112 30100 40293 52018 555 50055=
 28319 42599 50502 10046 21096 30122 40285 52012 82450=
 28321 42899 21003 10073 21072 30093 40296 52020 82030=
 28324 42/// /1001 10068 21086 30171 40291 52020 555 50054=
 28326 42898 21002 10051 21068 30119 40306 52023 82030 555 50048=
 28413 42599 61502 10055 21063 30158 40280 52008 82534 555 50078=
 28428 42999 00000 10034 21093 30101 40287 52009 555 50062=
 28429 42/// /0402 10034 21080 39884 40299 52013 555 50046=
 22983 42984 00000 10026 21108 30193 40299 52018 333 91001 91103=
 27083 42984 00202 10064 21120 30061 40283 52016 333 91003 91104=
 27097 42998 00302 10076 21109 30021 40281 52014 333 91004 91104=
 27185 42/// /0000 10059 21029 30089 40273 52008 333 91000 91101=
 27199 42998 30000 10054 21063 30079 40276 52009 80030 333 91001
 91103=
 27281 42984 80501 10065 21047 30063 40269 52008 83045 333 91001
 91105=
 27283 42997 71001 10081 21054 30114 40268 52008 87030 333 91002
 91103=
 27295 42997 70201 10078 21083 30023 40271 52009 85075 333 91001
 91102=
 27296 42997 51601 10059 21068 30054 40272 52008 85030 333 91001
 91104=
 27385 425// 60301 10092 21032 30135 40262 52007 86500 333 91002
 91106=
 27393 42598 60901 10061 21053 30105 40275 52009 81475 333 91002
 91102=
 27480 42598 80000 10074 20010 30144 40272 52015 82531 333 91000
 91108=
 28007 42999 01101 10061 21138 30031 40293 52018 333 91003 91103=
 28009 42998 20601 10052 21131 30095 40306 52019 82030 333 91003
 91103=
 28105 42998 00501 10051 21115 30085 40285 52016 333 91002 91105=
 28202 42997 20601 10061 21116 30059 40280 52013 80001 333 91003
 91104=
 28302 42997 60601 10077 21084 30048 40275 52008 86030 333 91002
 91102=
 28307 42498 83001 10094 21057 30125 40267 52008 82431 333 91001
 91102=
 28402 42684 81002 10093 21040 30092 40269 52008 83575 333 91003
 91105=
 28502 42597 82704 10124 21049 30163 40264 52009 884// 333 91005
 91108=
 22550 82972 02701 10002 21013 30337 40347 52008=
 22778 42998 00302 10042 21138 30243 40313 52014=
 22889 42998 01302 11003 21080 30220 40308 52018=
 22762 42998 03001 10047 21095 30280 40320 52010=
 22638 46/// /0102 10011 21020 30129 40360 54010=
 22671 42998 00101 10024 21092 30250 40330 52012=
 22456 42997 00000 11006 21026 30263 40353 52013=
 22583 42998 03201 10015 21094 30250 40333 52013=
 22749 42998 10502 10060 21103 30200 40326 52015 81030=
 22951 12895 20802 10065 21142 30026 40308 52015 60002 82030 333
 10135=
 22887 42997 00401 10019 21062 30230 40302 52014=
 22876 42997 00000 10001 21111 30234 40309 52016=
 22481 42998 13001 11012 21093 30286 40341 52011 81030=
 22854 42898 10102 10056 21115 30029 40319 52016 81040=
 22781 NIL=
 22676 42998 03101 10011 21085 30244 40323 52012=
 22648 42998 10302 10045 21086 30299 40346 52018 80001=
 22559 42998 23204 10010 21014 30326 40343 52011 80001=
 22869 42998 00203 10080 21121 30156 40304 52015=
 22768 42997 00501 10057 21111 30264 40314 52013=
 22798 42998 00403 10044 21067 30209 40323 52013=
 22375 46/// /3302 11080 30337 40353 52009=
 23207 NIL=
 23215 42998 11201 11178 21198 30247 40345 57009 80001=
 23219 NIL=
 27095 66/// /0403 10072 21121 30067 40295 52017 60002 333 10157=
 22408 12799 63201 10015 21027 30231 40384 52006 60002 86500 333  
 10088 86650=
 22511 12698 60101 10046 21023 30255 40378 52007 60002 85530 333  
 10085=
 22529 12999 00000 11012 21022 30361 40368 52006 60002 333   10066=
 22602 12978 50101 10035 20025 30145 40374 52009 60002 8503/ 333  
 10083=
 22621 12998 23401 10021 21021 30229 40372 52009 60002 80001 333  
 10086=
 22619 12498 10602 10033 21015 30204 40366 52014 60002 81500 333  
 10081=
 22721 12998 03001 10043 21015 30259 40359 52013 60002 333   10107=
 22727 12970 23302 10051 21050 30297 40345 52013 60002 80001 333  
 10115=
 22717 12998 20102 10047 21027 30155 40351 52012 60002 81031 333  
 10094=
 22802 12999 00202 10061 21039 30322 40346 52014 60002 333   10110=
 22820 12998 60102 10056 21106 30201 40339 52010 60002 83031 333  
 10102=
 22831 12997 30303 10060 21103 30270 40326 52013 60002 82031 333  
 10119=
 22805 12598 20203 10068 21060 30322 40342 52014 60002 81531 333  
 10122=
 22912 12984 60302 10065 21112 30309 40324 52013 60002 80001 333  
 10132=
 
