06:31:00 MSK 16.04.2023
020 123456/=о000=0331
 уйту01 бтул 160300
 22686 12998 20000 11070 21078 30237 40342 51001 60002 82030 333 21083 42036 55142 555 53005 7000/=
 22695 12598 83002 11027 21062 30165 40323 51001 60002 885// 333 21049
 42034 88622 555 53009 7000/=
 22996 12999 73402 11017 21048 30139 40330 52009 60002 87070 333 21034
 41998 55131 555 53007 7000/=
 23220 12598 82504 11154 21175 30103 40255 53001 69922 885// 333 21155 47099 55058 555 53007 7001/=
 23226 11323 83305 11160 21173 30026 40258 57004 69932 71022 886// 333
 21163 49089 88707 555 53008 7995/=
 23305 12999 82803 11025 21045 30287 40316 56001 69902 8807/ 333 21027
 47031 555 53008 7990/=
 23320 76/// /2403 11087 21118 30209 40286 57005 333 21142 60002 555 53007 7000/=
 23324 12581 82503 11095 21112 30194 40276 57009 60002 885// 333 21162
 49046 55041 88624 555 53007 7000/=
 23405 12470 83002 11023 21052 30219 40321 53003 60002 
 8555/ 333 21026 43052 55000 85614 555 53008 7990/=
 23410 76/// /1803 11092 21108 30192 40294 57005 333 21142 60002 555 7000/=
 23411 11496 83003 11030 21034 30202 40294 57007 69932 77172 8772/ 333
 21070 48041 555 53007 7993/=
 23412 12599 81802 11085 21099 30191 40293 57006 60002 885// 333 21127 47053 55071 555 53005 7990/=
 23416 NIL=
 23418 12465 83001 11103 21116 30224 40302 58005 60002
 8555/ 333 21139 44062 55043 85618 555 53008 7990/=
 23501 NIL=
 23503 11498 83101 11029 21055 30261 40313 57002 69902 77072 885// 333
 21110 48051 88613 555 53006 7990/=
 23507 66/// /3601 11031 21058 30007 40328 54001 60002 333 21031 555 53009 7000/=
 23509 12498 83102 11030 21065 30238 40319 51001 60002 885// 333 21047
 44052 88619 555 53008 7990/=
 23514 12597 82902 11059 21087 30105 40310 54000 60002 8655/ 333 21091 43069 55000 86622 555 53007 7990/=
 23518 12998 80000 11109 21127 30203 40301 51003 60002 8807/ 333 21117
 47068 55040 555 53008 7990/ 91213=
 23606 12460 83402 11032 21072 30146 40318 52003 60002 885// 333 21037 47049 55006 88618 555 53009 7000/=
 23612 12498 63202 11100 21125 30162 40305 52006 60002 83531 333 21115 47047 555 53007 7990/=
 23701 12999 72901 11017 21064 30200 40333 52002 60002 87030 333 21031
 42030 555 53008 7000/=
 23704 76/// /0000 11021 21052 39926 40039 55004 333 21030 60002 555 51004 7000/=
 23707 62598 83603 11005 21061 30193 40329 52005 60002 8755/ 333 21012 46010 55141 87626 555 53009 7000/=
 23708 12984 33402 11021 21081 30171 40326 52004 60002 80001 333 21025
 46012 555 53009 7000/=
 23709 12598 73102 11023 21086 30119 40318 52007 69902 87500 333 21041 42010 87628 555 53007 7990/ 91210=
 23711 12998 23303 11051 21098 30129 40306 52008 60002 80030 333 21067 43038 55041 555 53011 7000/=
 23803 12699 73403 11016 21092 30140 40325 52010 69902 87500 333 21019 46005 55061 87633 555 53006 7990/=
 23804 12597 83301 11003 21057 30178 40327 52007 60002 8655/ 333 21009 46012 55132 86627 555 53007 7000/=
 23807 12998 73502 11006 21030 30167 40332 52008 60002 87030 333 21016
 46997 55138 555 53009 7000/=
 23808 66/// /3503 11006 21063 30152 40324 52007 60002 333 21009 555 7000/=
 23812 12997 03503 11041 21095 30130 40298 52006 69902 333 21050 43035
 555 53008 7990/=
 23904 12570 83602 11004 21056 30167 40328 52009 60002 885// 333 21033
 88624 555 53008 7000/=
 23905 12599 83402 11007 21067 30084 40317 52007 60002 885// 333 21011
 3/101 41998 555 53009 7000/=
 23909 12598 83603 11009 21069 30055 40306 52009 69902 885// 333 21010
 34101 55129=
 23912 12898 30102 11023 21083 30096 40294 52011 60002 83040 333 21023
 3/103 46011 555 53010 7000/=
 23913 12599 73004 11027 21099 30046 40282 52009 60002 8613/ 333 21065
 3/004 43025 55109 555 53010 7000/=
 23914 62499 73602 11014 21082 30027 40290 52009 60002 87580 333 21015
 3/102 42003 55122=
 28013 12898 83505 11009 21075 30061 40297 52008 69902 8807/ 333 21012
 34101 555 53013 7990/=
 28016 12599 83603 11005 21059 30071 40301 52006 60002 885// 333 21009
 34100 555 53014 7000/=
 28029 12599 73503 11009 21065 30055 40280 52010 60002 86570 333 21025
 3/104 41998 55137 555 53011 7000/=
 28116 12499 80104 11007 21073 30058 40294 52009 60002 8653/ 333 21012
 34102 55132=
 28128 12599 80104 11002 21063 30126 40282 52010 60002 885// 333 21015
 31101 55136 555 53009 7000/=
 28134 12998 00102 11023 21073 39914 40274 52010 60002 333 21044 3/102
 41998 555 53007 7000/=
 28138 12999 00103 11034 21096 39678 40259 52010 60002 333 21079 3/110
 44012 55123=
 28216 12699 80104 11014 21078 39981 40286 52008 60002 885// 333 21028
 30104 91110 555 53010 7000/=
 28222 12598 50202 11003 21072 30077 40276 52012 60002 82550 333 21022
 34101 555 53006 7000/=
 28224 12670 70103 11005 21077 30053 40270 52008 60002 87500 333 21018
 30105 55128=
 28234 12999 03402 11026 21091 39981 40266 52010 69902 333 21053 34108
 555 53004 7990/=
 28238 12999 00000 11020 21087 39949 40259 52012 60002 333 21065 3/108
 41998 55132 555 53005 7000/=
 28313 12698 80103 11009 21074 30087 40284 52009 60002 885// 333 21046
 34104 555 53007 7000/=
 28319 12998 00404 11011 21073 30110 40278 52012 60002 333 21042
 34106=
 28321 12899 70104 11010 21072 30068 40276 52009 60002 87030 333 21026
 34104=
 28324 12699 50203 11006 21076 30149 40272 52011 60002 85400 333 21064
 30106 555 53007 7000/=
 28326 12598 20102 11007 21073 30070 40260 52010 60002 82500 333 21086
 34104 55133 555 53005 7000/=
 28413 12999 00103 11012 21070 30154 40279 52012 60002 333 21018 30106
 555 53006 7000/=
 28428 12999 00402 11003 21092 30068 40256 52010 60002 333 21067 34106
 555 53007 7000/=
 28429 12998 20203 11018 21104 39830 40251 52010 60002 80001 333 21087
 30108 555 53006 7000/=
 22983 12998 02601 11038 21081 30234 40343 52009 60002 333 21063 42003
 55128 91001 91101 555 53006 7000/=
 27083 12999 03602 11021 21075 30104 40334 52010 60002 333 21037 91003
 91103 555 53007 7000/=
 27097 12998 03602 11018 21062 30063 40333 52012 60002 333 21038 34102
 91003 91103 555 53007 7000/=
 27185 12998 00000 11027 21109 30144 40335 52012 60002 333 21058 34104
 91000 91100 555 53007 7000/=
 27199 12598 20202 11008 21071 30121 40324 52012 60002 82500 333 21040
 55139 91004 91105 555 53006 7000/=
 27281 12982 03603 11015 21119 30118 40332 52010 60002 333 21033 34108
 91004 91104 555 53006 7000/=
 27283 12998 03602 11019 21105 30167 40328 52012 60002 333 21050 91002
 91103 555 53006 7000/=
 27295 12998 03402 11010 21123 30062 40319 52011 60002 333 21039 41998
 91003 91103 555 53006 7000/=
 27296 12998 00102 11024 21090 30091 40316 52010 60002 333 21048 34107
 55133 91003 91103 555 53007 7000/=
 27385 129// 00000 11028 21079 30188 40321 52009 60002 333 21073 34108
 91000 91101 555 53006 7000/=
 27393 12998 00302 11007 21087 30141 40316 52010 60002 333 21022 55013
 91004 91104 555 53005 7000/=
 27480 12998 03001 11016 21120 30192 40324 52007 60002 333 21052 34102
 91002 91102 555 53005 7000/=
 28007 12599 80302 11012 21065 30055 40324 52009 60002 885// 333 21028
 55127 88627 91004 91105 555 53009 7000/=
 28009 12598 80101 11007 21075 30102 40318 52009 60002 885// 333 21026
 91003 91105 555 53006 7000/=
 28105 12998 80202 11008 21068 30113 40318 52010 60002 8807/ 333 21037
 91005 91105 555 53006 7000/=
 28202 12982 80303 11011 21070 30080 40307 52009 60002 8805/ 333 21024
 34103 41998 91005 91105 555 53006 7000/=
 28302 12998 83601 11014 21073 30070 40305 52011 60002 8807/ 333 21031
 34104 91003 91104 555 53004 7000/=
 28307 12998 03303 11003 21091 30160 40308 52012 60002 333 21024 34103
 91005 91105 555 53006 7000/=
 28402 12998 13603 11014 21087 30116 40301 52012 60002 81030 333 21025
 30105 91004 91104 555 53010 7000/=
 28502 12998 02802 10001 21134 30185 40291 53010 60002 333 21038 34106
 55126 91004 91106 555 53007 7000/=
 22550 62997 70000 11080 21096 30340 40350 54000 60002 80002 333 21107
 43035 55136 555 53003 7000/=
 22778 12998 03601 11056 21103 30274 40346 52003 60002 333 21076 43020
 55133 555 53005 7000/=
 22889 12998 02701 11047 21062 30254 40344 52008 60002 333 21076 41998
 555 53008 7000/=
 22762 12998 00000 11077 21107 30310 40351 52002 60002 333 21088 43023
 555 53004 7000/ 91207=
 22638 46/// /1000 11064 21104 30110 40347 57006=
 22671 12999 10000 11057 21080 30262 40345 52003 60002 80000 333 21097
 3/113 43057 55139 555 53004 7000/=
 22456 12997 00000 11110 21124 30251 40345 57001 60002 333 21126 43047
 555 53003 7000/=
 22583 12598 73102 11017 21050 30253 40336 52002 60002 87500
 333 21047 44059 55028 555 53005 7000/=
 22749 NIL=
 22951 12998 80000 11050 21086 30068 40363 52001 60002 80001 333 21057
 43024 555 53002 7000/=
 22887 12999 20000 11042 21051 30271 40344 52009 60002 80001
 333 21048 55135 555 53009 7000/=
 22876 12997 00000 11026 21061 30268 40343 52004 60002 333 21066 555
 50012 53007 7000/ 91209=
 22481 12998 12001 11067 21067 30277 40333 57004 60002 80001 333 21089
 44048 555 53006 7000/=
 22854 12898 70000 11042 21106 30059 40361 51001 60002 84031 333 21049
 44036 55132 555 53002 7000/=
 22781 NIL=
 22676 12998 03201 11083 21097 30262 40345 52003 60002 333 21104 43015
 555 53005 7000/=
 22648 NIL=
 22559 12998 60000 11058 21099 30333 40351 53001 60002 80001 333 21087
 44040 55149 555 53005 7000/=
 22869 12997 00000 11029 21079 30203 40357 52005 60002 333 21058 42002
 555 53005 7000/ 91207=
 22768 12997 00000 11025 21068 30299 40351 52003 60002 333 21074 42002
 55132 555 53004 7000/=
 22798 12998 00000 11039 21055 30221 40338 52005 60002 82050 333 21081
 42013 555 53007 7000/=
 22375 46/// /2302 11075 30306 40322 57008=
 23207 12999 82804 11014 21042 30284 40307 57006 60002 8805/ 333 21023
 47030 55013 555 53006 79901=
 23215 NIL=
 23219 NIL=
 27095 76/// /3301 11037 21064 30106 40344 52013 333 21042 60002 555 53008 7000/=
 22408 22999 03602 11139 21161 30176 40338 57004 333   21141 55120
 60002 555   7000/=
 22511 22998 11601 11115 21132 30205 40335 57004 81040 333   21124
 60002 555   7000/=
 22529 22599 70000 11060 21091 30329 40336 57006 85502 333   21065
 60002 87625 555   7000/=
 22602 22999 00000 11126 21132 30094 40337 57006 333   21132 55131
 60002 555   7000/=
 22621 73963 /0901 11041 21101 30190 40336 57007 333   21049 55130
 60002 555   7000/=
 22619 22982 51201 11057 21112 30164 40331 57007 80005 333   21061
 55110 60002 555   7000/=
 22721 22998 60000 11030 21097 30232 40334 57005 83031 333   21036
 60002 555   7000/=
 22727 76/70 /0000 11015 21070 30281 40331 57008 333   21017 60002
 555   7000/=
 22717 73/70 /0000 11024 21106 30123 40324 57008 333   21029 60002
 555   7000/=
 22802 22999 60000 11022 21087 30287 40311 57007 85031 333   21026
 55117 60002 555   7000/=
 22820 22668 81102 11009 21078 30188 40328 57008 8353/ 333   21010
 55100 60002 555   7000/=
 22831 22998 71001 11028 21076 30283 40340 57005 80001 333   21034
 55110 60002 555   7000/=
 22805 22598 30903 10013 21042 30304 40324 54000 83500 333   20012
 55129 60002 555   7991/=
 22912 22999 81002 11006 21075 30298 40314 57008 85031 333   21006
 60002 555   7000/=
 
