00:31:00 MSK 07.04.2023
020 123456/=о000=2131
 уйту01 бтул 062100
 22686 42998 00000 11120 21147 30274 40382 52005=
 22695 42998 00903 11079 21198 30206 40368 52004=
 22996 42998 10402 11043 21151 30146 40340 52011 80001=
 23220 41496 82104 11139 21163 30161 40313 57019 78583 889//=
 23226 41360 82407 11125 21138 30076 40306 57020 72272 887// 333 86707 
 91110=
 23305 42/// /2102 11105 21168 30340 40370 57005=
 23320 86/// /2204 11118 21196 30282 40360 57010=
 23324 42981 82303 11117 21163 30264 40347 57011 8807/=
 23405 42997 21901 11130 21173 30275 40384 57002
 80001=
 23410 86/// /1902 11154 21218 30262 40367 57007=
 23411 42999 02303 11121 21177 30275 40371 57006=
 23412 42999 02402 11122 21188 30264 40368 57006=
 23416 NIL=
 23418 42965 00000 11198 21276 30302 40384 57003=
 23503 42/// /1701 11219 21246 30333 40389 54001=
 23507 86/// /0000 11143 21178 30056 40393 57002=
 23509 42/// /0000 11176 21201 30303 40389 54001=
 23514 42997 01901 11184 21216 30175 40392 57001=
 23518 42/// /0000 11205 21230 30282 40384 54001=
 23606 42960 00000 11143 21187 30206 40387 52002=
 23704 86/// /0501 11094 21166 39926 40039 55004=
 23701 NIL=
 23707 82998 00502 11076 21173 30231 40371 52007=
 23708 42/// /0202 11099 21188 30219 40378 52007=
 23709 42998 00201 11102 21202 30171 40377 52005=
 23711 42998 03502 11115 21204 30193 40375 52005=
 23803 42999 00601 11083 21212 30184 40375 51007=
 23804 82997 00401 11065 21171 30212 40365 52008=
 23807 42/// /0203 11062 21134 30189 40359 52009=
 23808 86/// /0203 11065 21177 30185 40362 52011=
 23812 42997 00000 11121 21179 30194 40368 52011=
 23904 42980 00000 11063 21141 30184 40349 52012=
 23905 42999 00402 11061 21165 30109 40347 52011=
 23909 42998 00302 11067 21163 30088 40346 52013=
 23912 42998 00202 11081 21146 30147 40350 52016=
 23913 42999 01304 11076 21177 30109 40351 52015=
 23914 82999 00303 11068 21140 30072 40342 52016=
 28013 42998 00203 11058 21150 30093 40334 52013=
 28016 42/// /0303 11048 21127 30095 40329 52014=
 28029 42999 00705 11038 21150 30089 40317 52022=
 28116 42999 00403 11038 21127 30074 40314 52016=
 28128 42999 00403 11024 21107 30145 40303 52021 333 91110=
 28134 42998 00402 11048 21131 39946 40311 52023=
 28138 43/// /0404 11072 21130 39717 40310 52017 333 91111=
 28216 42999 00205 11026 21110 39983 40289 52014 333 91111=
 28222 42/// /0502 11023 21109 30096 40296 52021=
 28224 42970 00603 11010 21109 30065 40283 52020=
 28234 42998 00702 11032 21125 30007 40295 52027=
 28238 42999 00506 11037 21117 39980 40294 52025 333 91011 91112=
 28313 42/// /0303 11013 21097 30082 40279 52014=
 28319 42899 20403 11004 21079 30095 40262 52015 82050=
 28321 42999 20203 11016 21083 30068 40277 52016 80001 333 91110=
 28324 42/// /0402 11001 21079 30140 40263 52016=
 28326 42898 30703 11008 21097 30079 40270 52025 82031=
 28413 42999 00401 10003 21076 30131 40256 52013=
 28428 42599 40504 10021 21067 30049 40236 52015 84500=
 28429 42/// /0604 10002 21066 39824 40241 52018 333 91111=
 22983 42984 00601 11045 21140 30239 40349 52010 333 91002 91104=
 27083 42984 00402 11034 21145 30099 40330 52011 333 91005 91107=
 27097 42/// /0302 11029 21133 30054 40326 52012 333 91004 91106=
 27185 42/// /0202 11019 21100 30125 40315 52012 333 91003 91104=
 27199 42998 00503 11009 21148 30105 40308 52013 333 91005 91108=
 27281 42984 50403 11007 21095 30091 40303 52009 80005 333 91005
 91106=
 27283 42997 00303 11027 21089 30144 40305 52011 333 91004 91105=
 27295 42/// /0203 11012 21124 30038 40297 52010 333 91005 91106=
 27296 42998 00403 11008 21104 30073 40299 52014 333 91004 91108=
 27385 429// 20302 11006 21066 30151 40283 52010 80001 333 91003
 91103=
 27393 42998 00504 11007 21115 30115 40290 52012 333 91006 91108=
 27480 42998 00402 11018 21064 30148 40279 52010 333 91003 91104=
 28007 42999 00503 11034 21165 30055 40327 52012 333 91007 91107=
 28009 42998 00301 11037 21174 30110 40328 52012 333 91004 91106=
 28105 42998 00402 11028 21159 30106 40313 52013 333 91005 91108=
 28202 42997 00503 11024 21138 30070 40298 52011 333 91006 91107=
 28302 42997 00303 11016 21136 30052 40287 52013 333 91006 91106=
 28307 42998 03502 11001 21108 30130 40277 52011 333 91005 91105=
 28402 42984 00303 11004 21097 30085 40268 52009 333 91005 91106=
 28502 42997 00402 10005 21084 30147 40252 52011 333 91004 91106=
 22550 82972 21201 11057 21129 30358 40369 53003 80002=
 22778 42998 00601 11037 21163 30291 40363 52008=
 22889 42/// /0702 11048 21147 30266 40356 52011=
 22762 42998 00000 11071 21117 30323 40365 52006=
 22638 46/// /1201 11038 21104 30123 40358 52002=
 22671 42/// /0000 11136 21164 30286 40372 52002=
 22456 NIL=
 22583 42998 00000 11154 21183 30292 40380 52002=
 22749 NIL=
 22951 42/// /1102 11035 21120 30058 40351 52009=
 22887 42997 00701 11030 21122 30278 40351 52009=
 22876 42/// /0802 11056 21114 30282 40358 52010=
 22481 42/// /1602 11180 21208 30313 40371 57006=
 22854 42/// /0701 11045 21130 30055 40357 52007=
 22781 NIL=
 22676 42998 00000 11114 21133 30292 40375 52005=
 22648 NIL=
 22559 42/// /1201 11085 21151 30354 40372 52002=
 22869 42998 00602 11036 21093 30197 40352 52007=
 22768 42997 00701 11057 21128 30305 40357 52007=
 22798 42998 00202 11072 21171 30253 40372 52008=
 22375 46/// /2004 11072 30336 40352 57004=
 23207 NIL=
 23215 NIL=
 23219 NIL=
 27095 86/// /0302 11027 21146 30102 40339 52013=
 22408 42984 20000 11074 21095 30177 40335 52004 80001=
 22511 42984 31702 11030 21073 30210 40336 52003 80001=
 22529 83/// /1901 11068 21086 30345 40352 52002=
 22602 42977 01001 11087 21116 30102 40341 52004=
 22621 83/67 /1301 11021 21078 30206 40351 52004=
 22619 42998 20000 11043 21074 30178 40344 52005 80001=
 22721 42997 03001 11042 21067 30246 40349 52004=
 22727 86/70 /0702 10004 21078 30293 40342 52005=
 22717 83/70 /0000 11033 21071 30139 40341 52005=
 22802 42998 00802 11011 21066 30303 40327 52007=
 22820 42998 01203 11001 21076 30199 40340 52004 555   51007=
 22831 42997 00701 11022 21102 30287 40344 52007=
 22805 429// 01004 10033 21049 30286 40306 54000=
 22912 42984 30602 11003 21061 30307 40323 52003 80001=
 
