06:31:00 MSK 29.11.2023
020 123456/=о000=0331
 уйту01 бтул 290300
 22686 11597 81001 11066 21083 30073 40176 52007 69982 77072 8557/ 333 21071 47016 55000 85621 555 53007 7998/=
 22695 11597 80902 11074 21095 30009 40168 52009 69982 77172 8552/ 333
 21081 47023 555 53010 7998/=
 22996 11997 81701 11040 21040 39978 40168 52013 69952 71022 8807/ 333 21044 47017 55000 93601 555 53004 7995/ 91204=
 23220 11598 71306 11064 21094 30109 40256 57003 60002 73632 82530 333 21065 47012 55000 91110 555 53011 7000/=
 23226 12960 81005 11059 21107 30040 40264 58002 60002 8805/ 333
 21122 47012 91110 555 53010 7993/=
 23305 12984 80402 11114 21129 30212 40242 58005 60002 8807/ 333 21136
 47013 555 53007 7000/=
 23320 76/// /0301 11070 21080 30152 40228 54001 333 21085 60002 555 53008 7000/=
 23324 12983 70704 11066 21097 30156 40236 58005 60002 87070 333 21111
 49019 55000 555 53009 7000/=
 23405 12497 80402 11095 21107 30118 40222 58001 60002 
 8555/ 333 21098 47018 55000 85613 555 53008 7000/=
 23410 76/// /3102 11128 21148 30131 40233 55000 333 21128 60002 555 7000/=
 23411 12999 60203 11130 21140 30145 40240 52002 60002 86020 333 21130
 47029 555 53008 7000/=
 23412 12999 83601 11126 21141 30134 40237 53003 60002 8805/ 333 21127 47034 55000 555 53006 7000/=
 23416 NIL=
 23418 12965 73501 11088 21099 30148 40225 52001 60002 87030
 333 21139 47031 55003 555 53003 7990/=
 23501 NIL=
 23503 12998 80301 11081 21104 30166 40219 52005 60002 8807/ 333 21120
 47024 555 53005 7000/=
 23507 66/// /0501 11090 21093 39877 40201 53003 60002 333 21107 555 53007 7000/=
 23509 12998 80502 11070 21091 30122 40203 53006 60002 8802/ 333 21106
 47028 555 53003 7000/=
 23514 12997 30601 11092 21100 30007 40213 57001 69932 83030 333 21127 47035 55033 555 53004 7993/=
 23518 12997 83501 11108 21121 30124 40221 55000 60002 8805/ 333
 21138 47025 55034 555 51116 7000/ 91206=
 23606 11460 81002 11068 21068 30022 40194 52001 69992 77172 8552/ 333 21097 47020 55024 85612 555 53005 7999/=
 23612 12584 80601 11075 21089 30072 40212 52001 60002 8255/ 333 21099 47020 555 53004 7000/=
 23701 11460 80502 11062 21070 30048 40181 52006 60012 77072 8802/ 333
 21091 47017 88512 555 53006 7001/=
 23704 76/// /0801 11051 21051 39464 49577 52024 333 21074 60002 555 51067 7000/=
 23707 61396 80501 11044 21050 30031 40167 52011 69932 77775 886// 333
 21064 47013 55003 88708 93401 555 53006 7993/=
 23708 11461 80301 11047 21058 30025 40178 52008 69992 77172 886// 333
 21073 47017 88710 555 53005 7999/=
 23709 11397 80701 11042 21058 39988 40185 52007 69992 77172 8672/ 333 21097 47020 86707 555 53003 7999/ 91203=
 23711 12998 80901 11059 21075 30024 40199 52002 60002 86035 333 21097 47024 55000 555 53003 7000/=
 23803 11499 81102 11024 21040 39999 40182 52007 69932 70272 886// 333 21058 47020 55028 88718 555 53006 7993/=
 23804 61396 80000 11037 21042 30016 40164 52011 60022 78582 8792/ 333 21055 47015 55000 86709  93400 555 53003 7002/=
 23807 11396 82201 11030 21030 30004 40169 52014 69902 71022 8572/ 333
 21034 47012 55000 85709 555 53004 7000/=
 23808 66/// /0000 11022 21022 30002 40173 52010 60002 333 21026 555 7000/=
 23812 12597 80000 11054 21062 30024 40191 54000 60002 8657/ 333 21131
 47022 934// 555 53001 7000/=
 23904 12577 80000 11029 21029 30012 40172 52009 69962 885// 333 21029
 47020 88624 93605 555 53004 7996/=
 23905 11596 80000 11020 21025 39938 40169 52008 60012 77172 885// 333
 21024 47028 93401 555 53004 7001/=
 23909 11297 80902 11023 21027 39921 40171 52003 69972 77172 8772/ 333
 21031 47020 55011 93606=
 23912 12498 80000 11018 21039 39988 40183 52006 69942 8655/ 333 21021
 47019 93401 555 53005 79942=
 23913 12999 71303 11038 21056 39956 40191 50002 60012 87030 333 21069
 43020 55002 555 53007 7001/=
 23914 61498 80901 11026 21032 39914 40175 52001 69942 70262 885// 333
 21029 43021 55009 93401=
 28013 11396 80601 11022 21034 39933 40167 54001 69972 77072 8872/ 333
 21023 47029 555 53005 7997/=
 28016 11595 80101 11015 21015 39937 40164 52003 60022 78682 889// 333
 21015 47026 555 53005 7002/=
 28029 12499 80702 11015 21034 39939 40162 57002 60002 886// 333 21019
 43017 55000 555 53007 7000/=
 28116 11496 80101 11013 21017 39924 40157 54000 60022 77172 8872/ 333
 21013 47026 55018=
 28128 11598 80802 11009 21021 30002 40157 57002 60012 70262 8802/ 333
 21009 43018 55002 93401 555 53006 7001/=
 28134 12598 83501 11037 21054 39805 40162 57005 69932 8251/ 333 21039
 43023 93400 555 53008 7993/=
 28138 11595 80401 11067 21073 39595 40179 57003 60002 71022 885// 333
 21067 47032 55000 93539=
 28216 11895 82802 11018 21022 39854 40156 52004 60052 77372 8802/ 333
 21018 47030 555 53006 7005/=
 28222 12597 81102 11013 21023 39958 40154 55003 69982 886// 333 21013
 47015 93401 555 53006 7998/=
 28224 11514 80701 11009 21013 39935 40150 52003 60022 71072 8802/ 333
 21009 43023 55031 93401=
 28234 12598 81102 11019 21037 39872 40154 57005 60002 885// 333 21019
 43021 555 53007 7000/=
 28238 12599 80503 11024 21039 39853 40161 54001 60002 885// 333 21028
 47022 55000 555 53007 7990/=
 28313 11594 83101 11012 21021 39961 40155 52005 60052 77572 8802/ 333
 21012 47028 555 53004 7005/=
 28319 11496 82501 11009 21011 39991 40156 52007 60082 77177 8802/ 333
 21009 47028=
 28321 11596 80901 11007 21013 39943 40147 52003 60082 77372 8802/ 333
 21011 43030=
 28324 11896 80000 11002 21005 30023 40145 50003 60102 77172 8802/ 333
 21002 43031 93720 555 53002 7010/=
 28326 11496 80801 10003 21004 39951 40139 54000 60012 77076 8802/ 333
 20001 43025 55020 555 53004 7001/=
 28413 11495 82802 11009 21018 30041 40165 52012 77372 8872/ 333 21009
 47026 555 53003 7005/=
 28428 11596 82701 10000 21008 39955 40141 52006 60142 77372 8802/ 333
 21000 43032 555 53002 7014/=
 28429 11495 81101 11006 21013 39724 40138 52007 60052 77372 8872/ 333
 21006 43024 93401 555 53003 7005/=
 22983 12584 80000 11038 21041 30060 40168 52015 69902 8755/ 333 21038
 47013 55000 91001 91101 555 53003 7990/=
 27083 12584 81901 11042 21050 39943 40171 52014 60002 885// 333 21045
 43016 91001 91102 93602 555 53003 7000/=
 27097 12498 82301 11038 21041 39910 40178 52013 60002 886// 333 21038
 47014 91002 91103 93402 555 53003 7000/=
 27185 12998 50000 11094 21099 39997 40190 52013 60002 80001 333 21094
 43007 91000 91102 555 53004 7000/=
 27199 12998 02401 11078 21086 39985 40190 52012 69902 333 21079 43012
 55000 91002 91102 93401 555 53002 7991/=
 27281 12984 22201 11097 21104 39978 40195 52015 60002 80001 333 21102
 47009 91001 91102 555 53005 7001/=
 27283 12997 30000 11092 21099 30030 40194 52013 60002 80001 333 21092
 47011 91001 91102 555 53006 7999/=
 27295 12997 61501 11092 21107 39937 40201 52013 60002 86030 333 21094
 47010 91001 91101 555 53005 7990/=
 27296 12997 82001 11075 21089 39968 40194 52014 60002 8805/ 333 21075
 47014 55000 91001 91102 555 53004 7990/=
 27385 129// 20000 11138 21151 30070 40210 52015 60002 82030 333 21143
 47009 91000 91101 555 53002 7001/=
 27393 12598 62103 11074 21088 30024 40202 52014 60002 82545 333 21074
 47016 55000 91004 91105 555 53006 7992/=
 27480 12598 80401 11076 21095 30070 40204 52011 60002 885// 333 21104
 43010 91001 91102 555 53003 7993/=
 28007 12499 82702 11037 21045 39912 40180 52011 69902 886// 333 21037
 47020 55000 88710 91003 91103 555 53003 7993/=
 28009 11996 82701 11025 21036 39962 40177 52011 60022 77172 8802/ 333
 21026 47033 91002 91102 93401 555 53003 7002/=
 28105 12998 82401 11034 21045 39984 40182 52012 60002 8805/ 333 21034
 43024 91002 91103 555 53003 7000/=
 28202 12597 83103 11029 21054 39954 40180 52010 69902 885// 333 21029
 43028 91004 91104 555 53004 7001/=
 28302 12597 82602 11033 21059 39952 40186 52012 60002 885// 333 21033
 43016 91003 91104 555 53004 7990/=
 28307 12498 82401 11077 21092 30049 40200 52014 60002 82571 333 21077
 47012 91002 91103 555 53004 7997/=
 28402 12584 82703 11032 21066 30010 40194 52012 69902 8557/ 333 21032
 43020 91005 91105 555 53006 7993/=
 28502 12697 82602 11033 21067 30093 40199 52015 60002 885// 333 21035
 44014 55000 91003 91104 555 53006 7996/=
 22550 11928 80602 11055 21062 30143 40153 52005 60022 77387 8802/ 333
 21058 47013 55000 555 53009 7002/=
 22778 11496 81202 11044 21053 30083 40154 52010 69972 77772 886// 333
 21051 47008 55000 88710 555 53006 7997/=
 22889 12397 80000 11029 21030 30078 40166 52014 69962 886// 333 21034
 47011 88709 555 53005 7996/=
 22762 11496 81101 11048 21054 30108 40148 52009 69962 77172 8577/ 333
 21049 47017 555 53004 7996/ 91207=
 22638 46/// /0901 11057 21064 39894 40125 52007=
 22671 11996 80802 11064 21076 30079 40161 51008 69982 77172 8807/ 333
 21064 47021 55000 555 53008 7998/=
 22456 11596 80601 11076 21099 30088 40179 52006 60022 78582 889// 333
 21079 47031 555 53008 7002/=
 22583 12598 80701 11074 21092 30105 40188 53005 60002 8657/
 333 21075 47021 55000 555 53006 7000/=
 22749 NIL=
 22951 11497 81502 11051 21057 39850 40139 52015 69902 77872 8772/ 333
 21051 47016 555 53005 7005/=
 22887 12697 81301 11032 21036 30087 40159 52014 69942 8355/ 333 
 21040 47008 55000 93400 555 53007 7994/=
 22876 12497 80000 11050 21050 30087 40162 52016 69902 886// 333 21050
 47009 88710 555 51041 53005 7990/ 91209=
 22481 11595 80503 11095 21108 30149 40205 57001 69982 78582 889// 333
 21095 47025 555 53009 7998/=
 22854 12298 81401 11047 21043 39841 40136 52014 69922 886// 333 21054
 47015 55000 88705 555 53004 7005/=
 22781 NIL=
 22676 11496 81201 11065 21083 30081 40162 52007 60022 77172 8872/ 333
 21066 47019 555 53009 7002/=
 22648 NIL=
 22559 11596 80803 11056 21069 30142 40159 52006 60022 77172 8352/ 333
 21056 47011 55000 555 53010 7002/ 91213=
 22869 12698 81601 11042 21054 30006 40158 52016 69902 885// 333 21042
 47009 88645 555 53004 7001/ 91209=
 22768 12497 80000 11041 21052 30089 40140 52011 69942 885// 333 21048
 47009 55000 88618 555 53007 7993/=
 22798 11497 80701 11048 21050 30052 40168 52014 69972 70272 885// 333
 21065 47011 555 53006 7997/=
 22375 46/// /0810 11073 21088 30203 40219 57006 333 91117=
 23207 12999 60504 11144 21161 30232 40256 57001 60002 86070 333 21153
 47032 55000 555 53008 7000/=
 23215 NIL=
 23219 NIL=
 27095 76/// /1601 11043 21043 39953 40188 52015 333 21058 60002 555 53004 7000/=
 22408 21214 80403 11046 21056 30003 40157 57003 77387 8872/ 333  
 21046 55000 60012 88705 91112 92982 555   7001/=
 22511 21218 80704 11036 21049 30016 40140 52003 77573 8872/ 333  
 21037 60052 88704 555   7005/=
 22529 21496 80903 11042 21054 30129 40136 52003 77172 8872/ 333  
 21046 60042 88515 555   7005/=
 22602 21459 80603 11058 21070 39891 40123 52004 77172 8872/ 333  
 21058 55000 60032 88513 555   7005/=
 22621 73468 /0601 11053 21061 39984 40127 52007 333   21054 55000
 60052 555   7005/=
 22619 21496 80805 11044 21055 39949 40112 52007 77172 8872/ 333  
 21044 55000 60052 87712 91110 555   7011/=
 22721 21496 81001 11045 21052 30012 40113 52009 78582 889// 333  
 21046 60042 85915 555   7019/=
 22727 76470 /0701 11028 21041 30052 40101 52009 333   21031 69992
 555   7003/=
 22717 73/62 /0402 11039 21050 39893 40094 52009 333   21041 60012
 555   7002/=
 22802 22598 70603 11021 21037 30056 40080 52008 84931 333   21024
 55000 60002 555   7992/=
 22820 21697 81603 11033 21048 39954 40093 52011 70272 885// 333  
 21034 55000 60072 555   7010/=
 22831 22997 71001 11051 21062 30054 40111 52012 87030 333   21057
 55000 69962 555   7004/=
 22805 215// 81003 11010 21021 30050 40075 52011 70282 885// 333  
 21011 55000 60012 555   7004/=
 22912 21950 81302 11028 21036 30066 40081 52013 77172 8802/ 333  
 21028 60012 555   7001/=
 
