12:31:00 MSK 30.08.2023
010 111/=о000=0931
 уйту01 бтул 300900
 22686 82598 82302 10146 20105 30032 40127 52002 8257/=
 22695 42598 62202 10155 20070 39968 40113 53002 85130=
 22996 82598 63601 10172 20088 39942 40117 57005 86100=
 23220 41499 60603 10148 20054 30024 40158 52005 78082 85930=
 23226 41560 61903 10134 20063 39959 40165 52008 70382 84930=
 23305 42699 61201 10150 20073 30107 40133 54000 83230=
 23320 86/// /1202 10154 20059 30075 40144 52003=
 23324 42589 21502 10162 20047 30076 40149 52002 82900=
 23405 42573 71003 10132 20091 30035 40129 52002 83530=
 23410 86/// /1402 10162 20047 30045 40137 52002=
 23411 42599 81102 10130 20077 30054 40139 53003 885//=
 23412 42999 61502 10155 20060 30046 40138 53001 86030=
 23416 NIL=
 23418 42665 60000 10155 20077 30066 40136 52002 82180=
 23503 42598 71502 10155 20066 30084 40132 54001 82130=
 23507 86/// /2202 10158 20086 39828 40121 54000=
 23509 41598 71801 10158 20068 30055 40130 54000 84930=
 23514 42697 70201 10150 20068 39942 40128 57001 86930 333 84641=
 23518 82598 80204 10159 20062 30041 40128 54001 85981=
 23606 42562 83001 10160 20060 39965 40123 57002 8693/ 333 84930=
 23701 82699 72501 10159 20082 30008 40130 54001 83130=
 23704 86/// /2601 10157 20095 39904 40014 51186=
 23707 82599 61802 10163 20087 39998 40123 57004 85830 333 83630=
 23708 42598 43302 10179 20046 39979 40120 57006 82230=
 23709 42698 60303 10178 20036 39933 40114 57007 86200=
 23711 42698 60202 10178 20064 39952 40111 58005 84570=
 23803 42699 50602 10180 20058 39945 40114 58005 85100=
 23804 82597 40201 10173 20072 39983 40119 57005 84100=
 23807 82598 43302 10162 20084 39971 40124 58005 83101=
 23808 86/// /3502 10160 20035 39959 40118 57006=
 23812 42597 60902 10172 20041 39944 40097 57006 86200=
 23904 42670 73402 10157 20087 39971 40120 57003 81370=
 23905 82599 60103 10174 20054 39893 40107 57005 86800=
 23909 82598 53605 10169 20041 39863 40094 57007 84201 333 91110=
 23912 82599 50103 10174 20062 39900 40080 57003 84809 333 91110=
 23913 82599 80202 10134 20058 39855 40072 52003 889// 333 91110=
 23914 42599 70206 10163 20058 39830 40072 57005 86980 333 91110=
 28013 82698 43508 10164 20039 39866 40083 57005 82201 333 91011
 91113=
 28016 82699 50306 10168 20050 39873 40085 57007 85200 333 91010
 91113=
 28029 82699 83603 10147 20074 39847 40054 52001 8657/ 333 91111=
 28116 82599 20107 10172 20053 39854 40071 57009 82100 333 91011
 91111=
 28128 82599 80103 10157 20081 39910 40054 52001 8655/ 333 91114=
 28134 82698 80201 10125 20081 39710 40043 52004 8651/=
 28138 41599 80105 10090 20080 39487 40030 52007 70285 883// 333
 91110=
 28216 82599 63606 10161 20053 39780 40060 56006 86900 333 91011
 91113=
 28222 82598 83602 10148 20076 39864 40048 55000 885//=
 28224 81670 83604 10143 20080 39840 40042 52002 70282 889// 333
 91111=
 28234 81597 83601 10111 20095 39769 40034 53011 76162 885//=
 28238 81598 80204 10112 20083 39732 40020 52008 76062 885//=
 28313 82598 63505 10182 20058 39877 40057 55005 85401 333 91010
 91112=
 28319 82598 60105 10180 20062 39895 40047 57004 85850 333 91010
 91111=
 28321 42599 70205 10173 20078 39853 40023 57004 84970 333 91010
 91112=
 28324 82599 80104 10169 20052 39927 40040 55002 884// 333 91011
 91111=
 28326 82598 73602 10131 20086 39853 40030 57009 87300=
 28413 82599 63504 10183 20047 39940 40054 56005 86800 333 91010
 91113=
 28428 82599 80105 10141 20065 39852 40027 53008 889// 333 91010
 91111=
 28429 81596 83503 10103 20087 39627 40020 52012 78182 889// 333
 91110=
 22983 42498 62902 10164 20092 30029 40129 57003 83931 333 91004
 91104=
 27083 42599 63602 10152 20072 39912 40123 57003 86200 333 91004
 91105=
 27097 42498 63402 10169 20084 39874 40121 57005 86200 333 91004
 91107=
 27185 42698 73201 10163 20077 39954 40128 57004 87500 333 91003
 91106=
 27199 42598 73202 10152 20078 39935 40122 57002 86430 333 91004
 91106=
 27281 42582 63503 10171 20081 39933 40129 57005 85832 333 91005
 91107=
 27283 42598 73504 10170 20072 39979 40126 57004 86830 333 91006
 91107=
 27295 42598 83302 10145 20066 39885 40125 57002 885// 333 91004
 91107=
 27296 42598 73304 10158 20049 39910 40116 57004 83930 333 91007
 91108=
 27385 426// 53603 10170 20068 30006 40127 57005 85100 333 91006
 91107=
 27393 42598 63603 10160 20057 39957 40119 57003 86500 333 91007
 91109=
 27480 42698 63402 10186 20079 30010 40131 57006 86100 333 91005
 91106=
 28007 42599 73503 10153 20059 39867 40116 57003 87500 333 87632 91005
 91107=
 28009 42698 63503 10171 20047 39907 40105 57004 86800 333 91005
 91107=
 28105 42598 63602 10165 20056 39928 40110 57004 86400 333 91004
 91108=
 28202 42699 60302 10180 20059 39889 40097 57004 86200 333 91005
 91109=
 28302 42598 63403 10172 20056 39880 40096 57006 85901 333 91007
 91109=
 28307 42498 63104 10169 20058 39974 40110 57004 83801 333 91007
 91109=
 28402 42598 73405 10174 20062 39929 40097 57006 86205 333 91011
 91111=
 28502 42598 83506 10184 20025 39998 40095 57007 83131 333 91010
 91113=
 22550 82597 52802 10179 20112 30110 40119 52010 85500=
 22778 42598 82201 10152 20114 30066 40132 52005 8657/=
 22889 42/// /3501 10175 20079 30046 40128 57004=
 22762 82598 62801 10189 20126 30091 40128 52004 83809=
 22638 46/// /2901 10174 20125 39919 40132 52011=
 22671 42498 82801 10166 20125 30041 40115 52006 8757/ 333 87618=
 22456 42597 82702 10154 20101 30022 40105 53010 885//=
 22583 42698 81101 10146 20100 30042 40119 52001 86570=
 22749 NIL=
 22951 42598 52801 10170 20124 39887 40153 52010 85200=
 22887 42699 89901 10161 20113 30060 40126 58004 8455/=
 22876 42997 73401 10160 20118 30063 40132 50002 87030=
 22481 41598 71803 10157 20118 30056 40106 52002 70282 87500=
 22854 42499 72301 10144 20126 39874 40150 52011 87600 333 86710=
 22781 NIL=
 22676 42598 82102 10162 20118 30043 40116 52002 8255/=
 22648 NIL=
 22559 82498 63102 10172 20115 30106 40122 52007 83901=
 22869 42497 82401 10164 20126 30002 40143 52003 885// 333 88621=
 22768 42697 42602 10183 20122 30080 40127 52002 82801=
 22798 42698 61701 10171 20078 30019 40125 57004 83231=
 22375 46/// /2802 10144 20119 30086 40100 52008=
 23207 42499 81202 10139 20093 30107 40129 52004 885//=
 23215 NIL=
 23219 NIL=
 27095 NIL=
 22408 42799 22104 10180 20122 39966 40106 52008 81101=
 22511 42698 32203 10191 20108 39995 40108 52008 82101=
 22529 42599 52202 10205 20126 30113 40119 52011 84802=
 22602 42999 50901 10173 20136 39900 40113 52004 8503/=
 22621 83/70 /2402 10197 20121 39992 40123 52008=
 22619 42498 22002 10201 20128 39970 40118 52007 82800=
 22721 42698 51301 10200 20142 30039 40131 52010 85500=
 22727 86/70 /2001 10206 20150 30096 40141 52014=
 22717 83/70 /1902 10193 20137 39949 40134 52010=
 22802 42599 61802 10195 20153 30114 40136 52014 83930=
 22820 42571 51703 10208 20118 30011 40141 52012 82131=
 22831 41698 52302 10209 20133 30095 40147 52013 70242 83230=
 22805 42598 61304 10186 20156 30115 40138 52015 84831=
 22912 42599 31702 10214 20129 30127 40141 52009 82109=
 
