06:31:00 MSK 19.01.2023
020 123456/=о000=0331
 уйту01 бтул 190300
 22686 12598 81504 11039 21059 30117 40219 57009 69932 8657/ 333 21068 55000 86622 555 53007 7993/=
 22695 12598 81503 11051 21076 30061 40219 58008 60002 885// 333 21073
 47044 88621 555 53005 7000/=
 22996 12998 51804 11103 21131 30096 40293 56006 60002 85070 333 21107
 47043 55000 555 53008 7990/=
 23220 11496 82204 11084 21101 30111 40259 52005 69992 77173 8872/ 333 21085 47063 55000 555 53010 7003/=
 23226 11360 82106 11083 21098 30027 40252 52007 60032 72272 887// 333 
 21092 47037 85708 91111 93401 555 53014 7007/=
 23305 12484 81603 11062 21079 30199 40228 58009 60002 885// 333 21065
 47031 88613 555 53008 7992/=
 23320 76/// /2501 11078 21099 30196 40272 54001 333 21084 60002 555 53010 7000/=
 23324 12378 82202 11083 21096 30191 40272 54000 60002 886// 333 21086
 49040 55000 88708 555 53009 7000/=
 23405 11996 81403 11064 21076 30130 40233 58005 69922 77172 
 8802/ 333 21072 47043 55000 555 53007 7992/=
 23410 76/// /1506 11081 21098 30162 40263 54001 333 21088 60002 555 7000/=
 23411 11999 81804 11069 21078 30154 40247 57004 60002 70232 885// 333
 21076 48045 555 53011 7996/=
 23412 12499 81604 11077 21090 30159 40260 54000 69902 887// 333 21085 47050 55000 555 53007 7993/=
 23416 NIL=
 23418 12465 71602 11076 21094 30195 40271 57001 60002
 87500 333 21087 47058 55000 87617 555 53006 7992/=
 23501 NIL=
 23503 11998 81703 11067 21087 30197 40249 57006 69922 77072 8802/ 333 21073 47047 555 53007 7992/ 91207=
 23507 86/// /1901 11076 21077 39916 40240 57005 333 21092 555 53006=
 23509 12598 81703 11066 21085 30174 40255 57002 60012 8652/ 333 21077
 47051 86624 555 53006 7001/=
 23514 11997 81703 11077 21087 30060 40266 57005 69942 77172 8807/ 333 21086 47061 55000 555 53007 7994/=
 23518 11696 82006 11082 21101 30189 40285 54000 69902 77173 885// 333
 21094 48058 55000 88642 555 53010 7994/ 91210=
 23606 11445 81903 11074 21091 30089 40270 54000
 69952 77072 8652/ 333 21092 47054 55000 86614 555
 53006 7995/=
 23612 11449 81704 11093 21110 30147 40287 52002 60012 77172 8652/ 
 333 21094 47057 86611 555 53009 7001/=
 23701 12480 81802 11056 21068 30123 40257 57004 60012 8457/ 333 21099
 47044 555 53006 7001/=
 23704 76/// /1802 11055 21061 39926 40039 55004 333 21077 60002 555 51076 7000/=
 23707 61997 81803 11049 21077 30121 40258 57005 69992 77177 8802/ 333 21075 47031 55000 555 53006 7001/=
 23708 11484 81704 11064 21087 30126 40282 57004 60012 70282 889// 333
 21088 48046 88917 555 53006 7002/=
 23709 12498 81602 11068 21088 30095 40296 58002 60012 885// 333 21099
 47042 88617 555 53006 7001/=
 23711 11496 81602 11094 21108 30116 40295 54000 60022 78572 889// 333 21101 47067 55000 88914 555 53007 7003/=
 23803 12699 81701 11065 21093 30115 40302 52003 69902 885// 333 21094
 47045 55000 555 53005 7002/=
 23804 62997 81802 11049 21085 30120 40271 58004 60012 8807/ 333 21076
 47038 55000 93402 555 53008 7002/=
 23807 12997 81905 11077 21103 30115 40284 57002 69942 86031 333 21083
 48027 55000 93402 555 53009 7995/=
 23808 NIL=
 23812 11597 82002 11087 21111 30148 40319 53002 69972 78582 889// 333
 21113 47069 86624 934// 555 53009 7002/=
 23904 12973 01703 11108 21121 30144 40311 58005 60002 333 21108 47035
 555 53007 7000/=
 23905 12999 01702 11100 21116 30082 40323 57002 60002 333 21105 47038
 555 53005 7990/=
 23909 12598 31902 11089 21110 30076 40335 54000 60002 83500 333 21094
 47034 55000=
 23912 12898 81803 11096 21113 30144 40348 52003 60002 86031 333 21111
 47058 555 53008 7995/=
 23913 12599 81301 11110 21137 30113 40358 58002 69922 885// 333 21134
 47055 55000 555 53006 7996/=
 23914 12498 71604 11100 21114 30078 40351 54000 60002 87500 333 21123
 47050 55000=
 28013 12898 61703 11092 21114 30098 40343 57003 60002 86030 333 21104
 47037 555 53007 7992/=
 28016 12998 01501 11096 21117 30110 40350 54001 60002 333 21098 47035
 555 53004 7990/=
 28029 12999 01804 11097 21128 30135 40368 52001 60002 333 21102 47048
 55000 555 53007 7992/=
 28116 12899 52002 11098 21139 30116 40361 54000 60002 85030 333 21111
 47045 55005=
 28128 12999 01901 11120 21152 30217 40382 52002 60002 333 21130 47041
 55017 555 53004 7000/=
 28134 12898 61901 11117 21150 30014 40391 52001 60002 86010 333 21125
 47056 555 53004 7992/=
 28138 12899 82204 11124 21156 39785 40394 52005 60002 8802/ 333 21124
 47055 55000=
 28216 12999 01804 11133 21172 30065 40387 57002 69902 333 21133 47034
 555 53008 7990/=
 28222 12898 81804 11110 21158 30180 40389 54000 60002 82051 333 21110
 47040 555 53007 7000/=
 28224 12967 21401 11136 21171 30165 40396 57001 60002 80001 333 21136
 47043 55019=
 28234 12898 61802 11121 21174 30104 40404 54001 60002 86030 333 21121
 47044 555 53007 7000/=
 28238 12899 82201 11134 21167 30081 40410 52004 60002 8802/ 333 21172
 47050 55015 555 53003 7990/=
 28313 12998 01602 11149 21178 30187 40396 57004 60002 333 21151 47042
 555 53007 7000/=
 28319 12898 21301 11191 21212 30228 40411 58004 60002 82050 333 21192
 47049=
 28321 12899 61804 11146 21180 30175 40397 57003 60002 86030 333 21150
 47052=
 28324 12999 01301 11162 21206 30274 40407 57002 60002 333 21180 47043
 555 53006 7000/=
 28326 12998 20000 11150 21191 30207 40410 54000 60002 80001 333 21158
 47042 55044 555 53005 7000/=
 28413 12999 11001 11162 21191 30271 40405 57002 60002 80005 333 21162
 47039 555 53006 7000/=
 28428 12998 00000 11229 21264 30219 40428 54000 60002 333 21230 48032
 555 53003 7000/=
 28429 12998 22102 11128 21200 39978 40424 54001 60002 80001 333 21139
 47032 555 53004 7000/=
 22983 12584 61702 11063 21086 30152 40261 57004 69992 8553/ 333 21065
 43038 55000 91005 91105 93401 555 53005 7999/=
 27083 12984 61904 11102 21113 30055 40291 57004 60002 86070 333 21105
 47038 91006 91109 555 53009 7000/=
 27097 12598 71504 11106 21115 30036 40314 57005 60002 87500 333 21115
 47044 91005 91108 555 53008 7000/=
 27185 12998 81501 11106 21124 30116 40312 57007 60002 80005 333 21110
 47043 91002 91105 555 53006 7000/=
 27199 12598 71702 11103 21141 30124 40334 57005 60002 87500 333 21118
 47046 55022 91005 91106 555 53006 7000/=
 27281 12984 51505 11100 21116 30086 40306 57008 60002 80005 333 21115
 47039 91007 91108 555 53008 7000/=
 27283 12997 31803 11098 21139 30147 40313 57005 60002 83030 333 21107
 47041 91005 91106 555 53007 7000/=
 27295 12597 81603 11090 21140 30072 40338 57001 69902 885// 333 21111
 47059 91005 91106 555 53007 7990/=
 27296 12998 61704 11114 21160 30112 40345 54000 60002 86030 333 21123
 47047 55000 91007 91006 555 53008 7000/=
 27385 125// 81704 11082 21134 30191 40327 57004 60002 8255/ 333 21111
 43048 91006 91107 555 53007 7000/=
 27393 12998 32003 11117 21158 30180 40364 57001 60002 80000 333 21135
 47064 55005 91005 91106 555 53007 7000/=
 27480 12998 21404 11085 21146 30187 40323 57005 60002 82030 333 21100
 47044 91006 91106 555 53007 7000/=
 28007 12699 21803 11109 21140 30057 40336 55002 60002 82500 333 21113
 48049 55015 91005 91107 555 53007 7000/=
 28009 12998 61803 11102 21145 30123 40347 57002 60002 86030 333 21104
 48045 91006 91106 555 53006 7000/=
 28105 12998 01901 11109 21155 30128 40342 58007 60002 333 21111 47046
 91003 91107 555 53007 7000/=
 28202 12997 01905 11135 21170 30122 40361 58002 60002 333 21136 47051
 91006 91107 555 53007 7000/=
 28302 12997 01402 11130 21166 30126 40373 54000 60002 333 21130 47052
 91003 91103 555 53007 7990/=
 28307 12998 01101 11152 21179 30209 40366 54000 60002 333 21157 47045
 91002 91102 555 53006 7000/=
 28402 12984 31703 11120 21167 30179 40372 58004 60002 80001 333 21121
 47046 91005 91105 555 53006 7990/=
 28502 12997 61101 11148 21184 30271 40384 57002 60002 80001 333 21148
 48032 55000 91002 91105 555 53006 7000/=
 22550 11570 81205 11020 21030 30093 40104 57038 69902 73632 886// 333 21039 47037 55000 88620 91011 91111  555 53011 7990/=
 22778 12998 31204 11038 21059 30120 40191 57018 69942 83070 333 21046
 47038 55000 555 53007 7999/=
 22889 12497 81103 11048 21078 30164 40253 57008 69942 8455/ 333 21063
 43027 93499 555 53006 7001/=
 22762 12997 61303 11013 21033 30107 40146 56027 69902 80070 333 21037
 47036 555 53007 7997/ 91207=
 22638 46/// /1603 11004 21012 39819 40044 57031=
 22671 12397 81602 11031 21035 30087 40167 57017 69962 886// 333 21052
 47040 55000 86709 555 53006 7996/=
 22456 11496 81302 11033 21033 30042 40132 58025 69932 77172 8872/ 333
 21044 47043 555 53007 7993/=
 22583 11584 71302 11051 21064 30118 40202 57008 69932 70228 875//
 333 21066 47059 55000 555 53006 7993/=
 22749 NIL=
 22951 12998 52006 11014 21034 39838 40127 57022 60002 80004 333 21029
 47041 555 53011 7001/=
 22887 12697 81405 11028 21085 30156 40229 57013 
 69932 8355/ 333 21050 43023 55000 93400 555 53009 
 7997/=
 22876 12997 01303 11020 21067 30135 40210 57014 69902 333 21042 47021
 555 51042 53007 7997/ 91207=
 22481 12598 81204 11047 21048 30123 40177 56012 69922 885// 333 21058
 48041 555 53009 7992/=
 22854 12298 81403 11010 21026 39825 40116 57022 60002 886// 333 21026
 48047 55000 88706 91110 555 53010 7997/=
 22781 NIL=
 22676 12598 81304 11031 21048 30101 40180 57023 69932 885// 333 21053 47028 555 53007 7993/=
 22648 NIL=
 22559 12498 81303 11021 21033 30110 40126 58029 69902 885// 333 21041
 48036 55000 88618 555 53008 7990/ 91209=
 22869 12998 01404 11026 21065 30032 40184 57014 60002 333 21033 47038
 555 53007 7001/ 91207=
 22768 12597 81704 11002 21052 30103 40153 57024 69902 885// 333 21025 47029 55000 88626 555 53009 7995/=
 22798 12497 81402 11043 21072 30134 40250 57006 69922 885// 333 21063
 47032 88615 555 53006 7994/=
 22375 46/// /1607 11045 30139 40154 57015=
 23207 12499 81303 11060 21075 30183 40207 57011 69902 886// 333 21061
 47033 55000 555 53007 7990/=
 23215 NIL=
 23219 NIL=
 27095 76/// /1503 11098 21101 30082 40325 55005 333 21112 60002 555 53007 7000/=
 22408 22284 80801 11003 21011 39889 40038 57024 886// 333   21018
 55000 69922 88705 555   7004/=
 22511 21261 80502 10001 21008 39911 40032 57028 77072 8672/ 333  
 21007 69902 86705 555   7006/=
 22529 21496 81104 11011 21015 30034 40041 57040 77172 8872/ 333  
 21013 60022 88516 91110 555   7005/=
 22602 21458 80602 11001 21004 39787 40011 57029 77172 8872/ 333  
 21001 55000 69932 88510 555   7005/=
 22621 73214 /1003 11007 21009 39888 40027 57034 333   21007 55000
 60042 555   7007/=
 22619 21396 81004 11007 21011 39852 40011 57032 77172 8872/ 333  
 21007 55000 60052 87709 555   7006/=
 22721 21295 81202 11002 21003 39924 40022 57029 77372 8872/ 333  
 21002 60062 87704 93702 555   7010/=
 22727 76256 /1205 10001 21002 39969 40017 57028 333   21002 60062
 91111=
 22717 73/25 /1001 11002 21003 39802 49994 57030 333   21002 60072
 555   7011/=
 22802 21496 80903 10004 21002 39952 49975 57032 78082 889// 333  
 20001 55000 60042 93700 555   7010/=
 22820 73361 /1103 10001 21003 39874 40010 57028 333   21005 55000
 60042 555   7006/=
 22831 21496 81303 10006 21006 39990 40045 57028 78082 889// 333  
 21001 55000 60062 88913 555   7010/=
 22805 214// 81105 10006 20006 39949 49969 57034 76162 8872/ 333  
 20001 55000 60052 91111 93700 555   7007/=
 22912 21956 81204 10005 21004 39974 49989 57028 77172 8802/ 333  
 20002 60092 93700 555   7011/=
 
