09:31:00 MSK 10.08.2023
020 123456/=о000=0631
 унту01 бтул 100600
 22686 82998 03501 10246 20170 30140 40232 52002=
 22695 42999 03002 10246 20125 30077 40219 51001=
 22996 82999 03602 10247 20177 30050 40222 52004=
 23220 42598 63204 10160 20089 30099 40234 52003 86800=
 23226 41560 73505 10147 20086 30031 40237 52001 70242 87400 333 87624=
 23305 42699 50802 10168 20121 30233 40259 51007 82530 333 20135=
 23320 66/// /0502 10177 20101 30180 40249 52006 60002 333 20082=
 23324 42584 10403 10176 20100 30178 40251 51006 81100=
 23405 42571 70502 10182 20136 30153 40248 52011
 87500 333 87626=
 23410 66/// /0303 10177 20093 30157 40248 52007 60002 333 20105=
 23411 42599 60302 10172 20116 30167 40252 52008 8690/=
 23412 42699 21003 10173 20104 30158 40250 52007 82100=
 23416 NIL=
 23418 42565 10404 10184 20102 30163 40233 51001 81100=
 23501 NIL=
 23503 42598 70402 10178 20113 30195 40242 52009 87800 333 86625=
 23507 86/// /0102 10228 20131 39938 40227 54001=
 23509 42598 60201 10195 20141 30157 40231 51005 85530 333 85623=
 23514 42597 60502 10177 20120 30045 40231 52006 85960 333 84933=
 23518 42598 60102 10178 20122 30141 40228 52006 86400 333 85831
 555 53006=
 23606 42962 63402 10202 20128 30066 40222 52002 86030=
 23701 42999 01801 10243 20155 30111 40231 52003=
 23704 66/// /3401 10227 20164 39939 40047 53344 60002 333 20093=
 23707 82598 53501 10248 20161 30100 40223 52002 81105=
 23708 42984 20101 10236 20116 30086 40225 52002 80001=
 23709 82998 43603 10223 20107 30040 40220 54000 84030=
 23711 42598 63401 10195 20136 30057 40217 52004 83930=
 23803 42999 03602 10198 20109 30050 40219 53005=
 23804 42997 00401 10249 20176 30088 40222 52002=
 23807 41996 03302 10235 20175 30078 40228 52003 70500=
 23808 86/// /3301 10234 20162 30067 40223 54000=
 23812 42597 63402 10207 20113 30058 40210 52001 83530=
 23904 42970 03601 10248 20168 30080 40225 52002=
 23905 82999 00203 10239 20139 30006 40217 52001=
 23909 82998 23102 10229 20135 39983 40211 52001 80001=
 23912 82598 70301 10172 20120 30027 40209 52004 82530=
 23913 82599 70601 10188 20115 39986 40202 50002 87900=
 23914 82499 70102 10198 20114 39965 40207 52004 82530=
 28013 82998 23504 10229 20116 39991 40206 50001 80005=
 28016 82999 63504 10230 20130 30001 40210 52002 80004=
 28029 82999 63502 10222 20126 39991 40196 52003 80001=
 28116 82999 30303 10234 20125 39991 40206 52001 80001=
 28128 82999 23603 10229 20123 30056 40199 52002 80001=
 28134 82698 73501 10214 20134 39862 40189 52002 82101=
 28138 42599 70703 10169 20128 39654 40191 52008 87300=
 28216 82999 13404 10239 20116 39926 40202 52002 80001=
 28222 82898 30102 10243 20108 30013 40193 54000 82031=
 28224 82970 23604 10232 20112 39993 40191 52001 80005=
 28234 82899 33402 10228 20127 39924 40183 54001 82041=
 28238 82599 80605 10198 20137 39898 40183 52007 885//=
 28313 82998 13503 10255 20111 30023 40200 54001 80001=
 28319 82998 03503 10255 20124 30048 40198 54000=
 28321 82899 20203 10189 20145 30007 40199 54000 82030=
 28324 82998 10203 10252 20098 30082 40194 57002 80001=
 28326 82998 23502 10251 20118 30008 40180 57001 80001=
 28413 82999 03501 10252 20149 30089 40202 54000=
 28428 82999 00103 10258 20089 30014 40184 54001=
 28429 82998 23304 10225 20100 39794 40177 54001 80001=
 22983 42998 00801 10247 20185 30127 40224 52001 333 91002 91102=
 27083 42999 10000 10258 20174 30012 40217 52002 80001 333 91000
 91102=
 27097 42998 20201 10259 20176 39979 40220 52002 80001 333 91003
 91103=
 27185 42998 23601 10251 20170 30052 40222 52003 80001 333 91002
 91102=
 27199 42998 03401 10263 20163 30039 40221 52002 333 91002 91102=
 27281 42982 21002 10251 20168 30028 40219 52007 80005 333 91003
 91104=
 27283 42998 21001 10256 20175 30074 40219 52004 80001 333 91002
 91102=
 27295 42998 00601 10269 20129 39988 40218 52004 333 91002 91103=
 27296 42998 00201 10260 20146 30020 40221 52003 333 91002 91102=
 27385 429// 20602 10269 20168 30097 40215 52003 82001 333 91004
 91104=
 27393 42998 01001 10246 20167 30065 40224 52002 333 91003 91103=
 27480 42998 01401 10275 20168 30095 40213 52002 333 91003 91103=
 28007 42999 03502 10247 20156 39979 40222 52003 333 91003 91104=
 28009 42698 23503 10246 20136 30026 40221 52002 82100 333 91004
 91104=
 28105 42998 00501 10259 20144 30041 40219 52003 333 91004 91104=
 28202 42999 03601 10252 20156 30010 40215 52002 333 91003 91103=
 28302 42998 23602 10257 20142 30003 40214 52003 80001 333 91005
 91105=
 28307 42998 03301 10265 20153 30084 40217 52002 333 91002 91102=
 28402 42998 33602 10254 20167 30049 40215 52004 81039 333 91004
 91104=
 28502 42998 10901 10265 20168 30116 40212 50001 80001 333 91002
 91102=
 22550 82997 01302 10218 20171 30205 40214 52001=
 22778 42998 01301 10249 20179 30156 40220 52001=
 22889 42998 01101 10243 20186 30147 40227 54001=
 22762 82998 01102 10225 20180 30182 40218 52003=
 22638 46/// /1602 10217 20162 39977 40189 52007=
 22671 42999 01802 10234 20165 30152 40226 52003=
 22456 42998 01802 10225 20153 30138 40220 52004=
 22583 42998 00000 10229 20163 30158 40233 52002=
 22749 42/// /1401 10233 20172 30079 40195 52004=
 22951 42998 01802 10223 20161 39940 40202 52006=
 22887 42999 10000 10249 20200 30160 40225 52007 80001=
 22876 41996 00601 10233 20195 30156 40224 52002 71041=
 22481 42998 01102 10244 20143 30184 40233 52001=
 22854 42999 01102 10227 20160 39932 40201 52007=
 22781 NIL=
 22676 41598 11001 10238 20166 30155 40227 52002 70240 81200=
 22648 42998 21503 10214 20186 30163 40206 52005 82030=
 22559 82998 00802 10218 20165 30204 40220 54001=
 22869 42997 11201 10243 20180 30081 40219 52006 80030=
 22768 42997 01902 10236 20176 30169 40216 52004=
 22798 42998 02401 10257 20160 30124 40228 52001=
 22375 46/// /1303 10249 20164 30220 40234 52001=
 23207 42499 81003 10149 20115 30242 40264 52006 885//=
 23215 42598 20302 10172 20100 30177 40262 52006 82200=
 23219 NIL=
 27095 NIL=
 22408 12699 71503 10221 20178 30021 40160 57001 69902 82539 333  
 20184 30017=
 22511 12698 51002 10221 20173 30045 40157 54000 60002 82532 333  
 20186 30017=
 22529 12999 21202 10230 20168 30175 40181 52003 60002 80002 333  
 20128 30013=
 22602 11459 82502 10159 20149 39950 40164 52010 60042 78082 889//
 333   20155 31017 88911=
 22621 12998 61103 10209 20169 30042 40173 52005 60002 85031 333  
 20171 30///=
 22619 12482 71302 10199 20180 30014 40163 52009 60002 87500 333  
 20183 31017=
 22721 12698 71201 10203 20176 30083 40175 52009 60002 86509 333  
 20175 31017 86639=
 22727 12470 82202 10194 20169 30143 40188 52020 60002 886// 333  
 20180 31/// 88713=
 22717 12698 33001 10170 20153 39988 40173 5//// 60262 81101 333  
 20165 31///=
 22802 11999 12202 10196 20142 30168 40190 52017 60082 70281 80001
 333   20151 32016=
 22820 12571 32503 10188 20151 30062 40191 52020 69982 82531 333  
 20161 31017=
 22831 11397 81201 10182 20169 30141 40193 52015 69972 78081 889//
 333   20161 31015 88909=
 22805 12998 02102 10188 20150 30174 40197 52018 60052 333   20141
 31014=
 22912 12599 22102 10193 20172 30185 40199 52015 60312 82400 333  
 20119 32014=
 
