06:31:00 MSK 28.10.2023
020 123456/=о000=0331
 уйту01 бтул 280300
 22686 12998 80901 11056 21070 30066 40169 57010 69902 8807/ 333 21073 47003 55004 555 53003 7990/=
 22695 12998 81002 11053 21072 30004 40161 57009 60002 8805/ 333 21063
 47001 555 53005 7992/=
 22996 11597 81301 11060 21089 39965 40156 57012 69902 77172 8557/ 333 21065 47997 55021 85626 555 53007 7990/ 91207=
 23220 11496 82403 11086 21096 30040 40188 52011 60012 78582 889// 333 21125 47019 55001 88710 555 53006 7002/=
 23226 11460 83002 11076 21082 39960 40183 52007 69952 77172 885// 333 
 21091 47014 88612 555 53008 7001/=
 23305 12984 81303 11089 21095 30177 40206 51002 60002 8807/ 333 21089
 47007 555 53005 7000/=
 23320 76/// /2202 11111 21114 30148 40225 52004 333 21111 60002 555 53006 7000/=
 23324 12679 72102 11101 21115 30138 40220 51008 69952 87500 333 21111
 48021 55028 87603 555 53005 7995/=
 23405 12296 81103 11068 21073 30098 40201 58001 69972 
 886// 333 21068 47007 55000 88704 555 53007 7002/=
 23410 76/// /0000 11141 21161 30124 40228 52002 333 21143 60002 555 7000/=
 23411 11999 00000 11058 21172 30127 40223 52001 69952 70271 333 21158
 47009 555 53002 7995/=
 23412 11298 80000 11141 21157 30125 40229 52003 69922 77172 8672/ 333
 21145 47009 55016 85703 555 53002 7992/=
 23416 NIL=
 23418 12265 82401 11127 21133 30150 40229 52005 60002 886//
 333 21126 47006 55012 88705 555 53002 7000/=
 23501 NIL=
 23503 11498 81302 11096 21112 30158 40210 54001 69932 77072 8452/ 333 21098 47008 555 53004 7997/ 91205=
 23507 66/// /1301 11057 21057 39872 40192 54001 60002 333 21067 555 53002 7000/=
 23509 12998 81401 11044 21057 30124 40205 53016 69942 8802/ 333 21049
 47004 555 53002 7999/=
 23514 12997 10000 11199 21216 30011 40226 54000 60002 81030 333 21199 47017 55000 555 53003 7990/=
 23518 12397 81501 11122 21133 30129 40226 52003 60002 886// 333 21176
 47014 55000 85707 555 53003 7000/ 91205=
 23606 12260 81204 11057 21072 30024 40201 52003 60002 886// 333 21057 47009 55000 88704 555 53006 7992/=
 23612 12984 00000 11206 21227 30082 40230 52003 60002 333 21207 47008 555 53002 7990/=
 23701 12681 71201 11054 21062 30054 40187 57005 69902 84570 333 21060
 47003 555 53003 7990/=
 23704 76/// /1101 11046 21055 39366 49479 56009 333 21046 60002 555 51027 7000/=
 23707 62998 60902 11054 21078 30036 40172 57010 60002 84041 333 21066 47001 55000 555 53005 7990/=
 23708 12984 80801 11052 21071 30038 40192 57005 60002 8005/ 333 21054
 47006 555 53002 7992/ 91206=
 23709 11498 80000 11065 21079 30001 40201 57005 60012 72842 886// 333
 21082 47009 88710 555 53003 7003/ 91206=
 23711 12498 80501 11070 21079 30034 40210 52003 69902 889// 333 21070 47010 55000 88911 555 53003 7001/=
 23803 12999 81001 11044 21075 30015 40200 58007 60002 8805/ 333 21045
 47006 55000 555 53003 7992/=
 23804 12997 51202 11048 21082 30024 40173 57008 69902 85030 333 21048 47997 55000 555 53005 7990/=
 23807 12997 61303 11060 21091 30003 40169 57012 60002 81031 333 21060
 46997 55000 555 53008 7990/=
 23808 66/// /1201 11086 21087 30013 40188 57011 60002 333 21094 555 7000/=
 23812 12597 70000 11112 21125 30041 40212 52001 69932 86530 333 21120
 47014 555 53001 7996/=
 23904 12981 80902 11072 21096 30007 40170 57015 60002 80001 333 21084
 47997 555 53007 7990/=
 23905 12599 50000 11126 21140 39947 40188 57012 60002 82501 333 21126
 3/112 47002 555 53002 7990/=
 23909 11498 81002 11047 21060 39937 40189 57010 69902 72272 87501 333
 21052 3/106 47002 55000=
 23912 12598 80000 11055 21062 30003 40201 57003 60002 885// 333 21055
 3/106 47006 555 53002 7990/=
 23913 11599 80000 11064 21070 39972 40209 57003 69922 70282 885// 333
 21064 3/107 47007 55000 555 53003 7994/=
 23914 61498 80801 11048 21056 39935 40199 57006 60002 70272 885// 333
 21048 3/104 47003 55000=
 28013 12598 60901 11061 21074 39952 40190 57010 69902 86500 333 21062
 3/107 47002 555 53002 7990/=
 28016 12999 00901 11109 21113 39957 40193 57009 69912 333 21109 3/107
 47002 93502 555 53002 7991/=
 28029 12599 20000 11065 21077 39966 40194 57011 60002 82500 333 21065
 3/108 45001 55000 555 53003 7992/=
 28116 12499 21002 11097 21110 39947 40188 57009 60002 82500 333 21103
 3/108 47002 55012=
 28128 12999 31002 11068 21086 30033 40192 57011 60002 80001 333 21068
 3/108 43001 55038 555 53004 7000/=
 28134 12998 60000 11082 21097 39835 40200 57012 69932 80001 333 21100
 3/114 47007 555 53002 7996/=
 28138 12999 50401 11147 21163 39614 40218 57013 60002 80004 333 21148
 3/118 47004 55021=
 28216 12899 70904 11063 21100 39866 40173 57014 60002 87010 333 21063
 3/108 46001 555 53007 7000/=
 28222 12998 20802 11104 21119 39989 40193 57013 60002 80001 333 21106
 3/106 47001 555 53005 7000/=
 28224 12970 60701 11103 21114 39962 40185 57014 60002 80005 333 21105
 3/112 47002 55034=
 28234 11996 00201 11111 21129 39908 40201 57012 69902 71000 333 21118
 3/109 47003 555 53003 7990/=
 28238 12999 02301 11181 21206 39888 40217 57014 60002 333 21183 3/119
 47006 55049 555 53003 7000/=
 28313 12898 60603 11075 21101 39968 40167 57018 60002 84031 333 21078
 3/106 47005 555 53005 7990/=
 28319 12598 50702 11070 21090 39989 40159 57017 60002 83550 333 21071
 3/105 47007=
 28321 12999 30903 11070 21096 39961 40172 57016 60002 80001 333 21070
 3/107 43004=
 28324 12599 60703 11072 21098 30038 40163 57016 60002 84530 333 21074
 3/108 45005 555 53004 7990/=
 28326 12998 20701 11116 21127 39985 40183 57016 60002 80001 333 21117
 3/115 47009 55042 555 53004 7000/=
 28413 12899 81102 11061 21094 30020 40146 57016 60002 87035 333 21065
 3/108 47003 555 53007 7990/=
 28428 12598 22701 11098 21115 39965 40159 57018 60002 81501 333 21099
 3/113 47008 555 53004 7000/=
 28429 12898 20301 11112 21125 39741 40173 56019 60002 81031 333 21112
 3/119 47008 555 53004 7990/=
 22983 12584 81102 11046 21101 30037 40145 57012 60002 8355/ 333 21046
 55000 91006 91107 555 53007 7990/=
 27083 12584 80903 11055 21098 39908 40137 57014 60002 885// 333 21055
 91005 91107 555 53007 7990/=
 27097 12598 80903 11055 21083 39873 40142 57017 60002 8554/ 333 21056
 91005 91107 555 53007 7000/=
 27185 12998 80803 11045 21084 39934 40122 57016 60002 8802/ 333 21050
 34105 91006 91107 555 53008 7000/=
 27199 12998 80904 11044 21083 39934 40136 57016 60002 8807/ 333 21053
 55000 91008 91108 555 53008 7000/=
 27281 11959 81004 11047 21077 39894 40106 57017 69902 77172 8807/ 333
 21047 91007 91109 555 53009 7990/=
 27283 12597 81005 11043 21079 39959 40118 57016 60002 885// 333 21051
 91007 91107 555 53008 7000/=
 27295 12597 80704 11049 21085 39863 40120 57016 60002 885// 333 21056
 43001 91007 91108 555 53008 7000/=
 27296 12697 80903 11046 21089 39907 40129 57015 60002 885// 333 21056
 55000 91006 91107 555 53008 7000/=
 27385 114// 80702 11047 21059 39970 40101 57015 60012 77372 8872/ 333
 21047 47011 91005 91106 555 53007 7001/=
 27393 11597 80804 11048 21077 39952 40127 57014 69902 77072 8552/ 333
 21053 47004 55000 91006 91107 555 53007 7990/=
 27480 11495 80804 11037 21056 39957 40088 57017 60042 77372 8802/ 333
 21037 47006 91006 91107 555 53008 7004/=
 28007 12599 81101 11061 21101 39890 40160 57015 60002 8755/ 333 21061
 55000 87622 91003 91103 555 53004 7000/=
 28009 12598 80902 11057 21115 39957 40174 57013 60002 885// 333 21068
 91005 91106 555 53006 7990/=
 28105 12598 70802 11052 21097 39953 40151 57014 60002 87500 333 21060
 91003 91104 555 53007 7000/=
 28202 12997 81204 11052 21098 39924 40151 57014 60002 87031 333 21054
 91007 91107 555 53007 7990/=
 28302 12998 80802 11054 21092 39908 40143 57013 60002 8807/ 333 21059
 48002 91005 91107 555 53007 7000/=
 28307 11496 80702 11050 21069 39970 40117 57014 69932 77172 8802/ 333
 21050 47015 91004 91105 555 53005 7993/=
 28402 11961 80703 11049 21072 39940 40123 57014 69932 77172 8802/ 333
 21062 47008 91005 91107 555 53008 7993/=
 28502 11996 80803 11033 21058 30002 40108 57014 69922 77172 8802/ 333
 21033 47001 55016 91005 91106 555 53007 7992/=
 22550 12670 81102 11034 21071 30106 40117 57012 60002 885// 333 21034
 46002 55006 88638 555 53007 7000/=
 22778 12598 81305 11038 21100 30063 40134 57013 60002 8257/ 333 21038
 55000 555 53009 7990/=
 22889 12498 81004 11048 21095 30065 40153 57011 60002 885// 333 21048
 46997 88618 555 53007 7990/=
 22762 12697 81102 11033 21075 30081 40121 57013 60002 885// 333 21033
 47001 555 53007 7990/ 91206=
 22638 46/// /0901 11043 21081 39850 40079 57015=
 22671 11697 81302 11046 21078 30060 40140 57012 69902 78582 889// 333
 21046 47011 55000 88939 555 53005 7992/=
 22456 11596 81301 11045 21060 30042 40132 57009 69932 78582 889// 333
 21079 47006 555 53007 7993/=
 22583 12698 70000 11063 21071 30090 40173 57004 60002 85570 333 21087
 47005 55000 555 53002 7990/=
 22749 NIL=
 22951 11497 81003 11051 21062 39793 40080 57015 69972 77172 8672/ 333
 21051 47001 555 53007 7997/=
 22887 12697 80903 11040 21094 30069 40141 57012 60002 8655/ 
 333 21040 55000 86634 555 53008 7990/=
 22876 12697 80905 11042 21088 30063 40137 57014 60002 885// 333 21042
 46001 88639 555 51030 53008 7000/ 91208=
 22481 11597 81102 11056 21064 30109 40164 57007 69902 78582 889// 333
 21078 47023 555 53004 7990/=
 22854 11497 81003 11053 21064 39794 40089 57014 69922 77172 8672/ 333
 21053 47001 55000 86710 555 53007 7992/=
 22781 NIL=
 22676 11598 81103 11048 21080 30069 40148 57009 69902 70272 885// 333
 21052 47004 555 53007 7994/=
 22648 NIL=
 22559 11598 81202 11038 21074 30110 40127 57013 69922 78582 8593/ 333
 21038 55002 555 53006 7992/ 91206=
 22869 12998 71104 11045 21079 39958 40110 57016 60002 80070 333 21046
 91110 555 53010 7990/ 91210=
 22768 12597 81102 11033 21085 30060 40111 57012 60002 885// 333 21033
 47001 55000 88631 555 53006 7990/=
 22798 11598 70902 11043 21079 30048 40164 57012 69902 70282 86970 333
 21054 47001 555 53004 7990/=
 22375 46/// /1403 11047 21058 30141 40156 57006=
 23207 11294 81701 11058 21064 30168 40191 52001 69902 71022 886// 333
 21072 47019 55012 555 53004 7990/=
 23215 NIL=
 23219 NIL=
 27095 76/// /0902 11056 21082 39925 40160 57016 333 21056 60002 555 53007 7000/=
 22408 21459 80502 11044 21055 39936 40088 57008 77172 8872/ 333  
 21049 55000 69942 88515 555   7994/=
 22511 21650 81001 11047 21059 39962 40086 57008 77172 885// 333  
 21047 69922 88636 555   7992/=
 22529 22598 81402 11033 21057 30078 40085 57015 885// 333   21049
 60002 88627 555   7000/=
 22602 22975 60803 11051 21087 39845 40075 57008 8603/ 333   21052
 55000 60002 555   7000/=
 22621 73670 /0801 11033 21066 39935 40077 57013 333   21040 55000
 60002 555   7993/=
 22619 22598 80904 11022 21063 39900 40060 57014 885// 333   21032
 55000 60002 555   7000/=
 22721 22597 81101 11029 21065 39965 40064 57014 885// 333   21033
 60002 88631 555   7994/=
 22727 76670 /0602 11010 21047 30002 40050 57012 333   21015 60002
 555   7000/=
 22717 73/70 /0403 11029 21395 39848 40048 57012 333   21029 60002
 555   7000/=
 22802 22698 80403 11015 21055 30017 40041 57011 885// 333   21016
 55018 60002 88646 555   7000/=
 22820 21494 81201 11022 21039 39907 40044 57012 77372 8852/ 333  
 21022 55000 69972 555   7997/=
 22831 21696 70802 11035 21056 30002 40058 57014 77172 86530 333  
 21035 55000 69922 555   7992/=
 22805 224// 80602 11010 21038 30008 40033 57012 889// 333   21011
 55000 60002 555   7000/=
 22912 22984 20602 11015 21049 30020 40035 57006 82030 333   21019
 60002 555   7000/=
 
