15:31:00 MSK 02.02.2023
020 123456/=о000=1231
 унту01 бтул 021200
 22686 41498 81401 11021 21044 30035 40136 52002 70272 885// 333 88618 555 1/103=
 22695 42/// /1102 11028 21056 39972 40127 54001 555 1/103=
 22996 42/// /1601 11055 21080 39971 40162 54000 555 1/109=
 23220 41597 81704 11029 21050 30008 40152 52011 70283 885// 555 1/104=
 23226 41460 82107 11032 21043 39927 40145 52010 72272 885// 333 88616 
 91010 91112 555 1/104=
 23305 41699 71702 11031 21064 30110 40138 51008 70283 83270 555 1/105=
 23320 86/// /2204 11016 21053 30090 40164 52012=
 23324 42982 82103 11021 21047 30081 40159 51010 8805/ 555 1/104=
 23405 42571 71503 11017 21041 30040 40140 52007 82930 555
 1/103=
 23410 86/// /1804 11023 21051 30056 40154 52012 555 51022 53010=
 23411 41999 72104 11027 21041 30057 40147 52012 70273 86071 555 1/104=
 23412 42699 72102 11023 21047 30057 40155 52014 87500 555 1/104=
 23416 NIL=
 23418 42965 71502 11030 21057 30093 40169 52011 86031
 555 1/109=
 23501 NIL=
 23503 42598 81903 11025 21057 30104 40154 52008 83931 555 1/105=
 23507 86/// /1801 11043 21048 39833 40150 52004=
 23509 42498 81801 11018 21045 30079 40158 52003 885// 333 88618 555
 1/104=
 23514 41497 81802 11027 21033 39960 40159 52004 78582 86931 333 84712 555 1/105=
 23518 42/// /1804 11011 21023 30084 40176 52003 555 1/102=
 23606 41460 81502 11022 21034 39982 40157 54000
 78587 8593/ 333 85911 555 1/104=
 23612 NIL=
 23701 41467 71801 11019 21028 30020 40151 56001 77172 84770 555 1/104=
 23704 86/// /1602 11019 21019 39926 40039 55004 555 53005=
 23707 81496 81603 11027 21036 30013 40148 52003 77177 8652/ 333 86619 555 1/103=
 23708 41682 71603 11037 21064 30017 40170 52005 70287 81579 555 1/106=
 23709 41998 81602 11054 21090 39987 40186 52007 70282 8807/ 555 1/108=
 23711 42498 81702 11058 21079 30016 40191 52005 8695/ 333 86918 555 1/109=
 23803 41999 51703 11057 21111 30009 40195 51005 70273 82035 555 1/106=
 23804 81997 81702 11044 21077 30011 40160 52006 70282 83015 555 1/107=
 23807 42/// /1703 11055 21078 30001 40167 52004 555 1/108=
 23808 86/// /1203 11063 21097 30012 40186 52004=
 23812 42/// /1101 11072 21100 30041 40210 52003 555 1/108=
 23904 42970 81602 11057 21096 30017 40179 57001 80002 555 1/110=
 23905 42599 61201 11056 21104 39957 40192 54000 86900 555 1/110=
 23909 42598 81402 11067 21116 39954 40207 52003 82531=
 23912 42898 81602 11078 21106 30024 40224 54000 81045 555 1/112=
 23913 42999 40000 11150 21172 39997 40243 54001 81031 555 1/121=
 23914 82898 81402 11082 21119 39957 40224 52001 82075=
 28013 42998 71402 11070 21130 39973 40213 54001 80005 555 1/112=
 28016 42899 81302 11067 21132 39977 40212 57003 82045 555 1/112=
 28029 42899 61101 11067 21113 39998 40226 57004 82075 555 1/114=
 28116 42899 81201 11075 21129 39976 40216 57005 8807/=
 28128 42899 81002 11044 21118 30064 40222 57006 8802/ 555 1/106=
 28134 42898 80000 11083 21110 39870 40237 57004 84075 555 1/116=
 28138 42899 80000 11086 21098 39653 40245 57003 85042=
 28216 41894 81102 11077 21090 39905 40215 57002 77572 8802/ 555
 1/107=
 28222 42898 81202 11046 21116 30022 40223 57005 8802/ 555 1/106=
 28224 42870 81402 11058 21124 30005 40226 57002 8802/=
 28234 42897 80000 11056 21118 39946 40234 56005 8802/ 555 1/108=
 28238 42899 80000 11083 21124 39926 40244 56004 8802/ 555 1/114=
 28313 41597 81501 11064 21089 30016 40216 54000 78582 889// 555
 1/107=
 28319 41496 81801 11057 21080 30050 40220 53007 77172 8802/=
 28321 41597 81202 11058 21082 30004 40215 57004 77171 8802/=
 28324 42899 81502 11037 21114 30092 40216 55001 8803/ 555 1/105=
 28326 42898 71101 11059 21120 30037 40231 57002 85031 555 1/108=
 28413 41599 71801 11055 21091 30090 40216 52008 72682 86550 555
 1/106=
 28428 41896 81503 11048 21100 30037 40228 55001 77272 8807/ 555
 1/106=
 28429 42898 72102 11033 21139 39809 40231 55001 84071 555 1/109=
 22983 41456 81301 11035 21052 30038 40145 52004 77172 8802/ 333 91003
 91105 555 1/104=
 27083 41599 81401 11062 21097 39923 40152 57001 70272 885// 333 91004
 91106 555 1/106=
 27097 42598 81303 11070 21104 39896 40167 57004 8257/ 333 91004 91106
 555 1/108=
 27185 41997 81101 11071 21099 39971 40161 57002 77172 8802/ 333 91002
 91104 555 1/106=
 27199 42998 81302 11060 21126 39971 40175 57003 8807/ 333 91003 91105
 555 1/108=
 27281 41446 81204 11073 21091 39938 40153 57002 77172 8872/ 333 91005
 91106 555 1/106=
 27283 42598 81502 11055 21113 39992 40152 58003 885// 333 91003 91106
 555 1/106=
 27295 42998 81101 11063 21118 39912 40171 57001 8802/ 333 91003 91105
 555 1/107=
 27296 42998 81502 11076 21142 39952 40179 54000 80009 333 91005 91104
 555 1/109=
 27385 414// 81202 11056 21115 30026 40158 57002 78582 8595/ 333 91005
 91105 555 1/106=
 27393 42998 82502 11079 21144 30010 40187 57001 84075 333 91002 91103
 555 1/111=
 27480 41598 81403 11064 21109 30027 40159 54000 72272 885// 333 91004
 91106 555 1/106=
 28007 42699 61501 11058 21118 39913 40183 57004 82501 333 91002 91104
 555 1/111=
 28009 42998 81301 11036 21136 39976 40191 57004 80001 333 91002 91104
 555 1/112=
 28105 42998 51502 11054 21136 39977 40183 57005 80001 333 91004 91105
 555 1/109=
 28202 42599 61403 11074 21139 39960 40190 58006 85930 333 91005 91106
 555 1/108=
 28302 42998 81303 11081 21112 39959 40197 54000 8807/ 333 91005 91105
 555 1/108=
 28307 42998 81203 11091 21150 30039 40190 52002 8807/ 333 91005 91105
 555 1/109=
 28402 42998 61403 11080 21140 30010 40196 53004 83035 333 91004 91105
 555 1/111=
 28502 42998 81203 11076 21111 30096 40204 52007 8805/ 333 91003 91104
 555 1/107=
 22550 81697 81402 11027 21041 30077 40087 52008 72722 8693/ 333 86646
 555 1/104=
 22778 42598 81302 11021 21042 30052 40122 52001 8251/ 555 1/103=
 22889 41496 81301 11031 21048 30059 40147 52006 77172 8702/ 333 87514
 555 1/103=
 22762 42/// /1201 11020 21035 30072 40111 52004 555 1/103=
 22638 46/// /1602 11034 21047 39847 40075 52009=
 22671 42/// /1802 11015 21026 30030 40110 52005 555 1/103=
 22456 NIL=
 22583 42598 71601 11022 21035 30042 40124 51006 83571
 555 1/105=
 22749 42/// /1601 11012 21041 39964 40089 52003 555 1/102=
 22951 42/// /1903 11024 21035 39812 40097 52007 555 1/102=
 22887 41497 81303 11014 21025 30060 40131 52006 78582 8695/
 333 86916 555 1/102=
 22876 42/// /1202 11017 21032 30052 40126 52002 555 1/104=
 22481 42/// /1704 11027 21027 30053 40107 52004 555 1/104=
 22854 42/// /1602 11024 21042 39806 40098 52003 555 1/103=
 22781 NIL=
 22676 42498 81603 11020 21044 30044 40123 52006 885// 555 1/103=
 22648 42798 81803 11013 21030 30044 40091 52009 8357/ 555 1/102=
 22559 NIL=
 22869 42/// /1401 11024 21041 39968 40118 52004 555 1/103=
 22768 41597 81802 11012 21045 30059 40109 52002 70282 889// 333 86621
 555 1/102=
 22798 42/// /1402 11019 21022 30028 40142 52002 555 1/102=
 22375 46/// /2004 11046 30075 40091 54010=
 23207 42599 71802 11043 21072 30093 40116 52008 87500 555 1/107=
 23215 42/// /2106 11027 21048 30039 40129 52015 333 91110 555 1/104=
 23219 NIL=
 27095 86/// /1202 11064 21099 39944 40181 57003=
 22408 41584 81501 11063 21077 39913 40066 52016 70282 889// 333  
 88926 555   1/106=
 22511 41998 70000 11051 21072 39940 40063 52013 70287 87030 555  
 1/106=
 22529 41467 80000 11043 21059 30065 40072 52013 78582 889// 333  
 88919 555   1/104=
 22602 41478 60601 11073 21090 39830 40062 52012 70272 83530 555  
 1/111=
 22621 83458 /0801 11044 21057 39924 40066 52008 555   1////=
 22619 41450 80702 11040 21050 39892 40053 52006 78582 889// 333  
 88912 555   1/103=
 22721 41398 81401 11031 21038 39963 40063 52009 70282 887// 333  
 86706 555   1/103=
 22727 86770 /1202 11013 21040 30010 40058 52006 555   1////=
 22717 83/30 /1301 11023 21030 39853 40048 52008 555   1////=
 22802 41440 80801 11006 21013 30015 40038 52008 78582 889// 333  
 88913 555   1/100=
 22820 42970 71501 11018 21046 39920 40057 52008 87070 555   1/103=
 22831 42498 71402 11008 21034 30018 40074 52005 87900 333   87917
 555   1/101=
 22805 41596 81504 11006 21007 30005 40025 52005 77172 885// 555  
 1/100=
 22912 42599 71202 11021 21041 30034 40049 52008 83530 555   1/102=
 
