15:31:00 MSK 04.12.2023
020 123456/=о000=1231
 унту01 бтул 041200
 22686 41997 80401 11156 21175 30022 40128 56004 77172 8807/ 555 1/114=
 22695 41998 60000 11183 21213 39953 40118 57006 70272 83031 555 1/121=
 22996 41596 80303 11108 21110 39866 40058 56010 77172 8257/ 333 93601 555 1/107=
 23220 41999 11108 11200 21244 30078 40232 52004 73630 81030 333 91010 91112 555 1/121=
 23226 42960 00601 11240 21265 30003 40242 52005 555 1/125=
 23305 41984 60802 11162 21176 30148 40178 51002 70287 83035 555 1/118=
 23320 86/// /0202 11286 21309 30115 40198 57011=
 23324 42982 20303 11290 21319 30119 40206 58011 82040 555 1/132=
 23405 41996 80902 11143 21163 30053 40160 54000 77172 8802/ 555
 1/116=
 23410 86/// /0103 11174 21200 30082 40186 57005 555 51133 53004=
 23411 41599 73602 11186 21204 30085 40182 58005 70272 87500 555
 1/119=
 23412 42699 60503 11175 21195 30080 40185 57006 83530 555 1/118=
 23416 NIL=
 23418 41459 80000 11166 21179 30095 40174 57008 77172 8552/
 333 85614 555 1/117=
 23501 NIL=
 23503 41998 60601 11171 21195 30106 40159 57003 70272 82035 555 1/123=
 23507 86/// /3601 11175 21188 39810 40143 57005=
 23509 41997 80701 11145 21172 30060 40144 57008 77172 8802/ 555 1/116=
 23514 41997 80701 11168 21183 39943 40154 57008 77172 8807/ 555 1/119=
 23518 42/// /1103 11149 21188 30067 40165 57007 555 1/115=
 23606 41660 80502 11153 21164 39957 40134 57008 77172 8352/ 555 1/115=
 23612 NIL=
 23701 41583 70201 11186 21203 39988 40128 57010 70272 82545 555 1/120=
 23704 86/// /3601 11176 21185 39091 49206 58009 555 53002=
 23707 81998 80302 11170 21189 39963 40105 57015 70272 83045 333  93627 555 1/119=
 23708 41982 80102 11158 21179 39950 40109 57018 70272 8007/ 555 1/115=
 23709 41998 70101 11143 21167 39911 40114 57020 70272 85075 555 1/114=
 23711 41997 80702 11119 21135 39950 40128 57016 77072 8802/ 555 1/112=
 23803 41495 80601 11129 21154 39918 40108 56017 77372 8802/ 333 88516 555 1/112=
 23804 41496 83401 11146 21163 39939 40092 57016 77172 8557/ 333 85616 555 1/114=
 23807 42/// /0203 11144 21148 39912 40082 57016 555 1/117=
 23808 86/// /0203 11111 21117 39910 40085 57019=
 23812 41496 81201 11107 21123 39947 40116 57022 77172 8672/ 333 934//
 555 1/108=
 23904 41570 83501 11106 21112 39901 40064 57016 70272 885// 333 88624
 555 1/111=
 23905 41897 80402 11099 21114 39831 40066 57019 77172 8802/ 555
 1/109=
 23909 41395 80704 11104 21118 39818 40072 57022 77372 8672/ 333
 93606=
 23912 41496 80802 11101 21119 39896 40096 57025 77172 8802/ 555
 1/110=
 23913 41597 81105 11130 21162 39881 40123 56028 77173 8872/ 333 91111
 555 1/110=
 23914 81495 80802 11117 21131 39823 40091 57025 77387 8802/=
 28013 41896 80603 11105 21124 39828 40067 57024 77172 8802/ 333 93401
 555 1/110=
 28016 41596 80803 11096 21104 39824 40057 56023 77172 8451/ 555
 1/110=
 28029 41896 81104 11117 21138 39843 40072 57031 77172 8802/ 333 91110
 555 1/111=
 28116 41395 81003 11103 21120 39810 40049 57023 77572 8872/=
 28128 41596 80903 11108 21129 39901 40060 57028 77373 8802/ 555
 1/111=
 28134 41496 81203 11136 21168 39710 40078 57031 77172 8872/ 333 91111
 555 1/114=
 28138 41596 80603 11191 21214 39511 40119 57030 78582 883// 333
 93646=
 28216 41898 81005 11083 21095 39725 40030 57042 77172 8802/ 555
 1/108=
 28222 41597 81203 11108 21127 39854 40056 56029 77173 8672/ 555
 1/111=
 28224 41427 80901 11090 21108 39828 40047 57026 77387 8872/ 333 91110
 93400=
 28234 41596 81203 11127 21155 39783 40074 56030 77373 885// 555
 1/110=
 28238 41496 80803 11135 21160 39770 40089 57033 77387 8802/ 555
 1/112=
 28313 41597 81001 11059 21075 39831 40026 56019 77172 885// 555
 1/106=
 28319 42598 81901 11044 21052 39862 40027 57018 885//=
 28321 41597 81401 11064 21080 39823 40030 57011 77087 8802/=
 28324 41897 81402 11046 21056 39907 40029 56022 77172 8802/ 555
 1/104=
 28326 41498 81303 11070 21086 39854 40044 57032 70272 8802/ 555
 1/106=
 28413 41498 81702 11027 21047 39901 40024 56009 70275 886// 333 93400
 555 1/103=
 28428 41596 81702 11034 21045 39851 40038 56014 77372 8802/ 555
 1/103=
 28429 41498 82002 11040 21050 39632 40047 56020 70272 886// 555
 1/104=
 22983 41549 80000 11143 21159 39973 40084 57007 71072 82535 333 91001
 91103 555 1/118=
 27083 41959 63603 11109 21123 39822 40053 57005 77172 86070 333 91005
 91106 555 1/112=
 27097 41579 80102 11099 21103 39771 40042 57010 77172 885// 333 91004
 91106 555 1/110=
 27185 41496 83402 11094 21110 39847 40037 57002 77172 8872/ 333 91003
 91105 555 1/109=
 27199 41296 80202 11086 21097 39823 40026 57007 77172 8672/ 333 91003
 91107 555 1/109=
 27281 41424 83403 11101 21115 39823 40037 52005 77372 8872/ 333 91004
 91105 555 1/110=
 27283 41424 83602 11096 21107 39868 40029 54000 77373 8872/ 333 91003
 91105 555 1/108=
 27295 41569 83301 11096 21114 39763 40023 54000 77172 8802/ 333 91002
 91104 555 1/109=
 27296 41456 80101 11093 21109 39794 40018 57005 77172 8872/ 333 91002
 91104 555 1/108=
 27385 414// 82901 11091 21108 39897 40029 52013 77172 8677/ 333 91003
 91103 555 1/108=
 27393 41496 80000 11087 21098 39845 40020 53001 77172 8672/ 333 91001
 91105 555 1/109=
 27480 41432 82701 11084 21108 39904 40036 52018 77372 8802/ 333 91002
 91103 555 1/108=
 28007 41456 80302 11088 21102 39767 40036 57015 77187 8872/ 333 88710
 91004 91104 555 1/109=
 28009 41950 80401 11081 21100 39821 40037 57019 77172 8802/ 333 91003
 91103 555 1/107=
 28105 41498 80401 11085 21099 39825 40023 57016 72272 885// 333 91002
 91103 555 1/109=
 28202 41920 80701 11082 21098 39789 40016 57014 77372 8807/ 333 91002
 91105 555 1/106=
 28302 41596 81101 11076 21096 39776 40010 57013 77176 8802/ 333 91002
 91104 93400 555 1/108=
 28307 41497 82102 11070 21084 39869 40016 52007 77172 885// 333 91003
 91103 93400 555 1/107=
 28402 41471 82502 11044 21058 39832 40014 52003 77075 8762/ 333 91006
 91107 93401 555 1/105=
 28502 41698 82510 11017 21054 39916 40020 52007 73632 885// 333 91015
 91115 555 1/103=
 22550 81997 60000 11187 21207 30116 40127 57003 70272 83031 333 93528
 555 1/121=
 22778 41998 30101 11148 21167 30042 40116 57002 70171 83070 555
 1/119=
 22889 41496 83401 11129 21139 39999 40090 57011 77172 8702/ 333 87515
 555 1/115=
 22762 41896 80000 11122 21132 30085 40126 57003 77172 8802/ 555
 1/112=
 22638 46/// /0200 11194 21214 39898 40142 52002=
 22671 NIL=
 22456 41596 80000 11166 21196 30033 40127 54000 78582 82941 555
 1/120=
 22583 42998 80000 11211 21232 30054 40142 57002 86071 555 1/126=
 22749 41496 80000 11108 21115 39998 40129 54001 77187 8872/ 333 88712
 555 1/110=
 22951 41998 80501 11120 21132 39831 40127 52006 70272 80001 555
 1/113=
 22887 41597 83401 11118 21131 30022 40095 57007 78582 83901 
 555 1/112=
 22876 41997 83201 11125 21132 30031 40107 57004 70272 8802/ 555
 1/113=
 22481 41597 60000 11166 21182 30086 40143 52003 78582 83931 555
 1/120=
 22854 42898 80201 11127 21138 39829 40133 52004 83035 555 1/116=
 22781 NIL=
 22676 41896 70000 11161 21181 30039 40122 57004 77172 87070 555
 1/114=
 22648 NIL=
 22559 41996 80000 11153 21170 30115 40132 57003 77172 8002/ 333 93544
 555 1/111=
 22869 41997 53603 11130 21146 39961 40118 52002 70272 80070 555
 1/114=
 22768 41497 50000 11169 21189 30068 40122 54000 70272 83570 555
 1/122=
 22798 41597 83601 11150 21161 39988 40108 57011 72272 83530 555
 1/115=
 22375 46/// /1302 11153 21171 30124 40140 52006=
 23207 41999 60704 11195 21216 30159 40184 52008 70282 82041 555
 1/120=
 23215 42998 10702 11287 21313 30121 40222 57001 80001 555 1/127=
 23219 NIL=
 27095 86/// /0202 11094 21094 39819 40055 57014=
 22408 41458 83401 11061 21069 39969 40123 52002 77172 8672/ 333  
 88513 555   1/107=
 22511 41598 80000 11132 21148 39995 40123 57001 72272 8353/ 333  
 93501 555   1/118=
 22529 42599 50000 11235 21260 30124 40132 57002 82532 555   1/123=
 22602 41478 70000 11125 21141 39890 40128 52001 70272 87500 333  
 87613 555   1/112=
 22621 83559 /2101 11186 21204 39983 40134 57001 555   1////=
 22619 41981 40000 11193 21213 39957 40129 54000 70281 82021 555  
 1/122=
 22721 41698 60000 11138 21152 30028 40132 52001 72682 83501 555  
 1/114=
 22727 86460 /3601 11102 21115 30082 40132 52002 555   1////=
 22717 83/70 /0000 11134 21152 39929 40138 52002 555   1////=
 22802 42999 83001 11099 21115 30111 40136 52002 8805/ 555   1/110=
 22820 41658 82701 11106 21123 39988 40131 52003 77172 8652/ 333  
 86637 555   1/111=
 22831 42998 60000 11139 21155 30072 40131 52005 83031 555   1/117=
 22805 42598 70201 11054 21065 30106 40131 52003 84531 555   1/106=
 22912 41956 83401 11088 21100 30112 40128 52005 77172 8807/ 555  
 1/112=
 
