21:31:00 MSK 09.05.2023
020 123456/=о000=1831
 унту01 бтул 091800
 22686 81998 82501 10076 20048 30095 40193 54000 76062 8807/ 333 91110=
 22695 42/// /2803 10075 20024 30026 40176 52003=
 22996 42598 71902 10099 21008 30040 40222 57006 86530=
 23220 42598 81602 11009 21022 39969 40111 58004 8653/=
 23226 41460 82204 11016 21027 39896 40113 58002 72682 8395/ 333 91110=
 23305 41599 72703 10009 21006 30127 40154 52009 70282 8583/ 333 91110=
 23320 66/// /2403 10010 21004 30051 40124 57002 60002 333 10056=
 23324 42976 72001 10002 21007 30040 40117 56005 87040=
 23405 41473 72902 10015 20001 30068 40169 53010 70262 83530=
 23410 66/// /2903 10017 21027 30031 40128 57003 60002 333 10040=
 23411 41599 72602 10006 20006 30050 40139 53004 70282 87900 333 91110=
 23412 41498 73006 10016 21011 30035 40132 54000 78082 83330 333 91010 91110=
 23416 NIL=
 23418 41565 72602 10015 20007 30070 40144 54000 
 70282 86530 333 86620=
 23501 NIL=
 23503 41998 62801 10006 21004 30111 40161 52004 70262 84031=
 23507 86/// /3101 10028 20022 39866 40175 52003=
 23509 41497 83003 10039 20022 30089 40167 53006 77172 8552/ 333 85612=
 23514 41497 82902 10014 20012 39961 40158 52006 78082 889// 333 85713=
 23518 41496 83402 10015 20011 30059 40151 57002 78082 889// 333 84617
 555 53011=
 23606 41660 82702 10044 20045 30004 40169 54000 76186 8652/ 333 86633=
 23612 NIL=
 23701 41581 72602 10082 20040 30064 40191 52009 72582 82912 333 91112=
 23704 66/// /2602 10104 20029 39926 40039 55004 60002 333 10136 91110=
 23707 81698 82805 10107 20013 30064 40193 52003 70282 8353/ 333 91111=
 23708 42584 82605 10109 21003 30045 40190 53002 8195/ 333 91111=
 23709 42598 82303 10103 21017 39995 40182 57005 8552/=
 23711 41697 82501 10082 20016 30002 40168 57003 76162 8557/ 333 85635=
 23803 42699 82503 10100 21026 30025 40201 56004 8655/ 333 86639=
 23804 42697 82401 10101 20000 30057 40198 57002 8355/=
 23807 82598 82504 10094 20015 30054 40212 57005 8255/=
 23808 86/// /2003 10105 21013 30047 40211 57006=
 23812 82597 82402 10090 21015 30030 40189 57008 8552/=
 23904 42980 72301 10102 21018 30071 40224 57003 87020=
 23905 42599 82102 10095 21013 30000 40223 57004 885// 333 91110 555
 50057=
 23909 42598 82103 10095 21029 39987 40227 57005 8655/=
 23912 42598 82002 10089 21022 30031 40219 57005 8655/ 555 50033=
 23913 42999 52401 10043 21041 39997 40225 57007 85040 555 50026=
 23914 82899 82305 10087 21035 39972 40224 57006 8807/ 333 91110=
 28013 42598 72002 10092 21043 30005 40232 57005 87500 555 50048=
 28016 42/// /2002 10079 21028 30019 40241 57004 555 50049=
 28029 42999 12003 10075 21056 30025 40242 57005 80001 555 50049=
 28116 42499 12001 10058 21044 30022 40251 57002 81400=
 28128 42999 00000 10023 21002 30103 40258 57002 555 50045=
 28134 42998 01901 10010 21066 39909 40265 57002 555 50036=
 28138 43/// /2602 10038 21092 39696 40263 52003=
 28216 42999 02202 10068 21076 39967 40263 57002 555 50047=
 28222 42/// /0000 10030 21043 30067 40263 54001 555 50046=
 28224 42970 01601 10030 21061 30051 40265 54000=
 28234 42998 01501 10053 21102 39988 40266 52002 555 50047=
 28238 42999 02102 10020 21071 39964 40271 52006 555 50040=
 28313 42/// /0000 10018 21053 30076 40271 54001 555 50043=
 28319 42999 00000 11005 21047 30107 40274 54000=
 28321 42999 02201 10070 21051 30062 40264 54000=
 28324 42/// /2601 10020 21065 30146 40268 54001 555 50047=
 28326 42998 21301 10015 21055 30079 40268 52004 80001 555 50043=
 28413 42999 00000 10049 21055 30147 40269 54001 555 50059=
 28428 42999 03601 10039 21064 30079 40265 52002 555 50053=
 28429 42/// /0401 10017 21058 39857 40273 52002 555 50047=
 22983 42598 82301 10087 20007 30116 40219 57003 85535 333 91002
 91109=
 27083 42584 52101 10087 21019 30012 40231 57005 85500 333 91002
 91105=
 27097 42998 22101 10065 21018 39986 40246 57002 82080 333 91002
 91106=
 27185 42/// /0000 10062 21001 30071 40254 57003 333 91000 91104=
 27199 42598 62301 10087 21005 30060 40254 57003 86500 333 91002
 91103=
 27281 42584 72001 10095 21026 30053 40257 57003 87500 333 91001
 91106=
 27283 42597 60000 10071 21019 30103 40258 57003 86500 333 91001
 91104=
 27295 42997 50000 10058 21004 30013 40264 57003 85070 333 91000
 91102=
 27296 42997 21602 10076 21030 30042 40258 57001 80001 333 91002
 91104=
 27385 425// 30000 10042 20003 30137 40266 57002 82530 333 91000
 91102=
 27393 42598 50000 10065 21016 30099 40269 57001 83540 333 91001
 91107=
 27480 42598 30000 10054 21014 30141 40270 57002 82530 333 91000
 91103=
 28007 42699 12301 10087 21042 39987 40245 57004 81500 333 91003
 91104=
 28009 42998 01901 10081 21037 30041 40249 57002 333 91002 91104=
 28105 42998 11902 10077 21045 30054 40251 57002 81040 333 91003
 91106=
 28202 42998 02401 10066 21043 30037 40257 57003 333 91001 91103=
 28302 42997 00000 10052 21030 30038 40266 57002 333 91000 91103=
 28307 42998 11701 10047 21022 30123 40268 57003 81030 333 91002
 91102=
 28402 42984 12202 10059 21038 30089 40268 57001 80005 333 91003
 91103=
 28502 42997 02704 10025 21038 30165 40270 54000 333 91004 91104=
 22550 81697 81601 10074 20052 30185 40195 52001 72582 8547/=
 22778 42998 82201 10092 20031 30144 40212 57005 8807/=
 22889 42598 72301 10090 21012 30132 40217 54000 84580=
 22762 NIL=
 22638 NIL=
 22671 41598 80000 10068 20062 30112 40190 57003 70282 8695/ 333
 86930=
 22456 NIL=
 22583 41597 83401 10031 20025 30106 40186 52005 78088 8697/=
 22749 42598 60000 10115 20025 30100 40222 57003 82530=
 22951 42898 82501 10082 20004 39962 40240 57008 87041=
 22887 42997 83003 10118 20004 30147 40216 57004 8355/=
 22876 42997 82603 10108 20028 30148 40219 54001 85049=
 22481 41998 62601 10017 21002 30138 40192 52006 70282 86031=
 22854 42899 82201 10089 20008 39944 40228 57008 82037=
 22781 NIL=
 22676 41597 81501 10078 20060 30114 40190 58005 78082 889// 333
 91110=
 22648 41798 70000 10106 20029 30168 40214 53002 70282 85970 333 85655
 91111=
 22559 41697 83202 10097 20031 30181 40197 52004 78082 8692/ 333
 86633=
 22869 42697 62902 10107 20002 30084 40229 57002 83531=
 22768 41897 72302 10099 20030 30167 40216 57005 70282 83074=
 22798 42498 80000 10103 20010 30091 40201 54001 889//=
 22375 NIL=
 23207 NIL=
 23215 41395 82306 11002 21006 30013 40102 57007 77372 8872/ 333
 88709=
 23219 NIL=
 27095 66/// /1701 10064 21005 30024 40251 57002 60002 333 10151=
 22408 12999 31401 10114 21006 30038 40184 57003 60002 80031 333  
 10160=
 22511 12998 62001 10120 21017 30069 40186 57004 60002 82041 333  
 10157=
 22529 11599 60000 10096 20002 30188 40195 57005 69902 70282 84532
 333   10160=
 22602 12976 32001 10111 20011 39977 40196 57005 60002 8303/ 333  
 10159=
 22621 12998 22501 10124 21035 30064 40199 57004 60002 80001 333  
 10160=
 22619 12482 22402 10128 21029 30046 40200 57003 60002 81501 333  
 10169=
 22721 12998 22801 10139 21013 30110 40205 57004 60002 80001 333  
 10176=
 22727 12970 32403 10125 21003 30176 40223 57002 60002 80030 333  
 10169=
 22717 12998 22201 10103 21026 30036 40226 57006 60002 80001 333  
 10169=
 22802 12999 00201 10092 21019 30202 40225 57008 60002 333   10173=
 22820 12970 72503 10120 21037 30094 40227 57006 60002 82079 333  
 10164=
 22831 12998 62401 10110 20011 30174 40228 57007 60002 86030 333  
 10162=
 22805 12598 22204 10056 21001 30212 40232 56013 60002 82501 333  
 10108=
 22912 12599 52201 10081 21012 30223 40238 57014 60002 81101 333  
 10144=
 
