06:31:00 MSK 05.07.2023
020 123456/=о000=0331
 уйту01 бтул 050300
 22686 62998 02102 10168 20100 30042 40136 52013 60002 333 20085 31009 55126 555 53009 7027/=
 22695 12998 12401 10160 20080 39983 40128 52011 60002 80001 333 20127
 31011 555 53004 7004/=
 22996 62998 01901 10165 20128 30001 40177 52009 60002 333 20132 30014 55153 555 53006 7000/ 91209=
 23220 12599 22004 10172 20105 39985 40118 52010 60002 81109 333 20133 31014 55109 555 53009 7005/=
 23226 12960 02407 10161 20105 39910 40112 52013 69902 333 20133 31012 
 91010 91110 555 53010 7001/=
 23305 12999 72003 10147 20113 30077 40103 51007 69902 87070 333 20131
 31011 555 53017 7993/=
 23320 76/// /2304 10183 20097 30062 40130 52008 333 20107 60002 555 53009 7000/=
 23324 12985 12104 10184 20117 30049 40121 51002 60002 80009 333 20135
 55163 555 53010 7004/=
 23405 12673 61702 10142 20122 30019 40113 52004 60002 82550
 333 20118 31011 55096 555 53006 7011/=
 23410 76/// /2105 10168 20105 30029 40120 52008 333 20116 60002 555 7000/=
 23411 11599 72004 10155 20127 30032 40116 52008 69942 70282
 82939 333 20126 32011 555 53009 7006/ =
 23412 12999 62403 10165 20117 30029 40120 52008 60012 84089 333 20127 32011 55134 555 53011 7007/=
 23416 NIL=
 23418 12965 12002 10180 20106 30064 40133 52006 
 60002 81030 333 20142 31011 55139 555 53010 7990/=
 23501 NIL=
 23503 12698 61903 10173 20121 30079 40126 52003 60002 81530 333 20115 31011 555 53010 7002/ 91212=
 23507 66/// /2102 10153 20112 39832 40126 52005 60002 333 20102 555 53011 7000/=
 23509 12998 31803 10171 20111 30061 40134 51003 60002 83030 333 20111
 31011 555 53010 7000/=
 23514 12697 12002 10176 20117 39953 40138 52006 60032 81500 333 20130 31011 55150 555 53007 7003/=
 23518 62698 22103 10182 20115 30061 40148 52004 60002 81289 333
 20141 31013 55143 555 50203 7000/ 91213=
 23606 12962 02002 10183 20123 39987 40144 52004 69952 333 20126 31013 55120 555 53004 7999/=
 23612 12998 02003 10186 20113 30025 40152 52005 60002 333 20122 31013 555 53007 7990/=
 23701 12999 02202 10162 20124 30030 40153 52008 60002 333 20093 30010
 555 53012 7997/=
 23704 76/// /2101 10172 20132 39926 40039 55004 333 20096 60002 555 50180 7000/=
 23707 62998 52102 10170 20119 30030 40155 52008 60002 81041 333 20138 30013 55157 555 53010 7000/=
 23708 12998 01702 10178 20113 30023 40164 52007 60002 333 20113 3/012 555 53005 7000/ 91211=
 23709 12998 01902 10183 20099 39987 40168 52009 60002 333 20107 31011
 555 53006 7000/=
 23711 12998 01901 10194 20122 30004 40163 52008 60002 333 20106 30011
 55151 555 53005 7000/=
 23803 12999 01501 10164 20126 30001 40171 51008 60002 333 20098 30009
 55146 555 53005 7000/=
 23804 12997 12001 10177 20122 30026 40162 52008 60002 80001 333 20128 31012 55157 555 53004 7000/=
 23807 12997 12201 10163 20138 30020 40173 52007 60002 333 20109 31011
 55166 555 53007 7000/=
 23808 66/// /1102 10158 20128 30020 40180 52008 60002 333 20093 555 7000/=
 23812 12997 52701 10189 20112 30022 40175 52007 60002 85030 333 20104
 30011 555 53006 7000/=
 23904 42970 01701 10164 20125 30034 40183 52007 60002 333 20079 30094
 555 53006 7000/=
 23905 62999 00000 10197 20130 39969 40182 52008 60002 333 20098 31010
 555 53005 7000/=
 23909 62598 62401 10178 20127 39955 40187 52010 60002 86500 333 20122
 30012 55163=
 23912 62598 12401 10185 20126 30001 40182 52008 60002 81500 333 20107
 30012 555 53007 7000/=
 23913 62999 00901 10177 20125 39969 40185 52005 60002 333 20091 31009
 55152 555 53005 7000/=
 23914 62498 20000 10208 20127 39940 40180 52009 60002 82500 333 20157
 30014 55164=
 28013 62598 22901 10191 20111 39969 40186 52011 60002 82500 333 20153
 30012 555 53005 7000/=
 28016 62599 20000 10193 20132 39978 40189 52010 60002 81530 333 20105
 30013 555 53006 7000/=
 28029 62699 33302 10208 20128 39974 40179 52010 60002 81430 333 20157
 30014 55154 555 53004 7000/=
 28116 62999 02901 10180 20120 39971 40189 52009 60002 333 20121 30011
 55153=
 28128 62599 83602 10216 20137 30037 40181 52009 60002 82139 333 20166
 30147 55142 555 7000/=
 28134 62598 70000 10203 20147 39850 40178 52011 60002 87800 333 20117
 30010 555 53002 7000/=
 28138 12999 00000 10222 20144 39644 40169 5//// 60002 333 20110 30017
 55131=
 28216 62599 63201 10179 20124 39906 40187 52011 60002 86900 333 20158
 30016 555 53005 7000/=
 28222 62598 80000 10212 20151 39998 40180 52012 60002 86201 333 20143
 30016 555 53002 7000/=
 28224 62670 33602 10212 20153 39975 40173 52011 60002 83500 333 20146
 30014 55143=
 28234 62899 20000 10199 20135 39913 40174 52010 60002 82080 333 20141
 30013 555 53003 7000/=
 28238 62899 10000 10192 20146 39891 40176 52010 60002 81040 333 20132
 30013 55145 555 53003 7000/=
 28313 62598 63401 10188 20125 30004 40185 53013 60002 86500 333 20163
 30015 555 53005 7000/=
 28319 62898 10302 10219 20125 30023 40175 52009 60002 81050 333 20157
 30018=
 28321 62599 23402 10212 20126 39987 40177 52013 60002 82201 333 20190
 30017=
 28324 62898 23601 10218 20132 30060 40173 52011 60002 82089 333 20156
 30017 555 53003 7000/=
 28326 62898 20000 10206 20154 39994 40169 52008 60002 82030 333 20116
 30014 55149 555 53002 7000/=
 28413 62599 33202 10213 20115 30065 40179 52010 60002 81130 333 20176
 30016 555 53004 7000/=
 28428 62598 33201 10156 20128 39994 40170 52009 60002 83500 333 20138
 30014 555 53003 7000/=
 28429 62698 60602 10236 20152 39784 40164 52008 60002 86500 333 20140
 30014 555 53003 7000/=
 22983 12998 02501 10163 20116 30072 40171 52008 60002 333 20085 31010
 55153 91002 91102 555 53010 7000/=
 27083 12999 01701 10155 20117 39967 40179 52007 60002 333 20097 30010
 91001 91101 555 52007 53005 7000/=
 27097 12998 01901 10169 20132 39939 40187 52007 60002 333 20087 30010
 91001 91101 555 53004 7000/=
 27185 12998 00000 10188 20128 30017 40191 52008 60002 333 20110 30014
 91000 91101 555 53004 7000/=
 27199 12998 10000 10200 20120 30007 40192 52008 60002 81030 333 20109
 30011 55149 91001 91102 555 52008 53003 7000/=
 27281 12982 22301 10162 20120 39996 40193 52007 60002 80005 333 20105
 30012 91001 91102 555 53003 7000/=
 27283 12998 21401 10175 20136 30045 40193 52007 60002 82030 333 20108
 30014 91001 91102 555 53005 7000/=
 27295 12998 00000 10198 20094 39958 40194 52007 60002 333 20126 30012
 91000 91101 555 53004 7000/=
 27296 12998 22201 10190 20105 39989 40195 52006 60002 82030 333 20111
 30011 55165 91001 91102 555 53003 7000/=
 27385 129// 50000 10165 20134 30074 40196 52007 60002 85030 333 20107
 30014 91000 91102 555 53003 7000/=
 27393 12998 02501 10154 20109 30038 40202 52005 60002 333 20117 30010
 55153 91001 91102 555 53004 7000/=
 27480 12598 20501 10181 20137 30074 40196 52005 60002 81530 333 20109
 30014 91002 91102 555 53003 7000/=
 28007 12999 02601 10187 20107 39944 40191 52009 60002 333 20145 30013
 55161 91002 91103 555 53005 7000/=
 28009 12598 60000 10175 20114 39994 40193 52008 60002 83530 333 20133
 30014 91001 91102 555 52011 53002 7000/=
 28105 12598 12301 10163 20125 30010 40199 52008 60002 81500 333 20109
 30011 91001 91102 555 53004 7000/=
 28202 12980 50000 10194 20123 39984 40193 52008 60002 84031 333 20119
 30014 91000 91102 555 53005 7000/=
 28302 12998 63401 10197 20103 39979 40194 52009 60002 86030 333 20123
 30014 91002 91102 555 53004 7000/=
 28307 12998 00000 10181 20115 30059 40196 52006 60002 333 20105 30012
 91000 91101 555 53005 7000/=
 28402 12998 20000 10184 20122 30026 40195 52009 60002 82031 333 20130
 30013 91001 91102 555 53005 7000/=
 28502 12998 10000 10180 20119 30096 40194 52008 60002 80001 333 20112
 30013 55162 91000 91103 555 53005 7000/=
 22550 12997 71904 10150 20107 30071 40080 52004 69912 83031 333 20126
 31011 55080 555 53009 7002/=
 22778 12998 01502 10158 20101 30076 40142 52007 60002 333 20118 30013
 55168 555 53008 7993/=
 22889 12998 00000 10164 20124 30086 40168 52007 60002 333 20086 32010
 555 53005 7000/=
 22762 62998 21601 10157 20112 30081 40118 50001 60002 80009 333 20107
 31009 555 53009 7993/ 91211=
 22638 NIL=
 22671 12999 22102 10141 20110 30036 40111 52010 60022 80001 333 20104
 31010 55060 555 53011 7004/=
 22456 12997 32102 10141 20106 39986 40069 52007 69972 83080 333 20111
 31010 555 53009 7002/=
 22583 11998 22201 10162 20108 30032 40108 52006 69902 70282 80001
 333 20116 31012 55062 555 53012 7005/=
 22749 NIL=
 22951 12898 22302 10150 20112 39864 40132 52001 60002 82070 333 20084
 31008 555 53009 7000/=
 22887 12999 21602 10160 20115 30091 40157 52009 60002 80001 
 333 20116 31011 55159 555 53006 7000/=
 22876 12997 02103 10171 20115 30083 40152 52009 60002 333 20148 31013
 555 50189 53008 7000/ 91213=
 22481 12598 22006 10145 20124 30032 40082 52003 60012 81102 333 20109
 31010 555 53009 7011/=
 22854 12499 71803 10142 20114 39843 40118 58002 69902 83970 333 20115
 31010 55129 555 53011 7990/=
 22781 NIL=
 22676 NIL=
 22648 NIL=
 22559 62998 62103 10138 20112 30078 40093 58/// 69902 81031 333 20117
 32012 555 53006 7002/=
 22869 12997 61701 10162 20114 30009 40150 50002 60002 80030 333 20129
 31012 555 53010 7000/ 91213=
 22768 12997 31803 10159 20107 30080 40128 52001 60002 80001 333 20136
 30012 55160 555 53011 7000/=
 22798 12998 02001 10170 20117 30050 40156 52010 60002 333 20116 30013
 555 53008 7990/=
 22375 46/// /2205 10138 30045 40059 52006=
 23207 12999 22204 10161 20107 30055 40076 52008 81041 333 20122 55069
 555 53011 7003/=
 23215 NIL=
 23219 NIL=
 27095 76/// /1301 10089 20089 39975 40199 52011 333 20084 60002 555 53007 7000/=
 22408 21599 81904 10128 20103 39857 49999 54000 70282 889// 333  
 20126 55102 60032 88933 555   7004/=
 22511 22598 71803 10133 20095 39895 40010 52003 82530 333   20119
 69952 555   7001/=
 22529 21599 21803 10138 20110 30036 40042 57001 70281 82900 333  
 20114 69902 555   7009/=
 22602 22478 71903 10114 20095 39802 40017 52006 85930 333   20108
 55016 60022 85913 555   7007/=
 22621 73470 /1805 10128 20108 39908 40041 57002 333   20120 55048
 60012 555   7006/=
 22619 22581 71601 10114 20101 39888 40040 52003 85571 333   20113
 55059 60012 555   7004/=
 22721 22598 61901 10129 20106 39962 40056 52003 83930 333   20121
 69912 555   7010/=
 22727 76570 /2104 10145 20112 30024 40069 52007 333   20140 69922
 555   7004/=
 22717 73/57 /1802 10116 20110 39872 40057 52005 333   20108 60022
 555   7010/=
 22802 21599 72002 10125 20109 30038 40060 52009 70282 87500 333  
 20119 55088 60012 87621 555   7003/=
 22820 22570 72304 10141 20102 39941 40070 52007 81530 333   20135
 55125 60002 555   7997/=
 22831 21698 72001 10146 20122 30036 40088 52003 70262 83530 333  
 20098 55114 69942 555   7001/=
 22805 21498 81804 10082 20081 30046 40066 52010 70282 889// 333  
 20071 55088 60012 91111 555   7002/=
 22912 22599 62204 10146 20108 30071 40085 52009 83331 333   20145
 60002 555   7000/=
 
