06:31:00 MSK 20.10.2023
020 123456/=о000=0331
 уйту01 бтул 200300
 22686 12498 83202 11017 21029 30065 40166 52016 69902 8652/ 333 21018 55008 86612 555 53006 7990/=
 22695 11597 83303 11011 21035 39991 40145 52016 69902 77172 8652/ 333
 21011 43997 555 53007 7995/=
 22996 12998 30000 11006 21006 39958 40145 52005 60002 83030 333 21008 55033 555 53002 7993/ 91209=
 23220 11296 82804 11005 21007 39833 49973 52022 60022 77172 8872/ 333 21007 43005 55005 86705 555 53007 7002/=
 23226 11260 72804 11005 21017 39755 49967 52019 60022 72282 8775/ 333
 21009 47004 86705 555 53009 7003/=
 23305 12984 22905 11012 21026 30085 40113 52018 69902 82030 333 21012
 555 53012 7994/=
 23320 76/// /2904 11001 21001 39970 40043 52033 333 21001 60002 91111 555 53011 7000/=
 23324 11374 72905 10005 21003 39952 40028 52036 60012 72682 87900 333
 20003 43001 55002 84708 555 53009 7004/=
 23405 12497 73003 11014 21025 30024 40124 52018
 69902 82530 333 21014 55002 555 53008 7002/=
 23410 76/// /2604 11002 21019 39973 40069 52025 333 21005 60002 555 7000/=
 23411 12599 62903 11005 21015 30000 40089 52018 69902 86500 333 21005
 555 53012 7998/=
 23412 12499 83005 10003 21013 39979 40076 52023 69942 887// 333 20000 43001 55001 555 53014 7001/=
 23416 NIL=
 23418 11550 72703 10002 21012 30014 40088 52023 69902 
 78582 87900 333 20000 55000 85920 555 53011 7001/=
 23501 NIL=
 23503 11498 82902 11005 21020 30066 40116 52018 69912 70272 885// 333 21008 88617 555 53009 7994/ 91212=
 23507 66/// /3302 11021 21024 39826 40140 52014 60002 333 21021 555 53008 7000/=
 23509 12998 30000 11018 21039 30046 40124 53055 60002 83030 333 21023
 555 53005 7994/=
 23514 11497 82802 11012 21016 39915 40113 52014 69902 77172 8677/ 333 21012 46001 55001 85710 555 53010 7998/=
 23518 11596 82703 11003 21013 30008 40100 52021 69992 77172 8677/ 333
 21004 47001 55000 84630 555 53009 7002/ 91209=
 23606 12460 52701 11018 21026 39952 40125 52014 69902 83531 333 21018 47997 55000 555 53006 7001/=
 23612 11584 72702 11008 21019 39975 40110 52019 69932 72682 85930 333 21009 46997 84631 555 53010 7002/=
 23701 11562 82901 11006 21013 30018 40148 52012 69902 72622 889// 333
 21011 88922 41998 555 53006 7001/=
 23704 76/// /2801 11009 21009 39447 49559 50009 333 21015 60002 555 50008 7000/=
 23707 61598 83201 11005 21014 30012 40145 52009 69902 70272 8655/ 333
 21007 47998 55000 86621 555 53004 7991/=
 23708 12483 83001 11013 21021 39994 40145 52008 69922 886// 333 21021
 47997 88711 555 53007 7002/=
 23709 62498 82701 11014 21025 39948 40142 52010 60002 883// 333 21014 88916 555 53006 7004/ 91210=
 23711 11998 72701 11009 21015 98857 40127 52014 69922 70282 87030 333
 21010 47997 55000 555 53007 7997/=
 23803 12599 83401 11006 21030 39958 40139 51006 69942 889// 333 21010
 55000 555 53006 7002/=
 23804 11497 73401 11003 21006 39998 40144 52008 69912 72682 85930 333 21003 47997 55000 85912 555 53003 7002/=
 23807 11396 82402 11012 21012 39986 40149 52007 69932 77277 855// 333
 21017 47997 52030 85707 555 53006 7997/=
 23808 NIL=
 23812 11597 52701 11010 21014 39972 40135 52010 69962 70282 82930 333
 21010 555 53008 7004/=
 23904 12676 80000 11007 21007 39993 40152 52005 60002 885// 333 21011
 88637 555 53003 7999/=
 23905 12599 82501 11007 21016 39921 40150 52006 69942 885// 333 21008
 34100 555 53007 7999/=
 23909 12498 82501 11005 21011 39905 40152 52006 69942 883// 333 21005
 3/101 47997 55004=
 23912 11496 82502 11001 21007 39955 40148 52008 69952 77772 886// 333
 21001 31001 555 53006 7006/=
 23913 11599 82701 10007 21004 39919 40149 52011 60042 70282 889// 333
 20003 31100 55000 555 53009 7007/=
 23914 61497 72701 11006 21011 39891 40150 52006 60012 72622 87905 333
 21006 31000 55000=
 28013 12598 83001 11006 21016 39919 40152 52007 69902 8551/ 333 21009
 31102 555 53007 7003/=
 28016 12599 72501 10004 20004 39926 40152 53004 69912 87900 333 20004
 31001 555 53005 7997/=
 28029 12599 81501 10012 21012 39930 40149 52004 60002 8652/ 333 20012
 31001 55000 555 53009 7996/=
 28116 11497 80000 10001 21017 39921 40152 52003 69902 77022 8872/ 333
 21003 31001 55011=
 28128 12599 80000 10017 20001 39999 40152 52001 60002 885// 333 20017
 31002 55010 555 53010 7990/=
 28134 12598 82201 10008 21014 39805 40157 52001 60002 8651/ 333 21002
 31100 555 53007 7990/=
 28138 11595 81701 10003 21003 39590 40158 54000 69942 72682 883// 333
 20000 31100 55000=
 28216 11697 81002 10014 20008 39848 40145 56005 69942 70262 885// 333
 20013 31001 555 53005 7994/=
 28222 12598 80201 10022 20014 39957 40152 57002 69902 885// 333 20022
 31002 555 53004 7990/=
 28224 11559 80000 10030 20026 39935 40147 57004 60012 76162 8802/ 333
 20024 31001 55006=
 28234 11597 81501 10028 20014 39877 40154 54001 69942 76162 885// 333
 20024 31003 555 53005 7994/=
 28238 11597 80000 10026 20016 39855 40157 54001 60022 76162 885// 333
 20002 31100 55004 555 53005 7003/=
 28313 11596 80000 10033 20023 39955 40146 57002 69902 76062 885// 333
 20026 31002 555 53006 7990/=
 28319 11496 82602 10032 20026 39990 40153 53001 60042 76166 8802/ 333
 20031 32004=
 28321 11598 81401 10037 20031 39942 40144 57004 69952 76062 8652/ 333
 20034 31003=
 28324 11598 81801 10043 20027 30026 40146 57004 60022 72582 889// 333
 20041 31004 555 53003 7002/=
 28326 11597 72002 10042 20032 39967 40152 57001 60012 78082 87300 333
 20042 31004 55013 555 53006 7001/=
 28413 11599 81503 10035 20019 30028 40150 57002 60052 72162 8657/ 333
 20035 31004 555 53007 7005/=
 28428 11597 82003 10035 20017 39977 40161 57003 60022 76162 8802/ 333
 20029 31003 555 53008 7002/=
 28429 12598 82102 10023 20008 39756 40167 57004 60012 889// 333 20023
 31002 555 53009 7001/=
 22983 11456 80000 10001 20000 30047 40153 52009 69942 78582 889// 333
 21011 55027 91001 91101 555 53002 7002/=
 27083 11520 22401 11035 21039 39923 40150 52006 69902 71000 82500 333
 21041 91001 91101 555 53002 7994/=
 27097 11598 83101 10002 20002 39887 40150 52006 69932 72272 885// 333
 20001 91001 91104 555 53004 7999/=
 27185 12698 80101 10004 20001 39961 40146 52004 60002 885// 333 20002
 31001 91002 91102 555 53002 7000/=
 27199 11598 70901 10012 21001 39944 40142 52001 69942 76162 83520 333
 20012 31001 55013 91003 91103 555 53003 7994/=
 27281 12484 80102 10006 21002 39933 40141 52004 60002 885// 333 20006
 91002 91103 555 53003 7000/=
 27283 11496 80602 10010 20005 39983 40139 53003 69942 78382 889// 333
 20010 31002 91003 91103 555 53003 7994/=
 27295 11596 80102 10008 21003 39884 40136 52002 60032 77172 8802/ 333
 20008 31002 91003 91104 555 53004 7003/=
 27296 11496 80402 10004 21008 39918 40136 52001 60042 77176 8872/ 333
 20004 32001 55000 91003 91104 555 53004 7004/=
 27385 114// 80201 10032 20030 30002 40130 52004 60022 70282 8675/ 333
 20032 31004 91002 91102 555 53002 7002/=
 27393 11496 80000 10035 20029 39964 40133 54000 69972 75165 886// 333
 20023 55015 91001 91102 555 53003 7001/=
 27480 11405 80401 10032 20032 30002 40130 52003 60022 74442 886// 333
 20014 32002 91001 91102 555 53003 7003/=
 28007 12999 60101 10001 21007 39887 40150 52004 60002 80030 333 21003
 55036 91002 91103 555 53004 7993/=
 28009 12998 80000 10002 21012 39941 40153 52003 60002 8805/ 333 20000
 91001 91102 555 53004 7990/=
 28105 11497 80000 10006 21001 39950 40143 52002 69902 75022 886// 333
 20006 32002 91000 91101 555 53003 7990/=
 28202 11596 80801 10005 21006 39917 40139 57003 69962 78582 889// 333
 20005 31001 91002 91103 555 53004 7996/=
 28302 11597 81401 10032 20025 39906 40133 57004 60042 76162 885// 333
 20021 31003 91002 91102 555 53002 7004/=
 28307 11498 81301 10037 20027 39987 40130 54000 60022 76162 885// 333
 20029 91002 91102 555 53002 7002/=
 28402 11497 81902 10033 20027 39956 40134 57001 69942 76162 8632/ 333
 20030 91003 91104 555 53005 7995/=
 28502 12697 81902 10037 20019 30034 40137 57003 60012 885// 333 20030
 55000 91002 91103 555 53007 7003/=
 22550 62968 03401 11036 21036 30188 40198 52012 60002 333 21041 55006
 555 53005 7000/=
 22778 12998 13402 11027 21037 30103 40174 52013 69912 81070 333 21031
 55004 555 53005 7002/=
 22889 11496 83001 11000 21000 30068 40155 52008 60022 77172 8752/ 333
 21017 43002 87614 555 53003 7002/=
 22762 12597 33201 11024 21028 30151 40191 52011 60002 83500 333 21024
 555 53004 7000/ 91208=
 22638 46/// /3401 11043 21048 39993 40225 52008=
 22671 12398 83501 11016 21023 30101 40181 52012 60002 886// 333 21019
 42005 55000 88707 555 53006 7993/=
 22456 12/// /3101 11017 21005 30104 40173 52010 60002 333 21017 555
 53006 7000/=
 22583 12598 72803 11024 21033 30080 40162 52012 69912 87500 333
 21024 42002 55015 555 53006 7994/=
 22749 NIL=
 22951 12498 80202 11013 21018 39903 40189 52009 60002 882// 333 21045
 555 53005 7995/=
 22887 12297 83102 10003 20000 30086 40157 52006 60032 8855/
 333 20003 42001 55004 86705 555 53005 7003/=
 22876 12497 83001 10002 21001 30093 40168 52012 60022 886// 333 20002
 42003 88711 555 53004 7002/=
 22481 12998 12902 11033 21042 30110 40164 52015 60002 81030 333 21034
 555 53007 7995/=
 22854 12399 83602 11019 21027 39902 40196 52009 69942 889// 333 21020
 55011 86707 555 53007 7994/=
 22781 NIL=
 22676 11597 83304 11016 21031 30096 40174 52015 69902 77072 885// 333
 21016 47997 555 53007 7995/=
 22648 NIL=
 22559 12998 83101 11010 21021 30182 40199 52009 60002 8807/ 333 21022
 55016 555 53007 7990/ 91210=
 22869 12598 73603 11008 21017 30028 40178 52011 69922 86530 333 21012
 46997 86628 555 53005 7993/ 91206=
 22768 12597 73601 11017 21024 30132 40183 52012 69942 87900 333 21017
 55010 84629 555 53006 7001/=
 22798 12497 81801 11009 21010 30038 40152 52010 69902 889// 333 21014
 555 53005 7994/=
 22375 46/// /3002 11006 21026 30151 40167 52006=
 23207 12999 22802 11029 21043 30086 40109 52011 69932 81031 333 21030
 43005 55000 555 53010 7994/=
 23215 NIL=
 23219 NIL=
 27095 76/// /0000 11002 20004 39929 40153 52004 333 21006 60002 555 53002 7000/=
 22408 22984 13302 11060 21067 30104 40260 52002 81030 333   21068
 55077 60002 93501 555   7000/=
 22511 22784 62701 11038 21045 30126 40251 52003 82531 333   21043
 69902 555   7990/=
 22529 21496 82601 11013 21021 30219 40226 52007 78582 889// 333  
 21022 60032 88919 555   7006/=
 22602 22975 03102 11053 21060 30022 40256 52003 333   21059 55005
 69902 555   7990/=
 22621 73/69 /3201 11031 21041 30093 40237 52004 333   21032 55040
 60002 555   7994/=
 22619 22598 23004 11025 21034 30069 40232 52002 82500 333   21025
 55008 60002 555   7000/=
 22721 22997 02901 11033 21038 30127 40228 52003 333   21033 60002
 555   7993/=
 22727 76/70 /3602 11012 21021 30171 40220 52003 333   21017 60002
 555   7995/=
 22717 73/70 /0303 11022 21033 30026 40229 52004 333   21022 60002
 555   7992/=
 22802 22998 00303 11012 21033 30201 40225 52004 333   21012 55024
 60002 555   7990/=
 22820 22498 83301 11013 21020 30077 40216 52005 885// 333   21015
 55020 69942 88615 555   7001/=
 22831 22997 00301 11021 21035 30151 40208 52009 333   21023 55035
 60002 555   7993/=
 22805 225// 20402 10000 21016 30194 40219 52005 82500 333   20000
 55011 60002 555   7001/=
 22912 22584 60102 11018 21026 30188 40204 52003 82530 333   21019
 60002 555   7000/=
 
