15:31:00 MSK 02.04.2023
020 123456/=о000=1231
 унту01 бтул 021200
 22686 42598 61902 10031 21022 30101 40201 53020 82189 555 1/000=
 22695 42598 73002 10023 21038 30036 40190 52021 87200 333 87820 555
 1/000=
 22996 41496 81601 10043 20028 30007 40192 52014 75052 885// 555 1/000=
 23220 41596 72802 11034 21054 39998 40141 52013 78582 87900 555 1/103=
 23226 41960 22507 11059 21086 39921 40141 52015 70171 81031 333
 91111 555 1/105=
 23305 41699 42805 10006 21069 30157 40185 52027 70281 82230 555 1/000=
 23320 86/// /2904 10012 21054 30087 40160 52018=
 23324 42984 72704 11001 21068 30078 40156 52018 85061 555 1/100=
 23405 42976 52602 10022 21079 30088 40187
 52022 82031 555 1/000=
 23410 86/// /2506 11009 21078 30074 40172 52024 555 51012 53009=
 23411 42499 72504 11001 21064 30090 40180 52022 86901 555 1/100=
 23412 42699 52705 11007 21068 30078 40176 52024 83501 555 1/100=
 23416 NIL=
 23418 42565 72705 10011 21064 30111 40185 52030 83101
 555 1/000=
 23501 NIL=
 23503 42698 73002 10009 21056 30144 40194 52021 87900 333 86636 555 1/000=
 23507 86/// /3203 11001 21044 39882 40195 53022=
 23509 42598 42603 10041 21054 30112 40190 52020 84200 555 1/000=
 23514 42697 72802 10020 21048 39990 40187 52023 86332 333 84639 555 1/000=
 23518 42/// /2604 10034 21050 30090 40181 52022 555 1/000=
 23606 42662 72701 10041 21044 30023 40189 52020 
 87900 333 83940 555 1/000=
 23612 NIL=
 23701 41699 62201 10040 21022 30070 40199 51021 70282 82905 555 1/000=
 23704 86/// /2401 10046 21020 39926 40039 55004 555 53004=
 23707 81599 81501 10032 21011 30063 40195 52018 70282 8657/ 333 86631 555 1/100=
 23708 41469 83301 10025 20009 30054 40203 52020 76186 8872/ 333 87710
 555 1/100=
 23709 41597 82202 10041 20002 30009 40201 52017 78082 883// 333 85922 555 1/000=
 23711 41497 82401 10018 20010 30029 40199 52018 78582 889// 333 88914 555 1/100=
 23803 42599 82203 10050 21020 30028 40207 53014 8596/ 333 85929 555 1/101=
 23804 81496 80201 10024 20020 30050 40195 52017 78087 8692/ 333 86911 555 1/100=
 23807 42/// /2102 10043 20026 30035 40195 52015 555 1/000=
 23808 86/// /1802 10051 21003 30035 40202 52013=
 23812 41597 82402 10054 21022 30045 40206 52011 70282 889// 555 1/000=
 23904 42570 81902 10059 20014 30044 40199 52013 885// 333 88624 555
 1/100=
 23905 41599 81701 10057 21004 39981 40206 52011 76162 885// 555
 1/000=
 23909 42898 81902 10063 21007 39975 40218 52009 8807/=
 23912 42598 72303 10061 21012 30030 40221 52011 86530 555 1/100=
 23913 42599 81901 10061 21038 39998 40225 52005 889// 555 1/001=
 23914 82499 72305 10058 21016 39971 40226 52013 86530=
 28013 42698 71901 10069 21021 39994 40222 52007 83570 555 1/100=
 28016 42599 82001 10068 20004 30000 40222 52007 885// 555 1/000=
 28029 42899 62104 10083 21014 30014 40230 52003 84079 555 1/000=
 28116 42899 81801 10080 20007 39998 40224 52005 8807/=
 28128 42899 81602 10093 20002 30082 40233 54000 82044 555 1/000=
 28134 42698 82002 10076 20005 39893 40239 52003 82104 555 1/000=
 28138 42599 72201 10052 20006 39685 40248 52005 82530=
 28216 42599 71903 10113 20001 39932 40221 52002 81105 555 1/014=
 28222 42998 81602 10102 20010 30043 40234 50002 80005 555 1/012=
 28224 42770 81502 10091 20017 30026 40235 52002 8251/=
 28234 42599 80000 10090 20001 39969 40243 54001 8357/ 555 1/011=
 28238 42899 80801 10103 20005 39944 40240 54001 8802/ 555 1/000=
 28313 42698 71503 10115 20002 30037 40224 54000 83501 555 1/011=
 28319 42898 60801 10102 20011 30067 40226 58004 86050=
 28321 42899 61603 10102 20009 30031 40229 54001 83031=
 28324 42599 70502 10104 20006 30109 40227 57006 87500 555 11012=
 28326 42598 70902 10109 20030 30049 40231 57005 86530 555 1/012=
 28413 41599 70601 10090 20007 30103 40223 57002 70262 85534 555
 11011=
 28428 42899 81202 10134 21005 30040 40218 57006 82031 555 1/011=
 28429 42998 71201 10131 21023 39823 40220 57004 80006 555 1/010=
 22983 41498 81401 10047 20017 30084 40188 52014 70282 889// 333 91001
 91103 555 1/000=
 27083 41599 82001 10039 20025 39965 40186 52013 70262 885// 333 91002
 91103 555 1/100=
 27097 41598 81701 10069 20035 39931 40189 51008 70262 888// 333 91001
 91103 555 1/000=
 27185 42698 81801 10079 20030 30008 40189 52010 8757/ 333 91003 91105
 555 1/000=
 27199 42598 51702 10107 20019 30000 40191 52007 82101 333 91004 91105
 555 1/002=
 27281 42482 72101 10094 20033 39981 40183 52008 86550 333 91002 91104
 555 12011=
 27283 42498 71802 10111 20030 30032 40186 52005 86801 333 91003 91106
 555 1/012=
 27295 42598 61503 10104 20015 39946 40191 52006 82575 333 91005 91106
 555 1/003=
 27296 42998 01502 10097 20011 39982 40195 52004 333 91004 91106 555
 1/002=
 27385 426// 61603 10131 20030 30055 40179 52002 86100 333 91004 91106
 555 13014=
 27393 41598 32105 10112 20010 30035 40201 58002 70281 82109 333 91007
 91107 555 1/001=
 27480 42698 32103 10133 20024 30056 40180 52002 82101 333 91006 91107
 555 12018=
 28007 42999 31601 10084 20010 39941 40198 52006 80001 333 91003 91105
 555 1/000=
 28009 41598 61602 10068 21005 30007 40214 52006 70282 83530 333 91003
 91105 555 1/100=
 28105 41998 31903 10085 21004 30006 40200 52006 70165 82041 333 91005
 91107 555 1/001=
 28202 42982 63101 10112 21014 39988 40204 52003 86030 333 91001 91104
 555 1/000=
 28302 42998 81603 10108 21016 39983 40206 52004 82031 333 91005 91108
 555 1/000=
 28307 42998 61403 10117 20004 30060 40200 52006 83031 333 91005 91108
 555 1/001=
 28402 42998 81403 10123 20000 30029 40202 57002 81035 333 91005 91108
 555 11013=
 28502 42598 80903 10133 20008 30099 40199 57006 81139 333 91005 91106
 555 11017=
 22550 81597 22903 10019 21042 30215 40226 52025 70141 82200 555
 1/102=
 22778 42598 71701 10052 21015 30123 40192 52017 82572 555 1/000=
 22889 41497 80000 10043 20023 30105 40191 52016 70262 885// 333 88615
 555 1/100=
 22762 42998 72902 10040 21063 30160 40199 52018 80005 555 1/001=
 22638 46/// /0203 10000 21062 30000 40229 52024=
 22671 42/// /3602 10021 21060 30129 40209 52023 555 1/100=
 22456 42/// /3302 10019 21063 30138 40227 52031 555 1/102=
 22583 42598 33102 10022 21072 30122 40203 52025 83100 555 1/000=
 22749 41496 80503 10003 21046 30073 40199 52016 78582 889// 333 88918
 555 1/000=
 22951 41497 80802 10012 20006 39889 40172 52014 76162 8672/ 555
 1/000=
 22887 41396 80201 10027 20017 30118 40188 52017 71082 885// 
 333 86709 555 1/000=
 22876 42597 60702 10032 21001 30119 40192 52015 84530 555 1/002=
 22481 42/// /3204 10002 21059 30159 40213 52033 555 1/000=
 22854 42/// /0403 11004 21028 39898 40190 52017 555 1////=
 22781 NIL=
 22676 42698 42702 10033 21075 30125 40203 52019 81101 555 1/100=
 22648 41498 70404 10026 21073 30167 40214 52018 70282 85901 555
 1/000=
 22559 42/// /2201 10020 21058 30204 40221 52021 555 1/000=
 22869 41497 80802 10035 20011 30034 40182 52014 70282 885// 333 88616
 555 1/000=
 22768 42897 80303 10038 21050 30141 40191 52019 8807/ 555 1/100=
 22798 42598 71801 10045 21048 30082 40194 51017 87500 555 1/000=
 22375 NIL=
 23207 42599 82805 11018 21050 30159 40182 52032 885// 333 91011 91111
 555 1/100=
 23215 42998 22306 11056 21090 30059 40150 52017 80002 555 1/104=
 23219 NIL=
 27095 86/// /0000 10074 20034 39975 40200 52008=
 22408 41599 70203 11007 21092 30142 40295 52026 73632 84330 555  
 1/000=
 22511 41598 53603 10005 21081 30158 40282 52028 70282 85900 333  
 91111 555   1/001=
 22529 42599 10105 11001 21055 30251 40258 52031 81500 333   91010
 91111 555   1/007=
 22602 41499 60303 11003 21041 30041 40272 52025 72271 83530 555  
 1/002=
 22621 83/69 /0104 10006 21081 30113 40255 52028 555   1////=
 22619 41482 70105 11006 21060 30083 40245 52023 70271 87500 333  
 91110 555   1/101=
 22721 41698 63102 10010 21060 30131 40231 52021 78581 86900 333  
 84642 555   1/001=
 22727 86/70 /0104 10010 21042 30171 40220 52020 555   1////=
 22717 83/68 /0104 11001 21055 30034 40231 52020 555   1////=
 22802 42599 70205 10017 21060 30211 40235 52021 86931 333   84924
 555   1/000=
 22820 41570 70305 10001 21057 30074 40212 52018 70282 84330 555  
 1/100=
 22831 41598 70503 10002 21044 30143 40199 52016 72682 83930 555  
 1/100=
 22805 42598 63504 10019 21039 30201 40221 52014 84570 555   1/000=
 22912 41599 70204 10024 21067 30184 40199 52018 72782 82330 555  
 1/000=
 
