09:31:00 MSK 04.06.2023
020 123456/=о000=0631
 унту01 бтул 040600
 22686 81598 81803 10131 20106 39968 40063 52015 72582 8697/ 333 85920=
 22695 42598 72504 10150 20096 39902 40046 52006 86530 333 86627=
 22996 41597 72302 10191 20125 39895 40069 53004 79592 86920=
 23220 42999 80605 10187 20079 39952 40084 57002 8807/=
 23226 42960 60504 10187 20103 39889 40090 57003 83031=
 23305 42999 41604 10245 20080 30024 40050 57015 82031=
 23320 66/// /1101 10212 20101 30012 40079 52002 60002 333 20102=
 23324 42986 50503 10215 20105 30011 40082 58001 81042=
 23405 42677 51303 10230 20117 39957 40048 57009 83330=
 23410 66/// /1402 10215 20099 39981 40071 54001 60002 333 20116=
 23411 42999 10701 10213 20102 39985 40067 57007 81030=
 23412 42999 62001 10203 20108 39982 40072 57002 80005=
 23416 NIL=
 23418 42665 22002 10225 20123 30007 40074 53002 
 81101=
 23501 NIL=
 23503 42698 11803 10246 20061 30013 40058 57009 81100=
 23507 86/// /2303 10208 20101 39763 40049 50000=
 23509 42998 21903 10242 20083 39987 40059 57009 82031=
 23514 42697 32402 10231 20085 39884 40064 57003 83100=
 23518 42598 82002 10208 20145 39993 40078 52002 82979 555 53004=
 23606 42962 31803 10245 20098 39909 40061 57005 83030=
 23701 82699 62002 10219 20122 39938 40057 58006 82204=
 23704 66/// /1902 10219 20130 39926 40039 55004 60002 333 20091=
 23707 82498 62102 10216 20126 39927 40049 57009 82933=
 23708 42984 81705 10233 20104 39930 40067 57007 80001=
 23709 82698 31703 10244 20081 39902 40078 57003 81104=
 23711 42998 11902 10224 20143 39928 40084 52005 80001=
 23803 42999 61503 10231 20112 39920 40086 58003 80001=
 23804 82597 71802 10217 20128 39920 40054 57006 84931=
 23807 42597 61601 10205 20145 39911 40060 58003 84830=
 23808 86/// /1405 10234 20125 39918 40072 57010=
 23812 82997 62102 10219 20110 39948 40098 52002 80009=
 23904 41570 82104 10215 20141 39921 40066 56011 71791 87901 333 86934=
 23905 82599 21603 10234 20119 39870 40079 57009 82200=
 23909 82598 71903 10227 20132 39871 40097 57002 81209=
 23912 82497 81903 10197 20159 39935 40114 52002 82509=
 23913 82599 22002 10224 20135 39906 40117 52003 82200=
 23914 81498 71602 10208 20166 39874 40112 52002 70242 85542=
 28013 82698 61503 10219 20148 39891 40104 50001 83501=
 28016 82899 21903 10229 20145 39897 40104 57003 81032=
 28029 82699 51503 10208 20162 39919 40123 52001 82171=
 28116 82999 11802 10224 20153 39898 40111 57002 80001=
 28128 82598 61801 10211 20160 39985 40127 52001 81539=
 28134 81598 61402 10207 20154 39803 40129 57001 70242 86200=
 28138 42599 72003 10206 20139 39604 40131 52001 87300=
 28216 81599 41704 10226 20134 39842 40117 58003 70340 84900=
 28222 82597 81602 10232 20153 39947 40127 54001 82251=
 28224 82668 81903 10232 20146 39929 40125 57002 82285=
 28234 82598 61902 10235 20140 39873 40129 52006 84201=
 28238 82599 82103 10241 20142 39849 40128 57006 885//=
 28313 42598 61502 10231 20140 39943 40120 58004 85101=
 28319 82598 31402 10233 20156 39973 40123 58004 82150=
 28321 81599 31702 10224 20154 39935 40123 57004 70141 82202=
 28324 82598 61802 10216 20135 30014 40127 52004 83984=
 28326 81996 72701 10225 20164 39958 40128 57003 71722 86330=
 28413 82599 31902 10248 20123 30006 40119 57007 83200=
 28428 82599 61803 10259 20163 39949 40118 57006 82931=
 28429 42998 82003 10251 20160 39746 40123 54001 80001=
 22983 41463 82703 10081 20072 39995 40097 52015 78082 8795/ 333 20081
 91005 91107=
 27083 41458 82804 10096 20088 39880 40094 52017 76161 8872/ 333 91007
 91108=
 27097 41464 82402 10145 20132 39841 40077 53010 79592 883// 333 91005
 91109=
 27185 41598 82802 10107 20099 39930 40107 51022 72582 883// 333 91006
 91113=
 27199 41598 72803 10182 20120 39907 40091 52010 70282 86301 333 91008
 91108=
 27281 41445 82902 10088 20083 39924 40125 52028 76186 8872/ 333 20088
 91007 91109=
 27283 41498 83004 10134 20113 39954 40102 52022 72598 889// 333 91008
 91110=
 27295 41598 82602 10153 20124 39860 40098 52012 72582 884// 333 91003
 91111=
 27296 42598 62304 10197 20116 39887 40090 52009 86900 333 91006
 91108=
 27385 414// 82804 10109 20091 30001 40125 52020 70282 8675/ 333 20109
 91007 91109=
 27393 42598 22403 10205 20132 39939 40098 53003 82940 333 91005
 91110=
 27480 41458 82802 10098 20091 30018 40143 52038 78082 889// 333 20098
 91005 91108=
 28007 41599 61601 10182 20129 39836 40081 58004 78011 85330 333 91002
 91107=
 28009 42698 21804 10232 20107 39897 40091 57008 82100 333 91008
 91107=
 28105 42598 61903 10218 20121 39896 40080 58005 86230 333 91006
 91107=
 28202 42983 21906 10232 20118 39884 40088 57010 80001 333 91010
 91110=
 28302 42598 21604 10233 20106 39884 40095 57009 82900 333 91007
 91109=
 28307 42498 51501 10219 20114 39961 40094 50000 82501 333 91003
 91106=
 28402 42698 51805 10235 20132 39932 40097 57005 83201 333 91007
 91109=
 28502 42998 81905 10243 20122 30009 40104 57005 80001 333 91008
 91108=
 22550 81497 82503 10061 20047 30034 40044 57003 70265 885// 333
 88613=
 22778 41498 82603 10076 20048 30022 40090 52011 70282 8657/=
 22889 41496 82603 10101 20095 30006 40089 51015 76062 8752/ 333 20101
 87614=
 22762 82597 82302 10074 20053 30040 40078 52012 8657/ 333 20062=
 22638 NIL=
 22671 41397 82302 10088 20081 39972 40048 51011 78082 889// 333
 85709=
 22456 41597 82402 10065 20065 39938 40023 57005 70262 8802/=
 22583 42598 72102 10156 20100 39963 40039 53013 86570=
 22749 42598 72904 10079 20023 39969 40091 57001 87500 333 87628=
 22951 41498 72302 10077 20030 39843 40118 52004 70282 87900=
 22887 41499 82503 10090 20067 30028 40096 52017 72582 8695/
 333 20082 86916=
 22876 41597 82503 10083 20060 30026 40096 52013 70282 889// 333 20077
 88925=
 22481 41598 82007 10118 20116 39971 40021 53013 70282 885// 333 91011
 91112=
 22854 41599 72304 10065 20022 39819 40101 52004 70182 87500 333
 87627=
 22781 NIL=
 22676 41498 82004 10101 20071 39985 40059 52012 70282 889// 333 20095=
 22648 41497 82705 10045 20044 30035 40080 52003 76162 8872/ 333 
 20043 88715=
 22559 42598 82603 10065 20044 30035 40051 52004 8677/ 333 86623=
 22869 42497 72602 10074 20041 39969 40114 52013 87500 333 20061
 87619=
 22768 42497 82405 10075 20033 30043 40092 52011 889// 333 86619=
 22798 42498 82402 10157 20117 39961 40067 52005 889//=
 22375 46/// /0802 10084 39994 40008 57011=
 23207 42999 61104 10188 20116 30019 40040 57016 86040=
 23215 42998 10805 10207 20075 39999 40082 57010 80001 333 91111=
 23219 NIL=
 27095 NIL=
 22408 12599 73302 10085 20022 39958 40104 57004 69912 82930 333  
 20034 31005=
 22511 12698 63302 10082 20001 39981 40099 57004 60002 83539 333  
 20037 30005=
 22529 11599 83102 10052 20038 30080 40087 57002 60042 72582 889//
 333   20044 32006 88924=
 22602 12478 73202 10075 20021 39884 40104 54000 60002 86930 333  
 20036 31006 86915=
 22621 12598 72903 10079 21007 39957 40093 57004 60002 82930 333  
 20000 31///=
 22619 11480 83001 10085 20023 39940 40095 57001 69902 70282 8597/
 333   20039 31006=
 22721 12698 82802 10089 20008 30001 40097 57003 60022 885// 333  
 20042 31006 88636=
 22727 12764 83301 10078 20057 30058 40105 54000 60022 884// 333  
 20042 32/// 88650=
 22717 12598 82402 10076 20032 39916 40105 54000 69932 8635/ 333  
 20029 31/// 84627=
 22802 11499 70802 10073 20062 30086 40109 52001 60022 70282 86930
 333   20062 31008 84912=
 22820 11565 82503 10081 20042 39970 40103 57003 69952 70262 885//
 333   20038 31003 88620=
 22831 11498 72701 10066 20047 30052 40106 52003 60032 70262 87900
 333   20041 32006 87910=
 22805 11595 80000 10057 20054 30086 40106 53003 60012 70282 885//
 333   20042 31007=
 22912 11557 81901 10072 20061 30098 40113 54000 60032 76161 8802/
 333   20030 31005 88522=
 
