12:31:00 MSK 26.03.2023
010 111/=о000=0931
 уйту01 бтул 260900
 22686 41597 83105 11001 21034 39891 49989 52035 77172 8657/ 333 86622=
 22695 42/// /3005 11004 21026 39815 49966 51035 333 91111=
 22996 41599 72503 10058 20007 39835 40016 51019 70282 87900=
 23220 41495 80807 11050 21066 39692 49833 57015 77387 8872/ 333 91113=
 23226 41216 80804 11045 21061 39629 49842 57018 77572 8672/ 333 84706=
 23305 41445 83006 11073 21082 39912 49940 52044 78583 883// 333 88908
 91010 91110 92983=
 23320 86/// /2505 10020 21006 39772 49843 53018 333 91111=
 23324 41460 82704 10010 21002 39759 49834 53012 77172 8472/=
 23405 41456 83003 11056 21078 39844 49944 52045 78582
 8695/ 333 86913=
 23410 86/// /2607 11030 21051 39778 49874 53044 333 91011 91112=
 23411 41599 82706 11065 21084 39821 49910 52054 73632 8802/ 333
 91010 91111=
 23412 41499 83007 11038 21059 39788 49884 52049 73673 8675/ 333 84712
 91011 91111=
 23416 NIL=
 23418 41458 72805 10011 21009 39822 49894 52043 78582
 87900 333 85617 91010 91111=
 23503 41498 83005 11020 21054 39885 49934 52052 70272 8695/ 333 86918
 91110=
 23507 86/// /3104 11028 21044 39648 49957 51045 333 91110=
 23509 41497 62803 10026 21014 39857 49933 52043 78082 86900 333 86918
 91110=
 23514 41497 62904 10015 21010 39723 49914 52048 72682 86900 333 85915=
 23518 41598 72704 10034 20010 39814 49902 53035 72586 87900 333 85622=
 23606 42562 82603 10044 21013 39773 49939 52041 
 84501 333 84622 91111=
 23701 42599 72703 10034 21016 39846 49972 51031 84930 333 91111=
 23704 86/// /2703 10051 20008 39926 40039 55004=
 23707 81598 72807 10031 20003 39850 49979 52031 78082 87900 333 85621 91011 91111=
 23708 41484 62505 10043 20007 39828 49974 52029 72582 85930 333 85917
 91111=
 23709 42/// /2407 10047 20000 39780 49967 52029 333 91013 91113=
 23711 42598 62503 10060 20011 39777 49940 53030 84980 333 91111=
 23803 41599 72807 10048 21013 39812 49987 53028 72522 86960 333 86925
 91010 91111=
 23804 81497 62602 10044 20024 39845 49986 52024 72582 84931=
 23807 41497 52604 10046 20024 39846 40003 52021 72582 83951 333 91110=
 23808 86/// /2207 10047 20011 39834 49998 52023 333 91112=
 23812 42/// /2704 10058 20013 39808 49965 52026 333 91111=
 23904 42470 82603 10058 20017 39864 40017 52020 86301 333 85919=
 23905 41599 82504 10052 20014 39791 40012 52024 78082 889// 333
 91110=
 23909 41498 82504 10055 20013 39771 40009 52022 70282 883// 333
 91110=
 23912 41598 62504 10055 20037 39807 49993 52016 72582 86900=
 23913 41599 73501 10047 20023 39774 49997 52017 72582 87900=
 23914 81498 72404 10045 20030 39752 40002 52019 70282 87900=
 28013 41599 72306 10059 20005 39789 40014 52019 70282 86930 333
 91110=
 28016 42599 72603 10073 20019 39804 40023 52018 87900 333 91111=
 28029 42599 52206 10061 20023 39807 40020 52020 85500=
 28116 42499 62603 10067 20020 39806 40030 52010 86500=
 28128 42599 72205 10034 20017 39890 40041 52012 87500=
 28134 42698 82101 10049 20034 39695 40037 52012 885//=
 28138 41599 82406 10037 20025 39481 40035 52013 70252 885// 333 91010
 91113=
 28216 42599 72505 10069 20022 39763 40051 52013 87900 333 91110=
 28222 42598 82202 10079 20034 39856 40044 52011 85871=
 28224 41470 82203 10068 20048 39845 40052 52010 70262 889//=
 28234 41597 82002 10050 20040 39782 40054 52012 70254 885//=
 28238 41496 82404 10050 20037 39758 40055 52012 75152 886// 333
 91110=
 28313 41598 82201 10078 20050 39872 40058 52012 70252 889//=
 28319 41593 82302 10055 20052 39910 40070 52012 74464 885//=
 28321 41599 72403 10077 20051 39859 40056 52011 70242 87100=
 28324 41897 82403 10073 20054 39947 40064 52012 70262 8802/=
 28326 42598 82102 10055 20046 39879 40062 52010 885//=
 28413 41497 82302 10079 20061 39954 40073 52013 76162 8872/=
 28428 41596 82103 10050 20035 39899 40081 52006 76362 8802/=
 28429 41596 82203 10040 20033 39680 40085 52007 76362 8802/=
 22983 41498 62403 10051 20006 39912 40015 52016 70282 85905 333 91006
 91108=
 27083 42599 82403 10039 20004 39808 40025 52018 885// 333 91005
 91108=
 27097 41498 82604 10048 20012 39777 40033 52015 70282 889// 333 91006
 91106=
 27185 42698 72102 10078 20012 39860 40038 51009 86505 333 91006
 91107=
 27199 42598 72502 10061 20015 39853 40045 52012 87500 333 91004
 91107=
 27281 42582 72601 10082 20021 39839 40039 52002 82109 333 91003
 91107=
 27283 42998 62502 10064 20022 39890 40044 52008 83031 333 91004
 91110=
 27295 42998 82002 10082 20019 39803 40045 52008 8805/ 333 91003
 91107=
 27296 42598 72302 10082 20024 39833 40044 52008 83930 333 91004
 91106=
 27385 414// 82101 10078 20050 39927 40052 52006 70242 887// 333 91003
 91103=
 27393 42598 72406 10063 20033 39894 40060 52006 86530 333 91007
 91108=
 27480 42498 81701 10080 20066 39930 40055 52003 886// 333 91003
 91103=
 28007 42599 82403 10053 20010 39779 40034 52015 883// 333 88923 91006
 91108=
 28009 41498 82602 10059 20014 39830 40034 52015 70282 889// 333 91003
 91108=
 28105 42598 72603 10063 20010 39848 40042 52015 87200 333 91006
 91109=
 28202 42583 72502 10065 20016 39832 40048 52014 8593/ 333 91004
 91106=
 28302 42598 82303 10069 20034 39836 40058 52011 8597/ 333 91005
 91106=
 28307 42297 81602 10075 20048 39923 40063 52009 886// 333 91003
 91104=
 28402 41598 82203 10085 20070 39891 40064 52008 70252 8657/ 333 91005
 91106=
 28502 41597 82204 10087 20070 39974 40075 52010 76162 8802/ 333 91006
 91108=
 22550 82497 53202 11027 21090 30023 40034 52028 82130=
 22778 41598 73104 10009 21016 39944 40012 52028 70282 86570=
 22889 42/// /2704 10052 20011 39923 40008 52018=
 22762 42498 73002 11017 21068 39987 40026 51028 875//=
 22638 46/// /0202 11049 21085 39811 40040 52014=
 22671 41497 73002 11037 21060 39935 40014 52037 78582 87900 333
 87918=
 22456 42597 62902 11022 21075 39929 40017 52027 86400=
 22583 41597 72904 11051 21078 39911 49993 52045 78588 87900=
 22749 NIL=
 22951 42598 72102 10022 21023 39743 40021 52007 87200=
 22887 42599 72303 10062 20000 39936 40005 52016 86530 
 333 86632 =
 22876 41497 83101 10037 20016 39936 40007 51021 70282 8695/ 333
 86918=
 22481 41598 42804 11045 21094 39942 49996 51041 70281 84500=
 22854 41498 83501 11003 21025 39735 40023 52013 70282 889// 333
 86710=
 22781 NIL=
 22676 41496 83205 11031 21059 39930 40008 52042 78582 889// 333
 91110=
 22648 NIL=
 22559 42698 22802 11038 21093 30017 40034 51034 81501=
 22869 42597 72302 10045 21011 39872 40017 52014 87500 333 87630=
 22768 42597 83403 10003 21043 39972 40022 52027 8655/ 333 86632=
 22798 41498 82701 10045 21005 39877 49987 52032 72582 889//=
 22375 46/// /3005 11034 39978 49993 52029=
 23207 41496 83404 11071 21102 39926 49949 52040 78583 8695/ 333
 91110=
 23215 NIL=
 23219 NIL=
 27095 86/// /2702 10053 20020 39814 40038 51017=
 22408 42999 01501 11098 21136 39914 40069 52018 333   93500=
 22511 42998 10000 11042 21128 39938 40061 52016 81070 333   93500=
 22529 42599 33303 11034 21073 30041 40048 52019 82532=
 22602 42999 30102 11075 21110 39823 40055 52013 82031=
 22621 83/64 /3502 11047 21081 39907 40049 52015=
 22619 42981 50401 11056 21096 39879 40042 52011 82051=
 22721 42998 80901 11030 21085 39936 40035 52007 8807/=
 22727 86522 /0402 11035 21069 39979 40027 52007=
 22717 83/59 /0404 11048 21086 39825 40022 52005=
 22802 41458 70405 11027 21062 39986 40010 52007 78582 86930 333  
 85917=
 22820 41430 80604 11041 21065 39884 40022 52008 77372 8752/ 333  
 87610=
 22831 41910 80602 11021 21037 39961 40016 52007 77387 8802/=
 22805 41496 80304 11022 21039 39975 49995 52010 78582 8692/=
 22912 41499 80704 10001 21015 39973 49988 52005 72272 8802/ 333  
 88517 93700=
 
