12:31:00 MSK 11.10.2023
010 111/=о000=0931
 уйту01 бтул 110900
 22686 41497 72303 10014 21011 39998 40098 54000 78587 87900 333 87918=
 22695 41598 82703 10005 21027 39934 40087 53004 70272 885//=
 22996 42599 72603 10012 21015 39947 40133 52009 87800 333 85620=
 23220 42598 82502 11003 21017 39928 40069 52009 8453/=
 23226 42760 82203 10002 21012 39852 40066 52013 885// 333 88650=
 23305 41599 72302 10023 20002 30042 40069 53002 70262 86530=
 23320 86/// /1801 10035 21007 30007 40079 52002=
 23324 42583 62001 10031 21005 30002 40078 52004 82572=
 23405 41468 82602 10016 20002 39974 40074 58001 70282
 8595/ 333 85914=
 23410 86/// /3201 10019 21009 39979 40075 52003=
 23411 42599 72104 10035 20000 39983 40071 54000 85501=
 23412 42599 71302 10029 20006 39979 40075 52001 82531=
 23416 NIL=
 23418 42965 80000 10027 20006 30007 40079 52005 8805/=
 23503 42498 82102 10032 21009 30029 40078 54001 8555/ 333 85614=
 23507 86/// /2602 10008 21007 39775 40084 52002=
 23509 42498 82301 10020 20004 30008 40085 54000 885// 333 88616=
 23514 41597 82001 10022 21009 39888 40082 52002 72682 86962 333 86927=
 23518 42698 80102 10030 21001 39991 40081 52003 885// 333 88648=
 23606 41360 82902 10021 20002 39917 40087 53002 78582 889// 333 86708=
 23701 81562 72203 10021 21022 39976 40104 54001 78522 84970=
 23704 86/// /2403 10017 21021 39520 49631 53064=
 23707 82598 72304 10019 21020 39977 40109 52002 83930=
 23708 41582 72802 10013 21007 39963 40112 52005 72682 84930=
 23709 81598 62202 10025 21038 39911 40102 54000 70272 86300=
 23711 41597 72903 10012 21017 39926 40095 52006 78582 84970=
 23803 41599 62202 10014 21011 39932 40111 51004 72682 83960=
 23804 42497 82802 10025 21023 39971 40115 52004 8595/ 333 85919=
 23807 42598 72704 10016 21029 39966 40127 52006 86930 333 84621=
 23808 86/// /2302 10008 21003 39954 40122 52005=
 23812 41496 83301 10021 21024 39939 40100 52008 78582 8697/=
 23904 42670 83002 10013 21006 39976 40133 53008 885// 333 88638=
 23905 42599 82602 10022 21030 39896 40122 52006 882//=
 23909 42498 82802 10019 21017 39874 40118 52008 885//=
 23912 42598 82401 10022 21001 39917 40108 52009 885//=
 23913 42599 83201 10027 21026 39875 40102 52007 889//=
 23914 82499 72703 10019 21007 39854 40109 52009 87500=
 28013 42598 63002 10022 21068 39887 40116 52008 86500=
 28016 42599 70000 10022 21031 39898 40122 52009 87500=
 28029 41597 80901 10016 21008 39892 40111 52011 77172 8457/=
 28116 41499 83502 10015 21005 39891 40121 52013 72272 8872/=
 28128 41598 83503 10021 20008 39962 40114 52014 76162 8802/=
 28134 41498 83102 10025 20015 39757 40105 52010 72172 8772/=
 28138 41596 82303 10028 20021 39540 40099 52011 71022 883//=
 28216 41598 83202 10039 20021 39816 40109 52013 78085 889//=
 28222 41598 80101 10044 20033 39914 40106 52012 70282 886//=
 28224 41570 72701 10058 20020 39894 40103 52008 70282 85931=
 28234 41499 72402 10057 20012 39830 40103 52006 72586 85970=
 28238 41599 82904 10051 20018 39808 40106 52009 72582 889//=
 28313 42598 83001 10056 20018 39923 40112 52012 885//=
 28319 41496 82702 10038 20028 39957 40118 52013 76166 8802/=
 28321 41599 62501 10055 20035 39908 40107 52010 78082 86900=
 28324 41599 82803 10050 20026 39994 40113 52012 72582 889//=
 28326 42598 62202 10065 20026 39922 40104 52007 86500=
 28413 41499 82102 10050 20026 39998 40119 52013 72162 8775/=
 28428 41597 72303 10043 20018 39940 40123 52015 78182 87900=
 28429 41497 82304 10034 20021 39716 40124 52013 78182 889//=
 22983 42498 72403 10024 21016 30029 40134 52005 85930 333 91005
 91105=
 27083 42599 72901 10012 21039 39919 40142 52010 85530 333 91002
 91105=
 27097 42498 72902 10012 21021 39883 40145 52011 87900 333 91004
 91105=
 27185 42598 73203 10009 21020 39974 40158 52013 86301 333 91006
 91106=
 27199 41596 73002 10015 20003 39948 40145 52015 78572 87300 333 91004
 91105=
 27281 42482 83102 10025 21019 39955 40162 52011 8653/ 333 91004
 91111=
 27283 42498 73305 10017 21028 30001 40157 52017 87900 333 91007
 91108=
 27295 41598 82803 10013 21006 39900 40152 52018 72272 884// 333 91005
 91107=
 27296 41468 83103 10021 20000 39924 40141 52016 70262 889// 333 91007
 91107=
 27385 414// 83202 10019 20003 30035 40164 52019 77176 8677/ 333 91006
 91107=
 27393 42498 83104 10037 20009 39974 40144 52019 8697/ 333 91007
 91108=
 27480 41498 83003 10032 20005 30044 40172 52019 70282 889// 333 91006
 91107=
 28007 41599 83502 10013 21020 39877 40139 51014 70282 8535/ 333 91004
 91105=
 28009 41498 80000 10027 21033 39921 40130 52009 72682 8593/ 333 91001
 91103=
 28105 41498 83101 10023 20011 39940 40133 52013 70272 885// 333 91004
 91105=
 28202 41567 83402 10032 20012 39903 40123 52015 78082 889// 333 91004
 91105=
 28302 41598 83202 10039 20021 39897 40122 52016 76186 884// 333 91004
 911//=
 28307 41498 82804 10041 20015 39997 40139 52020 70252 885// 333 91006
 91108=
 28402 41498 83003 10054 20033 39952 40129 52018 72162 886// 333 91005
 91107=
 28502 41498 82905 10054 20029 30035 40137 52020 70262 8802/ 333 91007
 91109=
 22550 82497 71603 10006 21015 30042 40052 57017 87600 333 87712=
 22778 41598 72203 10023 21005 30037 40106 57006 70282 83470=
 22889 42/// /2203 10032 21006 30041 40127 50002=
 22762 41896 81602 10016 21005 30048 40087 58016 77172 8807/=
 22638 NIL=
 22671 42498 72103 10011 21021 39999 40078 57009 87500 333 87618=
 22456 42598 62102 10012 21004 39958 40045 57010 86500=
 22583 41597 72602 10008 21014 39999 40079 53001 78588 86970=
 22749 NIL=
 22951 41497 82003 10005 20001 39819 40101 58023 78582 889//=
 22887 42499 82201 10023 20007 30053 40122 52004 885// 333 
 88615=
 22876 41597 82202 10025 20010 30047 40119 54001 70282 889// 333
 88921=
 22481 42/// /2203 10001 21017 30012 40065 54000=
 22854 41297 81904 11001 21004 39793 40082 58028 77172 8772/ 333
 87704=
 22781 NIL=
 22676 42598 72302 10009 21017 30011 40088 57001 87900=
 22648 NIL=
 22559 42598 81702 10003 21015 30049 40066 57016 8597/=
 22869 41396 72103 10008 21010 39977 40125 57008 78582 87900 333
 85708=
 22768 41497 82105 10012 21008 30044 40094 57016 78582 8695/ 333
 84912=
 22798 41497 82203 10021 21014 30000 40112 54001 78582 889//=
 22375 NIL=
 23207 41499 52302 10006 21012 30034 40057 52003 72682 82901=
 23215 NIL=
 23219 NIL=
 27095 86/// /3002 10014 21004 39923 40152 53011=
 22408 41259 81104 10010 20004 39794 49941 57041 76872 8872/ 333  
 88505=
 22511 41260 81303 10011 20004 39829 49948 57040 77172 8672/ 333  
 86705=
 22529 41599 81503 10010 20005 39985 49992 57038 72682 889// 333  
 88922=
 22602 41457 81404 10045 20036 39703 49922 57047 76186 8872/ 333  
 88510=
 22621 83264 /1503 10030 20024 39838 49975 57040=
 22619 41359 81603 10045 20038 39806 49961 57040 76262 8872/ 333  
 87707=
 22721 41397 81401 10045 20041 39887 49983 57042 76162 8872/ 333  
 86707=
 22727 41464 83604 10046 20044 39953 40000 57036 76100 8872/=
 22717 83/58 /1703 10050 20047 39773 49965 57046=
 22802 41433 81706 10071 20067 39918 49941 57058 78182 889// 333  
 85917 91012 91112=
 22820 41360 82004 10040 20026 39861 49995 57042 76162 8372/ 333  
 91010 91111=
 22831 41498 81702 10039 20029 39978 40032 57035 72162 8802/ 333  
 88510=
 22805 41496 81712 10072 20067 39929 49953 57057 76162 8872/ 333  
 91016 91117=
 22912 41358 81806 10046 20034 39993 40008 57042 76162 8872/ 333  
 87708 91110=
 
