06:31:00 MSK 06.11.2023
020 123456/=о000=0331
 уйту01 бтул 060300
 22686 12598 81705 10025 20008 39927 40026 56001 69902 8657/ 333 20008
 43006 55000 86620 555 53010 7002/=
 22695 12998 81802 10020 21009 39873 40024 57004 60042 8805/ 333 20004
 43011 555 53008 7005/=
 22996 12398 81803 10022 20022 39914 40099 57012 60002 885// 333 20003
 43004 55000 88609 555 53010 7000/=
 23220 12598 70904 11074 21083 39977 40123 57028 69902 82530 333 21083 47999 55000  93401 555 53009 7004/=
 23226 41256 81105 11080 21086 39911 40133 58026 69902 71042 8665/ 333 
 21091 47012 86704 555 53011 7001/=
 23305 12584 81704 10010 20007 39967 49994 57028 60102 885// 333 21045
 43009 93401 555 53008 7010/=
 23320 76/// /1103 11049 21049 30019 40093 58023 333 21090 60002 555 53006 7000/=
 23324 11324 80702 11069 21078 30021 40100 57024 69992 77372 8872/ 333
 21081 48030 55034 86707 555 53006 7999/=
 23405 12397 81104 10005 20002 39912 40011 57007 60082
 886// 333 21034 43007 55000 88709 93610 555 53011 7009/=
 23410 76/// /1403 11007 21015 39962 40059 56026 333 21063 60002 555 7000/=
 23411 12499 81702 10003 21001 39942 40030 56024 60072 887// 333 21057
 43021 93403 555 53008 7007/=
 23412 11399 81702 11005 21009 39959 40056 57020 60102 72462 887// 333 21060 47028 55000 85707  93401 555 53008 7010/=
 23416 NIL=
 23418 11465 80000 11008 21021 30001 40075 57015 60092
 70262 885// 333 21049 44024 55001 88615 93402 555 53007
 7009/=
 23501 NIL=
 23503 12498 81701 10005 21006 39983 40033 57021 60122 885// 333 21033 43013 88614 555 53008 7012/ 91208=
 23507 66/// /2001 10000 20000 39726 40034 57012 60002 333 21024 555 53004 7000/=
 23509 12998 61802 10001 21013 39974 40052 58061 60052 86070 333 21016
 44028 555 53006 7005/=
 23514 12497 81602 11009 21016 39865 40062 57015 60112 887// 333 21044
 43030 55000 84711 93608 555 53008 7011/=
 23518 12497 81702 11013 21026 30007 40099 56010 60102 885// 333 21041
 47025 55000 88617 93404 555 53009 7010/ 91209=
 23606 12960 52003 11008 21008 39906 40072 57009 69962 85030 333 21026 43019 55000  93404 555 53007 7997/=
 23612 12484 81704 11019 21035 39967 40103 57014 60042 8557/ 333 21040 47011 85612 93404  555 53010 7004/=
 23701 12580 71903 10004 21007 39940 40068 57008 60022 82930 333 20003
 43006 555 51010 53009 7000/ 91209=
 23704 76/// /1802 10003 21002 39586 49699 58021 333 20003 60002 555 51006 7000/=
 23707 62998 81803 10009 21007 39942 40074 57006 60002 8805/ 333 20007 47006 55000 555 53007 7992/=
 23708 12984 81704 10000 21019 39945 40094 57012 69902 8007/ 333 21014
 47010 555 53009 7993/ 91209=
 23709 12998 31602 11024 21047 39922 40117 57015 69902 83030 333 21027
 43008 555 53008 7990/ 91208=
 23711 12998 61904 11019 21043 39947 40118 57015 60002 86030 333 21030 47010 55000 555 53008 7000/=
 23803 12699 81403 11021 21041 39948 40130 58018 60002 885// 333 21032 47006 55000 88633 555 53007 7000/=
 23804 62997 82003 10013 21006 39941 40086 57006 60002 8805/ 333 20008 47005 55000 555 53011 7990/=
 23807 11496 81905 10012 20011 39937 40097 56011 60002 71022 885// 333
 20001 43006 55000 88615 555 53010 7000/=
 23808 66/// /1404 10005 20003 39953 40121 57017 60002 333 21012 555 7000/=
 23812 12597 81903 11022 21038 39988 40153 57013 60002 889// 333 21030
 47010 555 53009 7000/=
 23904 12376 81904 10024 20018 39963 40119 56016 60002 8772/ 333 21005
 43003 87707 555 53010 7000/=
 23905 12599 81602 10004 20002 39910 40137 57018 60002 885// 333 21031
 47001 555 53007 7000/=
 23909 11296 81803 10005 20001 39915 40162 57014 69912 75352 886// 333
 21038 43997 55002=
 23912 11496 81704 11008 21013 39989 40183 57012 60002 71022 886// 333
 21032 47004 555 53010 7000/=
 23913 12599 61501 11057 21065 39967 40204 57010 60002 82531 333 21083
 55000 555 53005 7000/=
 23914 61/93 91603 11007 21009 39927 40187 57008 60002 74544 333 21032
 47004 55000 93400=
 28013 11595 81603 10008 21002 39939 40170 58014 60002 71022 885// 333
 21030 43997 555 53009 7000/=
 28016 11493 81703 10015 20015 39947 40172 57015 69902 74642 886// 333
 21031 42997 555 53007 7990/=
 28029 12599 81804 10019 21001 39979 40199 57011 60002 885// 333 21034
 55002 555 53009 7000/=
 28116 11499 81903 10012 20005 39953 40185 57014 69902 72052 886// 333
 21023 55000=
 28128 12599 82402 10012 20000 30054 40208 57012 60002 885// 333 21024
 55000 555 53008 7000/=
 28134 12598 82001 10005 21009 39868 40222 57011 60002 885// 333 21055
 42997 555 53005 7000/=
 28138 11/92 92202 11021 21025 39658 40235 57014 60002 74544 333 21058
 47003 55042=
 28216 11/93 91705 10007 20003 39904 40204 57011 60002 74742 333 21035
 555 53009 7000/=
 28222 12598 81704 10019 20002 30015 40211 57016 60002 8317/ 333 21021
 555 53009 7000/=
 28224 12568 81603 10006 21007 30004 40219 57015 60002 885// 333 21030
 55009=
 28234 12897 81905 11000 21016 39955 40237 57013 69902 8805/ 333 21028
 42998 555 53009 7990/=
 28238 12899 80000 11082 21098 39940 40258 57013 60002 8801/ 333 21104
 42001 55051 555 53002 7000/=
 28313 11595 81802 10011 20003 30018 40212 57010 60002 71022 885// 333
 21042 555 53009 7000/=
 28319 12599 82103 10015 20008 30058 40223 57012 60002 885// 333
 21015=
 28321 12899 61804 10005 21001 30009 40215 56013 60002 85031 333
 21022=
 28324 12697 81803 10010 20004 30101 40223 58013 60002 8557/ 333 21025
 555 53006 7000/=
 28326 12598 72201 10011 20004 30045 40233 57016 60002 87500 333 21058
 41998 55028 555 53005 7000/=
 28413 12599 81702 10021 20003 30096 40219 57008 60002 885// 333 21008
 555 53009 7000/=
 28428 12599 82004 10009 21007 30057 40244 56009 60002 885// 333 21050
 555 53006 7000/=
 28429 12898 12203 10003 21023 39832 40249 57012 60002 81030 333 21029
 555 53007 7000/=
 22983 12584 81602 10024 20002 39974 40078 57006 60002 8455/ 333 20020
 43008 55000 91004 91105 555 53007 7000/=
 27083 12584 81704 10022 20011 39872 40093 57011 60002 885// 333 20006
 42002 91008 91108 555 53008 7000/=
 27097 12598 71605 10027 20026 39853 40113 57012 60002 87500 333 21004
 42997 91009 91109 555 53011 7000/=
 27185 12998 81502 10036 20024 39927 40109 57013 60002 8807/ 333 20007
 31101 91005 91108 555 53008 7000/=
 27199 11998 81604 10040 20029 39937 40132 57012 69902 70262 8807/ 333
 20000 55061 91007 91107 555 53008 7990/=
 27281 12984 51404 10021 20015 39899 40104 57009 60002 82035 333 20006
 91006 91108 555 53010 7000/=
 27283 11597 81704 10044 20031 39964 40118 57011 69902 70282 885// 333
 20006 91007 91109 555 53009 7990/=
 27295 12997 61403 10037 20019 39884 40134 57013 60002 86070 333 20002
 31102 91007 91108 555 53008 7000/=
 27296 12598 81604 10038 20021 39927 40143 57012 60002 885// 333 21003
 31101 55069 91007 91109 555 53009 7000/=
 27385 125// 81605 10057 20038 39993 40120 57011 60002 8555/ 333 20012
 91009 91111 555 53011 7000/=
 27393 12598 61706 10035 20026 39990 40160 57012 60002 8454/ 333 20004
 55060 91008 91109 555 53011 7000/=
 27480 12498 71503 10061 20043 39989 40115 57010 60002 87500 333 20016
 32001 91007 91108 555 53008 7000/=
 28007 11395 81703 10024 20016 39879 40140 57016 60002 71022 886// 333
 21010 55027 88708 91005 91107 555 53008 7000/=
 28009 12598 81705 10028 20015 39945 40155 57018 60002 885// 333 21014
 91008 91109 555 53009 7000/=
 28105 12998 01703 10033 20023 39953 40145 57016 60002 333 21006 91006
 91107 555 53009 7000/=
 28202 11/93 91907 10026 20017 39943 40164 57013 60002 74542 333 21014
 91010 91110 555 53010 7000/=
 28302 11594 81605 10022 20017 39948 40177 57010 60002 71022 886// 333
 21015 91009 91109 555 53009 7000/=
 28307 12498 81304 10039 20024 30019 40162 57010 60002 885// 333 21015
 91008 91110 555 53010 7000/=
 28402 11458 81604 10031 20027 30002 40181 57008 60002 71022 886// 333
 21013 91007 91110 555 53010 7000/=
 28502 12997 01503 10043 20021 30085 40188 58008 60002 333 20004 55078
 91006 91108 555 53008 7000/=
 22550 11368 72303 10010 20009 39958 49968 52058 60032 70262 86630 333
 20009 43002 55000 86707 91116 555 53016 7008/=
 22778 12998 81704 10035 20003 39956 40024 57003 69932 8807/ 333 20020
 43005 55000 555 53009 7006/=
 22889 12498 81403 10023 20003 39992 40077 57006 60002 8353/ 333 20023
 43002 555 53009 7000/=
 22762 12397 82301 10049 20031 39969 40007 53020 60002 886// 333 20034
 42004 555 53011 7006/ 91211=
 22638 46/// /2402 10006 21021 39765 49988 52016=
 22671 12498 82303 10048 20035 39899 49976 53018 69902 885// 333 20012
 42009 55000 88613 555 53011 7012/=
 22456 11497 82304 10012 20012 39852 49938 53053 60052 76162 8872/ 333
 20006 43010 91112 555 53012 7009/=
 22583 12598 71602 10028 20022 39903 49982 56003 60032 875//
 333 21001 43013 55000 555 53007 7007/=
 22749 NIL=
 22951 11993 90401 10034 20030 39733 40009 58004 60012 75154 333 20034
 41998 96051 555 53011 7005/=
 22887 11596 81304 10022 20000 39987 40056 58001 69922 72582 8695/
 333 20029 41001 55000 86920 555 53011 7002/=
 22876 12597 81702 10040 20012 39972 40043 57005 60002 885// 333 20034
 43002 88624 555 50027 53011 7003/ 91211=
 22481 11496 81708 10038 20028 39876 49928 56009 60052 78082 889// 333
 21007 43017 91012 91114 555 53014 7013/=
 22854 12398 80000 10030 20024 39727 40011 51004 69942 889// 333 20030
 55000 86708 555 53012 7005/=
 22781 NIL=
 22676 12598 81804 10044 20021 39916 49992 54000 69902 8655/ 333 20011
 43005 91110 555 53010 7007/=
 22648 NIL=
 22559 12598 82404 10025 20005 39965 49981 51054 69902 885// 333 20016
 42013 55000 88627 91114 555 53016 7008/ 91216=
 22869 12498 81502 10046 20012 39888 40033 55001 60002 885// 333 20043
 42006 88618 555 53009 7003/ 91209=
 22768 12597 82003 10054 20023 39959 40008 52010 69962 885// 333 20048
 42001 55000 88620 91110 555 53013 7004/=
 22798 11597 81702 10016 20000 39957 40069 57002 69932 72522 889// 333
 20012 43002 555 53009 7996/=
 22375 NIL=
 23207 12498 81504 10011 20004 39939 49962 57032 60092 886// 333 21060
 43019 55000 555 53010 7009/=
 23215 NIL=
 23219 NIL=
 27095 76/// /1704 10028 20028 39900 40127 57015 333 21006 60002 555 53010 7000/=
 22408 21159 82501 10004 20003 39796 49943 52012 71022 886// 333  
 21003 55000 60042 88703 93700 555   7006/=
 22511 21208 81702 10003 21001 39831 49951 52013 74442 886// 333  
 21001 60052 88703 93708 555   7007/=
 22529 22598 82102 10009 20004 39963 49970 52027 889// 333   20001
 60032 88922 555   7008/=
 22602 22475 82201 10014 20010 39738 49960 52009 885// 333   20000
 55000 60032 88614 555   7005/=
 22621 73/06 /1702 10008 20006 39832 49970 52013 333   21002 55000
 60052 555   7015/=
 22619 22298 71501 10008 20006 39808 49965 52003 87600 333   21001
 55000 60052 86705 555   7016/=
 22721 21397 80000 10008 20007 39884 49981 52006 70252 886// 333  
 20004 60062 88707 555   7024/=
 22727 76270 /1201 10034 20034 39935 49982 57001 333   20010 60032
 555   7020/=
 22717 73/05 /1101 10016 20016 39778 49972 57004 333   20000 60042
 555   7021/=
 22802 21296 81503 10055 20054 39937 49960 57007 71022 886// 333  
 20023 55000 60002 86704 555   7004/=
 22820 21/91 91401 10026 20023 39850 49984 52003 74744 333   20008
 55000 60032 555   7016/=
 22831 21195 80000 10028 20021 39939 49993 52001 75152 886// 333  
 20027 55000 69962 88703 555   7013/=
 22805 214// 81307 10062 20062 39936 49960 57006 71022 886// 333  
 20039 55000 69932 555   7006/=
 22912 21330 81403 10049 20043 39956 49971 57008 72842 886// 333  
 20025 69902 88707 555   7018/=
 
