18:31:00 MSK 28.04.2023
020 123456/=о000=1531
 уйту01 бтул 281500
 22686 12998 00703 10082 21097 30133 40231 57008 60002 333 10089 555 50027 53008=
 22695 12998 01203 10069 21113 30071 40222 57008 60002 333 10077 555
 50020 53008=
 22996 12998 61001 10090 21036 30023 40205 57008 60002 84071 333 10093
 555 50041 53008=
 23220 11496 83003 11069 21089 30078 40225 52007 69922 78583 8597/ 333
 11050 91111 555 51063 53012=
 23226 11460 83609 11062 21081 30003 40225 52010 69922 73683 8695/ 333 
 11052 86915 91012 91114 555 51063 53014=
 23305 12999 60302 11022 21069 30258 40287 51001 60002 86070 333 10004
 555 51016 53009=
 23320 76/// /0103 11051 21090 30189 40265 52012 333 60002 555 51032 53009=
 23324 11958 83303 11052 21076 30181 40261 51009 69932 77172 8802/ 333
 11029 555 51042 53010=
 23405 12673 70103 11007 21071 30176 40278 57001 60002 83530 333
 10000 555 51016 53007=
 23410 76/// /3302 11034 21066 30166 40266 52004 333 60002=
 23411 12599 70104 11031 21069 30184 40276 52006 69902 87800 333
 11004 555 51022 53008=
 23412 11498 73503 11031 21074 30169 40269 52004 69902 78582 86330 333 11002 84914 555 51028 53009=
 23416 NIL=
 23418 12665 83602 11009 21070 30187 40262 52001 69902
 885// 333 10006 88641 555 51020 53008=
 23503 12598 80202 11003 21073 30221 40272 54000 60002 83531 333 10016 555 51009 53006=
 23507 66/// /0402 10022 21062 39943 40256 57005 60002 333 10036 555 51009 53006=
 23509 12998 03501 10021 21082 30181 40260 57004 60002 333 10031
 555 53007=
 23514 12697 40102 11003 21077 30060 40261 57001 60002 82831 333 10018 555 51014 53007=
 23518 12598 83503 11005 21071 30160 40253 54001 60002 83979 333
 10008=
 23606 12962 03402 10030 21079 30081 40248 57006 60002 333 10046 555 50002 53007=
 23701 12999 20503 10065 21095 30114 40243 57006 60002 80001 333 10073
 555 50018 53008=
 23704 76/// /0602 10075 21082 39926 40039 55004 333 60002=
 23707 62998 60603 10072 21092 30096 40227 57007 60002 80004 333 10084 555 50027 53007 =
 23708 12998 20302 10066 21101 30089 40238 57006 60002 80001 333 10073
 555 50020 53008=
 23709 12998 00202 10055 21116 30048 40239 57004 60002 333 10065 555
 50019 53008=
 23711 12998 03602 10031 21089 30070 40240 57003 60002 333 10043 555
 50006 53008=
 23803 12999 00402 10069 21120 30060 40239 57003 60002 333 10080 555 50027 53007=
 23804 12997 40602 10076 21083 30079 40223 57007 60002 80001 333 10085
 555 50032 53006=
 23807 12998 60704 10086 21027 30059 40218 57007 60002 81031 333 10091
 555 50034 53008=
 23808 66/// /0302 10081 21090 30059 40225 57007 60002 333 10088=
 23812 12997 10202 10038 21100 30073 40236 58003 60002 80002 333 10051
 555 50011 53008=
 23904 12970 70602 10088 21062 30061 40215 57003 60002 85031 333 10102
 555 50042 53007=
 23905 12899 30503 10075 21082 39995 40219 57002 60002 82081 333 10092
 555 53007=
 23909 12898 30603 10063 21086 39980 40223 57001 60002 81041 333
 10084=
 23912 12998 03602 10055 21086 30034 40225 54000 60002 333 10074 555
 53010=
 23913 12999 03202 10056 21097 39990 40217 55002 60002 333 10072 555
 53009=
 23914 62999 23503 10056 21089 39966 40221 57001 60002 80001 333
 10070=
 28013 12998 60103 10061 21083 39990 40219 54001 60002 80005 333 10075
 555 53009=
 28016 12999 80402 10074 21063 39993 40215 52003 60002 80009 333 10095
 555 53008=
 28029 12999 20303 10073 21072 39988 40204 52002 60002 80001 333 10097
 555 53009=
 28116 12899 60402 10092 21082 39976 40202 52001 60002 84011 333
 10111=
 28128 12999 80103 10081 21050 30048 40199 57001 60012 80001 333 10106
 555 53009=
 28134 12898 63401 10081 21058 39848 40192 52003 60002 82045 333 10121
 555 53005=
 28138 12999 20602 10075 21080 39632 40188 52002 60002 80001 333
 10095=
 28216 12899 60502 10091 21052 39902 40194 52002 69902 86040 333 10098
 555 53009=
 28222 12598 83301 10098 21017 30000 40190 54000 60002 82551 333 10128
 555 53007=
 28224 12770 83501 10099 21008 39979 40187 52001 60002 8553/ 333
 10102=
 28234 12898 50301 10110 21061 39910 40180 54000 69902 84081 333 10123
 555 53006=
 28238 12599 70503 10109 21076 39884 40178 52004 60002 86530 333 10130
 555 53009=
 28313 12698 70202 10090 20015 30005 40193 52003 60032 87500 333 10098
 555 53008=
 28319 12598 80302 10079 20046 30031 40191 52002 60002 885// 333
 10113=
 28321 12899 70302 10086 20021 39990 40190 52003 60032 87070 333
 10099=
 28324 11697 80402 10083 20046 30069 40187 52004 69982 70282 885// 333
 10093 555 53009=
 28326 11598 73601 10082 20063 39997 40179 57005 60022 72582 87300 333
 10121 555 53006=
 28413 12599 60103 10080 20036 30068 40188 52004 60002 81530 333 10139
 555 53008=
 28428 12599 40403 10135 20060 39986 40164 52009 60032 84900 333 10172
 555 53007=
 28429 12598 70701 10121 20078 39767 40164 52007 60022 87900 333 10149
 555 53006=
 22983 12998 21202 10088 21035 30104 40207 57011 60002 82031 333 10092
 91004 91106 555 50041 53006=
 27083 12999 81101 10071 21015 39982 40201 57009 69932 8807/ 333 10075
 91002 91104 555 50041 53006=
 27097 12598 80101 10057 20019 39947 40206 57010 60032 8357/ 333 10057
 91001 91104 555 50039 53008=
 27185 12598 80901 10049 20028 30022 40205 55002 60012 885// 333 10054
 91003 91106 555 50064 53006=
 27199 11998 70901 10063 20023 30008 40203 57006 60022 70252 80030 333
 10063 91003 91106 555 50067 53009=
 27281 12482 80803 10057 20042 39986 40191 57001 69902 8355/ 333 10087
 91006 91107 555 50077 53007=
 27283 12498 80903 10058 20034 30044 40198 58002 69902 885// 333 10063
 91005 91108 555 50071 53008=
 27295 12598 80503 10052 20023 39946 40196 58005 69902 885// 333 10086
 91006 91106 555 50075 53006=
 27296 12998 80802 10063 20003 39982 40197 57004 69922 8805/ 333 10065
 91004 91106 555 50075 53009=
 27385 125// 20703 10118 20074 30047 40171 52003 60002 81530 333 10167
 91006 91108 555 50106 53008=
 27393 12598 80603 10068 20042 30028 40197 54000 69902 8657/ 333 10100
 91005 91108 555 50091 53008=
 27480 11498 60502 10167 20101 30031 40153 57003 60002 71792 85901 333
 10208 91004 91106 555 50121 53006=
 28007 12999 80602 10083 21061 39947 40204 57005 60002 87035 333 10095
 91003 91106 555 50057 53009=
 28009 12698 80601 10094 21079 30002 40208 57001 60002 87501 333 10116
 91002 91105 555 50061 53007=
 28105 12498 82901 10076 20006 30003 40200 57007 60032 885// 333 10083
 91001 91102 555 50066 53008=
 28202 12673 70000 10071 21011 39979 40197 58006 60052 87400 333 10073
 91000 91103 555 50067 53007=
 28302 12998 70502 10063 20006 39971 40197 57003 60012 87030 333 10079
 91003 91105 555 50076 53007=
 28307 12998 03602 10115 20053 30039 40179 52003 60002 333 10161 91007
 91107 555 50121 53007=
 28402 12598 20303 10111 20060 30008 40182 52007 69902 82100 333 10157
 91006 91107 555 50120 53007=
 28502 12998 80103 10183 20055 30063 40161 52001 60002 80001 333 10204
 91004 91109 555 50133 53012=
 22550 62997 20903 10091 21081 30190 40200 57016 60002 80002 333 10097
 555 50040 53010=
 22778 12998 11103 10108 21071 30132 40200 57015 60002 80001 333 10114
 555 50058 53008=
 22889 12998 10903 10099 21065 30125 40209 57010 60002 81030 333 10106
 555 50039 53008=
 22762 12998 61002 10108 21090 30154 40192 57015 60002 80001 333 10117
 555 50051 55208=
 22638 46/// /1002 10104 21019 39919 40138 57014=
 22671 12999 01202 10091 21076 30136 40214 57014 60002 333 10091 555
 50029 53007=
 22456 12998 01002 10052 21063 30140 40227 57012 60002 333 10064 555
 50007 53008=
 22583 12998 00601 10062 21071 30160 40240 57010 
 60002 333 10078 555 50013 53004=
 22749 NIL=
 22951 12598 81404 10110 20026 39874 40146 57014 60002 85531 333 10137
 555 50075 53011=
 22887 12999 21104 10104 21036 30133 40202 57014 60002 80001
 333 10108 555 50047 53008=
 22876 12997 00805 10093 21040 30131 40204 57014 60002 333 10103 555
 50041 53009=
 22481 12998 20603 10014 21071 30210 40264 57009 60002 80001 333 
 10021 555 51027 53007=
 22854 12899 70905 10114 21048 39870 40150 57017 60002 82034 333 10130
 91110 555 50080 53010=
 22781 NIL=
 22676 12998 01003 10096 21084 30140 40216 57012 60002 333 10102 555 50039 53007=
 22648 NIL=
 22559 12998 30903 10085 21076 30189 40205 57016 60002 82031 333 10090
 555 50035 53008=
 22869 12997 61204 10099 21026 30040 40185 57009 60002 80004 333 10119 555 50071 53009=
 22768 12997 40904 10109 21043 30134 40183 57015 60002 80008 333 10119
 91110 555 50065 53010=
 22798 12998 20702 10080 21109 30114 40225 57007 60002 80001 333 10095
 555 50034 53007=
 22375 NIL=
 23207 12599 80505 11028 21057 30266 40289 52001 69902 885// 333 11009
 555 51021 53007=
 23215 NIL=
 23219 NIL=
 27095 76/// /0502 10076 21010 39988 40214 58008 333 60002 555 50049 53008=
 22408 22599 80804 10046 21024 30004 40152 57009 8257/ 333   60002
 91110=
 22511 22698 80904 10063 21034 30020 40139 57012 8257/ 333   60002
 91110=
 22529 22599 70804 10040 21015 30147 40154 57015 87900 333   60002
 87924=
 22602 21458 71001 10043 20036 39897 40120 57005 78082 87900 333  
 60032 87914=
 22621 73/70 /1003 10094 21001 39995 40131 57013 333   60002=
 22619 21980 80301 10046 20020 39963 40120 57006 70272 8802/ 333  
 69902=
 22721 21598 80000 10073 20029 30024 40120 57010 70281 889// 333  
 69912 86630=
 22727 76656 /0000 10046 20038 30075 40122 57007 333   60042=
 22717 73/70 /2603 10015 20010 39939 40133 52004 333   60152=
 22802 21499 73103 10072 20027 30113 40136 57003 70282 82932 333  
 60052=
 22820 21359 82703 10057 20050 39987 40121 57003 76162 8752/ 333  
 60062 87607=
 22831 21697 70901 10094 20049 30060 40114 57017 76062 83530 333  
 69932=
 22805 21498 70102 10069 20039 30122 40142 58002 71522 85930 333  
 60082=
 22912 21460 82902 10040 20029 30124 40139 54000 76162 8872/ 333  
 60102 86710=
 
