18:31:00 MSK 20.10.2023
020 123456/=о000=1531
 уйту01 бтул 201500
 22686 12998 72702 11020 21039 30092 40194 58003 69902 87070 333 11002 555 51010 53006=
 22695 12598 82904 11025 21050 30021 40177 53001 69942 885// 333 11002
 555 51010 53006=
 22996 11498 70201 11004 21004 39991 40179 52008 60012 70282 85930 333 10024 85917 555 50001 53004=
 23220 12597 82407 11016 21032 39857 49998 58027 69972 8453/ 333 10004 91012 91112 555 51004 53012=
 23226 11434 82310 11016 21027 39768 49982 58033 69982 77372 885// 333 
 11001 88611 91015 91117 555 51006 53017=
 23305 11684 82507 10016 21002 30058 40086 57021 69902 70272 885// 333
 10016 91011 91112 555 50005 53012=
 23320 76/// /2306 11009 21027 39986 40059 58023 333 60002 91011 91112 555 50001 53012=
 23324 11578 72207 11007 21028 39956 40033 57033 69902 72611 87900 333
 10011 86625 91012 91111 555 50003 53011=
 23405 12597 82603 10006 21025 30020 40120 57015 
 69902 8555/ 333 10014 85620 555 51002 53009=
 23410 76/// /2106 11006 21028 39970 40066 58025 333 60002 91111=
 23411 11497 82405 11000 21003 39990 40079 57025 69932 77172
 8772/ 333 10013 91110 555 50002 53010=
 23412 11997 82505 11005 21014 39970 40067 57027 69902 77072 8807/ 333 10008 91010 91110 555 50002 53010=
 23416 NIL=
 23418 12665 52404 11004 21034 30031 40105 58015 69902
 85500 333 10011 85645 555 50006 53008=
 23503 11998 82503 10006 21030 30072 40122 57016 69902 77072 8002/ 333 10016 555 50004 53007=
 23507 66/// /2803 11023 21034 39845 40159 57007 60002 333 11008 555 51014 53007=
 23509 12998 33201 11003 21041 30068 40147 58005 69902 83030 333 10020
 555 50000 53005=
 23514 11697 62503 11015 21032 39931 40130 57011 69952 70282 82531 333 10007 555 51007 53007=
 23518 12997 32403 11018 21033 30035 40127 58004 69922 83070 333 10013
 555 51001 53007=
 23606 12460 52804 11010 21032 39981 40155 58001 69912 83530 333 10013 555 51004 53007=
 23701 11481 73101 11019 21028 30053 40184 52003 69932 70282 86980 333
 10004 86919 555 51007 53005=
 23704 76/// /2901 11017 21017 39459 49571 56070 333 60002=
 23707 61498 63001 11014 21021 30049 40183 52006 69902 72682 83930 333 10018 555 51002 53006=
 23708 12484 73102 11014 21030 30028 40179 52006 69912 87500 333 10014
 87618 555 51004 53004=
 23709 11998 22702 11022 21039 39975 40171 52004 69932 70281 82030 333
 10016 555 51004 53004=
 23711 12498 82701 11017 21031 39982 40154 54000 60002 8297/ 333 10015 555 51001 53006=
 23803 12999 03401 11006 21024 39988 40170 54000 60002 333 10006 555
 51000 53005=
 23804 11497 60000 11007 21012 30032 40179 52006 69902 70282 86500 333
 10021 84613 555 50004 53004=
 23807 12496 73201 11007 21007 30020 40183 52006 69962 86530 333 10016
 85616 555 51006 53005=
 23808 66/// /3002 11009 21016 30011 40181 52007 60002 333 10013=
 23812 11496 62701 11008 21017 39994 40158 52001 69932 78582 84930 333
 10009 555 50002 53004=
 23904 11468 83301 10000 20000 30022 40180 52007 69952 72682 883// 333
 10018 88916 555 50001 53003=
 23905 12599 83101 11009 21015 39945 40175 52006 60002 889// 333 10016
 555 53003=
 23909 12898 62701 11020 21023 39924 40173 52005 60002 83051 333
 10017=
 23912 11598 82301 10000 21006 39968 40162 52004 69912 70382 83931 333
 10024 555 53004=
 23913 11599 82501 10002 21008 39929 40159 52005 69942 70282 889// 333
 10027 555 53004=
 23914 61497 72802 11005 21012 39905 40164 52003 69932 78582 87900 333
 10012=
 28013 12598 52902 11011 21029 39935 40168 52002 60002 85500 333 10019
 555 53004=
 28016 12599 83201 10002 21003 39943 40169 52005 69902 885// 333 10022
 555 53005=
 28029 12599 83402 10018 21009 39936 40155 52004 60002 8157/ 333 10045
 555 53003=
 28116 11497 80000 10005 20000 39931 40163 52004 69932 76062 8872/ 333
 10038=
 28128 12899 83602 10029 20003 30004 40157 52006 60002 8807/ 333 10050
 555 53004=
 28134 12698 80000 10010 21002 39803 40154 52004 69902 85527 333 10036
 555 53002=
 28138 12599 30000 11013 21018 39583 40154 52003 60022 83500 333
 10028=
 28216 11496 83502 10021 20016 39859 40156 52006 60032 75165 886// 333
 10030 555 53003=
 28222 12598 80000 10027 20017 39960 40154 52003 69932 885// 333 10044
 555 53003=
 28224 11557 82501 10030 20023 39941 40153 52004 60032 78082 889// 333
 10043=
 28234 11597 82701 10034 20021 39875 40151 52005 60052 76162 885// 333
 10041 555 53005=
 28238 11599 82701 10032 20018 39848 40149 52004 60032 72582 884// 333
 10049 555 53006=
 28313 11596 82101 10028 20015 39966 40157 52010 60032 76162 885// 333
 10068 555 53005=
 28319 11496 82201 10034 20026 39997 40160 52006 60012 75152 886// 333
 10055=
 28321 12599 60000 10035 20025 39951 40153 52006 60032 86900 333
 10053=
 28324 12598 83001 10028 20008 30036 40157 52006 69972 8598/ 333 10066
 555 53007=
 28326 11598 62202 10031 20021 39968 40153 52006 60032 70282 86300 333
 10063 555 53006=
 28413 11598 81901 10040 20020 30038 40159 52005 69902 72162 885// 333
 10050 555 53005=
 28428 11597 82202 10034 20015 39976 40160 52002 69952 78082 889// 333
 10070 555 53007=
 28429 12598 82101 10025 20006 39753 40163 52005 60012 8653/ 333 10070
 555 53008=
 22983 11484 83001 10002 21011 30086 40192 52008 69942 70282 8695/ 333
 10027 91002 91103 555 50004 53005=
 27083 12584 83201 11005 21013 39956 40181 52007 69932 885// 333 10015
 91002 91103 555 51008 53006=
 27097 12598 23301 11013 21014 39917 40183 52007 60002 82400 333 10031
 91001 91104 555 50005 53006=
 27185 12698 23401 11017 21024 39998 40185 52009 60002 82500 333 10034
 91001 91106 555 50013 53006=
 27199 12598 80102 10020 21041 39978 40175 52009 69902 8555/ 333 10037
 91004 91107 555 50022 53007=
 27281 12584 63603 11002 21021 39971 40180 52010 69902 85531 333 10037
 91004 91106 555 50017 53006=
 27283 12597 80302 10019 21019 30019 40175 52009 69942 885// 333 10040
 91004 91106 555 50021 53006=
 27295 12597 83501 10017 21009 39920 40172 52009 69902 885// 333 10029
 91003 91104 555 50017 53005=
 27296 12497 80203 10018 21005 39951 40169 52008 60022 8802/ 333 10024
 91005 91105 555 50015 53005=
 27385 124// 80301 10030 20016 30038 40166 52006 69902 8475/ 333 10037
 91002 91104 555 50032 53005=
 27393 12598 80401 10025 20011 39998 40169 52008 69942 8657/ 333 10054
 91002 91105 555 50033 53005=
 27480 12498 80403 10033 20019 30033 40161 52006 60002 885// 333 10068
 91006 91106 555 50036 53006=
 28007 12599 33502 11004 21048 39914 40179 52006 69902 83500 333 10019
 91003 91105 555 50008 53005=
 28009 12598 83301 10011 21033 39965 40177 52007 60002 885// 333 10031
 91002 91103 555 50015 53004=
 28105 12498 80102 10012 21018 39979 40173 52008 69902 885// 333 10039
 91004 91105 555 50017 53006=
 28202 11597 80401 10016 20003 39941 40163 52007 60032 70282 889// 333
 10022 91002 91103 555 50014 53005=
 28302 12597 83602 10021 20010 39933 40162 52010 60022 884// 333 10042
 91005 91105 555 50029 53005=
 28307 12497 83202 10036 20022 30016 40159 52007 69972 885// 333 10061
 91003 91104 555 50041 53005=
 28402 12580 80000 10040 20027 39980 40158 52007 69902 8557/ 333 10056
 91000 91102 555 50042 53004=
 28502 12697 80000 10037 20017 30054 40157 52004 60002 82531 333 10066
 91000 91102 555 50044 53004=
 22550 62570 72503 10011 21019 30191 40201 57008 69902 84585 333 10036
 84632 555 51004 53005=
 22778 11598 73602 11010 21034 30138 40209 52005 69902 70272 86570 333
 10001 555 51010 53005=
 22889 11498 73402 11002 21011 30106 40194 53009 69932 70382 87500 333
 10016 87617 555 50003 53005=
 22762 12597 80000 11020 21036 30182 40222 52003 69902 78202 8857/ 333
 10016 555 51015 53006=
 22638 46/// /2800 11036 21040 30004 40237 57002=
 22671 12998 22401 11024 21028 30114 40195 57008 69932 82030 333 10001
 555 51013 53004=
 22456 12997 72201 11013 21013 30093 40182 57015 60002 80001 333 10016
 555 51008 53003=
 22583 12598 72603 10001 21013 30085 40166 57011 
 60002 86570 333 10006 555 51008 53007=
 22749 NIL=
 22951 12598 80101 11010 21043 39936 40223 52006 60002 882// 333 11001
 555 51016 53006=
 22887 11597 83201 11008 21011 30124 40195 52005 69932 70282 8455/ 
 333 10010 555 50004 53007=
 22876 11597 83001 11009 21013 30133 40209 52007 69932 72682 889// 333
 10012 88920 555 50001 53005=
 22481 12698 62504 10004 21010 30093 40146 57017 69902 83530 333 10015
 555 51010 53008=
 22854 11499 80601 11020 21037 39931 40226 52003 69912 70382 889// 333
 11001 85711 555 51015 53007=
 22781 NIL=
 22676 11598 72702 11011 21027 30117 40196 58005 69922 72622 87900 333
 10001 555 51009 53006=
 22648 NIL=
 22559 12598 32401 11015 21038 30190 40207 57008 60002 82131 333 10028
 555 51003 53004=
 22869 12998 63602 11020 21036 30065 40217 52006 69902 80030 333 10014
 555 51006 53006=
 22768 11497 63502 11015 21030 30165 40216 52006 69932 78582 86900 333
 10000 85915 555 51007 53005=
 22798 11497 80000 11016 21024 30078 40192 52007 69932 78081 889// 333
 10015 555 51001 53005=
 22375 NIL=
 23207 11496 82606 10018 20010 30039 40062 57019 60032 75176 886// 333
 10018 91011 91112 555 50000 53012=
 23215 NIL=
 23219 NIL=
 27095 76/// /3601 11000 21000 39960 40191 52008 333 60002 555 50005 53005=
 22408 22999 52802 11017 21048 30088 40241 57011 82031 333   60002=
 22511 22998 22702 11011 21039 30116 40240 57008 81071 333   60002=
 22529 21598 30000 11013 21021 30222 40229 57009 70282 83900 333  
 60052=
 22602 22978 22701 11033 21043 30018 40250 57008 8203/ 333   60002=
 22621 73/69 /2702 11015 21036 30097 40240 57004 333   60002=
 22619 22498 23104 11006 21022 30076 40238 57003 81505 333   60002=
 22721 22998 03101 11020 21030 30138 40239 57002 333   60002=
 22727 76/70 /3601 11006 21026 30188 40237 54000 333   60002=
 22717 73/70 /0201 11017 21041 30041 40243 57001 333   60002=
 22802 22599 10202 11007 21037 30216 40240 52004 81500 333   60002=
 22820 22798 13301 11009 21036 30093 40233 54000 81500 333   60002=
 22831 22698 50801 11014 21044 30172 40228 52003 83530 333   60002=
 22805 22598 50401 10014 21033 30209 40234 52001 84530 333   60002=
 22912 22584 30302 11001 21022 30210 40225 52004 82440 333   60002=
 
