15:31:00 MSK 09.06.2023
020 123456/=о000=1231
 унту01 бтул 091200
 22686 81598 71803 10123 20094 39966 40061 57016 70262 84970 555 11018=
 22695 41397 81404 10095 20078 39907 40054 57023 76062 8772/ 333 87708
 91010 91110 555 12012=
 22996 82599 62004 10187 20051 39917 40091 56032 86900 333 91011 91111
 555 10030=
 23220 42599 31803 10117 21023 30018 40154 57007 83800 555 11019=
 23226 42960 62104 10121 21026 39942 40149 58010 86080 555 11019=
 23305 41965 81403 10086 20077 30071 40098 58015 76162 8807/ 333 91112
 555 11011=
 23320 86/// /2002 10162 21017 30068 40138 57017=
 23324 42986 21503 10146 21006 30067 40140 57016 80001 555 10027=
 23405 41560 81303 10095 20081 39993 40089 57020 76186 8252/
 555 11011=
 23410 86/// /1507 10152 21008 30028 40120 57019 333 91011 91111 555 50072 53011=
 23411 41599 71905 10126 20024 30023 40108 57012 72511 85970 333
 91111 555 11015=
 23412 42699 31805 10145 20003 30024 40116 57019 82530 555 10021=
 23416 NIL=
 23418 42665 51605 10160 21002 30054 40124 57018 82101
 333 91110 555 10025=
 23501 NIL=
 23503 42598 81904 10149 20001 30054 40102 57022 8352/ 333 91111 555 11019=
 23507 86/// /1803 10086 20078 39789 40089 56015=
 23509 42598 61905 10149 21005 30030 40104 57020 86500 333 85623 555
 11016=
 23514 42697 81803 10142 20007 39929 40116 57019 8255/ 333 91111 555 11018=
 23518 NIL=
 23606 42662 81805 10155 21003 39946 40104 57024 8593/ 333 84946 91110 555 11018=
 23612 NIL=
 23701 81697 72004 10134 20041 39963 40087 57025 78082 87900 333
 91113 555 11013=
 23704 86/// /1904 10158 20025 39926 40039 55004 333 91112 555 53012=
 23707 81597 82005 10155 20046 39949 40074 57027 78082 889// 333 91010 91115 555 11012=
 23708 42598 71808 10177 21007 39957 40097 57037 82834 333 91013 91114 555 11023=
 23709 42598 61603 10166 21011 39938 40121 57030 86200 333 91110 555
 10028=
 23711 42998 61603 10155 20005 39972 40133 57023 84045 555 11025=
 23803 42699 62304 10208 20006 39944 40111 58037 86100 555 11023=
 23804 82597 81903 10173 20043 39945 40081 57034 84335 333 91112 91012 555 11016=
 23807 42/// /1908 10166 20071 39937 40089 57033 333 91011 91114 555 1/019=
 23808 86/// /1606 10171 20032 39956 40114 57028 333 91113=
 23812 42597 61301 10153 21001 39994 40148 57019 85101 555 11025=
 23904 42670 61805 10180 20059 39961 40109 58033 84501 333 91010 91111
 555 10026=
 23905 82599 71904 10164 20034 39911 40126 57026 87500 333 91010 555
 10023=
 23909 82598 52004 10171 20031 39910 40141 57019 85400=
 23912 82599 31804 10166 20029 39974 40156 57019 83100 555 10033=
 23913 82599 51802 10158 21019 39951 40170 57013 85100 555 10015=
 23914 82499 61804 10163 20030 39913 40157 57018 86500=
 28013 82699 52103 10169 20023 39930 40148 57020 85200 555 10028=
 28016 82599 72203 10178 20051 39937 40150 57020 87900 555 10029=
 28029 83/// /1603 10170 20025 39959 40167 57015 555 1/036=
 28116 82599 62204 10171 20065 39943 40161 57015 86900=
 28128 82599 61603 10167 20054 30029 40174 57015 83839 555 10028=
 28134 82598 62102 10156 20024 39844 40178 57011 86500 555 10032=
 28138 42599 72502 10130 20000 39639 40184 57006 87500=
 28216 82599 61904 10176 20050 39889 40170 58017 84830 555 10031=
 28222 82598 61702 10163 20038 39992 40177 58017 86500 555 11021=
 28224 82570 72003 10170 20030 39975 40178 57014 87430=
 28234 82599 61601 10165 21007 39920 40185 58010 86200 555 11024=
 28238 82599 63502 10156 20005 39897 40187 57009 86800 555 11025=
 28313 81598 82003 10174 20056 39993 40175 58017 70282 889// 555
 10024=
 28319 82599 61901 10182 20056 30027 40182 57014 84830=
 28321 82599 62103 10174 20036 39986 40179 57014 82230=
 28324 82599 72202 10180 20027 30067 40182 58014 87900 555 10031=
 28326 82598 70000 10164 20040 30009 40186 57011 86530 555 11024=
 28413 82599 61902 10189 20031 30062 40177 58017 86800 555 10030=
 28428 82599 61702 10182 20016 30009 40184 57011 86900 555 10031=
 28429 82598 70501 10156 20039 39797 40189 57006 87800 555 11023=
 22983 41441 82702 10097 20087 39999 40101 57008 78082 889// 333 91003
 91111 555 12012=
 27083 42599 51704 10175 20062 39879 40088 57030 85900 333 91009 91112
 555 11020=
 27097 42598 61704 10186 20086 39860 40105 57033 86200 333 91008 91111
 555 12026=
 27185 42698 71603 10199 20082 39935 40106 57034 86801 333 91008 91109
 555 11028=
 27199 42598 31803 10190 20059 39941 40126 57031 83100 333 91007 91108
 555 11033=
 27281 41482 61706 10190 20095 39913 40106 57033 70282 82370 333 91012
 91112 555 10028=
 27283 42498 62004 10187 20080 39973 40119 57034 86900 333 91008 91109
 555 11026=
 27295 42598 61803 10196 20053 39897 40131 58029 83585 333 91009 91110
 555 10034=
 27296 42598 51904 10187 20044 39929 40133 57030 85100 333 91007 91108
 555 10025=
 27385 425// 61802 10212 20088 30005 40125 57035 84530 333 91006 91108
 555 10032=
 27393 42598 22106 10193 20045 39989 40149 57028 82100 333 91009 91109
 555 10035=
 27480 41568 82303 10193 20105 30014 40135 57024 79591 8597/ 333 91008
 91108 555 10021=
 28007 42699 61702 10173 20058 39880 40128 58031 84201 333 91005 91109
 555 11028=
 28009 42698 71905 10167 20037 39947 40146 57022 86830 333 91008 91107
 555 10027=
 28105 42598 61804 10181 20063 39947 40135 58030 86200 333 91008 91109
 555 10029=
 28202 42683 61905 10175 20071 39939 40148 57023 83931 333 91008 91109
 555 10025=
 28302 42598 71902 10175 20054 39939 40156 58024 87900 333 91005 91107
 555 10026=
 28307 42998 11603 10204 20036 30014 40149 58028 80001 333 91006 91108
 555 10038=
 28402 42598 62004 10192 20055 39992 40161 57023 86200 333 91007 91109
 555 10032=
 28502 42598 22003 10207 20038 30068 40166 57022 82105 333 91007 91108
 555 10043=
 22550 81597 73505 10094 20007 30131 40140 52023 70282 84530 333 91012
 91113 555 12014=
 22778 41598 52704 10131 20075 30004 40070 57005 72582 82572 333 91110
 555 11022=
 22889 41496 82702 10100 20093 30016 40100 55002 76162 8702/ 333 87514
 91110 555 12013=
 22762 81497 83004 10069 20056 30067 40105 53037 70281 8577/ 333 91111
 555 12012=
 22638 NIL=
 22671 42/// /3404 10060 20054 30000 40077 53029 555 1/010=
 22456 41597 80202 10084 20011 30046 40131 53030 70282 8453/ 555
 11010=
 22583 41598 72301 10097 20083 39973 40050 57012 70288 87500
 555 11013=
 22749 42598 73504 10086 20024 30034 40157 51036 87900 333 91114 555 11014=
 22951 41498 73204 10083 20042 39871 40146 52031 70182 87900 333 91111
 555 1/013=
 22887 41599 81802 10107 20093 30019 40087 57008 72582 84931 
 333 11015=
 22876 41497 72204 10141 20093 30008 40079 57012 70282 86960 333 86919
 555 12021=
 22481 42/// /3305 10053 20052 30029 40081 52007 333 91112 555 1/008=
 22854 42/// /3205 10056 20041 39866 40151 52039 333 91011 91113 555
 1/011=
 22781 NIL=
 22676 41597 72706 10093 20055 39985 40060 52006 78082 87900 333 91010
 555 12013=
 22648 41698 73207 10082 20018 30119 40164 52031 70182 87900 333 
 87637 91013 91115 555 11012=
 22559 81598 83305 10063 20032 30116 40132 51032 78086 8692/ 333 86629
 91113 555 12009=
 22869 41597 62704 10100 20070 39958 40102 53005 78082 85931 333 85921
 91111 555 11014=
 22768 41497 73305 10091 20049 30056 40104 52027 72582 86530 333 84911
 91012 91113 555 11014=
 22798 41496 82302 10100 20090 39982 40090 57002 78082 889// 333 91113
 555 11013=
 22375 NIL=
 23207 41597 81203 10091 20074 30065 40087 52003 76186 8252/ 333 91111
 555 11013=
 23215 42998 61805 10147 20003 30027 40112 57011 83201 333 91010 91112 555 11017=
 23219 NIL=
 27095 NIL=
 22408 41684 83504 10084 21016 30092 40240 52013 70282 885// 333  
 88634 555   11016=
 22511 42698 83404 10072 21015 30114 40234 52018 888// 333   88846
 91112 555   10011=
 22529 42599 73505 10090 20012 30198 40205 52019 86832 333   87625
 91010 91113 555   12017=
 22602 41476 73603 10097 21021 30008 40229 52012 70282 86930 333  
 86916 555   11014=
 22621 83570 /3404 10076 20035 30075 40213 52017 333   91110 555  
 1////=
 22619 41482 73005 10108 20046 30053 40208 52012 70282 87500 333  
 91114 555   11021=
 22721 41698 63302 10086 20037 30112 40209 52015 72582 85530 333  
 85633 555   11019=
 22727 86668 /3602 10084 20051 30162 40209 52022 333   91110 555  
 1////=
 22717 83/70 /3102 10099 20009 30029 40219 52013 555   1////=
 22802 42699 73303 10120 20004 30206 40229 52014 86530 555   11018=
 22820 41998 62803 10091 20049 30073 40207 52019 72582 84930 333  
 91111 555   11020=
 22831 41698 63502 10129 20006 30126 40179 52018 70282 83930 333  
 91111 555   11020=
 22805 42598 73501 10117 20021 30210 40229 52011 86831 555   10025=
 22912 41599 63404 10138 20010 30191 40206 52013 70282 83530 555  
 11018=
 
