21:31:00 MSK 29.04.2023
020 123456/=о000=1831
 унту01 бтул 291800
 22686 81497 80903 10017 21012 30095 40195 53001 77072 8347/ 333 91112=
 22695 42/// /1107 10027 21059 30035 40188 56007 333 91011 91118=
 22996 42498 81203 10099 21057 39945 40125 57024 889// 333 91110=
 23220 41598 83202 11073 21096 30176 40324 52006 70282 885//=
 23226 42460 80303 11076 21094 30100 40326 52006 885// 333 88612=
 23305 42999 20802 11029 21067 30262 40290 56004 82030=
 23320 66/// /0602 11069 21096 30249 40326 54000 60002 333 11030=
 23324 42481 80504 11077 21096 30253 40335 52004 886// 333 88711=
 23405 42968 21005 11008 21072 30169 40271 57007 80001=
 23410 66/// /0405 11065 21100 30211 40313 55000 60002 333 11008=
 23411 42999 00603 11039 21077 30211 40303 54000=
 23412 42999 00604 11058 21092 30210 40311 54000=
 23416 NIL=
 23418 42965 02002 11022 21080 30219 40294 54000=
 23501 NIL=
 23503 42998 21002 11020 21080 30229 40280 57002 80001=
 23507 86/// /1303 10000 21072 39930 40244 55006=
 23509 42998 30602 11002 21068 30183 40263 56004 80001=
 23514 42997 20602 11023 21070 30075 40276 57001 81031=
 23518 42997 10203 11016 21074 30183 40277 54001 81040 555 53008=
 23606 42960 81103 10005 21080 30087 40256 57002 80005=
 23612 NIL=
 23701 41460 80904 10024 21048 30095 40225 54000 72782 8692/ 333 86910
 91110=
 23704 66/// /0904 10050 21057 39926 40039 55004 60002 333 10081=
 23707 81598 80805 10052 21067 30055 40187 57012 76062 8357/ 333 91010
 91110=
 23708 42984 80804 10045 21080 30077 40226 56002 8007/=
 23709 42598 80602 10024 21081 30051 40245 53003 8657/=
 23711 42998 60101 10000 21072 30081 40254 57005 82031=
 23803 42599 80903 10044 21091 30052 40232 56003 889// 333 88928=
 23804 81596 80804 10063 21066 30034 40177 57014 78082 8492/=
 23807 42998 81005 10070 21005 30003 40162 57019 83550 333 91110=
 23808 86/// /0704 10058 21043 30030 40196 56014=
 23812 42997 60000 11002 21058 30082 40247 57002 84032=
 23904 42979 81403 10086 21068 30008 40161 58016 8807/=
 23905 42899 70802 10071 21070 39966 40189 57013 85021 555 50048=
 23909 41497 80704 10068 21060 39968 40210 57005 78782 8637/=
 23912 42898 80503 10053 21060 30037 40228 57003 8807/ 555 50027=
 23913 42599 81204 10049 21088 30012 40241 53009 889// 555 50019=
 23914 82499 80302 10054 21069 39968 40223 57002 8552/=
 28013 42598 80403 10078 21100 39982 40209 56003 889// 555 50045=
 28016 42/// /1002 10086 21077 39980 40200 55004 555 50059=
 28029 42599 80502 10088 21107 39992 40207 57001 8552/ 555 50066=
 28116 42899 21002 10086 21107 39970 40196 57002 82070=
 28128 42899 80503 10107 21064 30051 40200 57003 8805/ 555 50077=
 28134 42698 80801 10101 21106 39862 40205 54000 8657/ 555 50068=
 28138 43/// /0705 10065 21097 39659 40219 52008=
 28216 42999 10903 10103 21045 39899 40189 54001 80001 555 50092=
 28222 42/// /0601 10074 21050 30008 40200 57002 555 50074=
 28224 42970 20000 10076 21034 39986 40196 52001 80009=
 28234 42898 51201 10108 21086 39930 40201 52003 85070 555 50089=
 28238 42599 60000 10056 21070 39910 40211 52008 83580 555 50077=
 28313 42/// /0000 10078 20019 30001 40190 54001 555 50101=
 28319 42998 00801 10059 20020 30027 40187 57002=
 28321 42999 00802 10128 21051 39991 40188 55001=
 28324 42/// /0000 10067 21015 30068 40188 54000 555 50111=
 28326 42998 20000 10063 21010 30008 40193 54000 80001 555 50116=
 28413 42999 21302 10122 20031 30061 40179 57003 80001 555 50104=
 28428 42999 00000 10104 20037 30007 40187 52003 555 50135=
 28429 42/// /0301 10080 20027 39791 40195 54001 555 50121=
 22983 41470 80000 10056 20047 30023 40127 52003 78082 889// 333 91001
 91108=
 27083 41458 80401 10103 20091 39911 40126 52006 76122 8872/ 333 91002
 91112=
 27097 41497 82003 10132 20078 39888 40139 53007 78012 889// 333 91006
 91108=
 27185 42/// /0701 10125 20120 39956 40132 53020 333 91001 91113=
 27199 42598 81202 10148 20071 39936 40124 57012 8753/ 333 91004
 91108=
 27281 41459 82501 10125 20113 39933 40132 52029 76186 8872/ 333 91002
 91115=
 27283 41496 83203 10137 20110 39983 40133 52016 78081 889// 333 91004
 91112=
 27295 42997 72303 10175 20061 39892 40130 52003 85075 333 91007
 91107=
 27296 42998 61703 10165 20060 39921 40127 57006 82031 333 91005
 91108=
 27385 424// 80000 10144 20107 30012 40135 52019 887// 333 91000
 91109=
 27393 42598 21606 10174 20055 39976 40137 57002 82801 333 91007
 91109=
 27480 42598 80000 10141 20117 30015 40137 52022 885// 333 91000
 91107=
 28007 42999 71302 10124 21034 39893 40145 57014 86031 333 91004
 91104=
 28009 42698 70803 10105 21095 39969 40174 57008 87500 333 91006
 91106=
 28105 42998 31203 10140 20015 39948 40139 57016 83030 333 91007
 91107=
 28202 42997 81502 10126 20027 39940 40153 56008 82034 333 91004
 91105=
 28302 42997 81303 10153 20050 39935 40153 56004 80001 333 91006
 91106=
 28307 42998 21303 10158 20038 30002 40139 50001 80001 333 91004
 91105=
 28402 42984 61505 10168 20066 39981 40151 54000 82035 333 91007
 91107=
 28502 42697 61305 10176 20054 30056 40154 50001 82401 333 91009
 91109=
 22550 81460 81303 10012 20008 30137 40147 52012 76162 8872/ 333 88712=
 22778 41597 83602 10023 20017 30077 40146 52005 78082 8697/=
 22889 41496 80804 10045 20034 30059 40144 53005 79298 889// 333 88916 91112=
 22762 41496 81801 10028 20028 30115 40153 53010 76166 887//=
 22638 46/// /2102 10022 20004 39920 40145 52017=
 22671 41397 81103 10009 20008 30086 40166 50003 78582 889// 333 86708=
 22456 41496 81303 10005 20005 30068 40156 57003 77172 887//=
 22583 42998 81202 10030 21056 30132 40213 53010 8807/=
 22749 42598 21902 10029 20015 30036 40161 53014 82500=
 22951 42598 72501 10025 20016 39894 40176 52015 87500=
 22887 42597 80802 10056 20051 30058 40127 53005 78082 8395/=
 22876 41496 80501 10051 20035 30049 40121 50000 78082 889// 333 88913=
 22481 42698 71005 10013 21058 30161 40215 53010 84570 333 91112=
 22854 41599 62201 10024 20015 39880 40168 52012 72522 86900 333 85629=
 22781 NIL=
 22676 41495 81103 10006 20000 30091 40169 53004 77376 8872/ 333
 91110=
 22648 41498 41402 10027 20025 30105 40152 52009 70181 83930=
 22559 41496 81202 10014 20009 30135 40152 52008 78082 8697/ 333 86618=
 22869 41497 82803 10030 20022 30015 40163 53021 70262 885// 333 88613=
 22768 41397 63003 10034 20024 30105 40155 52015 70262 86600 333 84709=
 22798 41598 80605 10054 21054 30058 40170 57011 70282 8695/ 333 91011
 91114=
 22375 NIL=
 23207 NIL=
 23215 42398 80804 11088 21102 30242 40336 52002 886// 333 88707=
 23219 NIL=
 27095 66/// /0904 10130 20012 39911 40131 57020 60002 333 10167=
 22408 11599 61301 10016 20005 39945 40094 52015 60042 70282 86900
 333   10052 86925=
 22511 11598 31802 10026 20000 39982 40102 52015 60022 70181 83500
 333   10068=
 22529 12599 21802 10016 20005 30116 40123 52014 60042 82900 333  
 10072=
 22602 11477 51801 10018 20005 39887 40112 52006 69992 70282 83930
 333   10061=
 22621 12898 22403 10033 21005 39991 40130 52021 69912 82500 333  
 10090=
 22619 11482 32402 10031 20001 39969 40127 52015 69902 70281 83500
 333   10091=
 22721 11598 40000 10035 20005 30042 40140 52018 69932 70281 84500
 333   10088=
 22727 12770 82103 10049 21002 30101 40149 52016 69932 884// 333  
 10081 88650=
 22717 12598 22001 10027 20003 39953 40147 52014 60002 81530 333  
 10080=
 22802 11999 31701 10035 20014 30121 40144 52010 60022 70281 80001
 333   10071=
 22820 12670 22304 10034 21009 30018 40147 52014 69962 82400 333  
 10083 91112=
 22831 12997 62201 10046 21002 30105 40160 52014 69902 86030 333  
 10106=
 22805 12598 21804 10021 20007 30126 40146 52006 60002 81530 333  
 10058 91110=
 22912 12984 11801 10020 21014 30150 40165 52009 60002 80001 333  
 10079=
 
