18:31:00 MSK 17.07.2023
020 123456/=о000=1531
 уйту01 бтул 171500
 22686 62598 31801 10270 20100 39990 40081 57009 60002 81105 333 10277 555 50213 53006=
 22695 12698 30501 10261 20071 39931 40070 57008 60002 82131 333 10267
 555 50215 53007=
 22996 62599 53602 10257 20119 39908 40077 57005 60002 82131 333 10275 555 50200 53006=
 23220 11599 62002 10145 20121 39926 40059 52002 60042 70298 85930 333 10192 555 50156 53013=
 23226 12460 83003 10148 20124 39861 40063 52011 60182 8695/ 333 
 10203 86917 555 50156 53013=
 23305 12799 33001 10250 20097 30042 40067 57006 60002 83200 333 10264
 555 50220 53007=
 23320 76/// /3102 10209 20095 30007 40074 53003 333 60002 555 50177 53007=
 23324 12585 23401 10203 20128 30000 40071 52007 60112 82400 333 10216
 555 50175 53008=
 23405 12676 22601 10251 20114 39983 40074 57004
 60002 82101 333 10257 555 50209 53007=
 23410 76/// /3303 10227 20088 39986 40075 52005 333 60002=
 23411 12599 70701 10234 20105 39989 40071 58001 60002 82106 333 10247
 555 50206 53009=
 23412 12999 23602 10222 20109 39986 40075 53003 60072 80001 333 10233 555 50191 53011=
 23416 NIL=
 23418 12965 60202 10237 20132 30009 40076 53008 60002 
 82031 333 10275 555 50212 53009=
 23503 12698 60102 10259 20085 30028 40073 54001 60002 81101 333 10278 555 50198 53008=
 23507 66/// /3402 10252 20075 39794 40077 57003 60002 333 10260 555 50208 53008=
 23509 12598 33202 10269 20069 30003 40074 56001 60002 83900 333 10275
 555 50200 53007=
 23514 12697 53501 10256 20089 39893 40072 54000 69962 82101 333 10266 555 50206 53008=
 23518 12598 60401 10258 20116 39987 40071 53001 60042 84909 333 10270
 555 50200 53011=
 23606 12662 53002 10242 20130 39920 40072 57001 69912 82101 333 10274 555 50210 53005=
 23701 12999 73501 10249 20108 39967 40085 57002 60002 80009 333 10273
 555 50202 53007=
 23704 76/// /0000 10254 20156 39926 40039 55004 333 60002=
 23707 62599 60501 10264 20130 39956 40077 57005 60002 85105 333 10276 555 50209 53006=
 23708 12598 63502 10261 20109 39942 40078 57002 60002 82439 333 10289
 555 50208 53007=
 23709 12698 70000 10278 20065 39898 40072 57005 60002 85401 333 10289
 555 50206 53005=
 23711 12598 60000 10227 20158 39914 40069 57004 60002 83201 333 10288
 555 50197 53005=
 23803 12999 80000 10309 20056 39911 40072 57008 60002 80001 333 10310
 555 50214 53005=
 23804 62597 73601 10256 20147 39945 40077 57004 60002 84331 333 10284 555 50205 53004=
 23807 12598 60000 10271 20132 39934 40080 57006 60002 81489 333 10285 555 50210 53005=
 23808 66/// /0000 10273 20100 39926 40078 57006 60002 333 10286=
 23812 12697 20000 10268 20091 39924 40071 57005 60002 81130 333 10288
 555 50199 53005=
 23904 12970 63601 10269 20118 39936 40078 57005 60002 81035 333 10281
 555 50188 53006=
 23905 62599 30501 10257 20094 39867 40074 57004 60002 82401 333 10280
 555 53007=
 23909 62598 21701 10246 20117 39853 40077 57004 60002 81101 333
 10263=
 23912 62898 30401 10254 20087 39901 40076 57005 60002 82031 333 10262
 555 53005=
 23913 62599 61401 10252 20082 39866 40075 56004 60002 83101 333 10271
 555 53006=
 23914 62499 23501 10246 20095 39841 40076 57006 60002 81481 333
 10256=
 28013 62898 23602 10243 20085 39863 40074 57005 60002 81031 333 10256
 555 53007=
 28016 62999 10602 10247 20121 39869 40074 57005 60002 80001 333 10260
 555 53007=
 28029 62699 50902 10244 20130 39867 40068 57004 60002 82571 333 10260
 555 53007=
 28116 62599 30502 10245 20124 39859 40069 57005 60002 82909 333
 10254=
 28128 62599 50102 10241 20145 39925 40065 57006 60002 81539 333 10251
 555 53006=
 28134 62598 80701 10231 20125 39746 40068 57004 60002 82205 333 10250
 555 53007=
 28138 12599 70702 10189 20127 39549 40076 57005 60002 87500 333
 10215=
 28216 61599 60203 10226 20131 39786 40059 57004 69982 70382 86900 333
 10246 555 53009=
 28222 62598 80902 10241 20129 39885 40063 55004 60002 82551 333 10263
 555 53007=
 28224 62670 80803 10226 20140 39862 40058 57005 60002 8798/ 333
 10254=
 28234 62498 71001 10211 20131 39810 40067 54001 60002 83930 333 10246
 555 53008=
 28238 62599 80704 10202 20133 39787 40068 55004 60002 8753/ 333 10224
 555 53009=
 28313 11598 70503 10238 20140 39880 40056 57001 69902 78082 87900 333
 10260 555 53010=
 28319 61598 70404 10218 20147 39896 40046 51070 69932 71792 87900 333
 10235=
 28321 61599 80702 10215 20150 39866 40054 56006 60002 72998 8452/ 333
 10248 91110=
 28324 62598 80904 10225 20121 39939 40050 55005 69932 889// 333 10236
 555 53008=
 28326 61598 60802 10186 20159 39882 40056 57003 69982 70282 86300 333
 10238 555 53010=
 28413 62599 81103 10207 20137 39935 40048 55003 60002 8535/ 333 10243
 91110 555 53010=
 28428 62598 70403 10208 20148 39860 40030 56007 69932 87900 333 10219
 91110 555 53011=
 28429 62598 80803 10188 20154 39655 40036 56007 60102 83901 333 10200
 555 53011=
 22983 12498 40000 10261 20132 39988 40084 57007 60002 82931 333 10286
 91001 91103 555 50192 53005=
 27083 12599 23301 10258 20117 39876 40079 57007 60002 82200 333 10266
 91003 91106 555 50201 53006=
 27097 12598 23402 10252 20122 39841 40080 57007 60002 82101 333 10264
 91004 91105 555 50190 53006=
 27185 12698 33301 10257 20121 39915 40083 57006 60002 82101 333 10264
 91003 91108 555 50191 53008=
 27199 12698 20403 10254 20103 39896 40076 57005 60002 81101 333 10262
 91005 91108 555 50196 53008=
 27281 12582 30102 10242 20133 39895 40085 57006 60002 82201 333 10259
 91003 91107 555 50192 53008=
 27283 12598 20302 10248 20128 39937 40080 57005 60002 81101 333 10259
 91004 91108 555 50187 53009=
 27295 12998 63502 10251 20077 39846 40075 57002 60002 83085 333 10261
 91004 91108 555 50198 53010=
 27296 12998 33602 10234 20108 39874 40074 57005 60002 83030 333 10252
 91004 91105 555 50186 53008=
 27385 125// 53602 10251 20114 39959 40076 57002 60002 82530 333 10260
 91004 91107 555 50195 53008=
 27393 12598 20302 10240 20113 39917 40074 57005 60002 81131 333 10243
 91004 91109 555 50197 53010=
 27480 12598 33301 10251 20140 39962 40080 57003 60002 82501 333 10268
 91003 91107 555 50194 53008=
 28007 12699 20000 10261 20096 39838 40076 57005 60002 81101 333 10264
 91000 91105 555 50199 53006=
 28009 12998 83602 10253 20064 39883 40075 57004 60002 83031 333 10271
 91004 91107 555 50191 53007=
 28105 12598 30202 10251 20074 39898 40080 57004 60002 82201 333 10264
 91005 91107 555 50190 53008=
 28202 12983 60402 10233 20110 39865 40068 57006 60002 84031 333 10246
 91004 91106 555 50190 53007=
 28302 12998 50202 10242 20105 39854 40063 57004 60002 83031 333 10249
 91004 91109 555 50194 53009=
 28307 12998 33303 10243 20107 39933 40065 57003 60002 82031 333 10255
 91007 91110 555 50203 53011=
 28402 12598 70103 10239 20135 39894 40058 52002 60002 86931 333 10252
 91006 91110 555 50198 53010=
 28502 11598 70103 10191 20159 39960 40056 53007 60042 70298 87900 333
 10253 91005 91110 555 50188 53010=
 22550 62597 53301 10252 20134 30057 40066 57013 60002 81131 333 10277
 555 50207 53007=
 22778 12598 32802 10274 20136 30025 40088 57011 60002 82201 333 10286
 555 50214 53006=
 22889 12598 60000 10245 20167 30006 40085 57006 60002 83881 333 10288
 555 50190 53003=
 22762 62698 32101 10281 20086 30045 40081 57012 60002 83100 333 10289
 555 50210 53006=
 22638 46/// /2002 10221 20127 39863 40071 57011=
 22671 12599 72501 10277 20116 39999 40070 57011 60002 84901 333 10279
 555 50209 53005=
 22456 12598 62503 10255 20108 39981 40061 57004 60002 84205 333 10280
 555 50204 53010=
 22583 12598 62702 10269 20108 39997 40070 57013 60002 82201
 333 10279 555 50218 53006=
 22749 NIL=
 22951 12598 32501 10246 20108 39839 40097 57013 60002 82201 333 10264
 555 50188 53006=
 22887 12699 50401 10263 20184 30021 40085 57007 60002 82531 
 333 10275 555 50205 53005 =
 22876 12597 20000 10237 20181 30021 40090 57007 60002 81130 333 10287
 555 50211 53005=
 22481 12598 42003 10271 20106 30009 40057 57013 60002 82461 333 10277
 555 50210 53010=
 22854 12599 52402 10259 20101 39825 40089 57012 60002 82201 333 10265
 555 50202 53008=
 22781 NIL=
 22676 12598 30401 10263 20116 30001 40072 57012 60002 83800 333 10278
 555 50211 53007=
 22648 NIL=
 22559 62698 22602 10271 20098 30057 40072 57012 60002 82201 333 10277
 555 50212 53007=
 22869 12697 42401 10263 20136 39959 40094 57012 60002 81201 333 10275
 555 50208 53005=
 22768 12697 32702 10276 20123 30040 40086 57012 60002 82501 333 10286
 555 50217 53005=
 22798 12598 80000 10252 20148 39978 40081 57006 60002 86931 333 10287
 555 50200 53004=
 22375 46/// /2903 10223 20123 30043 40057 57005=
 23207 12599 52803 10245 20102 30037 40058 57006 60002 83201 333 10267
 555 50195 53008=
 23215 NIL=
 23219 NIL=
 27095 NIL=
 22408 22699 62004 10235 20118 39890 40027 57011 84201 333   60002=
 22511 22598 62003 10211 20145 39928 40040 57011 82404 333   60022=
 22529 22599 72204 10239 20143 30047 40053 57017 87500 333   69902
 87625=
 22602 22599 52203 10211 20134 39836 40044 57013 82101 333   60052=
 22621 73/70 /2204 10220 20145 39930 40059 57010 333   60002=
 22619 22482 52502 10221 20140 39912 40059 57008 85500 333   69902=
 22721 22698 61601 10221 20157 39979 40070 57010 83531 333   69912=
 22727 76/70 /2203 10220 20163 30038 40082 57007 333   60002=
 22717 73/70 /2302 10221 20150 39896 40074 57009 333   69982=
 22802 22599 62004 10228 20159 30056 40077 57010 83901 333   69902=
 22820 22570 72503 10225 20153 39957 40083 57006 85301 333   69902=
 22831 22698 71601 10228 20140 30039 40090 57010 82930 333   60002=
 22805 22598 32105 10212 20154 30065 40084 57006 82105 333   60032=
 22912 22599 52103 10226 20163 30081 40095 57008 82141 333   60002=
 
