21:31:00 MSK 28.03.2023
020 123456/=о000=1831
 унту01 бтул 281800
 22686 42998 00801 11075 21124 30123 40227 53024=
 22695 42998 03603 11038 21174 30055 40212 52026=
 22996 42998 20000 11051 21061 30022 40213 52025 82030=
 23220 43/// /0802 11253 21279 39998 40154 52006=
 23226 42260 82004 11226 21244 39913 40147 52001 8672/ 333 86705=
 23305 41984 22103 11080 21110 30154 40183 51012 70231 82030=
 23320 66/// /2203 11176 21199 30086 40165 51009 60002 333 11102=
 23324 42682 61902 11187 21208 30076 40159 51004 86500 333 86644=
 23405 42997 12902 11080 21116 30093 40197
 52017 80001=
 23410 66/// /1903 11121 21165 30063 40165 52010 60002 333 11062=
 23411 42999 02704 11083 21101 30081 40174 52015=
 23412 42999 02501 11110 21153 30066 40168 52012=
 23416 NIL=
 23418 42965 01601 11158 21185 30098 40177 52013=
 23501 NIL=
 23503 41998 60000 11131 21146 30141 40195 52020 70281 86030=
 23507 86/// /3401 11089 21136 39894 40218 52022=
 23509 42998 02801 11074 21138 30121 40202 52026=
 23514 42997 22901 11084 21121 39986 40191 52022 82030=
 23518 42997 01501 11170 21207 30086 40185 51025 555 53009=
 23606 42960 03102 11078 21163 30017 40196 52023=
 23612 NIL=
 23701 42980 03201 11052 21161 30088 40222 52028=
 23704 66/// /0000 11081 21124 39926 40039 55004 60002 333 10008=
 23707 82998 03503 11035 21182 30079 40215 52028=
 23708 42984 02701 11092 21170 30061 40218 52030=
 23709 42998 02201 11100 21166 30009 40212 52033=
 23711 42998 33102 11068 21170 30017 40193 52033 80001=
 23803 41999 03301 11078 21177 30031 40219 51036 70231=
 23804 82997 02301 11104 21119 30065 40218 52029=
 23807 42997 03201 11060 21083 30051 40218 52028=
 23808 86/// /2901 11092 21104 30043 40219 52033=
 23812 42997 03301 11095 21151 30023 40193 53047=
 23904 41942 00000 11095 21099 30055 40219 52028 71011=
 23905 42999 03102 11062 21078 39977 40213 52030 555 51024=
 23909 42998 03302 11049 21085 39952 40205 52033=
 23912 42998 03603 11049 21097 39989 40186 52036 555 50007=
 23913 41999 52902 11042 21069 39937 40171 52036 70282 85030 555
 50016=
 23914 81998 03302 11043 21062 39922 40186 52035 70181 333 91110=
 28013 41998 02903 11041 21067 39958 40194 52031 70281 555 50016=
 28016 42/// /3102 11039 21047 39970 40202 52032 555 50023=
 28029 41999 03503 11027 21065 39953 40176 52044 70171 333 91110 555
 50026=
 28116 42499 70104 11017 21064 39958 40192 52039 87500 333 91111=
 28128 41596 83604 11009 21047 30026 40182 52042 77187 885// 333 91110
 555 50019=
 28134 41598 83502 11024 21048 39808 40165 52039 72276 8652/ 555
 50034=
 28138 43/// /3205 11021 21043 39566 40138 52037 333 91111=
 28216 41699 83605 11008 21045 39880 40181 52037 72287 885// 333 91110
 555 50040=
 28222 42/// /3402 11011 21044 39978 40175 52042 555 50049=
 28224 41670 83504 11005 21035 39953 40168 52043 72682 889// 333
 91110=
 28234 41598 83304 11007 21038 39872 40153 52041 70276 885// 333 91110
 555 50061=
 28238 41596 83507 10006 21020 39833 40136 52038 77076 885// 333 91010
 91111 555 50059=
 28313 42/// /3604 10004 21037 39983 40177 51038 555 50048=
 28319 41898 33602 10014 21020 30003 40167 52036 70181 83050=
 28321 41599 80104 10002 21039 39966 40171 51041 70282 889// 333
 91111=
 28324 42/// /0104 10015 21034 30043 40165 52040 555 50059=
 28326 41598 70103 10013 21015 39965 40152 52040 70282 87300 555
 50060=
 28413 42999 13202 10015 21025 30045 40168 51032 80001 555 50066=
 28428 42599 83303 10033 21006 39963 40146 52025 889// 555 50053=
 28429 42/// /3102 10024 21004 39731 40141 52022 555 50051=
 22983 41980 00000 11065 21071 30106 40215 52022 71211 333 91001
 91101=
 27083 42984 00000 11051 21060 39982 40212 52020 333 91000 91105=
 27097 42998 00401 11032 21048 39947 40215 52024 333 91002 91106=
 27185 42/// /0702 11008 21041 30021 40207 52024 333 91004 91106=
 27199 42998 80403 11009 21043 30006 40206 52026 8805/ 333 91006
 91106=
 27281 42484 80602 11003 21037 39989 40199 52021 885// 333 91004
 91106=
 27283 42497 70804 11003 21035 30040 40200 52019 86530 333 91007
 91107=
 27295 42997 80202 11002 21039 39944 40198 52021 8805/ 333 91005
 91106=
 27296 42697 80404 11004 21043 39977 40198 52024 885// 333 91006
 91107=
 27385 429// 00401 11011 21031 30059 40190 52021 333 91002 91104=
 27393 42498 80504 10006 21035 30026 40198 52023 8765/ 333 91007
 91109=
 27480 42998 20602 10005 21024 30054 40183 52020 80001 333 91003
 91105=
 28007 42999 03601 11040 21069 39948 40217 52028 333 91002 91108=
 28009 41998 00000 11034 21066 39997 40213 52029 70281 333 91001
 91108=
 28105 42598 70202 11016 21059 30005 40208 52032 87500 333 91004
 91108=
 28202 41597 80504 11010 21052 39974 40199 51031 70282 889// 333 91007
 91108=
 28302 42997 80202 10000 21040 39962 40193 51028 8807/ 333 91004
 91109=
 28307 42498 83402 10009 21036 30044 40189 51024 8253/ 333 91005
 91107=
 28402 41584 80102 10009 21030 30004 40184 52025 70282 8657/ 333 91005
 91108=
 28502 42997 03503 10014 21024 30072 40176 52027 333 91005 91109=
 22550 82972 10000 11100 21111 30210 40220 52010 80001=
 22778 42998 00602 11023 21192 30139 40210 52018=
 22889 42997 00000 11110 21116 30126 40218 52023=
 22762 42998 00000 11075 21114 30168 40209 52014=
 22638 46/// /0802 11034 21118 39947 40177 57005=
 22671 42998 00301 11112 21136 30140 40223 52013=
 22456 42997 00000 11119 21138 30132 40225 52012=
 22583 42998 02401 11112 21146 30139 40224 52017=
 22749 42998 80902 11014 21064 30052 40179 50001 8807/=
 22951 42598 81403 11016 21041 39893 40179 52005 885//=
 22887 41996 01401 11057 21061 30134 40207 52022 71000=
 22876 42997 01801 11075 21078 30133 40209 51020=
 22481 42998 02301 11104 21125 30164 40220 52014=
 22854 42898 80903 11025 21063 39889 40183 52002 8807/=
 22781 NIL=
 22676 42998 00000 11079 21137 30141 40222 52019=
 22648 42/// /0601 11026 21122 30148 40196 51006=
 22559 42998 20901 11065 21125 30204 40219 52010 80001=
 22869 42998 70802 11008 21048 30050 40201 52010 80050=
 22768 42597 70801 11011 21084 30150 40201 52010 87500 333 87631=
 22798 42998 00102 11048 21198 30102 40219 51027=
 22375 46/// /2503 11083 30194 40210 54010=
 23207 NIL=
 23215 42598 82206 11114 21131 30034 40127 58008 885// 333 88620=
 23219 NIL=
 27095 66/// /0000 11047 21047 39987 40223 52022 60002 333 11005=
 22408 12784 80803 11048 21121 30039 40193 57003 60002 8002/ 333  
 11023=
 22511 12484 80704 11052 21118 30061 40186 57004 60002 8451/ 333  
 11027=
 22529 12598 70703 11039 21072 30185 40192 57005 60002 87500 333  
 11024 87629=
 22602 11358 80804 11058 21073 39920 40152 57007 60022 70272 8872/
 333   11036 88506 91110=
 22621 12898 80702 11044 21088 30033 40177 57006 60002 85531 333  
 11021 85656=
 22619 12498 80807 11044 21074 39988 40151 57009 60002 885// 333  
 11039 88616=
 22721 12997 81102 11014 21101 30054 40154 57007 60002 8805/ 333  
 11007=
 22727 12570 81104 11006 21049 30096 40144 57001 60002 884// 333  
 10008 88622=
 22717 11498 80904 11012 21043 39917 40112 57015 69972 73600 885//
 333   11011 88618 91111=
 22802 11495 80203 11029 21036 30079 40103 57012 60032 78682 889//
 333   11020 88910 93400=
 22820 12498 81006 11016 21037 39998 40136 57006 69902 885// 333  
 11012 88614=
 22831 12597 71002 11012 21052 30103 40159 57001 60002 86930 333  
 10017 86921=
 22805 114// 80501 11017 21017 30081 40101 57012 60052 77172 8872/
 333   11013=
 22912 11484 81007 10008 21014 30083 40098 57011 69902 70282 885//
 333   10008 88619 91111=
 
