15:31:00 MSK 27.08.2023
020 123456/=о000=1231
 унту01 бтул 271200
 22686 81598 53303 10115 20062 39960 40055 51004 72585 83981 555 11016=
 22695 42598 63404 10106 20038 39891 40037 52009 84901 333 91110 555
 11015=
 22996 81598 73303 10098 20079 39835 40013 52002 72582 86909 555 12016=
 23220 42599 81802 10117 20057 39883 40017 52010 8357/ 555 12011=
 23226 41660 82106 10106 20059 39811 40015 52009 70252 8355/ 333 91110 
 555 11013=
 23305 41699 83303 10112 20103 30019 40045 52005 72162 885// 555 11014=
 23320 86/// /2702 10113 20053 39953 40022 52009=
 23324 42584 72503 10112 20063 39946 40020 52009 86930 333 85631 555
 11013=
 23405 41574 83403 10114 20070 39950 40044 52001
 70262 8355/ 555 11016=
 23410 86/// /2003 10090 20079 39930 40022 52005 555 50068 53006=
 23411 41499 73003 10108 20098 39941 40026 52003 72585 87900 555
 12015=
 23412 41397 82202 10096 20090 39930 40023 52003 76186 8672/ 333 84707 555 12013=
 23416 NIL=
 23418 42665 62402 10117 20049 39958 40028 52005 85931
 333 85940 555 11015=
 23501 NIL=
 23503 42598 73402 10115 20059 39991 40039 52004 86931 333 86923 555 11016=
 23507 86/// /0203 10101 20048 39747 40044 52008=
 23509 41598 60201 10103 20070 39961 40037 52008 70282 84902 555 11017=
 23514 41597 73603 10103 20051 39844 40032 52008 70282 85982 555 11014=
 23518 42/// /3603 10126 20045 39934 40021 52004 555 1/018=
 23606 41562 60203 10115 20068 39864 40022 52008 72582 85930 333 85929 555 11019=
 23612 NIL=
 23701 81599 40205 10114 20059 39910 40033 51010 72581 84900 555
 11017=
 23704 86/// /3403 10115 20087 39767 49878 51104 555 53008=
 23707 81497 70106 10112 20062 39895 40021 52009 78082 85930 333 84916
 91010 91110 555 11014=
 23708 41482 70202 10106 20074 39872 40015 52007 72586 86930 333 85916
 555 11016=
 23709 81598 70202 10104 20068 39829 40013 52006 78082 87300 555 12018=
 23711 41497 70201 10104 20085 39854 40016 52009 78082 86980 333 85916 555 11015=
 23803 41597 70000 10104 20061 39834 40005 53005 78086 86960 555 11016=
 23804 41496 63402 10108 20081 39874 40013 52007 78082 84930 555 11018=
 23807 42/// /3604 10101 20077 39863 40017 52005 555 1/019=
 23808 86/// /3301 10090 20074 39849 40010 52003=
 23812 41597 72101 10113 20056 39856 40011 53005 70282 85932 555 11016=
 23904 41470 70000 10098 20086 39861 40011 54000 72582 84335 555 11016=
 23905 81599 83501 10086 20067 39788 40007 54000 76162 8802/ 555
 11014=
 23909 81497 81001 10091 20075 39771 40005 57004 72582 8731/=
 23912 81597 80000 10112 20064 39827 40010 54001 78082 86905 555
 11017=
 23913 81597 82201 10095 20086 39798 40017 52004 78082 889// 555
 11014=
 23914 81498 82702 10098 20074 39766 40011 52001 78082 889//=
 28013 81598 81602 10104 20058 39785 40005 57003 78082 8691/ 555
 11015=
 28016 81498 81601 10098 20087 39790 40005 57006 78082 889// 555
 11015=
 28029 81598 80101 10100 20077 39799 40009 57001 78082 889// 555
 11015=
 28116 81497 82202 10099 20080 39787 40007 57005 76186 8872/=
 28128 82599 81801 10130 20062 39864 40009 57007 8652/ 555 10018=
 28134 81598 80000 10122 20073 39679 40011 57002 70282 8447/ 555
 11019=
 28138 41599 72402 10107 20057 39475 40015 57003 70282 87300=
 28216 81597 82302 10099 20064 39728 40013 57005 76186 887// 555
 11016=
 28222 82598 81701 10133 20062 39827 40011 57007 8681/ 555 11018=
 28224 81664 80000 10109 20088 39812 40015 57007 78082 889//=
 28234 81598 82501 10123 20054 39752 40016 58005 70282 885// 555
 11019=
 28238 81598 82501 10111 20086 39732 40020 55003 78082 889// 555
 11015=
 28313 81596 82002 10106 20086 39835 40018 55008 78182 889// 555
 11015=
 28319 81598 82401 10124 20083 39863 40018 57013 72582 889//=
 28321 81598 81803 10104 20082 39823 40017 57006 78082 889//=
 28324 81597 82903 10113 20068 39904 40020 55008 78182 889// 555
 11015=
 28326 81598 72502 10143 20069 39839 40015 57006 70282 87300 555
 10021=
 28413 81599 82503 10143 20049 39903 40018 56012 71582 8637/ 555
 10018=
 28428 81599 81001 10134 20077 39846 40021 57010 70282 889// 555
 10021=
 28429 81598 82203 10135 20068 39632 40021 57009 70282 86901 555
 10017=
 22983 41464 83401 10103 20074 39935 40036 52006 78082 86961 333 91004
 91105 555 12016=
 27083 41599 63203 10087 20069 39810 40024 52004 72562 86900 333 91006
 91107 555 12016=
 27097 41498 73003 10087 20074 39771 40023 52002 72586 87900 333 91006
 91107 555 11015=
 27185 41598 82903 10089 20077 39855 40032 56001 72582 883// 333 91006
 91106 555 11015=
 27199 41496 83102 10082 20072 39832 40022 57002 78086 887// 333 91005
 91106 555 12012=
 27281 41456 73303 10091 20076 39842 40042 52001 78086 86902 333 91007
 91108 555 11015=
 27283 41458 83305 10090 20073 39881 40031 57004 78082 8697/ 333 91009
 91109 555 11013=
 27295 41574 82702 10078 20063 39785 40028 57007 76162 8802/ 333 91004
 91109 555 11011=
 27296 41560 82902 10083 20064 39812 40021 57007 78082 889// 333 91004
 91109 555 11012=
 27385 414// 83104 10096 20090 39913 40036 57009 78082 889// 333 91006
 91108 555 11013=
 27393 41596 83003 10096 20081 39863 40027 57009 78182 8592/ 333 91005
 91110 555 11012=
 27480 41568 82701 10118 20096 39922 40045 57009 78082 8692/ 333 91003
 91107 555 11015=
 28007 41459 83404 10075 20056 39762 40015 57001 78082 883// 333 88913
 91006 91107 555 11011=
 28009 41457 83301 10086 20073 39807 40009 57003 78082 889// 333 91002
 91104 555 12012=
 28105 41459 80000 10086 20073 39826 40012 57003 76162 8872/ 333 91000
 91105 555 12013=
 28202 41559 83001 10082 20067 39796 40009 57009 76186 8802/ 333 91003
 91106 555 11013=
 28302 41597 82703 10086 20063 39798 40018 55011 76186 8802/ 333 91006
 91107 555 11013=
 28307 41498 82501 10106 20077 39888 40026 57015 76186 885// 333 91003
 91107 555 11014=
 28402 41560 82402 10095 20082 39855 40027 57011 76162 8257/ 333 91005
 91107 555 11013=
 28502 41596 82705 10139 20072 39929 40027 57018 78082 889// 333 91008
 91111 555 11018=
 22550 82697 73303 10127 20082 30092 40102 52007 86930 333 86643 555
 11018=
 22778 41598 60103 10119 20062 39997 40063 52010 72582 83570 555
 11017=
 22889 41498 63302 10101 20081 39953 40036 53006 70186 86800 333 86819
 91111 555 12018=
 22762 81598 63002 10134 20086 30045 40082 52008 70252 82809 555
 11019=
 22638 46/// /0302 10125 20074 39897 40114 52009=
 22671 42/// /0203 10128 20066 39998 40073 52011 555 1/018=
 22456 41597 70201 10124 20070 30012 40096 52008 70282 87500 555
 11016=
 22583 41598 73302 10109 20061 39992 40070 51010 70288 87500 
 555 11015=
 22749 42598 80402 10133 20079 39976 40095 52010 889// 333 88924 555
 10019=
 22951 41497 83102 10116 20089 39823 40093 52005 78082 889// 555
 1/016=
 22887 41599 53304 10122 20065 39975 40041 52010 70282 84501 
 333 91110 555 11019 =
 22876 41597 43604 10120 20059 39985 40054 52011 70282 84900 555
 11015=
 22481 42/// /3402 10121 20061 30027 40077 52005 555 1/014=
 22854 42/// /0102 10121 20072 39816 40092 52009 555 1/020=
 22781 NIL=
 22676 41597 70102 10104 20071 39987 40062 52005 78082 86930 555
 12015=
 22648 42698 73504 10129 20088 30061 40106 52008 87900 333 87644 555
 10019=
 22559 81598 73303 10134 20073 30081 40097 52008 70282 86931 555
 11017=
 22869 41497 73604 10117 20080 39933 40075 52008 72582 83930 555
 11017=
 22768 41497 73504 10105 20085 30034 40082 52012 78086 87900 333 86913
 91110 555 12016=
 22798 41498 53403 10124 20077 39924 40031 52008 70282 82931 555
 11018=
 22375 46/// /3604 10113 20058 30078 40092 52008=
 23207 41498 83604 10104 20087 30033 40055 52010 72582 886// 555
 11012=
 23215 41698 73604 10115 20099 39923 40008 52012 72582 86970 333 83944
 555 12014=
 23219 NIL=
 27095 86/// /3103 10086 20084 39808 40029 54000=
 22408 42699 70801 10173 20105 39982 40123 57002 81139 555   10021=
 22511 42698 70501 10166 20093 30010 40124 52001 82235 555   10028=
 22529 42599 23404 10148 20080 30116 40122 52006 82500 555   11020=
 22602 42599 60202 10192 20078 39903 40114 57004 82131 555   10027=
 22621 83570 /3402 10134 20096 39992 40126 52005 555   1////=
 22619 42598 70402 10171 20104 39962 40112 52001 82105 555   10025=
 22721 42698 73101 10166 20094 30021 40114 52005 87500 333   87643
 555   10024=
 22727 86/70 /3502 10196 20106 30064 40109 57003 555   1////=
 22717 83/70 /0501 10188 20095 39926 40111 57006 555   1////=
 22802 42599 71602 10203 20091 30095 40117 57007 85832 333   84831
 555   11027=
 22820 42670 73402 10182 20086 39981 40112 57004 81501 555   11024=
 22831 42798 72901 10154 20100 30054 40106 52003 86530 333   86655
 555   10018=
 22805 42598 22602 10200 20112 30099 40122 57006 81131 555   10029=
 22912 42599 52902 10198 20106 30099 40113 57006 83301 555   11024=
 
