06:31:00 MSK 28.11.2023
020 123456/=о000=0331
 уйту01 бтул 280300
 22686 12498 80603 11043 21060 30054 40156 57004 69902 885// 333 21090 47016 55000 88614 555 53007 7001/=
 22695 12598 80706 11050 21075 39989 40145 57008 69902 885// 333 21083
 47027 91110 555 53012 7001/=
 22996 12998 70501 11041 21041 39893 40084 57003 60002 80005 333 21051
 47017 55000 93601 555 53005 7002/ 91206=
 23220 12598 80704 11103 21129 30121 40271 58004 60002 885// 333 21145 47010 55000 88633 555 53008 7000/=
 23226 11460 80404 11154 21167 30059 40291 52001 69902 77172 8655/ 333 
 21190 47013 86611 555 53005 7990/=
 23305 12984 63502 11188 21207 30246 40276 57003 60002 83031 333 21226
 47013 555 53005 7000/=
 23320 76/// /0403 11105 21110 30171 40248 57006 333 21172 60002 555 53005 7000/=
 23324 12981 80305 11118 21134 30179 40261 57002 60002 8807/ 333 21169
 49019 55000 555 53006 7000/=
 23405 12997 79901 11139 21159 30141 40248 57004 60002
 87030 333 21156 47020 55000 555 53006 7000/=
 23410 76/// /3201 11157 21180 30145 40249 57008 333 21181 60002 555 7000/=
 23411 12999 80204 11156 21170 30160 40256 57010 60002 8805/ 333 21186
 47029 555 53007 7000/=
 23412 12399 80203 11148 21164 30147 40251 57009 60002 8475/ 333 21168 47034 55000 83707 555 53006 7000/=
 23416 NIL=
 23418 12965 73502 11135 21148 30158 40237 57006 60002 87030
 333 21136 47032 55000 555 53004 7993/=
 23501 NIL=
 23503 12998 63602 11124 21151 30182 40235 58009 69952 80005 333 21135
 47024 555 53006 7999/=
 23507 66/// /0303 11089 21092 39885 40209 58006 60002 333 21128 555
 53007 7000/=
 23509 12998 83601 11083 21102 30130 40212 58012 69962 8807/ 333 21095
 47028 555 53004 7996/=
 23514 11997 80402 11107 21118 30012 40219 57008 69952 70272 8807/ 333 21107 47035 55000 555 53006 7995/=
 23518 12997 80302 11104 21120 30121 40218 57009 60012 8807/ 333 21107
 47025 55000 555 53007 7002/ 91207=
 23606 12960 20603 11073 21073 30019 40192 57005 69922 82030 333 21091 47019 55000 555 53006 7001/=
 23612 12984 60602 11078 21100 30065 40205 57005 69922 86030 333 21079 47020 555 53006 7995/=
 23701 12480 80704 11062 21076 30037 40171 51001 60002 885// 333 21086
 47017 88617 555 53009 7994/=
 23704 76/// /0604 11055 21056 39451 49565 51011 333 21081 60002 555 51084 7000/=
 23707 61498 60605 11060 21072 39997 40133 57004 69932 70172 86500 333 21072 47013 55000 86619 91110  93602 555 53010 7002/=
 23708 12984 80404 11087 21106 30001 40156 58002 60002 80008 333 21088 555 53009 7001/ 91209=
 23709 12998 00101 11115 21134 39968 40171 56003 60002 333 21116 47021 555 53005 7003/ 91205=
 23711 12998 10302 11103 21127 30009 40187 57004 60002 80001 333 21103 47024 55000 555 53005 7003/=
 23803 12999 00401 11097 21118 39967 40155 57005 60002 333 21102 47020 55000 555 53005 7003/=
 23804 12297 80502 11046 21051 39974 40122 57006 69902 70272 887// 333
 21046 47015 55000 86706 555 53007 7002/=
 23807 11496 30604 11036 21036 39941 40105 58003 60002 71011 82530 333
 21039 47012 55000 555 53007 7003/=
 23808 66/// /0603 11046 21047 39955 40126 58002 60002 333 21046 555 7000/=
 23812 12997 00000 11154 21172 30001 40175 57007 60002 333 21154 47022
 934// 555 53003 7994/=
 23904 12975 20802 11048 21048 39938 40097 58002 60002 80001 333 21098
 43020 93605 555 53004 7003/=
 23905 12999 80501 11055 21063 39883 40116 57004 60002 80005 333 21055
 47026 555 53004 7001/=
 23909 12898 21003 11060 21069 39879 40131 57001 60002 82071 333 21062
 47021 55001 93606=
 23912 12598 20201 11062 21076 39950 40148 57007 60002 82500 333 21090
 47020 555 53005 7002/=
 23913 12999 51302 11042 21076 39944 40178 57002 60002 85030 333 21064
 47021 55004 91110 555 53013 7990/=
 23914 62899 20602 11049 21072 39879 40141 57006 60002 82040 333 21050
 43021 55012=
 28013 12998 00301 11070 21083 39892 40129 54001 60002 333 21071 43029
 555 53006 7996/=
 28016 12999 00802 11048 21051 39887 40116 57003 69932 333 21051 43026
 555 53005 7996/=
 28029 12899 21602 11009 21035 39908 40129 54000 60002 82070 333 21019
 43018 55051 555 53006 7000/=
 28116 12999 01002 11038 21049 39875 40110 57001 60002 333 21040 43025
 55040=
 28128 12999 01102 11012 21037 39969 40124 52004 60002 333 21018 43019
 55055 555 53007 7000/=
 28134 12998 00701 11032 21052 39781 40137 57001 60002 333 21032 43024
 91111 555 53011 7000/=
 28138 11595 80505 11052 21056 39590 40171 57006 60002 71022 885// 333
 21053 47032 55037 91111 93512=
 28216 12999 21004 11030 21044 39799 40100 55001 60002 80001 333 21033
 47026 555 53009 7000/=
 28222 12998 00000 11009 21038 39925 40121 52005 60002 333 21009 47017
 91110 555 53011 7000/=
 28224 12970 21201 11016 21040 39900 40115 52002 60002 80008 333 21016
 47025 55062=
 28234 12898 81203 11009 21041 39856 40136 53010 60002 8807/ 333 21013
 43022 91110 555 53010 7000/=
 28238 12899 80603 11014 21037 39844 40150 53002 60002 8802/ 333 21041
 47026 55050 555 53008 7000/=
 28313 12998 60701 11051 21065 39905 40101 55001 60002 80001 333 21051
 47025 555 53004 7000/=
 28319 12999 01002 11021 21039 39929 40095 54000 60002 333 21023
 47020=
 28321 12999 20903 11018 21045 39911 40113 52009 60002 80001 333 21020
 43025=
 28324 12999 20701 11083 21105 39979 40104 55001 60002 80009 333 21096
 43022 555 53005 7000/=
 28326 12598 41002 11012 21032 39925 40113 52002 60002 84500 333 21053
 43026 55052 555 53008 7000/=
 28413 12899 31302 11023 21055 39962 40085 54001 60002 82039 333 21025
 43020 555 53006 7000/=
 28428 12999 00501 11063 21077 39911 40100 55001 60002 333 21077 47020
 555 53004 7000/=
 28429 12898 10702 11017 21044 39694 40108 50001 60002 81030 333 21017
 43025 555 53010 7000/=
 22983 12584 80902 11012 21026 39973 40079 52005 60002 8657/ 333 21029
 47013 55000 91005 91106 555 53006 7004/=
 27083 12584 50602 11045 21053 39837 40063 52001 60002 85800 333 21045
 43016 91004 91105 93401 555 53006 7003/=
 27097 12998 80702 11046 21047 39802 40067 50001 60002 80009 333 21046
 47014 91004 91105 93402 555 53006 7001/=
 27185 12998 80902 11031 21046 39865 40050 50001 60002 85075 333 21031
 43007 91003 91105 555 53006 7000/=
 27199 12998 61002 11038 21053 39865 40064 52001 60002 80001 333 21039
 47012 55039 91004 91104 555 53008 7990/=
 27281 12484 80902 11018 21036 39830 40038 52001 60002 8455/ 333 21018
 43009 91003 91105 555 53011 7990/=
 27283 12997 81002 11035 21050 39891 40048 54000 60002 8807/ 333 21040
 43010 91004 91104 555 53006 7000/=
 27295 12597 80602 11039 21062 39799 40054 54000 60002 885// 333 21039
 43010 91003 91105 555 53007 7000/=
 27296 12997 80901 11038 21066 39839 40059 54000 60002 80007 333 21039
 47014 55046 91002 91105 555 53007 7000/=
 27385 125// 81101 11006 21021 39913 40042 52005 60002 8555/ 333 21009
 43010 91002 91103 555 53006 7000/=
 27393 12598 50000 11049 21064 39891 40064 52005 60002 83570 333 21049
 43017 55044 91001 91105 555 53006 7000/=
 27480 11498 81302 11002 21004 39911 40039 52005 60022 72682 889// 333
 21004 47011 91003 91104 555 53007 7002/=
 28007 12999 31101 11054 21063 39818 40085 52001 60002 80001 333 21054
 43020 55008 91002 91102 555 53003 7990/=
 28009 12998 80301 11060 21073 39881 40097 54000 60002 80001 333 21060
 47031 91002 91104 555 53004 7990/=
 28105 12998 10902 11051 21062 39878 40075 54000 60002 80001 333 21051
 43024 91003 91104 555 53004 7000/=
 28202 12997 61302 11048 21070 39850 40076 54000 60002 80004 333 21048
 47028 91004 91106 555 53008 7000/=
 28302 12997 30902 11031 21066 39836 40068 52001 60002 80001 333 21031
 43016 91004 91105 555 53005 7000/=
 28307 12498 80000 11037 21063 39912 40058 53005 60002 8657/ 333 21052
 43011 91000 91103 555 53006 7000/=
 28402 12984 81103 11043 21075 39881 40063 52005 60002 8801/ 333 21053
 43020 91004 91104 555 53007 7000/=
 28502 12597 80201 11017 21058 39955 40059 52004 60002 885// 333 21056
 44013 55056 91001 91103 555 53005 7000/=
 22550 11465 80605 11066 21079 30118 40129 57012 69952 73632 8657/ 333
 21145 47013 55000 86614 91011 91114 555 53014 7995/=
 22778 12498 70802 11044 21064 30021 40092 52003 60002 86570 333 21054
 47007 55000 86619 555 53011 7999/=
 22889 NIL=
 22762 12497 80802 11036 21047 30049 40089 54001 69902 8657/ 333 21078
 47017 555 53008 7002/ 91208=
 22638 46/// /0803 11070 21079 39843 40074 52008=
 22671 NIL=
 22456 NIL=
 22583 11598 70601 11076 21088 30117 40201 57005 
 69932 72682 86570 333 21132 47023 55000 555 53005 7993/=
 22749 NIL=
 22951 NIL=
 22887 12497 80503 11018 21029 30012 40083 57001 60002 8665/ 333 21054
 47008 55000 86711 555 53009 7003/=
 22876 NIL=
 22481 NIL=
 22854 12298 80703 11049 21051 39751 40044 53011 60002 886// 333 21084
 47012 55000 88703 555 53014 7003/=
 22781 NIL=
 22676 12598 80905 11044 21064 30053 40132 57008 69932 885// 333 21101
 47016 555 53009 7998/=
 22648 NIL=
 22559 11598 80806 11049 21070 30114 40131 56007 69932 73673 8672/ 333
 21140 47010 55000 86624 91112 555 53012 7993/ 91212=
 22869 NIL=
 22768 12497 80904 11039 21057 30023 40074 52004 69902 885// 333 21058
 47009 55000 88612 91111 555 53012 7003/=
 22798 12397 80603 11050 21053 30011 40127 57005 60002 886// 333 21072
 47011 555 53009 7002/=
 22375 46/// /0900 11113 21126 30242 40258 57004=
 23207 12499 80000 11188 21207 30260 40285 57001 60002 83541 333 21290
 47032 55000 555 53002 7000/=
 23215 NIL=
 23219 NIL=
 27095 76/// /0801 11044 21044 39852 40085 50002 333 21044 60002 555 53006 7000/=
 22408 21580 80506 11056 21077 39995 40149 57022 73673 883// 333  
 21120 55000 69932 88921 91013 91113 555   7995/=
 22511 21263 80507 11035 21059 39992 40115 57022 77173 8672/ 333  
 21099 69942 86706 91011 91115 555   7997/=
 22529 21495 80807 11026 21045 30096 40103 57007 77187 8872/ 333  
 21085 60022 88515 91014 91114 92982 555   7003/=
 22602 21474 80706 11041 21066 39835 40064 57017 73673 885// 333  
 21129 55000 69962 88613 91011 91114 555   7996/=
 22621 73360 /0705 11040 21054 39934 40076 57003 333   21114 55000
 60022 91011 91112 555   7002/=
 22619 21296 80710 11042 21052 39888 40049 57007 77173 8862/ 333  
 21121 55000 60052 87704 91014 91116 555   7006/=
 22721 21294 81101 11061 21069 39946 40047 57002 77573 887// 333  
 21126 60122 85704 555   7012/=
 22727 76/12 /0301 11058 21067 39969 40018 52002 333   21101 60072
 91110 555   7007/=
 22717 NIL=
 22802 21596 80606 11050 21079 39961 49985 57003 78583 889// 333  
 21093 55000 60032 88923 91010 91113 555   7003/=
 22820 21394 80806 11042 21054 39867 40005 52001 77373 8672/ 333  
 21091 55000 60102 86708 91111 92982 555   7010/=
 22831 21996 80803 11041 21059 39961 40017 52006 77172 8802/ 333  
 21091 55000 60052 91110 92980 555   7005/=
 22805 214// 80505 11038 21061 39942 49966 57006 73673 8652/ 333  
 21073 55000 60052 91013 91114 555   7005/=
 22912 21556 80706 11028 21051 39944 49959 52004 77173 8802/ 333  
 21078 60022 88520 91010 91113 92982 555   7003/=
 
