03:31:00 MSK 13.12.2023
020 123456/=о000=0031
 унту01 бтул 130000
 22686 41497 71504 11135 21160 30173 40280 58001 77172 85570 333 85612 555 1/116=
 22695 41597 81702 11142 21173 30114 40278 52001 70272 8552/ 555 1/113=
 22996 41996 81804 11166 21190 30148 40351 54001 77173 8802/ 333 91110 555 1/112=
 23220 41597 82302 11184 21208 30149 40304 52006 70287 885// 333 88620 555 1/117=
 23226 41560 82105 11185 21204 30062 40296 58001 77172 885// 333 88628 
 555 1/118=
 23305 42/// /1803 11154 21171 30248 40278 52006 555 1/116=
 23320 86/// /2305 11176 21203 30238 40318 52007 333 91111=
 23324 41978 72304 11172 21202 30227 40311 53008 70272 87070 555 1/118=
 23405 41996 81702 11143 21163 30178 40286 52004 
 77172 8802/ 555 1/115=
 23410 86/// /1605 11186 21215 30202 40308 52006 333 91110 555 53010=
 23411 42/// /2103 11163 21179 30198 40294 52006 555 1/113=
 23412 41399 81803 11180 21203 30200 40306 52005 70272 8675/ 333 84709
 555 1/120=
 23416 NIL=
 23418 41419 81402 11178 21204 30244 40325 52002 77572
 8652/ 333 86615 555 1/118=
 23503 42/// /1803 11148 21171 30248 40303 52004 555 1/115=
 23507 86/// /2002 11155 21167 39962 40297 52002=
 23509 NIL=
 23514 41597 81903 11167 21188 30107 40320 52003 77173 8652/ 333 86621 555 1/115=
 23518 42/// /1905 11182 21208 30243 40344 54000 555 1/118=
 23606 41956 82004 11159 21189 30147 40328 52004 77172 8802/ 555 1/114=
 23612 NIL=
 23701 42/// /1902 11150 21168 30180 40320 54001 555 1////=
 23704 86/// /1803 11149 21159 39166 49281 54000 555 53009=
 23707 81997 81703 11147 21172 30178 40321 57001 77177 8807/ 555 1/115=
 23708 42/// /1805 11156 21183 30185 40347 52003 555 1/112=
 23709 41996 81601 11167 21198 30153 40364 52003 77172 8807/ 555 1/114=
 23711 41497 82003 11182 21212 30179 40366 52001 77187 8672/ 333 86714
 555 1/116=
 23803 41497 81905 11166 21208 30179 40376 52003 77173 8802/ 333 88516 555 1/116=
 23804 81496 81903 11152 21177 30177 40335 58001 77173 8652/ 333 86617 555 1/115=
 23807 42/// /1805 11156 21175 30169 40345 54000 333 91110 555 1/108=
 23808 86/// /1605 11165 21184 30186 40370 54000=
 23812 41496 82002 11195 21226 30218 40398 57001 77172 8672/ 333 934//
 555 1/114=
 23904 41984 81804 11172 21201 30198 40371 57001 73673 8802/ 333 91110
 555 1/117=
 23905 41899 81804 11180 21212 30140 40391 54000 73673 8802/ 555
 1/118=
 23909 41898 81803 11181 21212 30142 40413 52001 70273 8807/ 333 91111
 93606=
 23912 41598 81905 11194 21224 30216 40430 55003 72273 8352/ 333 91111
 555 1/117=
 23913 41597 83602 11175 21218 30185 40438 57011 77072 8872/ 555
 1/116=
 23914 81498 81805 11196 21219 30149 40435 57004 70273 885// 333 91113
 93610=
 27095 NIL=
 28013 41898 81705 11188 21229 30171 40427 56003 73673 8801/ 333 91112
 555 1/118=
 28016 42/// /1704 11183 21214 30184 40433 57004 555 1/116=
 28029 42899 61806 11194 21240 30222 40468 57008 86070 333 91112 555
 1/119=
 28116 41499 81902 11199 21236 30197 40455 57005 70273 8872/=
 28128 42599 81803 11192 21236 30310 40482 57007 885// 555 1/119=
 28134 42898 81903 11209 21258 30102 40497 57006 8801/ 555 1/121=
 28138 43/// /2103 11228 21263 39872 40514 57007=
 28216 41899 81806 11209 21256 30147 40482 58006 73673 8802/ 333 91011
 91112 555 1/120=
 28222 42/// /1704 11201 21240 30277 40495 57006 555 1/119=
 28224 42970 71704 11201 21246 30264 40504 57003 80005=
 28234 42898 11804 11221 21279 30209 40525 57012 81040 555 1/122=
 28238 42999 02102 11320 21360 30192 40551 56012 555 1/133=
 28313 42/// /1805 11208 21257 30278 40495 58007 555 1/120=
 28319 42998 01701 11227 21265 30331 40519 57004=
 28321 42899 31804 11220 21259 30275 40505 57007 83070 333 91110=
 28324 42/// /1803 11216 21268 30379 40516 58006 555 1/123=
 28326 42998 22005 11212 21265 30319 40531 57004 80001 555 1/124=
 28413 42999 21702 11206 21272 30369 40507 57005 80001 555 1/124=
 28428 42998 00000 11323 21362 30331 40550 57008 555 1/135=
 28429 NIL=
 22983 41462 81702 11144 21172 30206 40320 52001 77173 8802/ 333 91004
 91106 555 1/114=
 27083 41984 81705 11164 21207 30101 40344 52001 73673 8802/ 333 91010
 91111 555 1/116=
 27097 42/// /1605 11182 21205 30083 40371 54000 333 91009 91110 555
 1/119=
 27185 42/// /1503 11168 21210 30164 40366 57004 333 91006 91108 555
 1/118=
 27199 41998 61704 11178 21221 30177 40395 57004 73632 86030 333 91008
 91109 555 1/118=
 27281 41984 81606 11161 21208 30133 40359 57001 73632 8805/ 333 91010
 91113 555 1/115=
 27283 41997 81704 11174 21219 30209 40381 58002 73632 8807/ 333 91007
 91111 555 1/117=
 27295 42/// /1403 11185 21228 30120 40399 58006 333 91007 91110 555
 1/118=
 27296 41997 81604 11186 21233 30166 40407 57006 73632 8807/ 333 91008
 91111 555 1/118=
 27385 415// 81606 11162 21222 30245 40389 57005 73632 8455/ 333 91009
 91109 555 1/116=
 27393 41597 81806 11180 21228 30239 40428 57006 73632 8657/ 333 91008
 91110 555 1/118=
 27480 42598 81504 11161 21222 30241 40382 57007 8553/ 333 91008 91110
 555 1/116=
 28007 41999 81804 11179 21212 30108 40397 57005 73632 8805/ 333 91008
 91109 555 1/117=
 28009 41998 81804 11176 21234 30180 40413 57007 73673 8802/ 333 91007
 91109 555 1/117=
 28105 41998 81904 11173 21226 30193 40406 57006 73632 8802/ 333 91008
 91109 555 1/117=
 28202 41996 81908 11185 21234 30180 40426 58009 73873 8805/ 333 91011
 91112 555 1/118=
 28302 41997 81604 11190 21236 30190 40445 57006 70232 8807/ 333 91007
 91108 555 1/118=
 28307 41998 81405 11179 21238 30270 40430 58006 73632 8805/ 333 91010
 91112 555 1/118=
 28402 41984 81706 11179 21242 30249 40448 57010 73632 8807/ 333 91009
 91110 555 1/118=
 28502 41697 81606 11177 21242 30344 40459 58012 73632 885// 333 91009
 91110 555 1/118=
 22550 81457 81303 11107 21120 30189 40200 57004 77187 8802/ 333 88516
 555 1/111=
 22778 41496 81504 11115 21137 30184 40258 54000 77172 8872/ 333 86713
 555 1/112=
 22889 42/// /1503 11142 21169 30225 40319 54001 555 1/111=
 22762 41396 81402 11103 21117 30186 40227 57002 77177 8672/ 555
 1/109=
 22638 46/// /1301 11108 21121 39938 40175 57001=
 22671 42/// /1602 11117 21131 30150 40234 54001 555 1/111=
 22456 41496 80901 11121 21151 30120 40213 57001 77172 8872/ 555
 1/112=
 22583 41598 81401 11130 21147 30173 40260 58001 70288 8657/ 555 1/113=
 22749 42/// /1703 11088 21099 30059 40190 54000 555 1////=
 22951 42/// /1704 11099 21113 39917 40214 52002 555 1/109=
 22887 41497 81504 11127 21154 30217 40293 53002 77177 8672/ 
 333 86712 91110 555 1/113=
 22876 41996 81603 11119 21139 30201 40278 54000 77173 8802/ 555
 1/112=
 22481 42/// /1302 11141 21156 30186 40243 54001 555 1/115=
 22854 42/// /1703 11100 21111 39904 40208 54000 555 1/109=
 22781 NIL=
 22676 41496 81403 11121 21148 30167 40249 54000 77172 8872/ 555
 1/112=
 22648 41496 81402 11100 21101 30144 40193 58002 77177 8872/ 333 88710
 555 1/111=
 22559 42/// /1402 11107 21122 30195 40213 57003 555 1/110=
 22869 41997 81704 11109 21132 30099 40257 52003 77177 8002/ 555
 1/111=
 22768 41597 81804 11094 21126 30175 40228 54000 70287 8357/ 555
 1/110=
 22798 41496 81702 11144 21167 30190 40312 54000 77177 8802/ 555
 1/113=
 22375 46/// /1502 11175 21193 30217 40234 52003=
 23207 NIL=
 23215 41998 31905 11185 21204 30183 40281 52009 70231 80001 555
 1/121=
 23219 NIL=
 22408 41459 80302 11128 21141 30025 40184 57004 77172 8872/ 333  
 88515 93500 555   1/113=
 22511 41358 80301 11133 21149 30050 40179 57004 77172 8472/ 333  
 93501 555   1/114=
 22529 41596 80000 11156 21175 30168 40175 57005 78582 889// 333  
 88920 555   1/114=
 22602 41458 50301 11147 21165 39923 40164 57004 77072 83530 555  
 1/116=
 22621 83/59 /0000 11152 21168 30023 40173 57003 555   1////=
 22619 41498 80702 11124 21138 39990 40158 57003 70282 885// 333  
 88614 555   1/112=
 22721 41497 81201 11098 21110 30057 40160 57002 70282 887// 333  
 86710 555   1/111=
 22727 86469 /0602 11065 21075 30098 40148 57003 555   1////=
 22717 83/67 /0601 11110 21124 39934 40141 57001 555   1////=
 22802 41496 80503 11077 21090 30099 40123 54000 78582 889// 333  
 88916 555   1/108=
 22820 42598 81102 11083 21100 30003 40145 57002 8655/ 333   86627
 555   1/109=
 22831 41696 81001 11080 21095 30108 40166 54000 77172 885// 333  
 88641 555   1/108=
 22805 815// 80704 11050 21057 30087 40113 57003 77172 885// 555  
 1/105=
 22912 41950 81104 11062 21078 30109 40125 57002 77172 8802/ 555  
 1/107=
 
