18:31:01 MSK 07.07.2023
020 123456/=о000=1531
 уйту01 бтул 071500
 22686 62598 73204 10166 20100 30070 40165 58004 60002 82285 333 10179
 555 50153 53012=
 22695 12598 63104 10162 20089 30005 40150 58002 69902 82131 333 10166
 555 50145 53012=
 22996 62998 73301 10230 20115 39982 40154 57011 60002 85075 333 10257 555 50194 53009=
 23220 11498 72201 10157 20121 39927 40060 58004 69902 78082 86930 333 10210 555 50158 53008=
 23226 11560 71406 10174 20133 39858 40059 52005 60052 72582 86940 333 
 10185 86928 555 50149 53008=
 23305 12599 82905 10132 20100 30111 40138 51008 60002 885// 333 10139
 91112 555 50132 53013=
 23320 76/// /2702 10131 20090 30029 40098 52010 333 60002 555 50151 53011=
 23324 11581 72802 10134 20103 30016 40090 52011 69932 72522 87900 333
 10188 86623 555 50156 53010=
 23405 12574 82902 10127 20096 30051 40146 52010 60002
 8555/ 333 10137 85625 91110 555 50128 53011=
 23410 76/// /2606 10116 20095 30013 40106 52007 333 60002 91110=
 23411 11599 82804 10122 20101 30035 40120 52012 69992 70252
 885// 333 10141 91111 555 50131 53013=
 23412 11499 83004 10119 20101 30018 40111 52009 69982 70282 883// 333 10144 83919 91110 555 50133 53011=
 23416 NIL=
 23418 12565 72802 10140 20093 30044 40114 52006 60012 87500 
 333 10157 87632 555 50147 53009=
 23503 12598 83003 10137 20084 30095 40143 51013 60002 885// 333 10163 88628 555 50141 53011=
 23507 66/// /3202 10145 20084 39859 40155 52004 60002 333 10149 555 50134 53010=
 23509 12598 63003 10164 20079 30070 40144 52009 69902 86900 333 10179
 86921 555 50150 53011=
 23514 12697 73002 10145 20092 39948 40135 52007 60092 86930 333 10158 85933 555 50137 53011=
 23518 11698 73104 10147 20091 30036 40123 51010 60022 70282 86970 333
 10173 84647 91111 555 50144 53011=
 23606 12662 82902 10160 20095 39988 40146 52011
 60002 8243/ 333 10186 555 50148 53010=
 23701 12699 73602 10169 20109 30040 40163 56001 69902 85981 333 10181
 555 50149 53011=
 23704 76/// /3402 10186 20118 39926 40039 55004 333 60002=
 23707 62598 70102 10198 20129 30028 40152 52001 69902 87900 333 10223 85629 555 50173 53008 =
 23708 12598 73203 10185 20094 30020 40160 51007 69902 84931 333 10212
 91110 555 50163 53011=
 23709 12698 23104 10183 20080 39973 40154 51006 69902 82400 333 10207
 91111 555 50158 53014=
 23711 12498 62702 10178 20103 39977 40136 52006 60012 84970 333 10195 555 50156 53009=
 23803 12599 63302 10204 20113 39987 40155 52006 60032 85901 333 10213
 555 50162 53012=
 23804 62997 80000 10214 20138 30015 40150 58006 69902 85031 333 10227 555 50178 53008=
 23807 12598 72702 10228 20112 30004 40153 57008 60002 82109 333 10244
 555 50177 53012=
 23808 66/// /3001 10219 20126 30001 40157 58005 60002 333 10229=
 23812 11597 33204 10186 20099 39989 40142 52007 60012 70181 83400 333
 10213 555 50170 53011=
 23904 12670 82702 10237 20096 30012 40157 57008 60002 81505 333 10252
 555 50189 53010=
 23905 62599 72802 10232 20096 39945 40156 57005 60002 82405 333 10247
 555 53009=
 23909 62598 82901 10225 20104 39926 40154 57003 60002 83575 333
 10249=
 23912 62598 33103 10215 20122 39967 40146 58002 60002 82801 333 10237
 555 53013=
 23913 61599 73001 10178 20138 39935 40151 50008 69952 70282 87500 333
 10234 91110 555 53013=
 23914 62499 63103 10225 20099 39908 40146 57001 60002 85540 333 10234
 91111=
 28013 62598 72703 10231 20083 39939 40153 57004 60002 82405 333 10249
 555 53010=
 28016 62599 83202 10235 20114 39950 40158 57006 60002 82505 333 10253
 555 53010=
 28029 62699 52903 10241 20091 39947 40149 57001 60002 82101 333 10261
 555 53009=
 28116 62599 73102 10244 20108 39946 40159 57005 60002 81105 333 10262
 91111=
 28128 62999 73002 10247 20108 30017 40159 57004 60002 80004 333 10259
 555 53008=
 28134 62898 82901 10238 20102 39829 40153 57004 60002 82081 333 10249
 555 53007=
 28138 12599 52903 10214 20076 39625 40152 57001 60002 85500 333
 10236=
 28216 62999 82902 10248 20091 39890 40164 57006 60002 80005 333 10265
 91111 555 53011=
 28222 62598 80000 10241 20123 39982 40162 57003 60002 83101 333 10266
 555 53007=
 28224 62670 63302 10252 20094 39965 40161 57004 60002 82101 333
 10268=
 28234 62599 63002 10247 20063 39901 40158 58002 60002 81102 333 10263
 555 53010=
 28238 62599 52702 10229 20078 39879 40160 52003 60002 81101 333 10255
 91110 555 53012=
 28313 62998 32902 10257 20095 39991 40168 57005 60002 80001 333 10278
 555 53009=
 28319 62898 63001 10268 20101 30020 40170 57006 60002 85051 333
 10284=
 28321 62999 53203 10262 20090 39976 40163 57005 60002 80001 333
 10281=
 28324 62599 73002 10267 20087 30055 40166 57006 60002 87400 333 10279
 555 53009=
 28326 62898 63301 10263 20087 39988 40159 57004 60002 82031 333 10284
 555 53009=
 28413 62999 63003 10274 20088 30060 40172 57008 60002 80004 333 10285
 555 53007=
 28428 62999 63202 10264 20075 39998 40168 57004 60002 80001 333 10285
 555 53008=
 28429 62998 33002 10251 20078 39787 40166 54001 60002 80001 333 10267
 555 53009=
 22983 12998 80000 10230 20134 30056 40153 57012 60002 86075 333 10253
 91001 91105 555 50188 53008=
 27083 12999 62101 10233 20135 39948 40154 57011 60002 80009 333 10254
 91002 91105 555 50192 53007=
 27097 12998 80000 10231 20162 39918 40161 57015 60002 86071 333 10254
 91000 91106 555 50196 53007=
 27185 12998 71601 10262 20156 39990 40158 57016 60002 82019 333 10273
 91003 91105 555 50200 53006=
 27199 12698 52401 10266 20132 39984 40165 57014 60002 81105 333 10269
 91002 91106 555 50203 53008=
 27281 12582 71803 10265 20142 39966 40156 57016 60002 81269 333 10279
 91005 91106 555 50209 53006=
 27283 12598 71901 10268 20147 30020 40163 57015 60002 81231 333 10281
 91003 91106 555 50207 53006=
 27295 12998 71901 10276 20103 39937 40168 57012 60002 80004 333 10285
 91002 91106 555 50212 53008=
 27296 12998 82801 10268 20107 39967 40167 57015 60002 80001 333 10276
 91003 91105 555 50210 53007=
 27385 126// 62202 10282 20131 30050 40167 57012 60002 82131 333 10293
 91003 91105 555 50206 53007=
 27393 12598 22801 10272 20119 30019 40175 57011 60002 81101 333 10282
 91002 91107 555 50211 53009=
 27480 12998 21501 10293 20134 30049 40166 57013 60002 80009 333 10301
 91002 91104 555 50214 53005=
 28007 12999 82502 10240 20110 39922 40164 57010 60002 83035 333 10257
 91004 91106 555 50201 53009=
 28009 12998 82701 10248 20085 39967 40161 57008 60002 80009 333 10266
 91003 91106 555 50198 53009=
 28105 12598 70000 10243 20107 39989 40167 57011 60002 87500 333 10275
 91000 91107 555 50201 53010=
 28202 12980 83201 10247 20125 39963 40167 57010 60002 80004 333 10267
 91002 91106 555 50210 53008=
 28302 12998 83601 10268 20096 39960 40170 57011 60002 80009 333 10278
 91002 91107 555 50214 53008=
 28307 12998 63001 10274 20123 30041 40173 57011 60002 80001 333 10292
 91002 91105 555 50217 53006=
 28402 12998 52401 10273 20117 30008 40173 57012 60002 80005 333 10286
 91003 91105 555 50225 53007=
 28502 12998 73601 10285 20103 30081 40176 55011 60002 80005 333 10292
 91002 91106 555 50228 53007=
 22550 62697 73402 10165 20099 30156 40165 57009 60002 86530 333 10182
 86638 555 50150 53005=
 22778 12598 83501 10238 20125 30085 40149 57009 60002 82802 333 10250
 555 50189 53007=
 22889 12598 82601 10230 20132 30074 20154 57010 60002 8245/ 333 10247
 555 50180 53008=
 22762 62998 63601 10220 20134 30114 40150 56010 60002 80079 333 10242
 555 50183 53005=
 22638 46/// /0502 10195 20110 39938 40150 57007=
 22671 12698 70502 10159 20098 30086 40161 57010 60002 86530 333 10181
 86637 555 50139 53006=
 22456 12597 80000 10139 20088 30082 40166 57003 60002 885// 333 10155
 555 50129 53006=
 22583 12598 83301 10145 20095 30086 40163 54000 69902 888// 333
 10155 555 50138 53008=
 22749 NIL=
 22951 12898 80101 10188 20137 39877 40141 57013 60002 8802/ 333 10235
 555 50163 53005=
 22887 12999 80000 10235 20148 30084 40149 57011 60002 86031 
 333 10247 555 50192 53008=
 22876 12997 82101 10235 20119 30080 40149 57013 60002 82039 333 10250
 555 50191 53009=
 22481 12698 83102 10137 20081 30114 40165 51001 60002 885// 333 10148
 555 50117 53010=
 22854 12699 81302 10222 20116 39869 40137 57011 60002 8555/ 333 10246
 85643 555 50179 53006=
 22781 NIL=
 22676 12698 63501 10166 20100 30085 40159 57008 60002 82442 333 10183
 555 50148 53008=
 22648 NIL=
 22559 62598 73201 10168 20112 30152 40167 58010 60002 85930 333 10186
 555 50158 53003=
 22869 12997 81001 10230 20134 30009 40147 57013 60002 8007/ 333 10251
 555 50187 53004=
 22768 12697 61902 10245 20104 30096 40142 57012 60002 82531 333 10253
 555 50196 53006=
 22798 12598 80000 10217 20121 30046 40151 58006 60002 83831 333 10236
 555 50176 53006=
 22375 46/// /3004 10096 30154 40169 52001=
 23207 11499 83104 10106 20084 30115 40137 52009 69902 70252 886// 333
 10119 91110 555 50110 53012=
 23215 NIL=
 23219 NIL=
 27095 NIL=
 22408 22684 81601 10208 20107 30009 40149 57004 8337/ 333   60002=
 22511 21558 82201 10170 20149 30041 40156 52003 78082 8491/ 333  
 69932=
 22529 22599 70601 10163 20111 30157 40163 57005 85832 333   60002
 85629=
 22602 21458 81101 10157 20142 39937 40151 57008 78082 889// 333  
 60042 88910=
 22621 73967 /3302 10180 20138 30022 40154 57004 333   60002=
 22619 21462 80000 10167 20149 39999 40150 57004 76086 8357/ 333  
 60012=
 22721 21597 83101 10180 20157 30055 40148 57006 78082 8695/ 333  
 69942 85920=
 22727 76970 /1101 10198 20143 30099 40144 57005 333   60002=
 22717 73/69 /0101 10164 20147 39961 40145 57006 333   60012=
 22802 21680 80901 10176 20158 30124 40146 57006 70282 889// 333  
 60012 88941=
 22820 21963 80201 10191 20139 30014 40143 57007 76062 8002/ 333  
 60002=
 22831 22698 73101 10236 20117 30080 40131 57011 82531 333   60002=
 22805 21498 80000 10151 20139 30127 40146 57004 70262 885// 333  
 69952=
 22912 22599 82901 10195 20156 30125 40139 57006 8257/ 333   69902=
 
