18:31:00 MSK 06.03.2023
020 123456/=о000=1531
 уйту01 бтул 061500
 22686 12998 20000 11153 21167 39926 40031 53010 69902 80001 333 11063 555 51189 53003=
 22695 12998 20704 11103 21160 39860 40018 52009 60002 82030 333 11075
 555 51168 53006=
 22996 12998 80000 11068 21106 39826 40016 52013 69902 8807/ 333 11048
 555 51091 53004=
 23220 12999 32502 11276 21306 39894 40051 52015 60002 82031 333 11191 555 51225 53007=
 23226 11932 20201 11268 21293 39819 40055 52015 60002 70500 80001 333 
 11206 555 51246 53006=
 23305 12999 30202 11179 21195 30048 40077 52015 69902 80005 333 11125
 555 51137 53005=
 23320 76/// /0402 11256 21286 39987 40067 52019 333 60002 555 51295 53003=
 23324 12982 23602 11263 21290 39985 40070 52019 60002 80001 333 11174
 555 51263 53005=
 23405 12997 50502 11140 21153 39955 40060 52010 
 60002 80001 333 11104 555 51145 53003=
 23410 76/// /3303 11204 21227 39963 40068 53019 333 60002=
 23411 12999 10304 11165 21182 39977 40072 52017 60002 80001 333 11136
 555 51194 53007=
 23412 12999 20303 11188 21213 39967 40071 52020 60002 80001 333 11131 555 51200 53007=
 23416 NIL=
 23418 12965 13203 11184 21210 39978 40057 52017
 60002 80001 333 11164 555 51242 53005=
 23503 12998 20201 11227 21253 30006 40061 52014 60002 80005 333 11120 555 51263 53006=
 23507 NIL=
 23509 12998 13501 11149 21175 39964 40047 52016 60002 80001 333 11091
 555 51227 53005=
 23514 12997 20102 11163 21188 39841 40049 52017 60002 80001 333 11107 555 51193 53006=
 23518 12997 33502 11190 21209 39938 40036 52016 60002 80009 333 11110
 555 51215 53006=
 23606 12960 00101 11140 21167 39855 40036 52015 
 60002 333 11090 555 51177 53006=
 23701 12982 20101 11172 21185 39900 40038 52012 60002 82030 333 11087
 555 51194 53005=
 23704 76/// /0000 11145 21161 39926 40039 55004 333 60002=
 23707 62998 50202 11144 21170 39884 40023 52011 69902 85030 333 11076 555 51148 53004 7000/=
 23708 12984 20102 11125 21152 39870 40026 52014 60002 80031 333 11075
 555 51143 53004=
 23709 12998 33602 11115 21144 39826 40026 52020 60002 82031 333 11074
 555 51145 53004=
 23711 12998 73301 11116 21150 39849 40025 52018 69902 83035 333 11091 555 51146 53005=
 23803 12999 20201 11111 21142 39841 40027 53018 60002 82030 333 11057 555 51122 53004=
 23804 62997 72401 11125 21147 39869 40020 52013 69902 83032 333 11070 555 51127 53004=
 23807 12997 72601 11081 21108 39853 40019 52012 60002 87070 333 11068
 555 51114 53004=
 23808 66/// /2101 11088 21102 39850 40022 52016 60002 333 11068=
 23812 11996 73601 11092 21112 39848 40015 5//// 69922 77172 87070 333
 11042 555 51/// 53005=
 23904 11580 80000 11083 21092 39859 40020 52013 69922 70282 883// 333
 11050 86920 555 51089 53004=
 23905 12599 80000 11069 21084 39788 40020 52018 60002 885// 333 11050
 555 53004=
 23909 11597 82701 11060 21070 39767 40015 52020 69942 78582 8637/ 333
 11046=
 23912 11598 80000 11058 21072 39814 40009 52023 69902 70282 885// 333
 11030 555 53004=
 23913 11597 73301 11063 21083 39773 40006 52024 69902 78582 87900 333
 11012 555 53006=
 23914 11497 82802 11065 21076 39748 40009 52021 69922 78582 86905 333
 11048=
 28013 11597 83001 11055 21074 39780 40014 52021 69922 78582 889// 333
 11044 555 53004=
 28016 11597 83101 11046 21070 39789 40017 52022 69952 78582 889// 333
 11029 555 53006=
 28029 11596 82602 11037 21054 39789 40009 52026 69902 78582 8697/ 333
 11024 555 53005=
 28116 11496 82901 11039 21049 39780 40012 52020 69932 77172 8872/ 333
 11019 555 53006=
 28128 11596 81201 11033 21053 39862 40016 52023 69962 77072 8802/ 333
 11015 555 53005=
 28134 11598 82401 11044 21062 39663 40017 52029 60022 70272 885// 333
 11025 555 53004=
 28138 11599 72603 11051 21066 39442 40013 52028 60022 70282 87300 333
 11043=
 28216 11596 82603 11044 21064 39724 40024 52022 69972 77172 8872/ 333
 11022 555 53008=
 28222 11596 80000 11032 21048 39823 40019 52025 60012 77172 8672/ 333
 11014 555 53006=
 28224 11538 82502 11024 21037 39807 40020 52025 69992 78687 889// 333
 11016=
 28234 11596 82202 11030 21047 39741 40020 52027 60022 77172 885// 333
 11022 555 53008=
 28238 11496 82302 11031 21053 39717 40022 52027 69972 77187 8872/ 333
 11014 91111 555 53012=
 28313 11598 82401 11027 21060 39834 40027 52019 69942 70282 885// 333
 11011 555 53008=
 28319 12598 82301 11027 21047 39870 40034 52018 69902 885// 333
 11007=
 28321 11599 72402 11027 21050 39820 40024 52022 69952 72682 83910 333
 11016=
 28324 11596 82302 11018 21057 39909 40030 52019 69902 78582 889// 333
 11009 555 53010=
 28326 11598 72202 11026 21053 39840 40027 52026 69932 72683 87300 333
 11013 555 53011=
 28413 11596 82002 11021 21046 39913 40036 52017 69922 78582 8733/ 333
 11001 555 53009=
 28428 11595 82204 11023 21047 39857 40043 52018 69942 78682 889// 333
 11014 555 53011=
 28429 11598 72304 11039 21050 39630 40045 52017 60022 72682 86930 333
 11031 555 53012=
 22983 12598 70000 11117 21130 39910 40019 52008 69902 83530 333 11071
 91001 91102 555 51113 53003=
 27083 11559 80000 11064 21096 39786 40012 52010 69902 77172 887// 333
 11052 91000 91102 555 51087 53003=
 27097 11497 80000 11067 21081 39751 40018 52011 69922 78582 8797/ 333
 11043 91000 91103 555 51082 53005=
 27185 11597 80000 11055 21074 39830 40017 52008 69922 77172 885// 333
 11028 91000 91102 555 51060 53004=
 27199 11998 80000 11061 21083 39821 40022 52009 69902 77172 8807/ 333
 11056 91001 91103 555 51062 53005=
 27281 11482 80101 11061 21091 39805 40016 52005 69902 70272 885// 333
 11038 91002 91105 555 51059 53005=
 27283 12597 82000 11057 21081 39858 40019 52006 69902 885// 333 11037
 91001 91104 555 51059 53006=
 27295 12997 31101 11090 21108 39767 40026 52006 69902 80009 333 11060
 91001 91103 555 51065 53005=
 27296 12997 80000 11067 21091 39801 40023 52009 69912 8807/ 333 11063
 91000 91104 555 51057 53006=
 27385 115// 70401 11044 21071 39885 40015 52006 69922 77072 85530 333
 11009 91002 91102 555 51038 53004=
 27393 11598 61201 11061 21071 39855 40029 52007 69922 70272 86971 333
 11041 91001 91104 555 51044 53007=
 27480 11410 80701 11037 21053 39887 40016 52005 60022 78682 889// 333
 11010 91001 91102 555 51030 53003=
 28007 11497 81901 11059 21076 39753 40019 52014 60022 77172 8802/ 333
 11040 88512 91002 91103 555 51066 53005=
 28009 11496 80000 11050 21069 39808 40021 52016 69982 78582 889// 333
 11029 91000 91103 555 51050 53003=
 28105 11997 82302 11065 21092 39819 40023 52012 69932 77172 8802/ 333
 11053 91003 91104 555 51057 53005=
 28202 11596 83201 11070 21094 39801 40027 52014 69902 77172 885// 333
 11047 91002 91104 555 51044 53006=
 28302 12598 82301 11057 21081 39795 40027 52009 69902 8457/ 333 11042
 91001 91106 555 51038 53006=
 28307 11497 80000 11038 21061 39877 40023 52007 69922 78582 87901 333
 11020 91000 91102 555 51042 53007=
 28402 11698 81601 11045 21063 39845 40026 52006 69902 70272 86531 333
 11022 91002 91105 555 51035 53006=
 28502 11596 72601 11049 21060 39926 40031 52006 60022 71082 87900 333
 11008 91001 91105 555 51037 53011=
 22550 62997 61001 11097 21140 39994 40004 57001 60002 86030 333 11072
 555 51165 53003=
 22778 11998 31301 11128 21147 39943 40016 52006 69902 70280 83070 333 11068 555 51124 53004=
 22889 12998 10000 11152 21173 39932 40023 52010 69902 81040 333 11047
 555 51130 53002=
 22762 12997 20000 11142 21161 39969 40010 52002 69902 80039 333 
 11070 555 51167 53004=
 22638 46/// /1001 11113 21145 39749 49982 57004=
 22671 12998 10000 11171 21163 39934 40017 52002 60002 333 11086 555
 51171 53001=
 22456 11496 81201 11086 21099 39919 40009 52005 69962 78582 889// 333
 11067 555 51152 53003=
 22583 11998 60000 11163 21177 39950 40036 52008 69942 70228 82071 333 
 11073 555 51125 53002=
 22749 NIL=
 22951 11597 81801 11083 21104 39706 49994 52001 69942 77172 8557/ 333
 11074 555 51103 53006=
 22887 12999 20000 11133 21153 39942 40016 52005 69902 81031 
 333 11077 555 51154 53004=
 22876 12997 71101 11136 21148 39940 40018 53005 60002 333 11086 87030
 555 51168 53002=
 22481 12998 31002 11124 21142 39981 40037 52008 69922 82031 333 11074
 555 51103 53007=
 22854 11497 81702 11080 21099 39698 49993 52003 69932 77172 8677/ 333
 11074 86710 555 51110 53004=
 22781 NIL=
 22676 12898 21001 11123 21149 39937 40018 52005 69922 82040 333 11046
 555 51128 53003=
 22648 NIL=
 22559 12998 20602 11103 21134 39992 40009 54000 60002 80030 333 11063 555 51162 53002=
 22869 12997 50101 11081 21130 39855 40007 52003 60002 80071 333 11020
 555 51135 53003=
 22768 12697 60501 11124 21156 39955 40007 54000 60002 83530 333 11088 555 51188 53004=
 22798 12998 30501 11140 21160 39905 40023 52010 60002 82031 333 11069
 555 51154 53003=
 22375 46/// /0904 11163 30015 40031 52003=
 23207 12999 80602 11219 21241 30055 40080 52013 69902 80005 333 11140
 555 51148 53006=
 23215 NIL=
 23219 NIL=
 27095 76/// /0000 11062 21071 39795 40027 52013 333 60002 555 51079 53004=
 22408 22499 30501 11124 21150 39826 49981 57007 82530 333   60002=
 22511 22698 30801 11114 21148 39849 49974 57007 81579 333   60002=
 22529 22999 11002 11125 21138 39977 49984 57007 80002 333   60002=
 22602 22477 60802 11098 21134 39727 49959 57003 86500 333   60002
 86617=
 22621 73/67 /0901 11117 21159 39830 49975 57006 333   60002=
 22619 22982 71102 11133 21158 39798 49964 57005 87050 333   60002=
 22721 21596 81101 11086 21111 39863 49964 57006 77072 8651/ 333  
 69902 86620=
 22727 76/17 /1202 11067 21081 39908 49957 57004 333   69982=
 22717 73/50 /1001 11079 21096 39751 49948 54000 333   69962=
 22802 21440 81001 11058 21072 39914 49938 57003 78582 889// 333  
 69992 85916=
 22820 21558 81103 11066 21082 39813 49951 57004 77172 8752/ 333  
 69992 87628=
 22831 22498 71102 11058 21090 39912 49968 52002 87900 333   69922
 87918=
 22805 21595 81003 11040 21046 39913 49933 57008 77172 8652/ 333  
 60012=
 22912 22599 71202 11047 21069 39933 49948 52001 87500 333   60022
 87623=
 
