06:31:00 MSK 29.12.2023
020 123456/=о000=0331
 уйту01 бтул 290300
 22686 11998 33101 11153 21170 39894 49999 58006 69922 72271 81035 333 21153 47043 55000 555 53005 7002/=
 22695 11597 82901 11134 21159 39821 49981 57006 69922 77172 8252/ 333
 21139 47044 555 53007 7001/=
 22996 11996 73502 11130 21136 39764 49957 52006 60022 77172 87010 333 21130 47035 55000 555 53004 7004/ 91204=
 23220 12599 61305 11083 21113 39881 40025 53001 60002 73632 82530 333
 21083 47015 55000 91111 555 53011 7000/=
 23226 12960 61006 11075 21124 39813 40033 58003 60002 86010 333 21078 
 47012 91110 555 53011 7000/=
 23305 11557 83503 11162 21177 39982 40011 57008 69922 77172 885// 333
 21212 47024 555 53005 7992/=
 23320 76/// /0902 11140 21145 39920 49996 57004 333 21146 60002 555 53007 7000/=
 23324 12984 60604 11088 21106 39928 40007 56001 60002 80008 333 21161
 49024 55000 555 53007 7000/=
 23405 11496 82602 11162 21181 39895 49999 57009
 69922 77172 8352/ 333 21166 47035 55000 555
 53008 7992/=
 23410 76/// /0304 11125 21144 39885 49986 57005 333 21125 60002 555 7000/=
 23411 12999 80204 11137 21149 39899 49992 57004 69952 80007 333
 21143 47039 555 53009 7995/ 91209=
 23412 12999 20504 11127 21142 39886 49987 57004 60002 80001 333 21132 47035 55000 555 53007 7000/=
 23416 NIL=
 23418 12665 60000 11217 21235 39902 49981 57006 60002 85530
 333 21218 47039 55000 85646 555 53004 7000/=
 23501 NIL=
 23503 11398 83601 11141 21161 39937 49989 57006 69902 77072 8672/ 333 21278 47036 86707 555 53002 7990/ 91205=
 23507 86/// /0102 11139 21148 39669 49992 57006 333 21148 555 53006=
 23509 11997 80000 11152 21169 39902 49984 57005 69942 77172 8802/ 333
 21214 48048 555 53003 7998/=
 23514 11997 33601 11218 21235 39777 49989 57001 69902 70271 81015 333 21229 47060 55000 555 53003 7990/=
 23518 11996 83501 11156 21175 39878 49974 57004 69902 77172 8801/ 333
 21157 48034 55000 555 53005 7990/ 91206=
 23606 11460 83602 11170 21184 39802 49977 57004 69982 77172 8452/ 333 21174 47048 55000 84616 555 53005 7003/=
 23612 11456 83601 11141 21156 39826 49966 57006 69932 77172 8552/ 333 21152 47030 85614  555 53003 7993/=
 23701 11962 73501 11149 21162 39851 49987 54001 69922 77072
 86015 333 21149 47041 555 51113 53006 7003/ 91206=
 23704 76/// /0101 11131 21135 39264 49379 58060 333 21160 60002 555 51114 7000/=
 23707 61997 80202 11131 21146 39830 49968 57001 69902 77177 8802/ 333 21147 47033 55000 555 53005 7002/=
 23708 12983 83503 11142 21162 39808 49964 57003 60012 8007/ 333 21142
 48041 555 53006 7005/ 91206=
 23709 11996 83502 11133 21155 39757 49957 57003 69922 77172 8802/ 333 21142 47045 555 53005 7002/ 91205=
 23711 12998 23301 11203 21225 39779 49960 57006 69952 80005 333 21203
 47047 55000 555 53003 7998/=
 23803 11997 80102 11137 21162 39770 49957 57004 69992 77172 8802/ 333 21148 47041 55000 555 53003 7003/=
 23804 61997 83601 11137 21151 39810 49961 52001 60012 70272 8805/ 333 21141 47035 55000 555 53004 7003/=
 23807 11996 83502 11149 21155 39795 49964 52004 60012 77172 8802/ 333
 21152 47025 55000 555 53005 7003/=
 23808 66/// /2901 11164 21171 39780 49957 54001 60002 333 21188 555 7000/=
 23812 11997 40000 11219 21246 39783 49958 57005 69932 70171 83022 333
 21219 47051 555 53001 7001/=
 23904 11958 83401 11143 21153 39790 49953 52004 60022 77172 8802/ 333
 21145 47031 555 53003 7003/=
 23905 11896 83201 11137 21153 39704 49940 57003 60022 77172 8802/ 333
 21151 47040 555 53003 7003/=
 23909 11896 80000 11137 21152 39683 49937 57008 60022 77172 8801/ 333
 21142 47040 55000=
 23912 11897 80000 11198 21219 39744 49948 56009 69932 77172 85025 333
 21221 47040 555 53002 7998/=
 23913 11999 73201 11238 21268 39712 49959 57010 69922 70272 80005 333
 21240 47039 55000 555 53005 7997/=
 23914 11895 80000 11150 21168 39674 49941 57008 69962 77372 8802/ 333
 21152 47046 55009=
 28013 11896 81001 11135 21156 39696 49935 57010 60022 77172 8801/ 333
 21135 47038 555 53004 7002/=
 28016 11897 80000 11142 21151 39701 49934 57012 60022 77172 8801/ 333
 21142 47040 555 53003 7002/=
 28029 11896 83401 11121 21136 39703 49929 57014 69962 77172 8802/ 333
 21134 47040 55005 555 53003 7001/=
 28116 11896 82401 11143 21161 39695 49935 57014 60012 77172 8801/ 333
 21159 47037 55000=
 28128 11896 82201 11126 21142 39775 49934 57015 60012 77172 8802/ 333
 21135 47034 55000 555 53003 7001/=
 28134 11998 70000 11198 21218 39569 49941 57015 69932 70272 80005 333
 21209 47062 555 53002 7997/=
 28138 12599 60101 11218 21243 39342 49946 57006 60002 86500 333 21242
 47057 55010=
 28216 11896 82703 11128 21144 39634 49942 57014 60012 77172 8802/ 333
 21152 47036 555 53004 7001/=
 28222 11897 80000 11141 21157 39735 49937 57013 69982 77172 8801/ 333
 21141 47027 555 53003 7998/=
 28224 11829 82701 11131 21150 39716 49937 57015 69992 77372 8802/ 333
 21137 47030 55000=
 28234 11596 81501 11159 21182 39648 49939 56013 69942 77172 8852/ 333
 21167 47032 555 53004 7006/=
 28238 11896 82302 11189 21215 39621 49942 58009 69932 77172 8802/ 333
 21201 47044 55000 555 53003 7995/=
 28313 11896 82202 11130 21148 39751 49950 58002 69972 77172 8802/ 333
 21160 47037 555 53003 7001/=
 28319 11896 82602 11133 21148 39789 49960 57012 69952 77177 8802/ 333
 21159 47034=
 28321 11896 62201 11144 21161 39735 49947 57013 60012 77172 86010 333
 21151 47033=
 28324 11896 82601 11129 21145 39825 49950 57013 60022 77172 8802/ 333
 21157 47036 93503 555 53005 7002/=
 28326 11596 82001 11152 21166 39749 49945 57010 60032 77172 8802/ 333
 21152 47029 55000 555 53004 7003/=
 28413 11596 82603 11094 21114 39838 49963 57010 60012 77172 8657/ 333
 21103 47029 555 53007 7002/=
 28428 41896 82701 11129 21150 39767 49959 57005 69922 77172 8807/ 333
 21129 47037 555 53003 7995/=
 28429 11895 82502 11138 21154 39527 49954 57003 69942 77372 8802/ 333
 21146 47047 555 53008 7999/=
 22983 11974 83001 11122 21138 39871 49980 52005 69972 77172 8807/ 333
 21122 47029 55000 91002 91105 555 53005 7003/=
 27083 11456 83302 11104 21121 39735 49963 52004 60022 77172 887// 333
 21104 47032 91003 91105 555 53005 7004/=
 27097 11997 82903 11104 21110 39691 49960 57002 60022 77172 8802/ 333
 21104 47036 91005 91106 555 53006 7004/=
 27185 12598 82802 11098 21115 39787 49976 57004 60012 885// 333 21099
 47033 91005 91106 555 53006 7002/=
 27199 11996 82802 11100 21115 39761 49963 57005 60022 77173 8802/ 333
 21102 55000 91005 91106 555 53007 7003/=
 27281 11957 82903 11086 21101 39774 49986 57007 60012 77172 8807/ 333
 21089 47033 91006 91106 555 53010 7002/=
 27283 11996 82903 11099 21115 39817 49978 57006 60012 77172 8807/ 333
 21099 47036 91004 91107 555 53008 7001/=
 27295 11596 82403 11100 21118 39717 49976 57008 60022 77172 8802/ 333
 21100 47036 91005 91106 555 53007 7002/=
 27296 11997 82803 11097 21118 39742 49966 57007 60022 77172 8802/ 333
 21100 55000 91007 91107 555 53008 7003/=
 27385 115// 82803 11082 21102 39861 49993 57008 69952 77072 8257/ 333
 21082 47031 91005 91106 555 53008 7995/=
 27393 11598 62504 11101 21118 39803 49979 57008 69962 70272 82541 333
 21106 47033 55001 91006 91107 555 53007 7001/=
 27480 11496 82501 11072 21091 39875 40006 57011 69962 78582 889// 333
 21082 47042 91002 91105 555 53006 7996/=
 28007 12999 63102 11113 21130 39680 49949 57003 60022 86030 333 21113
 47039 55000 91003 91104 555 53005 7003/=
 28009 11996 80000 11131 21153 39723 49941 57006 60022 77172 8801/ 333
 21150 47038 91001 91102 555 53002 7002/=
 28105 11997 82602 11104 21119 39753 49951 56005 60012 77172 8802/ 333
 21105 47040 91003 91105 555 53005 7002/=
 28202 11996 82802 11107 21127 39723 49950 56008 60022 77172 8801/ 333
 21115 47045 91004 91107 555 53007 7003/=
 28302 11996 82602 11102 21120 39726 49961 57009 60022 77172 8802/ 333
 21138 47034 91004 91104 555 53004 7002/=
 28307 11997 82502 11090 21113 39833 49981 57007 69982 77172 8807/ 333
 21093 47035 91004 91106 555 53007 7001/=
 28402 11465 72503 11091 21106 39793 49977 57006 60022 77172 85525 333
 21095 48033 91005 91107 555 53007 7003/=
 28502 11997 82706 11077 21105 39882 49988 57007 60002 73632 8802/ 333
 21101 48023 55003 91008 91110 555 53010 7990/=
 22550 11970 20101 11147 21150 30015 40026 57002 69932 70282 82030 333
 21149 47040 55000 555 53004 7001/=
 22778 11596 80201 11129 21145 39928 40001 57001 69942 78582 8597/ 333
 21138 47035 55000 85921 555 53006 7002/=
 22889 11996 82902 11137 21146 39890 49980 52003 60012 77272 880// 333
 21157 47027 555 53008 7005/=
 22762 12997 00000 11192 21207 39976 40018 54001 69952 333 21192 47043
 93402 555 53005 7002/ 91206=
 22638 46/// /2700 11137 21170 39790 40026 57009=
 22671 11396 80101 11118 21129 39929 40011 57004 69922 78582 889// 333
 21136 47048 55000 86708 555 53006 7002/=
 22456 11496 80501 11115 21136 39943 40034 56003 69902 78582 889// 333
 21115 47054 555 53003 7993/=
 22583 11598 83301 11133 21150 39924 40008 57002 69922 70282 82970 
 333 21133 47051 55000 555 53004 7996/=
 22749 NIL=
 22951 11897 82701 11100 21110 39731 40023 57012 60022 77172 8802/ 333
 21100 47038 555 53005 7002/=
 22887 11596 83102 11102 21115 39917 49990 52003 60012 78582 8695/
 333 21142 47024 55000 86922 555 53006 7003/=
 22876 11996 83001 11105 21111 39918 49993 54001 60012 77172 8802/ 333
 21116 47032 555 51079 53007 7003/ 91207=
 22481 12998 10000 11222 21242 39973 40030 57006 69902 81030 333 21225
 47040 555 53004 7992/=
 22854 11397 83201 11107 21117 39722 40021 58008 60012 77172 8577/ 333
 21107 47040 55000 85709 555 53007 7002/=
 22781 NIL=
 22676 11896 73402 11168 21187 39926 40008 54000 69902 77071 87070 333
 21171 47038 555 53004 7002/=
 22648 NIL=
 22559 12998 52901 11183 21201 30012 40029 57003 60002 83031 333 21184
 47042 55000 555 53005 7000/ 91205=
 22869 11497 73002 11096 21108 39856 40009 57003 60012 78588 87900 333
 21096 47031 86915 555 53007 7002/ 91207=
 22768 11597 50601 11114 21127 39954 40006 57001 60012 77187 82538 333
 21114 47036 55000 93107 555 53005 7002/=
 22798 11597 83401 11108 21116 39860 49976 54001 69942 78582 889// 333
 21135 47037 555 53004 7003/=
 22375 46/// /0403 11144 21160 30022 40038 57008=
 23207 12499 62501 11197 21218 30000 40024 57010 60002 86600 333 21246
 47036 55000 555 53005 7000/=
 23215 NIL=
 23219 NIL=
 27095 76/// /3401 11102 21102 39733 49968 55000 333 21102 60002 555 53005 7000/=
 22408 21342 83501 11137 21151 39881 40038 57006 77172 8872/ 333  
 21258 55000 69922 88507 93604 555   7992/=
 22511 21477 80000 11144 21161 39907 40035 57006 77172 8271/ 333  
 21186 69902 93502 555   7990/=
 22529 21496 82902 11090 21101 30013 40020 57008 77172 8872/ 333  
 21109 69992 88513 555   7999/=
 22602 21458 80000 11094 21105 39796 40029 57008 77172 885// 333  
 21114 55000 69932 88615 555   7993/=
 22621 73665 /2901 11131 21144 39883 40029 57008 333   21162 55022
 60002 555   7000/=
 22619 21496 72501 11117 21129 39860 40026 57009 78582 87900 333  
 21128 55000 69962 555   7999/=
 22721 21597 83001 11124 21136 39927 40030 57009 70282 885// 333  
 21153 69902 88632 555   7990/=
 22727 76664 /0000 11098 21107 39979 40029 57011 333   21100 60002
 555   7000/=
 22717 73/65 /0000 11110 21123 39823 40028 57011 333   21110 60002
 555   7000/=
 22802 22598 80601 11067 21078 39996 40020 57012 885// 333   21077
 55000 60002 88622 555   7992/=
 22820 21597 80000 11085 21098 39886 40027 57012 77172 8752/ 333  
 21085 55000 69902 87629 555   7990/=
 22831 22697 70000 11118 21132 39968 40026 57011 87500 333   21137
 55000 60002 87636 555   7000/=
 22805 225// 80702 11042 21056 39991 40017 57013 885// 333   21042
 55000 60002 555   7993/=
 22912 21356 81301 11042 21049 39999 40014 57015 77172 8872/ 333  
 21063 69992 87708 93511 555   7001/=
 
