00:31:01 MSK 13.07.2023
020 123456/=о000=2131
 уйту01 бтул 122100
 22686 82998 80504 10158 20103 39939 40033 53002 8807/=
 22695 42998 60705 10153 20086 39877 40020 56001 86030 333 91010 91111=
 22996 42/// /1902 10139 20139 39818 49992 53009=
 23220 43/// /0403 10044 20030 30038 40178 52007=
 23226 42960 00304 10048 20018 39976 40189 52005=
 23305 42/// /0504 10112 20070 30115 40141 54000=
 23320 86/// /0602 10076 20048 30080 40152 52002=
 23324 42982 10504 10063 20045 30089 40165 53002 80002=
 23405 42967 60506 10128 20077 30013 40107 57010
 82042 333 91010 91111=
 23410 86/// /0407 10106 20054 30040 40133 54001 333 91011 91111=
 23411 NIL=
 23412 42999 10606 10108 20061 30037 40130 57005 80001 333 91010 91110=
 23416 NIL=
 23418 42965 30501 10128 20073 30040 40110 57002 82030=
 23503 42/// /0704 10135 20062 30052 40100 57006=
 23507 86/// /0601 10132 20088 39779 40073 55004=
 23509 42/// /0503 10146 20096 30001 40075 56006=
 23514 42997 30602 10127 20096 39902 40089 57001 81031=
 23518 42/// /0803 10150 20075 30007 40093 50003=
 23606 42960 60505 10146 20105 39894 40051 57005 86080=
 23704 86/// /0604 10185 20153 39926 40039 55004=
 23701 NIL=
 23707 82598 80504 10189 20151 39864 49986 52002 889// 333 86621=
 23708 42/// /0504 10195 20145 39860 49998 50001 333 91111=
 23709 82598 80502 10192 20141 39827 40005 58004 8657/ 333 86627=
 23711 42998 80503 10164 20124 39878 40036 58013 8805/=
 23803 41596 80802 10194 20168 39827 49992 53006 79598 8696/=
 23804 41596 80702 10186 20178 39845 49978 53004 78098 8795/ 333 87921=
 23807 42/// /1703 10162 20162 39841 49991 53019=
 23808 86/// /1804 10183 20175 39830 49985 53002=
 23812 41497 81202 10195 20143 39867 40017 57005 72598 889//=
 23904 41369 82001 10153 20152 39853 49999 53015 72582 883// 333 86707=
 23905 81599 82303 10165 20160 39784 49995 52005 72582 889//=
 23909 81598 81702 10181 20177 39771 49998 52012 72598 883//=
 23912 81597 81704 10188 20182 39835 40013 53008 78098 8695/ 333
 91110=
 23913 81599 82701 10183 20173 39819 40031 53007 72582 889//=
 23914 81495 81503 10180 20179 39779 40016 52011 72598 889//=
 28013 82598 81804 10173 20160 39795 40009 51019 889//=
 28016 82/// /2003 10159 20154 39808 40018 52019=
 28029 81899 81903 10180 20176 39822 40026 52009 70282 8807/=
 28116 82599 82102 10153 20136 39812 40028 52019 889//=
 28128 82598 72405 10181 20157 39894 40037 52015 87500=
 28134 81598 82101 10167 20160 39715 40043 52010 72522 889//=
 28138 43/// /1802 10145 20138 39520 40054 52004=
 28216 82599 82202 10134 20117 39763 40044 52011 889//=
 28222 42/// /2102 10161 20144 39863 40045 53013=
 28224 81670 72103 10162 20124 39849 40049 52013 70282 86905=
 28234 82897 61601 10162 20143 39790 40051 51014 86070=
 28238 81/92 90000 10149 20137 39774 40060 53008 74744=
 28313 42/// /1901 10132 20118 39869 40051 51019=
 28319 82598 62203 10147 20110 39905 40059 52010 85530=
 28321 82599 62303 10143 20121 39861 40053 52014 86900=
 28324 42/// /2202 10159 20097 39942 40056 52011=
 28326 82598 62502 10170 20135 39884 40059 52020 86500=
 28413 82599 82102 10148 20102 39945 40061 52009 885//=
 28428 81599 82102 10143 20113 39899 40074 53014 70282 889// 333
 91110=
 28429 42/// /2303 10136 20114 39692 40082 53021=
 22983 42484 81701 10151 20148 39878 49976 52011 889// 333 91003
 91105=
 27083 41459 81702 10132 20128 39778 49988 52006 76162 885// 333 91004
 91105=
 27097 42/// /1702 10128 20128 39754 40002 52006 333 91004 91104=
 27185 42/// /1801 10127 20125 39833 40007 52006 333 91003 91104=
 27199 41498 82301 10128 20122 39831 40018 52006 72122 8671/ 333 91003
 91105=
 27281 41458 82103 10123 20119 39816 40012 52006 76165 8872/ 333 91005
 91105=
 27283 41496 82202 10126 20120 39868 40016 52005 71082 889// 333 91003
 91105=
 27295 42/// /1901 10122 20113 39785 40024 52005 333 91003 91106=
 27296 42598 82201 10128 20109 39820 40026 52008 889// 333 91002
 91105=
 27385 424// 82102 10130 20117 39908 40030 52006 8675/ 333 91004
 91105=
 27393 42598 82204 10129 20116 39877 40039 52008 8655/ 333 91006
 91107=
 27480 42498 82001 10124 20117 39917 40039 52006 889// 333 91003
 91105=
 28007 42499 81901 10131 20115 39767 40014 51011 886// 333 88710 91003
 91104=
 28009 41496 82003 10139 20126 39822 40021 52014 78082 889// 333 91004
 91106=
 28105 42498 82102 10129 20120 39837 40020 52009 885// 333 91003
 91105=
 28202 41597 82302 10128 20116 39816 40026 52005 72052 886// 333 91004
 91106=
 28302 41997 82002 10129 20118 39818 40035 52004 70282 8807/ 333 91005
 91105=
 28307 42498 81601 10129 20108 39905 40042 52007 884// 333 91003
 91104=
 28402 42582 82003 10132 20118 39878 40048 52009 885// 333 91005
 91107=
 28502 41597 82104 10134 20113 39960 40058 52007 70282 86901 333 91005
 91107=
 22550 82973 70603 10145 20082 30052 40062 54000 85072 333 91110=
 22778 42598 80505 10182 20134 39906 49970 57010 8457/ 333 91010
 91112=
 22889 42/// /1302 10162 20158 39897 49978 51018=
 22762 82/// /3601 10154 20115 39966 40003 57008=
 22638 46/// /0302 10116 20092 39837 40053 57005=
 22671 42/// /0503 10140 20084 39964 40038 57005=
 22456 42997 80601 10134 20077 30005 40088 56006 8805/=
 22583 42998 70502 10138 20066 39996 40072 57008 86071=
 22749 NIL=
 22951 42/// /3102 10108 20105 39727 49995 58008=
 22887 41497 81203 10166 20156 39892 49956 53011 70298 889// 
 333 84711=
 22876 41597 80704 10183 20178 39887 49954 55005 72598 889// 333
 88922=
 22481 42/// /0403 10134 20073 30054 40104 57008=
 22854 42/// /3503 10118 20114 39720 49994 58012=
 22781 NIL=
 22676 NIL=
 22648 NIL=
 22559 42/// /0603 10142 20073 30040 40056 55002=
 22869 41397 82902 10145 20142 39812 49951 58011 72998 883// 333
 86707=
 22768 42597 80204 10162 20135 39929 49976 57014 8655/ 333 86626=
 22798 42598 80305 10192 20148 39878 49982 55001 8795/ 333 91110=
 22375 46/// /0506 10100 20084 30120 40135 57003=
 23207 NIL=
 23215 NIL=
 23219 NIL=
 27095 86/// /1602 10130 20130 39794 40010 50006=
 22408 42699 71002 10166 20054 39974 40116 52004 82570=
 22511 42598 80604 10146 20009 39995 40110 52002 8257/=
 22529 41599 80103 10110 20096 30069 40076 57011 70282 889// 333  
 88925=
 22602 42476 70602 10161 20030 39879 40093 52001 87900 333   87915=
 22621 83968 /3502 10109 20098 39943 40077 57012=
 22619 41798 83504 10114 20094 39920 40072 57014 70282 885// 333  
 88655=
 22721 41598 83001 10114 20097 39965 40059 57013 70282 885// 333  
 85630=
 22727 86470 /3501 10115 20099 30008 40054 57014=
 22717 83/70 /3301 10099 20076 39887 40074 57012=
 22802 41599 80501 10139 20128 30052 40074 57003 70282 8595/=
 22820 41396 83402 10104 20097 39922 40053 57012 75152 886// 333  
 88707 555   50132=
 22831 41495 83201 10113 20105 39978 40031 57006 78082 889// 333  
 88914=
 22805 41498 80601 10153 20090 30049 40068 57004 76062 887//=
 22912 42984 83402 10120 20087 30043 40058 57012 8807/=
 
