03:31:00 MSK 31.10.2023
020 123456/=о000=0031
 унту01 бтул 310000
 22686 42598 80000 11072 21084 30012 40115 57005 8657/ 333 86621 555 1/105=
 22695 42998 81001 11075 21093 39944 40102 57006 8805/ 555 1/107=
 22996 41496 81201 11041 21041 39924 40113 58010 78582 889// 333 86916 555 1/103=
 23220 41496 81505 11091 21109 30017 40164 57006 77073 8272/ 555 1/108=
 23226 41460 81607 11097 21123 39941 40166 58008 77172 8652/ 333 86617 
 91111 555 1/110=
 23305 42/// /1901 11067 21072 30086 40115 52002 555 1/106=
 23320 86/// /1202 11085 21085 30071 40146 58003=
 23324 41434 81503 11078 21092 30068 40148 57004 77372 8272/ 555 1/109=
 23405 41997 81501 11118 21131 30012 40115 52001 70272 8801/ 555 1/116=
 23410 86/// /1604 11079 21094 30032 40132 57003 555 53009=
 23411 42/// /1903 11069 21076 30029 40121 54001 555 1/102=
 23412 41397 81802 11084 21095 30031 40131 58003 77172 8677/ 333 86708 555 1/106=
 23416 NIL=
 23418 41558 81703 11079 21097 30061 40138 58004 77172
 8552/ 333 85625 555 1/107=
 23503 42/// /1702 11070 21083 30070 40122 54000 555 1/107=
 23507 86/// /3101 11101 21106 39798 40121 50001=
 23509 NIL=
 23514 41497 81602 11082 21092 39926 40129 54000 77172 885// 333 88617 555 1/108=
 23518 42/// /1304 11083 21100 30047 40142 52002 555 1/106=
 23606 41460 81401 11077 21087 39947 40125 52002 
 77172 8652/ 333 86616 555 1/107=
 23612 NIL=
 23701 42/// /0000 11048 21053 39986 40118 58005 555 1/105=
 23704 86/// /0000 11045 21045 39391 49504 57009 555 53002=
 23707 83498 82002 11043 21055 39980 40114 57003 77177 8652/ 333 86620
 555 1/105=
 23708 42/// /1701 11050 21061 39973 40126 50000 555 1/105=
 23709 41497 81001 11061 21075 39932 40130 57001 77172 885// 333 88615
 555 1/105=
 23711 41497 81501 11064 21074 39958 40132 58002 78587 889// 333 86714
 555 1/106=
 23803 41497 81101 11048 21065 39950 40134 54000 78582 889// 333 88915 555 1/104=
 23804 41496 80000 11039 21053 39969 40116 58004 77172 8752/ 333 87615 555 1/104=
 23807 42/// /2002 11045 21048 39957 40122 58004 555 1/104=
 23808 86/// /1601 11037 21037 39958 40129 54000=
 23812 41497 81601 11056 21065 39971 40138 54001 70272 8872/ 555 1/104=
 23904 42479 81001 11036 21044 39965 40124 57007 885// 333 88612 555
 1/103=
 23905 41596 82101 11034 21043 39896 40127 57003 77172 885// 555
 1/103=
 23909 41497 81901 11042 21054 39882 40132 57002 77172 8752/=
 23912 42498 81802 11052 21063 39945 40142 54001 886// 555 1/105=
 23913 41599 81402 11067 21095 39919 40155 57002 77172 8872/ 555
 1/104=
 23914 81496 81502 11056 21063 39878 40141 57001 77072 8802/=
 27095 86/// /1301 11036 21036 39894 40127 57008=
 28013 42598 81602 11046 21058 39898 40134 57002 885// 555 1/104=
 28016 42/// /1601 11035 21040 39905 40134 57003 555 1/102=
 28029 42599 81502 11046 21060 39917 40142 57001 885// 555 1/104=
 28116 41896 81701 11036 21044 39901 40135 57002 77072 8807/=
 28128 41596 80000 11030 21037 39987 40143 52001 77172 8802/ 555
 1/103=
 28134 41698 81301 11052 21073 39790 40149 57001 70272 885// 555
 1/105=
 28138 43/// /0401 11074 21086 39573 40157 52002=
 28216 41896 81901 11031 21039 39837 40139 58003 77172 8802/ 555
 1/103=
 28222 42/// /1801 11027 21036 39947 40144 54001 555 1/102=
 28224 41564 82101 11027 21037 39928 40145 52002 77072 8651/=
 28234 41598 81601 11042 21066 39866 40150 54001 70272 885// 555
 1/102=
 28238 41499 80000 11050 21065 39842 40153 54000 70272 8802/ 555
 1/104=
 28313 42/// /1601 11027 21039 39947 40142 58006 555 1/102=
 28319 41496 81801 11018 21026 39981 40147 58006 77172 8802/ 333
 93402=
 28321 41596 81901 11032 21041 39937 40144 58003 77072 8802/=
 28324 42/// /2001 11019 21034 30024 40146 57004 555 1/102=
 28326 42598 72401 11023 21028 39958 40147 52002 87500 555 1/102=
 28413 41594 81501 11015 21031 30021 40145 58011 78682 883// 555
 1/101=
 28428 42597 80000 11017 21035 39969 40156 54000 885// 555 1/101=
 28429 42/// /2501 11029 21037 39739 40158 52004 555 1/102=
 22983 42584 81101 11040 21055 30000 40107 57008 885// 333 91002 91103
 555 1/103=
 27083 42584 81202 11039 21049 39877 40103 57009 885// 333 91003 91104
 555 1/103=
 27097 42/// /1102 11039 21039 39846 40112 58009 333 91003 91104 555
 1/103=
 27185 42/// /1201 11028 21038 39918 40104 57012 333 91002 91103 555
 1/102=
 27199 41598 81202 11033 21042 39911 40112 57016 70272 8257/ 333 91004
 91104 555 1/103=
 27281 41484 81003 11034 21039 39886 40096 57015 70272 885// 333 91004
 91104 555 1/102=
 27283 41597 81501 11032 21037 39948 40106 57010 70272 8653/ 333 91003
 91104 555 1/102=
 27295 42/// /0701 11035 21047 39853 40109 57015 333 91003 91103 555
 1/102=
 27296 41997 81201 11038 21052 39894 40115 57014 70272 8807/ 333 91002
 91104 555 1/105=
 27385 415// 80801 11019 21027 39960 40090 57021 70272 8357/ 333 91003
 91103 555 1/102=
 27393 42598 81002 11023 21032 39943 40116 57018 8755/ 333 91004 91104
 555 1/102=
 27480 41498 81302 11010 21024 39955 40084 57019 70282 886// 333 91003
 91104 555 1/101=
 28007 42499 80000 11034 21051 39859 40125 57010 885// 333 88617 91000
 91103 555 1/103=
 28009 42698 80000 11023 21051 39916 40129 57010 885// 333 91001 91102
 555 14102=
 28105 42598 81601 11030 21044 39926 40122 57012 885// 333 91002 91103
 555 1/103=
 28202 41996 81601 11033 21046 39899 40124 57014 77172 8807/ 333 91002
 91103 555 1/104=
 28302 41997 61302 11035 21044 39893 40126 57015 72272 86030 333 91003
 91103 555 1/104=
 28307 41996 81001 11020 21030 39964 40110 57019 77172 8807/ 333 91003
 91104 555 1/102=
 28402 41556 81202 11022 21027 39936 40117 57023 77172 8652/ 333 91004
 91105 555 1/103=
 28502 41596 81303 11010 21024 30012 40117 58023 77172 8802/ 333 91005
 91105 555 1/100=
 22550 81457 81702 11041 21046 30068 40078 57001 77172 8802/ 333 88518
 555 1/103=
 22778 42498 81202 11050 21063 30028 40099 57003 886// 333 88711 555
 1/104=
 22889 42/// /0901 11044 21055 30023 40111 58008 555 1/103=
 22762 41596 80000 11056 21061 30056 40096 57002 77172 885// 555
 1/105=
 22638 NIL=
 22671 NIL=
 22456 42597 72101 11048 21052 39986 40076 54001 86570 555 1/105=
 22583 41598 71401 11062 21072 30024 40107 58003 70282 875// 555
 1/104=
 22749 NIL=
 22951 42/// /0000 11055 21062 39805 40093 53002 555 1/105=
 22887 41497 81202 11040 21059 30034 40106 57007 70282 8655/
 333 86617 555 1/104=
 22876 42597 81201 11045 21052 30028 40102 57007 885// 333 88626 555
 1/103=
 22481 42/// /1703 11048 21057 30040 40094 57003 555 1/105=
 22854 42/// /0701 11057 21062 39800 40096 54001 555 1/104=
 22781 NIL=
 22676 41496 81301 11064 21080 30018 40098 57006 77072 885// 555
 1/105=
 22648 41598 81502 11038 21039 30039 40086 53001 72682 889// 333 88628
 555 1/102=
 22559 42/// /1601 11046 21056 30072 40089 54001 555 1/104=
 22869 41597 81001 11045 21066 39945 40096 56005 77172 885// 333 88629
 555 1/104=
 22768 41496 81901 11046 21058 30040 40091 57002 78582 889// 333 86912
 555 1/104=
 22798 41497 81401 11054 21058 39999 40114 58006 70272 885// 555
 1/103=
 22375 NIL=
 23207 NIL=
 23215 41997 81703 11068 21075 30031 40123 57006 77172 8801/ 555
 1/106=
 23219 NIL=
 22408 42484 82702 11055 21070 39925 40078 52007 8597/ 555   1/105=
 22511 42584 82501 11053 21067 39956 40080 52008 8451/ 555   1/105=
 22529 41598 72301 11072 21077 30073 40080 52008 70282 87500 333  
 87624 555   1/106=
 22602 42978 22301 11075 21084 39863 40096 52011 8203/ 333   93501
 555   1/110=
 22621 83470 /2701 11058 21065 39946 40089 52011 555   1////=
 22619 42998 02602 11083 21091 39925 40090 52011 555   1/107=
 22721 41997 02901 11068 21072 39988 40089 52012 70281 555   1/110=
 22727 86570 /3601 11024 21034 30040 40089 52012 555   1////=
 22717 83/70 /3201 11038 21048 39895 40096 52014 555   1////=
 22802 42498 83001 11034 21037 30074 40098 52016 885// 333   88617
 555   1/103=
 22820 41898 72701 11041 21052 39951 40090 52014 70272 87010 555  
 1/108=
 22831 42697 70000 11047 21055 30031 40087 52009 83530 555   1/105=
 22805 425// 70401 11013 21019 30070 40096 52019 86530 555   1/103=
 22912 42984 63001 11062 21070 30076 40092 52022 86030 555   1/113=
 
