18:31:00 MSK 31.08.2023
020 123456/=о000=1531
 уйту01 бтул 311500
 22686 62998 50501 10180 20115 30086 40180 53007 60002 82032 333 10198 555 50140 53004=
 22695 12598 50701 10176 20092 30023 40168 53006 60002 83130 333 10194
 555 50136 53005=
 22996 62998 60301 10152 20113 39986 40163 52005 60002 81035 333 10203 555 50127 53007=
 23220 12599 30703 10125 20075 30065 40201 54000 60002 81531 333 10168 555 50120 53010=
 23226 12960 31102 10134 20080 39996 40203 58004 69902 82031 333 10155 
 555 50112 53006=
 23305 12999 51101 10154 20095 30166 40192 53006 60002 82035 333 10194
 555 50132 53004=
 23320 76/// /3602 10138 20115 30114 40184 52002 333 60002 555 50116 53005=
 23324 12986 30802 10146 20110 30114 40187 52002 60002 81071 333 10199
 555 50121 53005=
 23405 12973 20000 10148 20106 30092 40187 53004
 60002 81031 333 10193 555 50128 53005=
 23410 76/// /3202 10156 20072 30094 40186 52004 333 60002=
 23411 12999 20000 10165 20028 30105 40190 52005 60002 80005 333
 10188 555 50136 53004=
 23412 12999 23502 10143 20072 30096 40189 52004 60002 80005 333 10182 555 50112 53004=
 23416 NIL=
 23418 12965 20203 10158 20061 30109 40179 52002 60002
 80001 333 10195 555 50103 53005=
 23503 12998 33501 10142 20083 30139 40187 52005 60002 80001 333 10195 555 50117 53003=
 23507 66/// /0000 10148 20080 39887 40183 53006 60002 333 10192 555 50112 53004=
 23509 12998 20000 10192 20064 30107 40181 53002 60002 80001 333 10208
 555 50139 53003=
 23514 12997 73601 10150 20070 39994 40181 52007 60002 80001 333 10192 555 50112 53007=
 23518 12598 80102 10171 20104 30079 40166 53004 60002 82905 333 10203
 555 50133 53009=
 23606 12962 23601 10141 20090 30016 40175 52007 60002 80001 333 10195 555 50114 53007=
 23701 12984 40401 10158 20093 30058 40182 53005 60002 81045 333
 10198 555 53006=
 23704 76/// /0301 10178 20097 30112 40224 58055 333 60002=
 23707 62598 53602 10138 20102 30047 40174 52007 60002 82545 333 10201 555 50134 53006=
 23708 12984 73402 10169 20065 30029 40171 52008 60002 80001 333 10197
 555 50126 53008=
 23709 62998 23403 10168 20080 39978 40161 52006 60002 81031 333 10189 555 50111 53010=
 23711 12998 43502 10169 20119 39989 40149 53006 60002 80070 333 10200 555 50133 53009=
 23803 12999 80402 10179 20100 39985 40154 53008 69902 80001 333 10189
 555 50110 53009=
 23804 62997 60000 10143 20091 30031 40169 53007 60002 82035 333 10200 555 50114 53005=
 23807 12997 73502 10165 20106 30016 40169 52005 60002 82039 333 10194 555 50124 53007=
 23808 66/// /3202 10173 20075 30003 40162 53007 60002 333 10196=
 23812 12597 50000 10171 20104 39985 40138 52011 69952 81239 333 10208
 555 50142 53009=
 23904 12970 63301 10156 20088 30016 40165 52010 60002 82031 333 10200
 555 50108 53008=
 23905 62999 33402 10164 20092 39936 40152 52008 60002 80009 333 10195
 555 53010=
 23909 62598 63403 10162 20114 39904 40136 52010 60002 83501 333
 10185=
 23912 61598 80203 10150 20118 39944 40126 52011 60002 72582 85939 333
 10181 555 53010=
 23913 61599 82301 10136 20129 39897 40115 52008 69932 70282 889// 333
 10175 555 53009=
 23914 11498 70103 10152 20118 39880 40123 52012 69902 78082 86940 333
 10168 91110=
 28013 62598 73304 10169 20111 39904 40122 51008 60002 87900 333 10182
 91111 555 53011=
 28016 62599 73404 10169 20123 39916 40128 52010 60002 87500 333 10183
 91111 555 53013=
 28029 11599 60203 10145 20127 39897 40105 52014 60022 70282 83570 333
 10167 555 53010=
 28116 62499 73503 10167 20117 39901 40118 52012 60002 86530 333 10187
 91112=
 28128 61599 83505 10151 20125 39956 40101 52012 69932 70362 85534 333
 10174 91110 555 53012=
 28134 61598 83501 10139 20122 39758 40090 52017 60022 70262 87431 333
 10150 555 53007=
 28138 11599 80302 10121 20112 39539 40079 52026 60092 70282 883// 333
 10135 91110=
 28216 62599 73504 10158 20104 39828 40109 52016 60002 87700 333 10184
 91113 555 53013=
 28222 61598 83501 10144 20121 39910 40094 52012 69952 70282 86401 333
 10156 555 53009=
 28224 61670 73504 10146 20119 39887 40089 52012 60012 70282 86930 333
 10151 91111=
 28234 61598 80103 10139 20114 39810 40073 52019 60052 70262 885// 333
 10153 555 53009=
 28238 61599 70102 10132 20118 39781 40069 52027 60102 70262 87500 333
 10151 555 53014=
 28313 62498 83503 10173 20107 39924 40105 53013 60002 887// 333 10193
 91110 555 53012=
 28319 62598 73502 10177 20109 39943 40096 52012 60002 86830 333
 10190=
 28321 62599 73604 10160 20110 39904 40096 52014 60002 87900 333 10170
 91112=
 28324 62699 83604 10169 20098 39977 40091 52013 60002 884// 333 10170
 555 53011=
 28326 62598 73601 10145 20127 39889 40066 52013 60062 87500 333 10149
 555 53010=
 28413 62599 73303 10183 20096 39985 40100 52011 60002 86430 333 10198
 555 53011=
 28428 62599 63505 10150 20093 39899 40060 52013 60002 86900 333 10161
 91113 555 53014=
 28429 61496 80104 10125 20117 39670 40061 53020 60102 78182 889// 333
 10128 91110 555 53011=
 22983 12598 80000 10188 20132 30074 40173 52007 60002 82465 333 10214
 91001 91103 555 50150 53004=
 27083 12599 63201 10172 20124 39955 40165 52008 60002 83809 333 10204
 91002 91105 555 50142 53007=
 27097 12998 83202 10169 20116 39916 40164 52005 60002 80009 333 10202
 91003 91107 555 50125 53008=
 27185 12698 73201 10180 20117 39992 40166 52003 60002 81585 333 10206
 91001 91106 555 50122 53008=
 27199 12998 63401 10181 20085 39972 40158 52006 60002 80005 333 10201
 91002 91108 555 50135 53010=
 27281 12582 73402 10190 20112 39971 40166 52001 60002 82445 333 10209
 91003 91107 555 50143 53007=
 27283 12498 53502 10179 20112 30015 40162 53002 60002 81531 333 10207
 91003 91107 555 50125 53009=
 27295 12998 73202 10182 20085 39920 40158 52003 60002 80009 333 10204
 91003 91109 555 50134 53009=
 27296 12998 23402 10174 20067 39946 40152 52004 60002 80002 333 10205
 91004 91110 555 50128 53011=
 27385 129// 63302 10193 20106 30039 40160 52002 60002 82031 333 10214
 91003 91107 555 50125 53008=
 27393 12598 23402 10180 20074 39991 40152 53005 60002 81131 333 10202
 91004 91111 555 50147 53012=
 27480 12998 73501 10188 20103 30043 40164 54000 60002 80004 333 10225
 91002 91105 555 50138 53007=
 28007 12999 33603 10169 20057 39907 40155 52008 60002 81031 333 10197
 91006 91109 555 50128 53012=
 28009 12698 63402 10165 20074 39949 40149 52010 60002 82530 333 10201
 91004 91110 555 50129 53010=
 28105 12998 23501 10168 20063 39968 40150 52009 60002 80001 333 10204
 91002 91107 555 50124 53009=
 28202 12999 63602 10168 20071 39929 40139 53007 60002 84031 333 10200
 91004 91109 555 50129 53011=
 28302 12998 33402 10175 20059 39921 40137 53008 60002 82031 333 10197
 91005 91110 555 50132 53011=
 28307 12998 13003 10179 20070 30009 40145 52004 60002 80001 333 10208
 91005 91110 555 50139 53012=
 28402 12998 33203 10179 20077 39967 40136 52008 60002 82031 333 10203
 91005 91110 555 50135 53012=
 28502 12998 83405 10194 20053 30033 40130 52006 60002 82031 333 10214
 91008 91112 555 50148 53013=
 22550 12597 81001 10171 20135 30145 40154 57007 69932 8354/ 333 10181
 555 50120 53006=
 22778 12598 62601 10191 20133 30107 40172 52007 60002 82531 333 10220
 555 50139 53006=
 22889 12598 73301 10190 20127 30093 40174 53007 60002 82404 333 10208
 555 50145 53005=
 22762 62997 70000 10172 20151 30135 40172 54001 60002 80079 333 10199
 555 50128 53003=
 22638 46/// /1501 10172 20147 39902 40115 57005=
 22671 12998 70000 10179 20144 30091 40168 57001 60002 87070 333 10206
 555 50122 53004=
 22456 12998 71101 10167 20116 30078 40161 54001 60002 87070 333 10187
 555 50102 53004=
 22583 12598 42501 10160 20120 30102 40179 53005 60002 82801
 333 10195 555 50140 53004=
 22749 NIL=
 22951 12898 61602 10191 20114 39891 40156 58001 69942 82031 333 10205
 555 50129 53008=
 22887 12699 60000 10176 20159 30105 40171 53003 60002 82531
 333 10217 555 50146 53004=
 22876 12597 70000 10194 20166 30106 40176 52007 60002 82489 333 10226
 555 50156 53005=
 22481 12698 60000 10156 20105 30131 40182 52003 60002 83541 333 10169
 555 50130 53004=
 22854 12899 61302 10175 20146 39877 40149 58007 60012 83031 333 10182
 555 50133 53007=
 22781 NIL=
 22676 NIL=
 22648 NIL=
 22559 62798 71101 10176 20136 30146 40162 57004 69932 86930 333 10190
 86655 555 50126 53004=
 22869 11697 70801 10173 20140 30039 40180 52002 69902 70282 84930 333
 10185 555 50136 53003=
 22768 12897 70000 10174 20142 30121 40168 57001 69902 87070 333 10188
 555 50139 53004=
 22798 12598 70000 10185 20127 30070 40176 53008 60002 83531 333 10215
 555 50150 53004=
 22375 46/// /1802 10150 20108 30166 40180 52002=
 23207 11599 70000 10148 20143 30164 40186 52008 60022 71582 83940 333
 10181 555 50112 53005=
 23215 NIL=
 23219 NIL=
 27095 NIL=
 22408 21283 81304 10151 20147 39927 40068 57010 70262 886// 333  
 60092 88704=
 22511 21243 81302 10161 20153 39957 40071 57008 71082 886// 333  
 60122 88705=
 22529 21599 81203 10171 20141 30099 40105 57007 70282 889// 333  
 69902 88923=
 22602 22479 61303 10187 20168 39839 40049 57013 85930 333   60132
 85914=
 22621 73368 /1203 10169 20151 39960 40091 57009 333   69942=
 22619 22498 71104 10165 20155 39927 40077 57008 87500 333   69942
 87616=
 22721 22598 71202 10180 20159 30002 40094 57007 84530 333   69932=
 22727 76/70 /1304 10202 20159 30046 40091 57009 333   60002=
 22717 73/70 /1101 10214 20184 39882 40064 57009 333   69952=
 22802 21499 71403 10212 20184 30030 40052 57009 72582 86930 333  
 69902 84919 91113=
 22820 22967 01203 10205 20165 39959 40088 57011 333   69952=
 22831 22998 41202 10214 20164 30061 40112 57005 82031 333   60042=
 22805 22598 71307 10194 20175 30030 40053 57004 85531 333   69902
 91113=
 22912 22999 01404 10259 20192 30056 40070 57006 333   60002=
 
