00:31:00 MSK 16.07.2023
020 123456/=о000=2131
 уйту01 бтул 152100
 22686 81998 70000 10123 20120 30017 40113 52005 71222 80009=
 22695 42998 53404 10172 20096 39951 40095 52007 85030=
 22996 42/// /0000 10141 20135 39917 40093 52006=
 23220 43/// /0701 10083 20063 39970 40108 52004=
 23226 42960 60000 10102 20061 39903 40109 52002 86030=
 23305 42/// /2001 10151 20107 30082 40108 52005=
 23320 86/// /0601 10086 20074 30041 40112 52007=
 23324 42986 10501 10096 20087 30040 40115 53007 80001=
 23405 42964 00000 10110 20090 30013 40109 52003=
 23410 86/// /0302 10140 20090 30014 40106 52005=
 23411 42/// /1001 10166 20102 30022 40106 52004=
 23412 42999 20603 10143 20097 30015 40107 52004 80001=
 23416 NIL=
 23418 42965 03601 10126 20119 30033 40103 52006=
 23503 NIL=
 23507 86/// /3401 10125 20097 39816 40112 52007=
 23509 42/// /0000 10107 20094 30032 40107 52008=
 23514 42997 20000 10092 20087 39921 40111 52005 80001=
 23518 42/// /1501 10093 20087 30016 40105 52008=
 23606 42960 20000 10101 20101 39946 40106 52006 80001=
 23704 86/// /0000 10099 20099 39926 40039 55004=
 23701 NIL=
 23707 82998 60401 10119 20096 39975 40102 52007 85041=
 23708 42/// /0101 10104 20091 39964 40107 52008=
 23709 82998 20000 10097 20081 39923 40109 52009 80005=
 23711 42998 62901 10093 20083 39941 40105 52008 80001=
 23803 42999 50501 10115 20085 39932 40105 53010 85030=
 23804 82997 80000 10117 20113 39962 40101 52008 86031=
 23807 42/// /3502 10143 20133 39947 40100 52006=
 23808 86/// /2901 10084 20076 39942 40105 52008=
 23812 82997 21901 10077 20069 39944 40102 52009 80002=
 23904 42973 63601 10106 20106 39947 40098 52004 82071=
 23905 82599 20101 10092 20086 39880 40100 52008 82500=
 23909 82898 20000 10095 20090 39860 40097 52007 81071=
 23912 82598 60000 10109 20101 39909 40093 52008 83531=
 23913 82999 20000 10055 20046 39876 40100 52011 82002=
 23914 82499 63401 10121 20099 39845 40091 52008 83501=
 28013 82598 63402 10137 20106 39868 40087 52007 82530=
 28016 82/// /3102 10130 20124 39876 40090 52007=
 28029 82699 53301 10148 20136 39869 40076 52003 85500=
 28116 82499 80401 10138 20127 39865 40083 52008 885//=
 28128 82598 80501 10156 20129 39930 40075 54000 885//=
 28134 82598 80000 10111 20107 39742 40077 52003 885//=
 28138 43/// /0203 10120 20097 39529 40069 52006=
 28216 81699 80401 10130 20122 39790 40072 52006 70254 885//=
 28222 42/// /0000 10137 20127 39890 40075 52003=
 28224 82570 70301 10132 20119 39868 40070 52005 83545=
 28234 82998 00000 10114 20103 39806 40072 52005=
 28238 81899 82401 10100 20088 39779 40070 52007 74022 8802/=
 28313 42/// /0502 10137 20125 39886 40068 52003=
 28319 82599 70101 10144 20131 39907 40061 52002 87900=
 28321 82599 80602 10134 20120 39874 40067 52005 8457/=
 28324 42/// /0802 10146 20113 39946 40060 52005=
 28326 82598 60000 10128 20115 3//// 4//// 5//// 86500=
 28413 82499 80501 10157 20119 39941 40056 54001 885//=
 28428 82599 80301 10149 20118 39875 40049 54001 889//=
 28429 42/// /0602 10130 20120 39662 40052 52003=
 22983 42584 80000 10148 20143 30001 40101 52007 86435 333 91000
 91101=
 27083 42584 82901 10145 20131 39883 40094 52006 888// 333 91001
 91102=
 27097 42/// /3201 10143 20116 39845 40093 52006 333 91002 91103=
 27185 42/// /3401 10146 20130 39918 40092 52006 333 91001 91101=
 27199 42598 80401 10149 20107 39899 40086 52005 884// 333 91003
 91104=
 27281 42484 83401 10148 20141 39893 40089 52004 8455/ 333 91002
 91103=
 27283 42997 83401 10138 20124 39937 40085 52002 8803/ 333 91002
 91103=
 27295 42/// /3601 10136 20099 39843 40083 54000 333 91002 91105=
 27296 42597 80000 10146 20104 39878 40087 52001 885// 333 91000
 91101=
 27385 425// 63601 10140 20126 39956 40078 52001 82530 333 91002
 91103=
 27393 42598 80502 10129 20118 39915 40078 58003 86570 333 91004
 91105=
 27480 41598 53601 10136 20135 39957 40079 54000 71111 83530 333 91002
 91102=
 28007 42599 80301 10140 20099 39842 40090 52004 8655/ 333 86631 91003
 91103=
 28009 42598 80301 10143 20109 39892 40092 52007 885// 333 91002
 91103=
 28105 42598 80000 10138 20106 39900 40083 52003 888// 333 91000
 91105=
 28202 42697 80401 10134 20110 39867 40077 52002 884// 333 91002
 91102=
 28302 42597 80101 10128 20117 39855 40073 54000 8397/ 333 91003
 91104=
 28307 42998 33101 10130 20105 39931 40068 57005 80001 333 91002
 91103=
 28402 42684 70201 10138 20122 39895 40065 57003 83570 333 91002
 91103=
 28502 42597 80302 10147 20113 39959 40057 57003 8593/ 333 91004
 91104=
 22550 82973 20000 10137 20133 30103 40113 52006 81031=
 22778 42998 73601 10157 20143 30043 40109 52006 84072=
 22889 42/// /0000 10145 20144 30020 40102 52007=
 22762 82997 80000 10158 20156 30075 40112 52005 8007/=
 22638 46/// /2701 10135 20129 39913 40129 52011=
 22671 42/// /0000 10141 20134 30033 40108 52005=
 22456 41597 80000 10162 20162 30026 40109 52004 72582 84485=
 22583 42998 22401 10116 20106 30037 40115 52006 80001=
 22749 NIL=
 22951 42/// /3001 10115 20110 39860 40131 52006=
 22887 42697 82901 10166 20158 30033 40099 52004 84531=
 22876 42997 62502 10138 20138 30039 40108 52006 86040=
 22481 NIL=
 22854 42/// /3201 10131 20113 39851 40127 52007=
 22781 NIL=
 22676 41898 70000 10134 20132 30036 40110 52005 71122 82086=
 22648 NIL=
 22559 42/// /0000 10150 20139 30098 40114 52006=
 22869 42998 70000 10161 20153 39975 40115 52005 80070=
 22768 42897 62501 10174 20161 30063 40110 52004 84031=
 22798 42998 70000 10132 20121 39996 40103 52009 87030=
 22375 46/// /2601 10161 20150 30092 40106 52003=
 23207 NIL=
 23215 NIL=
 23219 NIL=
 27095 86/// /0102 10144 20124 39886 40103 52003=
 22408 41650 10000 10126 20123 39974 40117 52007 71011 81100=
 22511 42698 21801 10152 20129 30002 40117 52007 81531=
 22529 42599 82001 10139 20132 30113 40119 52009 885// 333   88630=
 22602 42977 02501 10125 20117 39911 40127 52010=
 22621 83916 /2101 10144 20137 39994 40127 52008=
 22619 42498 22901 10136 20131 39973 40125 52007 81501=
 22721 42597 42901 10146 20138 30037 40131 52010 82401=
 22727 86/68 /0000 10136 20133 30089 40135 52012=
 22717 83/70 /2601 10147 20140 39952 40137 52009=
 22802 41965 20000 10146 20143 30116 40138 52009 71200 80001=
 22820 42998 12303 10149 20146 30005 40135 52010 81030 555   50162=
 22831 42997 50000 10140 20131 30077 40130 52008 83031=
 22805 42998 00000 10165 20150 30117 40136 52007=
 22912 41975 10000 10106 20100 30125 40140 52011 71200 80001=
 
