18:31:00 MSK 29.03.2023
020 123456/=о000=1531
 уйту01 бтул 291500
 22686 12998 71302 10015 21165 30152 40253 57009 60002 82039 333 10028 555 51065 53008=
 22695 12998 71105 10006 21187 30093 40248 58010 60002 80003 333 10022
 555 51057 53008=
 22996 12999 31001 10020 21125 30060 40248 57007 60002 80009 333 10043
 555 51040 53007=
 23220 11598 62503 11143 21160 30100 40251 52032 60022 70232 83530 333
 11081 555 51143 53015=
 23226 11560 82904 11151 21171 30016 40245 52036 69982 70331 8655/ 333 
 11100 86627 91115 555 51151 53019=
 23305 12799 61101 11039 21131 30266 40295 51005 60002 84530 333 11012
 555 51054 53009=
 23320 76/// /2902 11066 21133 30204 40280 51010 333 60002 555 51104 53015=
 23324 11457 82603 11078 21108 30189 40270 51005 69922 77072 8272/ 333
 11058 555 51109 53014=
 23405 12980 10502 11028 21099 30186 40290 54000 69902
 81030 333 11002 555 51066 53008=
 23410 76/// /2602 11059 21144 30186 40287 52010 333 60002=
 23411 12599 73202 11042 21143 30201 40293 52010 69902 82506 333
 11016 555 51063 53011=
 23412 12999 23201 11049 21129 30190 40291 52010 69902 82030 333 11033 555 51067 53012=
 23416 NIL=
 23418 12965 20301 11038 21125 30218 40294 52012 69902
 82030 333 11021 555 51095 53010=
 23503 12598 20901 11061 21124 30243 40295 51005 60002 81501 333 10000 555 51078 53007=
 23507 86/// /1601 11020 21167 39963 40281 57002 333 10008 555 51071 53007=
 23509 12998 30000 11030 21105 30207 40288 52003 60002 80001 333 10025
 555 51076 53008=
 23514 12597 23501 11036 21118 30087 40291 52009 60002 81501 333 11008 555 51061 53009=
 23518 12998 23301 11052 21145 30198 40293 52010 60002 81041 333
 11021 91110=
 23606 12962 51801 11030 21139 30111 40288 52002
 60002 80001 333 10017 555 51058 53007=
 23701 12999 71201 11002 21142 30149 40281 56007 60002 81045 333 10030
 555 51064 53004=
 23704 76/// /1002 10006 21153 39926 40039 55004 333 60002=
 23707 62999 81203 10004 21162 30133 40268 57007 60002 80005 333 10022 555 51051 53005 =
 23708 12984 81101 11013 21163 30134 40287 57004 60002 80001 333 10046
 555 51070 53003=
 23709 12998 20000 11064 21130 30095 40296 54001 60002 80001 333 10025 555 51089 53004=
 23711 12998 23301 11033 21130 30117 40292 52008 60002 81031 333 10017 555 51053 53008=
 23803 12699 71201 11033 21140 30112 40298 57002 60002 82501 333 10021 555 51079 53004=
 23804 62997 71202 10000 21105 30122 40270 57006 60002 82031 333 10019 555 51069 53005=
 23807 12998 60803 11010 21068 30102 40267 57008 60002 81039 333 10008
 555 51063 53006=
 23808 66/// /0702 11012 21066 30111 40283 57008 60002 333 10010=
 23812 12997 50000 11046 21089 30128 40296 52003 60002 80002 333 10005
 555 5//// 53006=
 23904 12970 70902 10009 21112 30105 40264 57010 60002 80009 333 10030
 555 51062 53006=
 23905 12899 70000 11014 21131 30048 40281 57002 60002 82049 333 10030
 555 53005=
 23909 12998 61002 11025 21123 30039 40292 57001 60002 80001 333
 10006=
 23912 12998 80402 11012 21098 30097 40294 53003 60002 80001 333 10027
 555 53005=
 23913 12999 10000 11046 21094 30060 40298 52007 60002 80001 333 10010
 555 53006=
 23914 12999 30701 11015 21129 30031 40295 52002 60002 80004 333
 10004=
 28013 12999 50302 11017 21138 30051 40288 57002 60002 80001 333 10008
 555 53006=
 28016 12999 80602 10002 21125 30052 40282 57002 60002 80001 333 10025
 555 53006=
 28029 12999 20102 11012 21114 30060 40285 52001 60002 80005 333 10015
 555 53006=
 28116 12999 21101 11005 21135 30042 40277 57003 60002 80001 333
 10023=
 28128 12999 20102 11008 21121 30124 40281 57002 60002 80001 333 10017
 555 53006=
 28134 12998 50000 11023 21114 39923 40283 52003 60002 80004 333 10025
 555 53004=
 28138 12999 20000 11026 21111 39699 40280 52004 60002 80001 333
 10041=
 28216 12999 10602 10008 21139 39965 40267 57003 60002 80001 333 10033
 555 53008=
 28222 12998 00201 11005 21107 30077 40276 54000 60002 333 10044 555
 53006=
 28224 12970 00000 10011 21129 30053 40269 52001 60002 333 10044=
 28234 12999 20401 10014 21143 39989 40271 53002 60002 80001 333
 10054=
 28238 12999 10000 10004 21118 39965 40274 53005 60002 80001 333 10051
 555 53007=
 28313 12998 20401 10013 21113 30065 40260 57005 60002 80001 333 10048
 555 53008=
 28319 12899 20702 10026 21110 30087 40251 57001 60002 82030 333
 10061=
 28321 12999 20502 10020 21130 30057 40263 55002 60002 80001 333
 10044=
 28324 12999 21002 10032 21117 30135 40257 53002 60002 80001 333 10064
 555 53007=
 28326 12998 20000 10018 21091 30075 40264 52004 60002 80001 333 10058
 555 53006=
 28413 12999 00901 10045 21129 30118 40240 57002 60002 333 10071 555
 53008=
 28428 12999 00602 10033 21062 30060 40246 52004 60002 333 10067 555
 53009=
 28429 12998 00701 10024 21071 39840 40255 52007 60002 333 10052 555
 53008=
 22983 12998 81002 10018 21079 30129 40235 57012 60002 82045 333 10030
 91004 91108 555 51049 53009=
 27083 12999 21103 10032 21133 30007 40230 57005 60002 80009 333 10049
 91005 91107 555 51025 53008=
 27097 12998 11003 10028 21124 39976 40239 55004 60002 80001 333 10048
 91005 91108 555 51015 53010=
 27185 12998 70902 10034 21118 30044 40229 55001 60002 82045 333 10051
 91004 91109 555 50001 53009=
 27199 12998 21203 10026 21121 30041 40240 57005 60002 80001 333 10049
 91005 91109 555 51001 53009=
 27281 12982 60904 10042 21071 30003 40210 57005 60002 82039 333 10061
 91006 91108 555 50009 53009=
 27283 12998 51004 10030 21082 30072 40230 54000 60002 80001 333 10058
 91006 91109 555 50006 53009=
 27295 12997 60502 10023 21096 39976 40230 57002 60002 80005 333 10049
 91004 91109 555 50005 53009=
 27296 12998 20702 10015 21106 30016 40236 57002 60002 80001 333 10046
 91004 91106 555 51001 53008=
 27385 129// 80702 10054 21055 30076 40203 57009 60002 80007 333 10066
 91004 91107 555 50011 53007=
 27393 12998 50702 10032 21075 30061 40232 54000 60002 80039 333 10056
 91003 91107 555 50012 53009=
 27480 12998 80704 10051 21024 30063 40190 57015 60002 85031 333 10066
 91006 91108 555 50010 53008=
 28007 12999 11101 10020 21142 39990 40255 57006 60002 80001 333 10044
 91003 91104 555 51019 53004=
 28009 12998 50000 10006 21140 30059 40272 57001 60002 80001 333 10044
 91000 91105 555 51024 53006=
 28105 12998 10802 10034 21158 30049 40250 57001 60002 80001 333 10059
 91003 91106 555 51010 53008=
 28202 12982 11602 10017 21129 30028 40252 54000 60002 80001 333 10041
 91003 91106 555 51007 53008=
 28302 12998 30402 10021 21115 30014 40244 52002 60002 80001 333 10048
 91004 91108 555 50006 53009=
 28307 12998 30503 10057 21109 30075 40218 57002 60002 80031 333 10076
 91005 91107 555 50022 53007=
 28402 12998 30503 10046 21090 30050 40229 52007 60002 80005 333 10082
 91004 91108 555 50023 53009=
 28502 12998 50604 10058 21077 30109 40212 57001 60002 81031 333 10089
 91006 91110 555 50033 53010=
 22550 62697 71203 10038 21091 30155 40165 57016 60002 83572 333 10040
 555 51037 53011=
 22778 12998 61305 10024 21132 30148 40218 57010 60002 82071 333 10037
 555 51011 53012=
 22889 12998 60804 10004 21065 30158 40246 57009 60002 84041 333 10019
 555 51080 53010=
 22762 12898 81004 10026 21109 30150 40189 57012 60002 8007/ 333 10042
 91110 555 51020 53010=
 22638 46/// /1302 10037 21013 39881 40104 57007=
 22671 12999 71204 10023 21135 30133 40213 57011 60002 82015 333 10039
 555 51059 53009=
 22456 12997 81102 10010 21114 30099 40188 57016 60002 8807/ 333 10022
 91111 555 51086 53011=
 22583 12998 61301 11007 21136 30172 40254 57009 60002 80001
 333 10015 555 51105 53005=
 22749 NIL=
 22951 12998 81604 10056 21049 39861 40139 57014 60002 80007 333 10059
 555 50009 53010=
 22887 12999 61104 10026 21082 30162 40232 57006 60002 83031 333 
 10039 91110 555 51037 53011=
 22876 12997 31104 10020 21087 30152 40227 56007 60002 80001 333 10034
 91111 555 51049 53011=
 22481 12998 71004 11018 21123 30195 40249 56012 60002 87040 333 
 11005 555 51083 53007=
 22854 12898 81004 10035 21036 39856 40143 58018 60002 86037 333 10035
 555 51008 53010=
 22781 NIL=
 22676 12898 71304 10024 21153 30149 40227 57008 60002 87070 333 10038
 555 51058 53009=
 22648 NIL=
 22559 12998 81202 10030 21087 30161 40178 56014 60002 8003/ 333 10041
 555 51041 53009=
 22869 12997 61104 10042 21054 30039 40187 57010 60002 80075 333 10063 555 50004 53012=
 22768 12897 71202 10055 21082 30129 40178 57013 60002 85038 333 10074
 555 50015 53009=
 22798 12998 80902 10007 21153 30145 40260 57009 60002 82041 333 10031
 555 51064 53007=
 22375 46/// /1005 11072 30228 40244 57012=
 23207 12599 60603 11102 21144 30263 40287 52003 60002 83504 333 11012
 555 51050 53006=
 23215 NIL=
 23219 NIL=
 27095 76/// /0902 10034 21134 30025 40255 55004 333 60002 555 51024 53008=
 22408 21459 82901 11014 21027 39939 40090 54000 77172 8872/ 333  
 60092 88512=
 22511 21442 82401 10010 21002 39957 40078 57004 77172 8672/ 333  
 60072=
 22529 22599 71004 10026 21013 30088 40095 57012 86530 333   60002
 86625=
 22602 21359 83002 11023 21045 39861 40089 52004 77172 8872/ 333  
 60062 88508=
 22621 73567 /1101 10023 20005 39944 40083 57010 333   60022=
 22619 21580 81301 10010 20001 39914 40073 57008 72582 885// 333  
 60042 88627=
 22721 22598 81202 10019 21002 39982 40080 57011 885// 333   69912
 85629=
 22727 76570 /1304 10036 20006 30026 40073 57015 333   69932 91111=
 22717 73/10 /3002 11001 21004 39877 40071 57006 333   60102=
 22802 21418 83103 11023 21033 30070 40094 52005 78682 889// 333  
 60032 88910 93700=
 22820 21562 80904 10015 20000 39934 40070 57013 76162 8552/ 333  
 69902=
 22831 22698 71102 10052 21002 30041 40095 57008 83530 333   60002=
 22805 21494 83204 11022 21022 30070 40090 52003 77172 8872/ 333  
 60082 93705=
 22912 21458 82903 10013 20006 30040 40055 57012 76162 8802/ 333  
 60042 88516=
 
