00:31:00 MSK 15.03.2023
020 123456/=о000=2131
 уйту01 бтул 142100
 22686 41496 81705 11021 21034 39864 49964 57010 77173 8652/ 333 86612 91111=
 22695 41497 81805 11027 21047 39808 49961 57017 77172 8652/ 333 86618
 91111=
 22996 42/// /1904 11013 21013 39882 40068 56010 333 91110=
 23220 41599 41808 11067 21121 39879 40023 52022 73731 84500 333 91012 91112=
 23226 42960 62210 11078 21128 39792 40012 52027 85031 333  
 91013 91115=
 23305 42/// /1906 11014 21087 39920 49947 57016 333 91011 91113=
 23320 86/// /2005 11035 21128 39956 40029 58004 333 91113=
 23324 42984 12004 11045 21114 39946 40025 51004 80001 333 91111=
 23405 42997 81806 11016 21076 39866 49965 57013
 8807/ 333 91012 91117=
 23410 86/// /1608 11035 21115 39906 40003 57017 333 91011 91111=
 23411 42599 82111 11020 21086 39892 49981 57020 885// 333 91018
 91118=
 23412 42999 21906 11031 21109 39902 49999 58019 82030 333 91110=
 23416 NIL=
 23418 42965 81706 11020 21131 39950 40024 58023 8805/
 333 91010 91110=
 23503 42/// /2006 11010 21107 39941 49991 57019 333 91011 91118=
 23507 86/// /2004 11043 21047 39667 49978 57017 333 91114=
 23509 42/// /1905 11011 21096 39927 40005 57020 333 91011 91114=
 23514 41997 82007 11020 21109 39829 40026 57016 73732 8807/ 333 91012 91112=
 23518 42/// /1907 11028 21117 39965 40057 56021 333 91112=
 23606 42960 82007 11014 21104 39858 40030 57020
 8805/ 333 91011 91111=
 23704 86/// /1805 11027 21027 39926 40039 55004 333 91114=
 23701 42/// /1903 11029 21036 39883 40013 57020 333 91113=
 23707 81497 81905 11023 21035 39889 40021 57016 78583 889// 333 86619 91114  92980=
 23708 42/// /1806 11031 21046 39905 40055 57015 333 91115=
 23709 42/// /1804 11027 21078 39884 40078 57016 333 91112=
 23711 42998 81904 11031 21105 39912 40083 58018 8805/=
 23803 41497 81807 11030 21069 39910 40092 58017 77073 8802/ 333 88516 91010 91113=
 23804 81496 81903 11021 21036 39896 40042 57017 77173 8652/ 333 86612 91110=
 23807 42/// /2006 11019 21019 39893 40055 56015 333 91113=
 23808 86/// /1607 11026 21040 39913 40082 56018 333 91116=
 23812 42997 62004 11037 21114 39956 40121 58017 80002=
 23904 41357 81803 11023 21027 39928 40086 56017 77173 8672/ 333 86709
 91113=
 23905 41596 81704 11030 21050 39875 40105 57021 77173 885// 333 91010
 91112=
 23909 41896 81805 11036 21057 39885 40134 57016 77173 8802/ 333 91010
 91112=
 23912 42998 01705 11044 21102 39958 40154 57016=
 23913 42999 01503 11061 21115 39945 40182 57006=
 23914 82898 81804 11046 21103 39896 40159 57015 8805/=
 28013 41897 81705 11038 21071 39914 40150 58015 77172 8802/ 333
 91110=
 28016 42/// /1804 11036 21040 39926 40157 57015 333 91110=
 28029 42999 42006 11032 21099 39960 40184 57012 80020=
 28116 41496 81903 11037 21056 39937 40172 57012 77173 8872/=
 28128 41896 81801 11039 21055 30042 40199 57008 77072 8807/ 333
 91112=
 28134 42898 81902 11050 21107 39848 40210 57009 8801/=
 28138 43/// /2002 11082 21127 39641 40231 54000=
 28216 41595 81805 11041 21060 39894 40199 58010 77373 8872/ 333
 91111=
 28222 42/// /2104 11031 21068 30013 40212 58004=
 28224 41515 82104 11030 21074 30005 40224 57001 78682 889//=
 28234 42898 81803 11049 21114 39945 40233 54001 8802/=
 28238 42999 02302 11079 21121 39927 40244 54001=
 28313 42/// /1805 11036 21050 30014 40211 58010 333 91110=
 28319 42599 52002 11019 21070 30063 40230 57009 82550=
 28321 41896 81904 11037 21054 30009 40218 58006 77172 8802/ 333
 91110=
 28324 42/// /1903 11023 21071 30106 40231 58006=
 28326 42898 32104 11037 21085 30047 40240 57003 83030=
 28413 41597 81805 11012 21073 30100 40224 58016 78782 883//=
 28428 42599 81703 11043 21090 30067 40258 57003 885//=
 28429 42/// /2303 11056 21086 39838 40265 54001=
 22983 41584 82102 10006 21007 39937 40042 54000 70272 8255/ 333 91007
 91108=
 27083 41484 82006 11002 21020 39850 40072 52001 73673 886// 333 91009
 91111=
 27097 42/// /1806 11012 21021 39837 40100 55001 333 91010 91112=
 27185 43/// /1803 11001 21015 39926 40111 55000 333 91006 91109=
 27199 41597 82003 11010 21018 39932 40131 57006 77172 8652/ 333 91006
 91110=
 27281 41484 82006 10011 21011 39909 40116 52003 70272 885// 333 91010
 91111=
 27283 41496 81903 11004 21013 39968 40127 57003 78582 889// 333 91006
 91108=
 27295 42/// /1803 11009 21023 39890 40144 56004 333 91007 91109=
 27296 41996 81903 11016 21032 39924 40145 57008 77122 8807/ 333 91007
 91108=
 27385 414// 82106 10026 21041 30017 40146 52002 70232 887// 333 91010
 91112=
 27393 41496 82107 11009 21018 39997 40170 57004 77173 8672/ 333 91008
 91112=
 27480 41497 82105 10028 21043 30031 40159 52008 78082 889// 333 91008
 91112=
 28007 41499 81903 11021 21048 39855 40120 56012 73673 885// 333 88619
 91007 91110=
 28009 41496 81905 11020 21060 39924 40137 57018 78583 889// 333 91008
 91111=
 28105 41498 82105 11014 21055 39932 40133 56013 73673 888// 333 91009
 91112=
 28202 41996 82208 11016 21059 39927 40152 57016 77172 8807/ 333 91012
 91114=
 28302 41597 81803 11016 21060 39941 40174 57016 73673 8802/ 333 91006
 91110=
 28307 42498 81803 10013 21058 30029 40174 56007 885// 333 91009
 91110=
 28402 41475 82008 10005 21054 30006 40186 57008 73673 886// 333 91012
 91113=
 28502 41597 82007 10003 21049 30104 40209 56012 70232 885// 333 91009
 91115=
 22550 81473 82104 10028 20016 39854 49864 53013 70272 886// 333
 88713=
 22778 41596 82004 10010 20003 39904 49973 52005 78082 889//=
 22889 42/// /2102 11000 21011 39949 40035 55003 333 91110=
 22762 42/// /1802 10016 20015 39897 49936 52016=
 22638 46/// /2202 10032 20028 39658 49876 54030=
 22671 42/// /1903 11004 21004 39829 49907 55000=
 22456 42/// /2001 11018 21023 39764 49850 53003=
 22583 41496 81602 11029 21036 39839 49919 56016 78588 889//=
 22749 NIL=
 22951 42/// /2404 10023 20019 39708 49984 52019=
 22887 41497 82006 10003 21003 39943 40013 53002 70287 8665/ 
 333 86711 91012 91114 92980=
 22876 41497 82105 10015 20006 39928 49999 53009 73683 889// 333 88918
 91011 91116=
 22481 42/// /1607 11023 21041 39832 49884 56014 333 91010 91112=
 22854 NIL=
 22781 NIL=
 22676 41598 82007 10001 21010 39854 49930 57001 70283 889// 333 91012
 91112=
 22648 NIL=
 22559 42/// /2004 10016 20008 39863 49879 53011 333 91111=
 22869 42/// /2104 10017 20012 39857 40004 52014 333 91110=
 22768 41497 82107 10021 20011 39910 49959 52017 72582 889// 333 86912
 91011 91112=
 22798 42/// /1803 11020 21024 39899 40011 56015=
 22375 46/// /1907 11026 39843 49858 57012=
 23207 NIL=
 23215 NIL=
 23219 NIL=
 27095 86/// /1804 11007 21019 39875 40104 57002 333 91010 91112=
 22408 42484 82302 10006 21004 39670 49815 52035 885// 333   88614=
 22511 41484 82403 10025 20007 39700 49817 52031 70252 8461/=
 22529 41597 82104 10042 20025 39838 49845 52032 78082 889// 333  
 88921=
 22602 41459 82303 10016 20008 39614 49833 52032 78082 889// 333  
 88910=
 22621 83467 /1905 10031 20012 39716 49851 52028=
 22619 42498 72203 10039 20016 39699 49852 52027 87500 333   91110=
 22721 41395 81401 10034 20031 39779 49874 52027 75152 886// 333  
 88706=
 22727 86470 /1904 10050 20034 39845 49891 52023 333   91110=
 22717 83/36 /2003 10038 20034 39690 49878 52015=
 22802 41295 81702 10034 20030 39851 49874 52008 75352 886// 333  
 88706=
 22820 42497 82205 10054 20034 39762 49893 52023 8652/ 333   86611
 91115 555   51001=
 22831 42497 82103 10046 20026 39869 49923 52022 889// 333   88912=
 22805 414// 81607 10018 20018 39865 49884 51007 71052 886//=
 22912 42584 81906 10043 20025 39899 49914 52010 885// 333   88621
 91112=
 
