21:31:00 MSK 03.06.2023
020 123456/=о000=1831
 унту01 бтул 031800
 22686 81596 81101 10152 20145 39974 40068 53003 78082 8697/ 333 86924=
 22695 42/// /1003 10189 20080 39905 40047 57007=
 22996 42598 51801 10192 20105 39903 40076 53005 83930=
 23220 42599 60204 10147 20083 39982 40116 57009 83811=
 23226 42960 80204 10151 20072 39926 40130 57003 84031=
 23305 42999 70104 10125 20059 30079 40106 56006 87070=
 23320 66/// /0602 10162 20090 30029 40098 58010 60002 333 10240=
 23324 42985 70403 10153 20074 30033 40106 57011 82042=
 23405 42968 73408 10137 20079 39997 40091 53006
 87060 333 91015 91112=
 23410 66/// /0103 10179 20074 30001 40091 58012 60002 333 10236=
 23411 42999 20602 10175 20083 30006 40090 57009 80005=
 23412 42699 60403 10176 20082 30000 40091 57011 82101=
 23416 NIL=
 23418 42965 61201 10203 20101 30015 40084 57008 82031=
 23501 NIL=
 23503 42998 20901 10134 20101 30030 40077 58010 82031=
 23507 86/// /1001 10167 20085 39780 40071 58007=
 23509 42998 20000 10160 20116 39997 40070 57010 80001=
 23514 42697 73401 10166 20102 39887 40072 57013 86581 333 86641=
 23518 42998 80902 10182 20116 39991 40077 57012 8007/ 555 53009=
 23606 42962 60000 10158 20106 39912 40069 57010 82040=
 23612 NIL=
 23701 42984 21101 10148 20095 39950 40072 58004 81015=
 23704 66/// /0000 10158 20126 39926 40039 55004 60002 333 10248=
 23707 82998 31101 10188 20089 39942 40065 57002 82041=
 23708 42998 22001 10165 20092 39934 40074 54001 80001=
 23709 82998 62301 10160 20108 39892 40073 57002 80009=
 23711 41496 80302 10162 20158 39905 40064 57010 78082 8697/ 333 86916=
 23803 42999 50000 10148 20113 39913 40083 53001 80009=
 23804 42997 20000 10165 20126 39934 40071 54000 80001=
 23807 42598 21701 10181 20103 39924 40075 52002 81531=
 23808 86/// /1302 10154 20107 39925 40084 51007=
 23812 41496 80000 10159 20153 39903 40055 57001 78098 889//=
 23904 42970 10000 10133 20117 39938 40087 52008 80001=
 23905 82599 21701 10163 20131 39874 40088 52008 82400 555 50159=
 23909 81898 22202 10153 20143 39861 40092 52012 70198 81071=
 23912 81496 82503 10164 20162 39887 40067 53012 72598 8695/ 555
 50168=
 23913 81597 81501 10172 20161 39848 40062 53002 78098 889// 555
 50168=
 23914 81497 82605 10157 20155 39837 40079 52021 72598 889// 333
 91111=
 28013 81598 22102 10159 20138 39877 40094 52016 70298 81902 555
 50175=
 28016 42/// /2201 10163 20155 39890 40101 51014 555 50174=
 28029 81499 62304 10177 20161 39892 40097 52026 70282 86900 333 91111
 555 50190=
 28116 82999 22101 10166 20157 39891 40108 52013 80005=
 28128 81998 12403 10178 20161 39969 40113 52019 70281 80001 333 91110
 555 50180=
 28134 81597 72002 10174 20161 39782 40111 52020 70298 87900 555
 50190=
 28138 43/// /2204 10174 20126 39582 40114 52015 333 91114=
 28216 82998 22102 10171 20157 39839 40118 52006 80005 555 50176=
 28222 42/// /1801 10164 20154 39934 40117 52012 555 50182=
 28224 82962 02002 10173 20151 39919 40119 52004 333 91111=
 28234 82997 01902 10178 20131 39860 40121 51010 333 91110 555 50210=
 28238 82999 22502 10175 20132 39838 40123 51014 80001 333 91112 555
 50210=
 28313 42/// /1701 10164 20153 39941 40122 52004 555 50181=
 28319 82997 00000 10143 20138 39972 40127 52001=
 28321 82899 52502 10170 20152 39928 40119 54001 83031=
 28324 42/// /0000 10158 20133 30010 40124 52002 555 50202=
 28326 82998 20000 10163 20140 39947 40123 52008 80001 555 50215=
 28413 82998 00000 10176 20136 30011 40126 52004 555 50197=
 28428 82899 22901 10184 20138 39951 40125 52007 82030 555 50222=
 28429 42/// /0000 10185 20147 39742 40128 52004 555 50227=
 22983 41498 71201 10150 20144 39974 40073 54000 70282 85930 333 91002
 91112=
 27083 42599 33301 10160 20124 39868 40077 52007 83900 333 91004
 91111=
 27097 42998 21402 10166 20114 39839 40086 50002 80001 333 91003
 91105=
 27185 42/// /1401 10194 20113 39907 40078 50001 333 91002 91106=
 27199 42998 02101 10170 20107 39911 40097 52004 333 91002 91105=
 27281 42482 31404 10197 20109 39881 40073 57003 82305 333 91005
 91108=
 27283 42498 11801 10188 20116 39942 40087 54000 81500 333 91002
 91106=
 27295 42997 01401 10177 20101 39862 40097 52001 333 91002 91105=
 27296 42980 11502 10187 20095 39895 40098 52006 80001 333 91003
 91106=
 27385 429// 21801 10183 20125 39970 40090 54000 82030 333 91002
 91106=
 27393 42998 01703 10165 20110 39949 40110 53003 333 91003 91106=
 27480 42598 21402 10199 20122 39968 40088 57002 81501 333 91004
 91105=
 28007 42999 01901 10193 20080 39850 40095 52006 333 91002 91104=
 28009 42998 01601 10183 20125 39906 40103 52008 333 91003 91104=
 28105 42998 31602 10183 20089 39911 40098 53006 80002 333 91002
 91105=
 28202 42973 22101 10166 20119 39897 40106 52007 80001 333 91001
 91102=
 28302 42998 01301 10176 20106 39896 40111 52005 333 91002 91104=
 28307 42998 20000 10159 20107 39973 40109 52002 80001 333 91000
 91103=
 28402 42998 21603 10178 20112 39947 40115 52005 80005 333 91004
 91104=
 28502 42998 21903 10169 20123 30023 40120 52008 80001 333 91003
 91104=
 22550 82497 80202 10070 20048 30080 40091 57006 885// 333 88615=
 22778 42598 82902 10142 20130 39988 40053 57008 83571=
 22889 41598 71001 10152 20142 39992 40074 50007 72582 87500 333 87620
 91112=
 22762 81496 82501 10095 20093 30030 40068 56008 76162 8577/=
 22638 NIL=
 22671 42598 80101 10100 20092 39983 40058 57015 8695/ 333 86937=
 22456 41497 80301 10050 20050 30012 40098 58012 78082 889//=
 22583 41597 83201 10111 20099 39999 40077 57011 78088 8697/=
 22749 42598 83002 10059 20054 39969 40091 54001 88900=
 22951 41598 72801 10063 20049 39826 40101 54000 70282 87500=
 22887 41599 81203 10152 20137 39991 40057 57016 70298 83931=
 22876 41597 71002 10157 20156 39982 40050 57014 70292 82930=
 22481 41998 80202 10086 20056 30042 40093 58018 70262 8807/=
 22854 42599 82603 10060 20049 39809 40092 57003 889// 333 87623=
 22781 NIL=
 22676 41598 62201 10132 20123 39977 40050 57013 72982 85990=
 22648 41496 83103 10057 20055 30044 40089 57009 76166 8872/ 333
 88710=
 22559 82598 80101 10082 20054 30065 40081 55007 885// 333 88626=
 22869 41396 83002 10081 20074 39938 40083 54000 78182 889// 333 85707=
 22768 41497 82703 10084 20074 30026 40074 52001 78082 8695/ 333
 84913=
 22798 42598 80801 10183 20094 39957 40062 57003 84401=
 22375 NIL=
 23207 NIL=
 23215 42/// /0403 10098 20067 30044 40130 54001=
 23219 NIL=
 27095 NIL=
 22408 11599 70000 10067 20035 39977 40124 57006 69942 72582 84930
 333   10094=
 22511 12698 71002 10079 20004 30002 40120 57009 69902 86930 333  
 10095 86644=
 22529 12599 83601 10054 20019 30111 40118 57011 60002 885// 333  
 10079 88627=
 22602 11479 70601 10068 20024 39901 40122 57007 60012 70282 86930
 333   10106 86914=
 22621 12598 70801 10067 20004 39984 40121 57004 60002 87900 333  
 10117 87932=
 22619 11480 81101 10061 20034 39960 40116 57005 69972 70282 8557/
 333   10117=
 22721 11698 73001 10075 20033 30022 40118 54000 69902 72522 86930
 333   10126 85637=
 22727 12670 82601 10067 20035 30078 40125 57002 60022 884// 333  
 10133=
 22717 12598 62601 10065 20047 39936 40126 54000 60002 86330 333  
 10131 83520=
 22802 12599 72602 10100 20027 30107 40130 57004 60002 84932 333  
 10131=
 22820 11570 62302 10052 20038 39990 40124 57006 60032 70282 83330
 333   10098=
 22831 11698 72901 10057 20044 30059 40113 52001 60022 70262 86530
 333   10095 86633=
 22805 12598 82702 10050 20029 30113 40133 56001 60002 885// 333  
 10095=
 22912 11999 31601 10052 20043 30121 40136 57004 60042 70298 83030
 333   10122=
 
