21:31:00 MSK 14.12.2023
020 123456/=о000=1831
 унту01 бтул 141800
 22686 41497 81402 11139 21164 30210 40318 53003 77072 8757/ 333 87613=
 22695 42/// /1402 11147 21179 30145 40310 52003=
 22996 42/// /1702 11146 21160 30144 40345 50001=
 23220 41496 81201 11151 21170 30200 40353 52002 78582 889// 333 85710=
 23226 41456 81502 11156 21169 30119 40352 58001 77172 885// 333 88611=
 23305 42984 71804 11166 21187 30298 40328 51001 87070=
 23320 66/// /2103 11171 21193 30283 40363 52003 60002 333 11138=
 23324 41958 82202 11155 21182 30276 40360 52004 77172 8802/=
 23405 42997 01102 11194 21213 30224 40334 52005=
 23410 66/// /1303 11194 21220 30246 40353 52004 60002 333 11141=
 23411 41999 62102 11183 21198 30244 40342 52003 70272 80006=
 23412 41999 81603 11182 21203 30245 40352 52004 70272 8805/=
 23416 NIL=
 23418 41438 81802 11159 21178 30279 40359 52005 78582
 8695/ 333 84713=
 23501 NIL=
 23503 41998 80000 11253 21285 30287 40344 52002 77172 8801/=
 23507 86/// /1001 11170 21183 39993 40331 50002=
 23509 41996 81802 11148 21182 30255 40340 54000 77172 8802/=
 23514 41496 81802 11161 21181 30138 40353 53008 77172 8677/ 333 86715=
 23518 41996 81802 11168 21191 30267 40367 53002 77172 8807/ 555 53009=
 23606 41559 81804 11155 21183 30165 40346 52001 77172 8552/ 333 85628=
 23612 NIL=
 23701 41496 81901 11145 21166 30200 40340 54000 77172 8477/=
 23704 66/// /1702 11144 21159 39192 49306 54001 60002 333 11143=
 23707 81598 81803 11141 21168 30192 40335 52002 77177 8652/ 333 86628=
 23708 41967 81703 11165 21191 30193 40356 52001 77172 8807/=
 23709 42998 51501 11189 21219 30159 40372 54001 80001=
 23711 41497 81802 11178 21202 30188 40374 53002 78582 8697/ 333 85710=
 23803 41999 81302 11179 21213 30181 40379 53002 70272 86031=
 23804 41597 81902 11162 21185 30186 40345 57001 72272 8455/=
 23807 42997 81903 11162 21173 30173 40349 58002 86035=
 23808 86/// /1604 11164 21178 30184 40368 54001=
 23812 41496 82002 11165 21194 30211 40389 53002 77172 8372/ 333 934//=
 23904 41980 81702 11161 21178 30191 40362 58002 70272 8807/=
 23905 41899 81201 11181 21201 30127 40377 57001 70272 8801/ 555
 51172=
 23909 41497 81802 11158 21179 30119 40387 57004 77172 8652/ 333
 93605=
 23912 41898 61802 11159 21181 30189 40399 57003 77172 83021 555
 51173=
 23913 41997 81601 11154 21186 30161 40411 54001 77172 8802/ 555
 51165=
 23914 81897 61502 11164 21187 30118 40400 57004 77172 85021=
 28013 41897 81602 11151 21184 30140 40392 57004 77072 8802/ 555
 51174=
 28016 42/// /1601 11148 21165 30147 40391 57005 555 51173=
 28029 42899 51703 11133 21179 30167 40405 57008 85020 555 51164=
 28116 42499 81801 11133 21166 30146 40395 57006 885//=
 28128 42599 81703 11123 21166 30244 40410 57008 885// 555 51164=
 28134 42898 81801 11136 21188 30039 40420 57005 8801/ 555 51186=
 28138 43/// /1903 11152 21188 39813 40431 57007=
 28216 42899 81703 11126 21177 30079 40401 57006 8802/ 555 51163=
 28222 42/// /1602 11121 21169 30203 40413 57006 555 51161=
 28224 42970 61603 11125 21171 30182 40412 57008 80008=
 28234 42598 81903 11123 21190 30124 40425 57007 885// 555 51149=
 28238 42899 80000 11237 21272 30107 40451 57008 8802/ 555 51281=
 28313 42/// /1702 11124 21173 30198 40405 57006 555 51161=
 28319 42599 71802 11113 21172 30235 40412 57010 82530=
 28321 42899 81804 11124 21175 30189 40409 57007 8802/=
 28324 42/// /1702 11114 21176 30282 40413 57010 555 51146=
 28326 42598 72103 11095 21172 30220 40420 57007 87500 555 51190=
 28413 42599 81602 11108 21180 30275 40406 57007 885// 555 51136=
 28428 42598 51802 11152 21190 30228 40431 57007 85500 555 51200=
 28429 42/// /2001 11100 21183 39995 40437 57006 555 51125=
 22983 41570 81601 11135 21159 30216 40330 54000 77172 83535 333 91003
 91104=
 27083 41584 81502 11141 21165 30098 40339 54000 70272 885// 333 91003
 91107=
 27097 41597 61503 11151 21161 30070 40355 58002 77172 83501 333 91004
 91106=
 27185 42/// /1401 11138 21160 30149 40348 57004 333 91003 91105=
 27199 41998 81402 11136 21163 30150 40364 57005 70272 80009 333 91004
 91105=
 27281 42984 71403 11135 21157 30118 40342 57004 87070 333 91005
 91106=
 27283 41497 70000 11136 21164 30183 40351 58008 70272 82530 333 91002
 91105=
 27295 41597 81302 11138 21170 30088 40361 57006 70272 885// 333 91003
 91105=
 27296 42997 81503 11131 21170 30131 40366 57003 8807/ 333 91004
 91106=
 27385 429// 71402 11122 21162 30212 40350 57004 87030 333 91003
 91105=
 27393 42598 81704 11121 21162 30189 40373 57005 8657/ 333 91005
 91106=
 27480 42598 81502 11113 21163 30209 40347 57007 885// 333 91004
 91106=
 28007 42999 71602 11151 21173 30088 40373 57003 87030 333 91003
 91104=
 28009 41998 81602 11146 21184 30153 40382 57003 70272 8807/ 333 91003
 91104=
 28105 41998 21501 11140 21176 30163 40373 58004 70171 82020 333 91003
 91104=
 28202 42997 81703 11130 21174 30139 40378 57004 8805/ 333 91004
 91106=
 28302 42997 81602 11123 21169 30133 40380 57005 8807/ 333 91004
 91106=
 28307 42498 81303 11117 21171 30215 40370 57004 885// 333 91004
 91106=
 28402 42984 81603 11111 21178 30185 40378 57006 8807/ 333 91005
 91107=
 28502 42597 81603 11104 21175 30269 40380 57005 885// 333 91005
 91105=
 22550 81457 81202 11120 21138 30250 40261 52002 78582 889// 333
 88619=
 22778 41498 81302 11143 21163 30225 40300 54000 72272 885// 333
 88616=
 22889 41496 81402 11134 21162 30238 40332 53001 77172 8872/ 333
 88512=
 22762 41996 81301 11132 21149 30238 40280 57002 77177 8007/=
 22638 46/// /1602 11118 21138 39996 40236 52003=
 22671 42998 81602 11131 21152 30200 40285 58001 8805/=
 22456 41496 81301 11129 21162 30173 40267 52001 78582 889//=
 22583 42598 81501 11153 21175 30221 40309 52001 8357/=
 22749 42497 81702 11115 21136 30116 40249 57003 886// 333 88712=
 22951 41497 81602 11131 21149 39965 40266 58002 77172 8772/=
 22887 41395 81403 11129 21156 30240 40316 58008 
 78682 889// 333 86708=
 22876 41597 81302 11128 21151 30230 40309 57002 70282 889// 333
 88920=
 22481 41597 81503 11135 21157 30237 40294 52003 78582 8697/=
 22854 42598 81503 11128 21148 39956 40264 58002 886// 333 88620=
 22781 NIL=
 22676 41896 71302 11141 21169 30213 40297 52003 77072 87010=
 22648 41398 81503 11110 21126 30203 40252 52001 70272 8872/ 333
 88709=
 22559 41597 81301 11122 21143 30254 40271 51006 77172 8252/=
 22869 41997 81502 11134 21158 30136 40296 57003 77177 8001/=
 22768 41597 71502 11129 21159 30225 40279 57002 70272 82570=
 22798 41597 81702 11136 21159 30208 40330 54000 70272 885//=
 22375 46/// /1804 11122 21143 30264 40280 52001=
 23207 NIL=
 23215 41398 81903 11140 21156 30240 40336 52003 70272 885// 333
 88607=
 23219 NIL=
 27095 66/// /1602 11148 21154 30120 40369 57002 60002 333 11145=
 22408 11559 81001 11123 21136 30056 40215 52003 60022 78582 883//
 333   11098 88924 93501=
 22511 11684 81201 11107 21123 30084 40212 52004 69972 70272 885//
 333   11101 88636 93501=
 22529 11498 81502 11099 21116 30220 40227 52002 60012 70272 889//
 333   11098 88913=
 22602 11474 81101 11099 21115 39964 40201 52004 69932 72272 885//
 333   11099 88613=
 22621 11497 81302 11106 21118 30074 40222 52003 69942 704// 885//
 333   11105 88611=
 22619 12498 81103 11102 21112 30042 40210 52002 69932 885// 333  
 11102 88614=
 22721 11496 81202 11102 21116 30114 40218 52001 69992 78582 889//
 333   11100 85712=
 22727 12463 81402 11089 21108 30161 40211 52003 69932 884// 333  
 11077 88615=
 22717 11295 81201 11098 21115 39993 40201 52003 60032 77100 8872/
 333   11088 86703=
 22802 11496 80805 11083 21096 30162 40187 52005 60022 78583 889//
 333   11070 88916=
 22820 11595 81302 11101 21122 30066 40210 52004 60012 77372 8752/
 333   11095 87626=
 22831 11696 81202 11105 21128 30169 40227 54000 69942 77072 885//
 333   11101 88645=
 22805 115// 81307 11029 21036 30152 40177 52003 60032 73683 885//
 333   11024 91112=
 22912 11956 81103 11088 21109 30179 40195 52001 60012 77172 8802/
 333   11082=
 
