06:31:00 MSK 21.07.2023
020 123456/=о000=0331
 уйту01 бтул 210300
 22686 62598 81402 10175 20163 39822 49914 52010 69932 8297/ 333 20165 31016 55069 555 53006 7005/=
 22695 12998 81103 10166 20146 39768 49909 52009 60032 8805/ 333 20161
 31016 555 53010 7005/=
 22996 61498 81901 10146 20146 39761 49934 52008 60012 72582 889// 333 20146 31017 55080 555 53008 7001/ 91209=
 23220 12598 60903 10203 20168 39845 49975 52001 69942 868/1 333 20161 31016 55096 555 53009 7994/=
 23226 12960 31503 10210 20164 39780 49976 54000 60002 82045 333 20170 
 30017 555 53007 7000/=
 23305 12999 70901 10188 20180 39926 49951 52006 69942 87070 333 20172
 31016 555 53006 7001/=
 23320 76/// /3501 10217 20154 39899 49965 52002 333 20142 60002 555 53005 7000/=
 23324 12984 71901 10201 20165 39896 49967 52002 69902 85042 333 20137
 55130 555 53005 7005/=
 23405 12977 71203 10192 20166 39855 49947 52008 60002 85031 
 333 20180 31018 55085 555 53009 7002/=
 23410 76/// /1302 10204 20154 39873 49962 52004 333 20141 60002 555 7000/=
 23411 12999 80000 10178 20164 39874 49956 52004 69932 8805/ 333
 20168 31016 555 53008 7993/=
 23412 12699 71202 10181 20165 39873 49962 52004 60002 82530 333 20156 31015 55117 555 53007 7999/=
 23416 NIL=
 23418 12965 71602 10192 20166 39892 49960 53003 60002
 87030 333 20182 30018 55113 555 53006 7990/=
 23501 NIL=
 23503 12998 61302 10194 20166 39904 49950 52006 60002 85032 333 20175 31018 555 53005 7991/ 91211=
 23507 66/// /1402 10168 20157 39651 49937 52008 60002 333 20133 555 53008 7000/=
 23509 12998 21401 10192 20149 39876 49948 52008 60002 80001 333 20162
 31015 555 53005 7003/=
 23514 12297 81701 10168 20159 39774 49956 52009 60002 886// 333 20159 30016 55069 85706 555 53004 7990/=
 23518 62698 81502 10178 20160 39878 49963 52005 69932 8457/ 333
 20155 31017 55115 555 50203 7009/ 91214=
 23606 12962 21602 10178 20160 39793 49946 52006 60002 82030 333 20134 31013 55038 555 53008 7994/=
 23612 11598 71802 10177 20165 39837 49961 52006 69902 72522 82930 333 20161 31017 555 53005 7007/=
 23701 12699 61402 10176 20145 39815 49934 52010 69912 82230 333 20157
 31016 555 53008 7007/=
 23704 76/// /1402 10161 20159 39926 40039 55004 333 20158 60002 555 50188 7000/=
 23707 62498 81303 10161 20148 39804 49926 52010 60002 889// 333 20155 31016 55046 86619 555 53006 7006/=
 23708 12498 81703 10157 20134 39809 49947 52011 60002 886// 333 20136 3/013 88710 555 53006 7008/ 91212=
 23709 12398 81801 10156 20131 39780 49959 52011 60002 885// 333 20134
 31013 88609 555 53005 7001/=
 23711 12998 62002 10169 20153 39804 49961 52007 60022 84031 333 20139 31015 55039 555 53005 7008/=
 23803 12599 82102 10146 20119 39788 49956 53011 60002 885// 333 20126
 31012 55071 555 53006 7995/=
 23804 12497 81602 10165 20147 39795 49929 52009 60002 8695/ 333 20147 31015 55048 86919 555 53005 7003/=
 23807 11496 81804 10154 20154 39784 49934 52010 60022 78082 8695/ 333
 20149 32015 55063 85916 555 53006 7003/=
 23808 66/// /1302 10156 20144 39793 49949 52009 60002 333 20129 555 7000/=
 23812 12597 71502 10170 20139 39820 49971 52007 60002 87900 333 20138
 31012 555 53005 7990/=
 23904 12470 81802 10162 20142 39800 49945 52008 60002 883// 333 20151
 31015 85915 555 53009 7000/=
 23905 62599 81802 10156 20139 39745 49956 52009 60002 885// 333 20134
 31013 555 53006 7000/=
 23909 62598 81903 10151 20137 39741 49970 52009 60002 8537/ 333 20139
 30014 55068=
 23912 62498 82003 10164 20139 39799 49977 52008 60002 885// 333 20145
 31014 555 53006 7001/=
 23913 62599 70000 10169 20139 39773 49986 52005 60002 85930 333 20132
 31011 55073 555 53004 7001/=
 23914 62498 71902 10155 20136 39740 49980 52007 60002 87500 333 20141
 31014 55072=
 28013 62598 81802 10148 20126 39760 49976 52008 60002 889// 333 20129
 30013 555 53007 7000/=
 28016 62599 71902 10157 20142 39767 49976 52009 60002 87500 333 20141
 30015 555 53007 7000/=
 28029 62499 72003 10159 20134 39784 49989 52008 60002 86730 333 20149
 31014 55058 555 53008 7000/=
 28116 62499 72101 10154 20133 39770 49985 52009 60002 87500 333 20142
 31015 55083=
 28128 62599 82405 10162 20132 39855 49998 52012 60002 885// 333 20161
 31015 55086 91110 555 53010 7000/=
 28134 62698 82002 10153 20126 39675 40003 52010 60002 8253/ 333 20133
 31012 555 53005 7003/=
 28138 12599 62203 10137 20120 39478 40011 52009 60002 86500 333 20118
 31011 55081=
 28216 62599 82103 10141 20116 39728 40008 52012 60002 889// 333 20130
 31013 555 53009 7993/=
 28222 62598 82202 10165 20127 39823 40004 52011 60002 83251 333 20153
 31014 555 53007 7993/=
 28224 62570 22103 10163 20118 39814 40013 52012 60002 81109 333 20130
 30012 55046=
 28234 62898 22103 10152 20109 39756 40017 52012 60002 82040 333 20128
 31012 555 53006 7008/=
 28238 62599 22103 10158 20110 39737 40021 52011 60002 81430 333 20117
 31010 55071 555 53007 7003/=
 28313 62598 62303 10156 20116 39837 40017 52011 60002 85101 333 20130
 30012 555 53007 7993/=
 28319 62599 32404 10168 20117 39876 40029 52013 60002 83500 333 20153
 30015=
 28321 62599 32303 10157 20121 39826 40016 52013 60002 82102 333 20129
 31012=
 28324 62599 62503 10173 20109 39912 40025 52012 60002 84289 333 20140
 30013 555 53008 7993/=
 28326 62598 42202 10159 20116 39849 40024 52012 60002 82530 333 20106
 31010 55066 555 53007 7000/=
 28413 62999 22302 10165 20103 39922 40037 52013 60002 80004 333 20144
 30013 555 53009 7995/=
 28428 62599 12504 10170 20105 39866 40039 52011 60002 81500 333 20109
 30009 555 53008 7000/=
 28429 62898 22304 10167 20107 39654 40039 52009 60002 82030 333 20120
 30011 555 53008 7000/=
 22983 11473 82302 10149 20142 39824 49922 52009 60122 72582 889// 333
 20149 32016 55025 91004 91105 555 53005 7033/ 88033=
 27083 11599 82102 10137 20127 39730 49938 52010 60012 72582 889// 333
 20133 31015 91005 91105 555 52013 53007 7002/=
 27097 11456 82003 10130 20128 39710 49956 52010 60052 75152 886// 333
 20130 31015 91005 91106 555 53008 7006/=
 27185 12598 81902 10131 20126 39798 49971 51012 60072 883// 333 20128
 31015 91006 91106 555 53007 7009/=
 27199 11497 82402 10134 20126 39794 49980 52012 60012 76162 8772/ 333
 20132 32014 55048 91004 91106 555 52013 53008 7006/=
 27281 11482 82304 10132 20123 39792 49987 52013 60032 70262 885// 333
 20126 31013 91007 91108 555 53009 7008/=
 27283 11498 82304 10135 20126 39839 49986 52014 60022 70282 889// 333
 20129 31014 91008 91109 555 53009 7009/=
 27295 11598 82002 10135 20120 39761 49998 52016 60032 72582 884// 333
 20132 31014 91006 91109 555 53009 7005/=
 27296 11580 82304 10141 20114 39788 49992 52013 69942 72582 889// 333
 20132 31013 55060 91009 91109 555 53009 7001/=
 27385 125// 52202 10143 20118 39890 40012 52012 69902 82531 333 20130
 31012 91005 91106 555 53009 7003/=
 27393 12598 52306 10141 20114 39854 40015 52015 60012 83540 333 20135
 31012 55024 91009 91110 555 53010 7002/=
 27480 12598 62302 10154 20126 39904 40025 52013 60002 83504 333 20129
 31012 91006 91108 555 53008 7002/=
 28007 11358 82002 10140 20125 39719 49965 52009 60012 71065 886// 333
 20139 31016 55077 88709 91007 91107 555 53008 7001/=
 28009 11498 72002 10147 20133 39775 49972 52009 69932 72522 87900 333
 20145 31015 91005 91105 555 52014 53006 7002/=
 28105 12598 82303 10134 20123 39794 49976 52010 69982 888// 333 20134
 32015 91005 91107 555 53009 7002/=
 28202 12580 82401 10144 20112 39779 49987 52008 60002 889// 333 20139
 30015 91004 91106 555 53008 7002/=
 28302 12598 22203 10148 20110 39792 40007 52010 69902 81930 333 20124
 31013 91007 91109 555 53009 7003/=
 28307 12998 41902 10154 20109 39887 40022 52015 60002 83031 333 20125
 30011 91005 91106 555 53009 7996/=
 28402 12998 22204 10151 20119 39859 40027 52013 69952 82039 333 20124
 31011 91009 91109 555 53011 7002/=
 28502 12998 62401 10149 20109 39947 40045 52014 60002 86030 333 20118
 30011 55054 91002 91106 555 53012 7993/=
 22550 12397 80203 10160 20150 39873 49883 57005 60112 886// 333 20154
 31017 55050 88709 555 53008 7011/=
 22778 12497 81403 10168 20159 39824 49888 52003 69912 8657/ 333 20165
 31017 55030 555 53006 7015/=
 22889 11498 72101 10157 20150 39839 49920 52012 60032 70381 87800 333
 20153 32017 87615 555 53005 7013/=
 22762 61595 81102 10162 20162 39840 49876 52011 60022 71022 885// 333
 20162 32018 555 53005 7025/ 91214=
 22638 46/// /3603 10124 20122 39688 49900 57004=
 22671 12398 71102 10175 20168 39817 49890 52014 60052 87900 333 20172
 31018 55057 85709 555 53008 7007/=
 22456 11497 80201 10142 20129 39824 49906 53001 69952 78082 886// 333
 20133 31015 555 53008 7995/=
 22583 12598 71101 10181 20169 39847 49921 52009 60052 875//
 333 20173 31018 55068 555 53008 7006/=
 22749 NIL=
 22951 11497 82803 10129 20122 39650 49913 53010 60282 76162 8772/ 333
 20129 32014 555 53010 7053/=
 22887 11499 71903 10159 20143 39841 49905 52008 
 69902 72582 86930 333 20156 31016 55036 86913 555 
 53007 7008/=
 22876 12497 72002 10160 20150 39834 49901 52010 60002 87900 333 20154
 31016 87916 555 50179 53007 7014/ 91207=
 22481 12598 70902 10188 20188 39878 49927 52011 60022 86570 333 20181
 31018 555 53008 7012/=
 22854 11297 82605 10139 20137 39618 49887 53005 60102 76162 8872/ 333
 20139 32015 55000 87704 91111 555 53011 7013/=
 22781 NIL=
 22676 12498 81204 10170 20157 39824 49895 52014 60002 886// 333 20167
 32017 555 53007 7009/=
 22648 NIL=
 22559 62697 80802 10184 20177 39863 49878 53003 60132 8672/ 333 20168
 32018 86636 555 53007 7013/=
 22869 11/93 92202 10146 20143 39758 49896 52007 60042 78088 333 20145
 31016 96045 555 53005 7005/ 91205=
 22768 11497 81502 10171 20165 39825 49871 52005 60062 78082 8695/ 333
 20162 32017 55017 85911 555 53004 7025/=
 22798 12498 81001 10167 20157 39814 49918 52009 60002 889// 333 20159
 31017 555 53004 7008/=
 22375 46/// /0608 10125 20117 39930 49945 52005 333 91114=
 23207 NIL=
 23215 NIL=
 23219 NIL=
 27095 76/// /2103 10137 20137 39747 49962 52010 333 20136 60002 555 53007 7000/=
 22408 21499 80102 10131 20120 39833 49974 52003 70262 889// 333  
 20130 55012 60152 555   7016/=
 22511 21561 80202 10140 20119 39846 49960 52002 70282 8493/ 333  
 20138 60102 555   7010/=
 22529 21465 80103 10117 20107 39915 49921 57003 78082 889// 333  
 20114 60032 88919 555   7007/=
 22602 21358 83203 10132 20123 39745 49957 57005 76162 8872/ 333  
 20131 55076 60082 88508 555   7008/=
 22621 73468 /3603 10124 20107 39798 49929 57001 333   20124 55003
 60072 555   7007/=
 22619 21480 83205 10142 20131 39782 49931 57004 70262 885// 333  
 20141 55050 60042 88614 555   7005/=
 22721 22398 83003 10133 20118 39826 49918 57002 887// 333   20132
 60052 86709 91110 555   7006/=
 22727 76762 /2903 10148 20139 39884 49929 57010 333   20144 60062
 555   7008/=
 22717 73/61 /2702 10136 20128 39776 49958 57003 333   20136 60012
 555   7001/=
 22802 22999 82602 10152 20119 39951 49973 57002 8807/ 333   20128
 55123 60002 555   7000/=
 22820 21662 82604 10138 20131 39810 49938 57008 76162 8452/ 333  
 20135 55000 60062 91110 555   7006/=
 22831 21497 82603 10136 20127 39858 49910 57006 78182 889// 333  
 20136 55000 60352 88917 555   7050/ 88050=
 22805 22598 82906 10148 20125 39955 49973 57003 885// 333   20147
 55095 60002 91110 555   7000/=
 22912 22999 82604 10156 20131 39953 49967 57006 8807/ 333   20151
 60002 555   7000/=
 
