12:31:00 MSK 01.02.2023
010 111/=о000=0931
 уйту01 бтул 010900
 22686 41598 82005 11002 21040 39899 49997 52024 73673 84531=
 22695 42/// /1903 11013 21034 39841 49994 52022 333 91110=
 22996 42998 71803 11017 21051 39895 40082 52013 87070=
 23220 41496 81805 11038 21067 39884 40027 52021 77173 887// 333 91110=
 23226 41460 82007 11046 21062 39801 40017 52021 73673 885// 333 88612 
 91010 91113 92980=
 23305 42/// /1906 10001 21028 39935 49963 52025 333 91011 91112=
 23320 86/// /2307 11022 21059 39955 40028 52017 333 91012 91113=
 23324 41580 82004 11024 21048 39950 40027 52023 70232 885// 333 88623
 91111=
 23405 41568 81806 11006 21031 39883 49982 52026
 78782 8395/ 333 91112=
 23410 86/// /1707 11022 21044 39917 40013 52022 333 91012 91113=
 23411 42/// /2109 11012 21030 39905 49993 52022 333 91015 91115=
 23412 41499 82105 11016 21040 39915 40012 52022 70272 883// 333 91111=
 23416 NIL=
 23418 41565 81804 11015 21042 39966 40040 52024
 70272 885// 333 88622 91111=
 23503 42/// /2005 11005 21044 39964 40014 52024 333 91111=
 23507 86/// /2104 11024 21025 39691 40000 51023 333 91111=
 23509 41497 81904 11014 21039 39951 40030 52019 78583 889// 333 85914=
 23514 41497 82005 11026 21040 39840 40037 53025 78583 8695/ 333 84710 91011 91111=
 23518 41498 82007 11026 21048 39974 40066 52020 73632 889// 333
 86619 91010 91113=
 23606 41460 82004 11022 21051 39876 40049 52019
 78582 889// 333 86912=
 23701 41458 81904 11016 21038 39911 40041 52017 78583 8692/ 333 86919
 91111=
 23704 86/// /1903 11018 21028 39926 40039 55004=
 23707 81498 81905 11017 21043 39916 40048 52016 77173 8652/ 333 86618
 91110=
 23708 42/// /1805 11025 21054 39923 40073 52014 333 91110=
 23709 43/// /1804 11026 21060 39891 40086 5////=
 23711 42598 82004 11028 21055 39917 40088 52014 889// 333 85623=
 23803 41599 82103 11018 21052 39910 40091 51011 70232 8396/=
 23804 81496 82004 11020 21048 39918 40064 52016 77172 8752/ 333 87617=
 23807 41496 82105 11020 21051 39912 40075 52012 78582 8495/=
 23808 86/// /1605 11023 21048 39923 40092 52013=
 23812 42/// /2104 11024 21050 39948 40112 52010=
 23904 41970 81804 11019 21042 39939 40097 52012 70232 8807/=
 23905 42599 81903 11024 21046 39883 40112 52012 885//=
 23909 41497 82003 11017 21039 39879 40126 52010 77172 8652/=
 23912 41596 81904 11013 21024 39940 40134 52011 78582 8695/=
 23913 41597 83101 11013 21043 39917 40148 52012 77172 8872/=
 23914 81597 81804 11016 21027 39880 40139 52011 78582 8692/ 333
 93400=
 28013 41897 81804 11004 21031 39902 40135 52011 77172 8802/=
 28016 41598 71803 11001 21026 39912 40139 52010 78582 87900=
 28029 41599 81905 11020 21042 39942 40164 52013 70273 8452/=
 28116 41496 81803 11012 21029 39921 40154 52014 77172 8872/ 333
 93400=
 28128 41598 81901 11029 21052 30021 40178 52014 72272 8407/=
 28134 41598 81902 11044 21062 39828 40187 52012 70272 8752/=
 28138 42598 82002 11059 21068 39616 40200 52012 885// 333 93513=
 28216 42899 81805 11035 21059 39872 40176 52009 8802/ 333 91110
 93400=
 28222 41897 81602 11030 21060 39987 40186 52011 70232 8805/=
 28224 41864 81703 11030 21066 39973 40191 52009 77072 8802/=
 28234 42598 81803 11038 21078 39917 40202 52009 8457/=
 28238 42599 82105 11033 21070 39897 40208 52009 885//=
 28313 42598 81804 11028 21061 39989 40185 52009 885//=
 28319 42598 81802 11028 21081 30030 40199 52008 885//=
 28321 42599 81803 11041 21072 39982 40191 52009 8297/=
 28324 41898 81803 11026 21091 30074 40198 52005 77172 8802/=
 28326 42898 81903 11028 21086 30014 40204 52007 8807/=
 28413 42599 71802 11022 21100 30070 40195 52010 83580=
 28428 42599 71804 11044 21120 30027 40218 52006 87500=
 28429 42598 82003 11046 21107 39799 40223 52005 885//=
 22983 41582 82002 11015 21039 39957 40063 52017 77872 885// 333 91005
 91107=
 27083 42599 82004 11024 21050 39857 40081 52012 889// 333 91007
 91109=
 27097 41598 81603 11025 21037 39837 40102 53011 73673 885// 333 91005
 91109=
 27185 42698 81702 11017 21042 39919 40105 52012 8652/ 333 91005
 91108=
 27199 41598 82002 11004 21031 39922 40120 52011 72272 885// 333 91005
 91107=
 27281 42582 81804 11019 21044 39894 40104 52010 8257/ 333 91007
 91108=
 27283 41498 72003 11007 21039 39943 40100 52007 70282 87500 333 91006
 91107=
 27295 41598 81703 11003 21024 39871 40124 52010 70282 884// 333 91005
 91109=
 27296 41997 82003 10005 21021 39907 40125 52009 70272 8807/ 333 91007
 91107=
 27385 425// 81902 10003 21018 39990 40119 52005 8255/ 333 91004
 91107=
 27393 41496 81906 11007 21027 39975 40147 52013 73676 886// 333 91008
 91109 93401=
 27480 41420 82001 11004 21010 39994 40123 52006 78682 889// 333 91002
 91106=
 28007 41459 81903 11017 21041 39855 40119 52010 77172 8802/ 333 88513
 91006 91106=
 28009 41956 81803 11003 21039 39916 40127 52008 77172 8807/ 333 91006
 91107=
 28105 41959 82103 11003 21023 39924 40124 52010 77172 8802/ 333 91006
 91107=
 28202 41662 82105 11004 21030 39917 40140 52012 70272 885// 333 91008
 91110=
 28302 41598 81804 11012 21037 39922 40153 52010 70282 889// 333 91007
 91107 93402=
 28307 42498 81503 11010 21041 30002 40148 52007 86931 333 91006
 91109=
 28402 42998 81804 11016 21051 39980 40161 52007 8807/ 333 91006
 91109=
 28502 41998 61705 11033 21099 30069 40176 52008 70232 80009 333 91007
 91110=
 22550 82697 72003 11038 21061 39927 49938 52027 87500 333 87640=
 22778 42598 62005 11002 21047 39938 40007 52022 82570 333 91010
 91110=
 22889 42/// /1703 11015 21031 39972 40059 52017=
 22762 41496 81802 11011 21023 39939 49978 52023 77172 8557/=
 22638 46/// /2302 11047 21075 39725 49951 52027=
 22671 41494 82103 11023 21031 39879 49957 51026 78682 889// 333
 87913=
 22456 NIL=
 22583 41598 81802 11006 21034 39879 49959 52024 70288 8657/=
 22749 NIL=
 22951 41496 82303 11021 21032 39721 40003 52018 78582 885//=
 22887 41497 81605 11006 21027 39969 40039 52022 78582 8695/
 333 86919 91010 91111=
 22876 41497 72003 10001 21028 39955 40027 51022 70282 87900 333
 87918=
 22481 41496 82105 11026 21027 39877 49929 52028 78583 8797/ 333
 91110=
 22854 41498 72003 11023 21031 39699 49988 52021 70182 87900 333
 86710=
 22781 NIL=
 22676 42598 71906 11003 21048 39899 49976 52024 86930 333 91111=
 22648 NIL=
 22559 41698 82103 11038 21057 39932 49949 52027 72687 8353/=
 22869 42997 72005 11005 21039 39874 40022 51021 80050=
 22768 41497 72106 11006 21040 39942 49992 52022 73683 86971 333 84914
 91010 91111=
 22798 41496 81903 11014 21035 39927 40040 52016 78587 889//=
 22375 46/// /2207 11029 39886 49901 52031=
 23207 41599 82104 11009 21035 39907 49930 52031 70283 8654/ 333
 91110=
 23215 NIL=
 23219 NIL=
 27095 86/// /1704 11022 21034 39878 40110 53010=
 22408 41399 82504 11051 21066 39753 49903 52023 70282 886// 333  
 88709=
 22511 41598 82204 11044 21065 39786 49907 52023 72272 8551/ 333  
 85622=
 22529 42599 72203 11032 21060 39918 49925 52025 87500 333   87625=
 22602 42478 72703 11066 21082 39705 49933 52023 86530 333   86615=
 22621 83670 /2105 11039 21063 39792 49932 52022=
 22619 42483 82502 11040 21067 39777 49937 52020 885// 333   88618=
 22721 42598 81601 11037 21054 39851 49950 52020 8651/ 333   86631=
 22727 86570 /1802 11033 21066 39917 49965 52022=
 22717 83/70 /1701 11041 21059 39763 49957 52017=
 22802 42599 72202 11027 21063 39935 49958 52016 86532 333   85630=
 22820 42570 71902 11033 21058 39829 49966 52019 86530 333   86629=
 22831 42598 72601 11031 21055 39920 49975 52023 87900 333   87926=
 22805 42598 82102 11021 21046 39928 49948 51007 885//=
 22912 41950 81301 11031 21045 39954 49969 52017 77187 8802/=
 
