21:31:00 MSK 24.10.2023
020 123456/=о000=1831
 унту01 бтул 241800
 22686 41598 72803 11011 21023 39977 40077 58001 70272 86570 333 86621=
 22695 42/// /2904 11010 21043 39900 40053 54000=
 22996 82/// /3001 11020 21044 39901 40089 52003=
 23220 42698 80603 11086 21097 39814 49958 52012 885// 333 88633=
 23226 41360 80401 11059 21067 39747 49964 52014 72272 887// 333 86707=
 23305 41984 53404 11040 21044 30008 40036 52012 70232 83031=
 23320 66/// /0201 11064 21064 39897 49971 52018 60002 333 11027=
 23324 41273 83301 11081 21092 39890 49969 52013 70272 886// 333 88704=
 23405 41497 73304 11031 21038 39937 40038 52018
 70281 84530 333 84611=
 23410 66/// /2904 11047 21058 39888 49986 51016 60002 333 11021=
 23411 41499 83404 11044 21050 39919 40009 52017 70272 8772/=
 23412 41599 83303 11037 21050 39894 49991 52015 70272 885// 333 88620=
 23416 NIL=
 23418 41465 83503 11032 21049 39911 49985 53018 72682
 8695/ 333 85712=
 23501 NIL=
 23503 41998 23503 11028 21056 39970 40020 53017 70271 82030=
 23507 86/// /3503 11023 21032 39729 40040 52005=
 23509 41997 83202 11015 21035 39942 40020 52005 77172 8802/=
 23514 41296 83303 11025 21030 39805 40002 52006 78582 889// 333 86705=
 23518 41496 83004 11026 21032 39884 49976 57005 77172 886// 333 84714
 555 53008=
 23606 41560 82902 11020 21045 39848 40020 54000 78582 889// 333 86930=
 23612 NIL=
 23701 41560 72802 11008 21032 39926 40055 57002 78522 86910 333 86930=
 23704 66/// /2802 11009 21023 39478 49590 55001 60002 333 11002=
 23707 82598 82702 11014 21039 39931 40064 57002 8655/ 333 86626=
 23708 42984 82603 11021 21046 39902 40052 57004 80031=
 23709 41798 62503 11031 21057 39846 40040 57002 70271 86500=
 23711 41597 62702 11029 21045 39840 40010 57003 78582 85970 333 84922=
 23803 41597 82803 11022 21056 39875 40056 58003 78581 889// 333 88927=
 23804 82997 82902 11014 21045 39922 40068 58002 8805/=
 23807 41997 82903 11021 21042 39919 40082 58001 70282 8805/=
 23808 86/// /2703 11019 21042 39904 40073 54000=
 23812 41496 82802 11039 21064 39863 40027 58003 78581 889// 333 934//=
 23904 41580 82901 11019 21047 39925 40083 52003 70272 885// 333 88628=
 23905 42599 82901 11021 21063 39842 40071 52002 885// 555 51018=
 23909 41498 82901 11024 21073 39816 40063 52002 70282 883//=
 23912 41598 73002 11024 21056 39852 40044 52003 70282 84530 555
 51021=
 23913 41599 82701 11038 21070 39808 40039 50003 70282 889// 555
 51023=
 23914 81498 82903 11026 21065 39790 40048 52004 70282 885//=
 28013 42598 83003 11023 21076 39827 40059 52003 885// 555 51020=
 28016 42/// /3302 11023 21062 39842 40068 52006 555 51029=
 28029 41496 83302 11023 21054 39826 40047 52005 77172 8872/ 555
 51016=
 28116 41499 70103 11023 21071 39831 40063 52006 70172 86530=
 28128 42599 80103 11014 21076 39899 40052 52009 885// 555 51012=
 28134 42598 83501 11030 21077 39691 40044 52008 86515 555 51027=
 28138 43/// /3403 11052 21089 39461 40034 52007=
 28216 42699 80105 11026 21076 39756 40055 51012 885// 333 91111 555
 51014=
 28222 42/// /0102 11015 21075 39852 40047 52014 555 51012=
 28224 42570 73604 11014 21070 39825 40039 52009 87900=
 28234 42898 60102 11033 21080 39755 40035 52009 86040 555 51015=
 28238 42899 80203 11034 21067 39723 40028 52009 8802/ 555 51024=
 28313 42/// /3604 11018 21058 39856 40049 52010 555 51009=
 28319 42598 60102 11022 21040 39874 40038 52010 86500=
 28321 42899 80104 11017 21052 39838 40042 52011 8805/=
 28324 NIL=
 28326 42598 70202 11027 21042 39838 40025 52007 87500 555 51007=
 28413 41598 80204 11001 21046 39912 40034 52009 70272 8555/ 333 91010
 91111 555 50003=
 28428 41598 80304 11017 21041 39823 40007 52005 70272 885// 333 91110
 555 51002=
 28429 42/// /0304 11026 21034 39592 40003 52006 333 91110 555 51004=
 22983 42584 82801 11014 21044 39999 40105 52004 83435 333 91003
 91103=
 27083 42584 83202 11018 21073 39875 40100 52006 885// 333 91004
 91107=
 27097 42598 83403 11024 21043 39834 40099 52008 885// 333 91007
 91108=
 27185 42/// /3303 11007 21059 39915 40100 52002 333 91006 91106=
 27199 42998 83402 11007 21070 39893 40091 52005 8805/ 333 91006
 91107=
 27281 42484 83102 11011 21062 39896 40104 52002 885// 333 91004
 91105=
 27283 42597 73401 11013 21056 39940 40097 52003 87500 333 91002
 91106=
 27295 42997 83502 11015 21076 39839 40092 52004 8805/ 333 91006
 91109=
 27296 42598 83602 11014 21075 39868 40086 52005 885// 333 91005
 91108=
 27385 425// 83502 11013 21063 39971 40101 52007 8455/ 333 91004
 91105=
 27393 42598 80302 11016 21062 39916 40088 52007 8657/ 333 91005
 91106=
 27480 42498 80000 11021 21047 39977 40107 52011 885// 333 91000
 91105=
 28007 42599 83603 11018 21074 39823 40087 52004 885// 333 88631 91004
 91108=
 28009 42698 83401 11017 21084 39869 40081 52004 885// 333 91003
 91107=
 28105 42498 80202 11013 21076 39890 40084 52005 885// 333 91004
 91107=
 28202 42697 80304 11016 21076 39852 40075 52006 885// 333 91009
 91109=
 28302 42997 80102 11021 21071 39842 40072 52009 8807/ 333 91003
 91108=
 28307 42498 83203 11016 21062 39936 40081 52009 885// 333 91006
 91107=
 28402 42984 83304 11022 21048 39888 40069 52009 8807/ 333 91006
 91106=
 28502 42597 83404 11008 21044 39955 40059 52014 885// 333 91008
 91109=
 22550 82971 63202 11013 21015 30115 40125 52002 80001=
 22778 41598 82803 11010 21032 30040 40110 57001 70281 8257/=
 22889 42498 82803 11017 21033 30013 40100 54001 885// 333 88616=
 22762 41597 82802 11002 21006 30085 40124 54001 70272 885//=
 22638 46/// /3201 11028 21042 39941 40171 57001=
 22671 41397 83001 11004 21012 30017 40096 54000 70282 889// 333
 85709=
 22456 41596 73102 11002 21002 30026 40114 52003 78582 86970=
 22583 41598 53003 11010 21026 39989 40069 52005 70282 85500
 333 91110=
 22749 41498 73103 11005 21015 30026 40152 54001 72682 87900 333
 87917=
 22951 42598 83101 11011 21037 39872 40157 52001 884//=
 22887 42497 82804 11007 21032 30038 40109 52006 8555/ 333 85616=
 22876 42597 82602 11013 21028 30040 40113 52003 885// 333 88626=
 22481 41596 73103 11022 21026 30029 40083 52009 78581 87900=
 22854 42599 72902 11014 21028 39862 40154 51001 87900 333 86623=
 22781 NIL=
 22676 41897 73003 11006 21014 30011 40089 54000 77072 87070=
 22648 42498 63002 11005 21006 30105 40152 54000 83930=
 22559 42998 02902 11019 21025 30108 40125 54001=
 22869 41597 83302 11012 21028 39984 40134 54001 77172 887// 333
 86624=
 22768 41697 33102 11005 21016 30073 40123 57001 70181 81531=
 22798 41597 82902 11009 21033 39965 40078 58001 77871 885//=
 22375 46/// /0104 11029 21040 30080 40095 52011=
 23207 NIL=
 23215 42598 23404 11072 21079 39896 49986 52010 82500 333 82625=
 23219 NIL=
 27095 66/// /3202 11022 21049 39876 40107 52008 60002 333 11008=
 22408 12684 63402 11020 21039 30051 40204 52004 60002 83530 333  
 11005=
 22511 12684 62701 11028 21041 30073 40197 52003 60002 82512 333  
 10001=
 22529 11596 83102 10001 21005 30162 40169 52001 60012 78582 889//
 333   10012 88920=
 22602 12473 83001 11030 21047 39972 40203 54000 60002 885// 333  
 11015 88612=
 22621 12998 13002 11044 21053 30044 40188 52003 60002 81030 333  
 10006=
 22619 12698 72603 11013 21046 30022 40184 57001 60002 87500 333  
 10012 87646=
 22721 12697 83001 11020 21034 30084 40184 52001 60002 885// 333  
 10008 88641=
 22727 12670 83002 11003 21027 30141 40190 57001 60002 884// 333  
 10018 88640=
 22717 12998 22701 11054 21068 39999 40204 52002 60002 82030 333  
 10006=
 22802 12998 03001 11035 21046 30181 40205 52005 60002 333   10028=
 22820 12698 82901 11006 21046 30051 40190 54000 60002 885// 333  
 10008 88637=
 22831 12997 22901 11018 21035 30118 40174 54000 60002 82030 333  
 10036=
 22805 125// 60201 10005 21022 30175 40200 52002 60002 86500 333  
 10042=
 22912 12584 10000 11037 21055 30176 40192 54000 60002 81500 333  
 10032=
 
