15:31:00 MSK 01.12.2023
020 123456/=о000=1231
 унту01 бтул 011200
 22686 42598 80000 11083 21093 30035 40139 57017 8457/ 333 84625 555 1/107=
 22695 42698 80701 11076 21094 39969 40127 57015 8555/ 555 1/107=
 22996 41495 81301 11052 21052 39920 40110 57013 77372 8652/ 333 86616 93601 555 1/105=
 23220 41999 60904 11109 21138 30036 40184 57010 73632 86030 555 1/110=
 23226 41458 80901 11091 21116 39964 40187 57014 77072 8552/ 333 85617 
 555 1/108=
 23305 41484 80000 11073 21076 30136 40165 58015 70272 885// 555 1/108=
 23320 86/// /0000 11088 21089 30105 40181 57010=
 23324 42982 80601 11083 21094 30101 40181 57011 8807/ 555 1/109=
 23405 41996 80501 11085 21092 30055 40159 57013
 77172 8802/ 555 1/111=
 23410 86/// /0901 11051 21064 30074 40174 57013 555 51052 53002=
 23411 42/// /1001 11051 21053 30076 40168 57013 555 1/104=
 23412 41996 81101 11050 21057 30084 40184 57002 77172 8807/ 555 1/105=
 23416 NIL=
 23418 41565 71401 11056 21063 30096 40172 57012 70271 87530
 333 85630 555 1/108=
 23501 NIL=
 23503 41998 80902 11050 21060 30106 40157 57014 77072 8802/ 555 1/105=
 23507 86/// /0000 11078 21081 39832 40153 56013=
 23509 41997 80000 11056 21063 30072 40153 57013 70272 8802/ 555 1/106=
 23514 41697 81202 11054 21061 39957 40159 57014 77172 8557/ 333 85637 555 1/106=
 23518 42/// /1301 11054 21078 30074 40168 57014 555 1/106=
 23606 41958 81002 11056 21056 39979 40149 57013 77172 8807/ 555 1/105=
 23612 NIL=
 23701 41561 80000 11068 21077 30013 40146 57013 78582 8597/ 333
 85930 555 1/107=
 23704 86/// /1302 11074 21074 39406 49520 51027 555 53009=
 23707 81598 80701 11085 21095 39996 40133 57017 70272 8551/ 333 85624  93606 555 1/109=
 23708 42683 80000 11073 21087 39991 40145 57017 885// 333 88645 555
 1/106=
 23709 41998 80000 11049 21063 39950 40147 57016 70272 8807/ 333 93401
 555 1/105=
 23711 42598 81201 11060 21078 39983 40158 57015 889// 333 88823 555 1/106=
 23803 41499 80901 11051 21068 39964 40149 58018 72272 886// 333 88714 555 1/105=
 23804 42597 80701 11084 21097 39983 40133 57017 8652/ 333 86620  93601 555 1/108=
 23807 42/// /0602 11079 21079 39960 40127 56018 555 1/107=
 23808 86/// /0901 11084 21084 39970 40144 57019=
 23812 42997 81101 11059 21063 39989 40156 57016 8802/ 333 934// 555
 1/106=
 23904 41427 81301 11056 21057 39963 40124 57018 77372 8752/ 333 87612
 93605 555 1/106=
 23905 42599 80000 11064 21072 39901 40135 57020 885// 555 1/106=
 23909 41296 81001 11039 21045 39890 40140 57017 77172 8772/ 333
 93607=
 23912 42598 81402 11037 21053 39956 40152 57014 83525 333 93401 555
 1/105=
 23913 42599 71201 11092 21114 39931 40170 57016 83501 555 1/113=
 23914 82497 81102 11050 21056 39888 40151 57015 8802/=
 28013 41597 81201 11030 21041 39905 40140 57016 70242 885// 333 93401
 555 1/103=
 28016 42599 81501 11045 21049 39913 40143 57014 885// 555 1/105=
 28029 41596 81102 11046 21052 39925 40149 57015 71022 885// 555
 1/104=
 28116 41499 81602 11044 21057 39909 40145 57014 70272 885//=
 28128 41495 80000 11037 21041 39995 40152 57015 77772 886// 333 93401
 555 1/104=
 28134 42698 81301 11071 21088 39801 40163 57014 885// 555 1/107=
 28138 42599 80000 11104 21114 39586 40178 57012 885// 333 93646=
 28216 41896 81102 11078 21092 39842 40150 57012 77172 8802/ 555
 1/107=
 28222 41496 81302 11039 21041 39954 40153 56015 72682 886// 333 93402
 555 1/104=
 28224 41470 81401 11051 21064 39934 40152 57016 70272 8651/=
 28234 41598 81301 11055 21077 39878 40164 57013 70272 885// 555
 1/104=
 28238 41599 80903 11076 21090 39859 40174 57011 70272 885// 555
 1/107=
 28313 41897 81201 11064 21087 39949 40147 57014 77172 8802/ 555
 1/106=
 28319 41496 80901 11067 21079 39980 40149 57015 77172 8802/=
 28321 42899 82301 11078 21092 39944 40153 57029 8802/=
 28324 42697 80901 11068 21088 30024 40149 56020 8657/ 555 1/107=
 28326 42598 81301 11064 21076 39966 40158 57017 885// 555 1/107=
 28413 41496 80000 11061 21079 30021 40147 56006 72485 886// 333 93400
 555 1/105=
 28428 41595 80701 11063 21077 39960 40151 57019 77372 8802/ 555
 1/106=
 28429 42598 81101 11064 21080 39737 40161 57017 885// 333 93401 555
 1/106=
 22983 41462 81101 11061 21069 39999 40107 57013 77172 8802/ 333 91002
 91104 555 1/107=
 27083 41458 81301 11064 21074 39879 40108 57010 77172 8802/ 333 91002
 91103 555 1/105=
 27097 41423 81501 11069 21071 39848 40117 57009 77372 8872/ 333 91002
 91104 555 1/106=
 27185 42998 81701 11053 21063 39928 40117 57006 8802/ 333 91002 91103
 555 1/105=
 27199 41398 81501 11062 21070 39921 40124 57008 72272 8671/ 333 91002
 91105 555 1/104=
 27281 42482 81903 11046 21069 39905 40116 57004 8755/ 333 91005 91105
 555 1/105=
 27283 41466 82501 11045 21055 39961 40120 57003 70272 8657/ 333 91001
 91104 555 1/105=
 27295 41598 81901 11060 21074 39868 40127 57003 70272 885// 333 91002
 91103 555 1/107=
 27296 41471 81601 11064 21081 39902 40126 57006 70272 8802/ 333 91002
 91104 555 1/105=
 27385 424// 81902 11046 21075 39996 40127 57002 8575/ 333 91004 91107
 555 1/105=
 27393 41598 82201 11059 21070 39959 40134 57004 70272 8657/ 333 91002
 91103 555 1/105=
 27480 42598 62001 11059 21101 30001 40133 57003 85530 333 91003 91107
 555 1/110=
 28007 41422 80000 11058 21068 39856 40125 57012 77372 8872/ 333 88712
 91000 91102 555 1/105=
 28009 41422 80802 11048 21063 39915 40130 57015 78582 889// 333 91003
 91103 555 1/105=
 28105 41458 81701 11063 21076 39928 40127 57009 77172 8872/ 333 91002
 91103 555 1/106=
 28202 41910 81601 11071 21085 39903 40132 56009 77372 8807/ 333 91002
 91105 555 1/106=
 28302 41997 81601 11068 21084 39898 40134 57005 77172 8802/ 333 91002
 91103 555 1/106=
 28307 41498 60701 11060 21075 39985 40133 57002 70272 82571 333 91001
 91102 555 1/113=
 28402 41998 82201 11041 21051 39951 40134 54000 70272 8801/ 333 91002
 91103 555 1/104=
 28502 41598 72702 11033 21053 30033 40139 53001 70272 86029 333 91002
 91104 555 1/106=
 22550 82597 80802 11096 21113 30105 40116 57016 885// 333 88623 555
 1/109=
 22778 41496 80902 11069 21085 30031 40103 57016 78582 889// 333 85616
 555 1/107=
 22889 41396 80802 11064 21067 30023 40112 57015 77172 887// 333 88509
 555 1/106=
 22762 41396 80901 11075 21086 30062 40103 57013 77172 8577/ 555
 1/106=
 22638 46/// /0902 11112 21129 39848 40083 57008=
 22671 NIL=
 22456 42497 80701 11109 21131 30051 40143 56013 886// 555 1/112=
 22583 42598 70000 11070 21080 30063 40146 57014 86570
 555 1/107=
 22749 41498 80901 11076 21083 39946 40075 57008 70272 885// 333 88618
 555 1/108=
 22951 41497 81302 11074 21083 39789 40079 57006 77872 8772/ 555
 1/108=
 22887 41496 80801 11068 21080 30034 40106 57015 78582 889//
 333 85711 555 1/106=
 22876 41395 80802 11074 21076 30029 40104 57014 78582 889// 333 88707
 555 1/106=
 22481 41698 80601 11084 21092 30098 40153 57017 70271 8257/ 555
 1/108=
 22854 41298 81002 11080 21087 39785 40083 57007 70272 8772/ 333 87705
 555 1/108=
 22781 NIL=
 22676 42898 83401 11102 21116 30043 40124 57019 8807/ 555 1/108=
 22648 41798 81102 11094 21106 30045 40094 57012 72272 8657/ 333 86655
 555 1/109=
 22559 41697 80903 11105 21126 30106 40124 56015 77872 8692/ 333 86637
 555 1/108=
 22869 41397 70901 11075 21087 39945 40098 57010 77177 85710 333 85709
 555 1/107=
 22768 41597 70902 11077 21094 30041 40092 57012 72287 86570 333 86623
 555 1/107=
 22798 42597 80701 11088 21093 30012 40129 57019 8555/ 555 1/108=
 22375 46/// /0903 11078 21087 30140 40156 57015=
 23207 41496 80501 11083 21092 30141 40164 57013 77772 886// 555
 1/108=
 23215 41297 80000 11061 21064 30083 40175 57013 77172 886// 333 88706
 555 1/107=
 23219 NIL=
 27095 86/// /1501 11062 21062 39893 40128 57011=
 22408 41475 80503 11057 21071 39948 40101 57013 72272 889// 333  
 88915 555   1/106=
 22511 41221 80502 11071 21083 39965 40090 57013 77172 8672/ 333  
 86704 555   1/107=
 22529 41462 81202 11085 21100 30082 40089 57013 77187 8872/ 333  
 88518 555   1/107=
 22602 41459 80702 11087 21106 39843 40076 57009 77072 885// 333  
 88613 555   1/109=
 22621 83/18 /0501 11099 21111 39935 40080 57012 555   1////=
 22619 41440 80503 11089 21107 39900 40065 57012 77372 8872/ 333  
 87710 555   1/108=
 22721 41396 81001 11090 21107 39963 40065 57012 78582 889// 333  
 85707 555   1/108=
 22727 86464 /0201 11069 21086 30004 40053 57008 555   1////=
 22717 83/66 /0402 11078 21090 39843 40046 57006 555   1////=
 22802 41557 70503 11058 21073 30006 40030 57007 78582 86931 333  
 85927 555   1/106=
 22820 41220 80605 11052 21064 39898 40037 57008 77573 8872/ 333  
 88706 91110 92980 555   1/105=
 22831 41697 70901 11077 21096 39999 40056 57008 77072 83530 555  
 1/107=
 22805 41597 80903 11036 21050 39997 40022 57005 77173 8652/ 555  
 1/103=
 22912 41956 80903 11050 21070 30004 40019 57007 77172 8807/ 555  
 1/106=
 
