03:31:00 MSK 26.07.2023
020 123456/=о000=0031
 унту01 бтул 260000
 22686 82998 80000 10101 20100 39947 40043 52007 86075 555 11011=
 22695 41598 51801 10132 20115 39888 40033 52006 70282 83930 555 12015=
 22996 42/// /1701 10107 20107 39880 40058 52007 555 1/011=
 23220 43/// /0602 10154 20131 39922 40055 52003 555 1/015=
 23226 42960 70401 10151 20133 39856 40058 57001 87070 555 10016=
 23305 42/// /1201 10136 20134 30016 40042 52004 555 1/013=
 23320 86/// /0000 10151 20130 39974 40043 52002=
 23324 41984 81102 10162 20150 39976 40048 54000 70262 8804/ 555 11016=
 23405 42970 21102 10132 20121 39950 40044 53009 82030 
 555 11013=
 23410 86/// /2302 10153 20129 39952 40043 52004 555 53007=
 23411 42/// /1401 10147 20145 39960 40044 55000 555 1/014=
 23412 42699 62802 10158 20134 39953 40044 52002 82531 555 11014=
 23416 NIL=
 23418 42965 60000 10134 20125 39981 40051 53009 86031
 555 11014=
 23503 42/// /0000 10072 20065 39998 40047 52005 555 1/009=
 23507 86/// /0000 10117 20117 39749 40044 52004=
 23509 42/// /0000 10102 20093 39971 40046 52005 555 1/011=
 23514 41996 30000 10088 20088 39863 40052 52004 71000 82031 555 10009=
 23518 42/// /1101 10092 20089 39968 40056 52008 555 1/011=
 23606 42962 70000 10133 20133 39887 40044 52004 84031 555 10015=
 23612 NIL=
 23701 NIL=
 23704 86/// /0000 10125 20125 39926 40039 55004 555 53007=
 23707 81/93 90000 10130 20129 39918 40043 52008 74584 555 11014=
 23708 42/// /1702 10131 20119 39904 40046 52003 555 1/014=
 23709 82698 70000 10138 20124 39868 40050 54000 82531 555 11014=
 23711 42998 50401 10101 20098 39889 40052 54000 85070 555 11013=
 23803 42599 60000 10129 20104 39876 40047 57002 86900 555 10012=
 23804 81296 82001 10149 20146 39899 40036 52003 71082 886// 333 88704=
 23807 42/// /2201 10115 20115 39899 40052 52007 555 1/011=
 23808 NIL=
 23812 42997 30000 10101 20095 39903 40059 54000 82031 555 11010=
 23904 41641 11401 10081 20081 39909 40061 52008 71000 81500 555 11009=
 23905 81995 02401 10128 20127 39841 40056 52006 71000 555 11013=
 23909 82598 82202 10135 20130 39827 40059 52002 8537/=
 23912 82898 40000 10129 20120 39880 40062 54001 82031 555 10014=
 23913 81/93 93001 10099 20091 39855 40075 54001 74541 555 10007=
 23914 82499 31501 10137 20127 39819 40062 57001 82540=
 27095 86/// /1601 10076 20076 39859 40081 53007=
 28013 81898 32002 10134 20120 39842 40061 55001 71211 82035 555
 11013=
 28016 82/// /1901 10126 20125 39852 40066 52003 555 1/013=
 28029 82699 51301 10138 20133 39861 40069 52002 82570 555 10014=
 28116 81895 51901 10122 20118 39850 40070 52001 71011 82075=
 28128 82599 22601 10166 20145 39927 40071 54000 81531 555 11015=
 28134 82898 80000 10128 20123 39746 40080 52002 86075 555 11013=
 28138 43/// /2001 10120 20106 39545 40086 52001=
 28216 82699 62102 10141 20127 39795 40077 52003 86500 555 11013=
 28222 42/// /1701 10156 20137 39893 40076 52002 555 1/014=
 28224 81570 81601 10142 20132 39877 40079 52002 70282 83942=
 28234 82898 71601 10149 20125 39821 40084 52005 87030 555 10015=
 28238 81599 82203 10138 20119 39801 40089 52006 76062 885// 555
 11013=
 28313 42/// /0000 10138 20132 39898 40080 52002 555 1/015=
 28319 81598 81301 10147 20145 39929 40083 53002 70392 885//=
 28321 82899 61902 10151 20137 39886 40078 52003 86050=
 28324 42/// /0901 10149 20133 39969 40083 53003 555 1/015=
 28326 81598 51301 10139 20132 39909 40086 54000 70298 85500 555
 11015=
 28413 81599 80000 10153 20137 39966 40081 54001 70282 8655/ 555
 11017=
 28428 81598 80401 10148 20132 39919 40094 51010 72998 889// 555
 11016=
 28429 42/// /0201 10129 20115 39704 40096 52004 555 1/013=
 22983 41908 00000 10075 20074 39956 40058 52010 74440 333 91001 91101
 555 12010=
 27083 41909 00000 10073 20071 39849 40065 52009 74440 333 91000 91101
 555 11010=
 27097 42/// /0000 10079 20079 39819 40073 52008 333 91000 91101 555
 1/009=
 27185 42/// /0000 10090 20089 39894 40072 52007 333 91000 91101 555
 1/011=
 27199 42998 20000 10106 20104 39884 40074 52009 80001 333 91001 91101
 555 11010=
 27281 41982 61401 10113 20110 39871 40069 52006 71211 82081 333 91001
 91101 555 11012=
 27283 41541 60000 10121 20120 39922 40071 52008 71041 82531 333 91001
 91102 555 11013=
 27295 42/// /0601 10115 20105 39834 40075 52007 333 91001 91101 555
 1/011=
 27296 41965 00000 10109 20096 39866 40075 52008 70291 333 91000 91103
 555 11012=
 27385 419// 20000 10121 20118 39949 40072 52007 74640 82030 333 91000
 91101 555 11013=
 27393 41993 20000 10114 20107 39916 40079 52006 74441 82030 333 91001
 91103 555 11012=
 27480 41998 50000 10131 20131 39951 40073 52007 71111 80001 333 91000
 91102 555 10013=
 28007 42999 02802 10119 20108 39820 40069 52008 333 91002 91104 555
 11012=
 28009 41/05 90000 10118 20108 39863 40063 52005 74798 333 91001 91102
 555 11012=
 28105 42998 22301 10103 20097 39887 40072 52008 82040 333 91001 91102
 555 11010=
 28202 42950 20000 10131 20121 39861 40072 52008 71022 82030 333 91000
 91102 555 11012=
 28302 41594 80000 10143 20135 39857 40074 52004 71022 886// 333 91000
 91102 555 11014=
 28307 41994 40000 10117 20106 39938 40076 52004 71011 80001 333 91000
 91102 555 11011=
 28402 42998 22102 10145 20136 39906 40076 52002 82035 333 91002 91104
 555 11014=
 28502 41996 20000 10132 20122 39979 40078 54000 71011 82030 333 91000
 91101 555 11013=
 22550 82997 71401 10119 20116 30003 40013 52004 87070 555 11012=
 22778 42998 21201 10113 20111 39977 40043 52006 82070 555 11012=
 22889 42/// /0000 10090 20090 39972 40055 52008 555 1/012=
 22762 81996 50000 10119 20119 39994 40031 55000 71022 80040 555
 1/013=
 22638 46/// /2300 10112 20110 39793 40008 52001=
 22671 42/// /0000 10086 20083 39951 40027 52008 555 1/009=
 22456 42597 80000 10109 20109 39928 40012 52004 8253/ 555 11012=
 22583 41996 20000 10094 20091 39958 40035 52008 71011 81071 555
 11011=
 22749 42/// /0000 10124 20121 39895 40013 57003 555 1/013=
 22951 42/// /0000 10102 20098 39765 40035 57004 555 1/012=
 22887 41696 51201 10102 20092 39983 40050 52009 71022 82531 555 11010=
 22876 41997 02201 10120 20120 39977 40046 52008 71100 555 11011=
 22481 43/// /0000 10085 20084 39974 40025 53004 555 1/010=
 22854 42/// /1301 10136 20114 39752 40025 57002 555 1/014=
 22781 NIL=
 22676 41895 11801 10098 20096 39958 40033 52010 71181 81030 555
 12011=
 22648 41498 71202 10131 20130 39971 40015 58001 70282 85930 555
 12013=
 22559 42/// /0000 10127 20119 30003 40019 52005 555 1/013=
 22869 42997 20901 10109 20105 39904 40046 52002 80030 555 11011=
 22768 43/// /0000 10128 20118 39986 40034 52003 555 1/011=
 22798 41/92 90000 10119 20119 39940 40047 52008 74542 555 11014=
 22375 46/// /1303 10085 20086 30004 40019 52002=
 23207 NIL=
 23215 42998 70803 10150 20149 39962 40046 54000 87070 555 11015=
 23219 NIL=
 22408 41299 80000 10133 20130 39854 49995 52002 70282 886// 333  
 88705 555   11013=
 22511 42598 80000 10116 20110 39877 49992 54000 8453/ 555   11012=
 22529 41506 50000 10085 20081 39992 49999 54000 74442 85500 333  
 85623 555   12011=
 22602 42476 80000 10106 20101 39778 49993 52001 889// 333   88914
 555   11011=
 22621 83/47 /1501 10122 20119 39867 49999 52001 555   1////=
 22619 42498 31601 10118 20113 39842 49993 52001 83500 555   11010=
 22721 41296 80000 10143 20137 39906 49999 52001 71022 886// 333  
 88705 555   11015=
 22727 NIL=
 22717 NIL=
 22802 41698 70302 10138 20125 39958 49980 57003 71122 83532 555  
 11013=
 22820 42898 41202 10120 20112 39864 49994 57005 84030 555   11009=
 22831 42998 40000 10092 20086 39951 40004 57004 82031 555   12010=
 22805 424// 80803 10165 20130 39954 49973 57003 889// 555   11015=
 22912 42984 80901 10136 20119 39970 49984 54000 8807/ 555   11014=
 
