21:31:00 MSK 02.02.2023
020 123456/=о000=1831
 унту01 бтул 021800
 22686 41597 81401 11032 21039 30040 40141 52004 77172 8652/ 333 86622=
 22695 41597 81302 11034 21050 39976 40132 51002 77172 8552/ 333 85625=
 22996 42998 71702 11065 21111 39970 40162 57001 87010=
 23220 41598 81904 11041 21062 30020 40164 52006 70232 885//=
 23226 41459 82406 11037 21048 39940 40160 52011 78582 8697/ 333 86912 
 91111=
 23305 41984 81803 11027 21046 30119 40147 52004 70282 8807/=
 23320 66/// /2302 11034 21060 30100 40175 52005 60002 333 11011=
 23324 42982 72103 11032 21050 30093 40172 52006 87070=
 23405 42497 81403 11036 21054 30050 40153 52004
 8655/ 333 86613=
 23410 66/// /1803 11043 21059 30067 40166 51004 60002 333 11020=
 23411 42999 82003 11042 21051 30069 40160 51003 8801/=
 23412 42699 72101 11047 21058 30067 40166 52004 87500=
 23416 NIL=
 23418 41424 81502 11023 21032 30097 40171 54000 78582
 8695/ 333 84618=
 23501 NIL=
 23503 42998 70000 11084 21097 30108 40160 54000 85031=
 23507 86/// /1801 11048 21048 39833 40150 54000=
 23509 41597 81703 11018 21032 30080 40159 53001 77172 885// 333 88626=
 23514 41396 81702 11033 21039 39963 40162 54000 78582 8692/ 333 84709=
 23518 41596 81804 11053 21073 30096 40190 52005 78582 889// 333
 86620 555 53010=
 23606 41460 81604 11038 21060 39995 40171 52011
 70282 885// 333 88611=
 23612 NIL=
 23701 41458 71702 11049 21061 30038 40164 52005 78587 85970 333 85916=
 23704 66/// /1603 11056 21060 39926 40039 55004 60002 333 11015=
 23707 81997 81602 11061 21077 30024 40160 52004 77177 8802/=
 23708 42984 81602 11080 21105 30027 40182 52004 8801/=
 23709 42998 81301 11098 21120 39995 40197 52003 80005=
 23711 42998 71702 11088 21106 30022 40199 52002 87070=
 23803 42999 81103 11100 21130 30014 40203 52002 86037=
 23804 42997 81802 11061 21096 30016 40166 52002 8801/=
 23807 42997 81301 11071 21100 30003 40170 52002 8807/=
 23808 86/// /1202 11102 21119 30012 40189 50000=
 23812 42997 30000 11149 21163 30044 40218 52001 80002 333 934//=
 23904 42980 81602 11079 21110 30015 40178 55002 80005=
 23905 42999 01501 11099 21123 39956 40194 52002 555 51060=
 23909 41597 81302 11093 21110 39951 40207 57002 78582 8637/=
 23912 42/// /0000 11120 21131 30022 40226 57004 555 51070=
 23913 42999 00000 11164 21187 30000 40247 58003 555 51127=
 23914 81896 81502 11087 21098 39953 40221 57004 77172 8802/=
 28013 41597 61301 11079 21096 39969 40210 57003 78582 86900 555
 51075=
 28016 42/// /1602 11072 21097 39972 40207 58003 555 51079=
 28029 41899 81703 11055 21088 39993 40219 57002 70272 8807/ 555
 51073=
 28116 41896 81902 11072 21090 39972 40211 52002 77172 8807/=
 28128 41896 81702 11059 21077 30064 40223 52002 77072 8807/ 555
 51091=
 28134 42598 81401 11059 21098 39866 40229 57004 8657/ 555 51099=
 28138 43/// /1402 11090 21101 39654 40247 57001=
 28216 41896 81904 11073 21089 39913 40223 52006 77172 8802/ 555
 51095=
 28222 42/// /1702 11060 21085 30026 40228 52005 555 51074=
 28224 41469 82002 11057 21097 30008 40229 52004 77172 8802/=
 28234 42897 71502 11047 21121 39948 40236 54001 87040 555 51071=
 28238 42899 80000 11117 21133 39932 40254 52002 8807/ 555 51116=
 28313 42/// /1602 11070 21087 30027 40227 52006 555 51109=
 28319 41496 81801 11064 21083 30063 40233 52005 77177 8802/=
 28321 41899 82002 11070 21080 30016 40228 52005 70272 8802/=
 28324 42/// /1701 11065 21090 30107 40232 52006 555 51126=
 28326 42598 71501 11057 21110 30041 40235 52002 82530 555 51123=
 28413 41599 71601 11062 21087 30102 40230 52005 70272 83530 555
 51093=
 28428 42598 81901 11045 21097 30046 40237 52006 885// 555 51133=
 28429 42/// /0000 11059 21114 39817 40244 52002 555 51104=
 22983 41440 81201 11059 21068 30041 40149 52002 77172 8577/ 333 91002
 91103=
 27083 41957 81702 11074 21089 39927 40157 52002 77172 8802/ 333 91003
 91104=
 27097 41598 81503 11078 21103 39900 40172 52004 72272 885// 333 91005
 91105=
 27185 42/// /1601 11073 21095 39982 40172 52013 333 91003 91105=
 27199 42998 81602 11073 21120 39980 40185 52009 8807/ 333 91004
 91106=
 27281 41584 81602 11071 21086 39954 40169 52011 70272 885// 333 91003
 91106=
 27283 41997 81802 11072 21119 30005 40167 52009 70272 8807/ 333 91004
 91106=
 27295 42997 81602 11085 21118 39927 40190 52013 8805/ 333 91005
 91105=
 27296 42997 81803 11082 21119 39962 40190 52009 8807/ 333 91007
 91106=
 27385 415// 81702 11068 21106 30047 40181 52013 70282 8555/ 333 91003
 91106=
 27393 41597 81904 11085 21106 30027 40205 52009 77072 8252/ 333 91006
 91107=
 27480 42598 81502 11068 21109 30050 40183 52013 885// 333 91004
 91105=
 28007 42999 71602 11092 21114 39915 40189 50003 87030 333 91004
 91105=
 28009 42698 71602 11074 21108 39977 40195 52002 87500 333 91004
 91105=
 28105 42998 31702 11086 21117 39983 40191 51006 83070 333 91004
 91105=
 28202 42997 81602 11090 21115 39969 40201 52005 85021 333 91005
 91105=
 28302 42997 81503 11083 21106 39969 40208 52006 8807/ 333 91005
 91105=
 28307 41498 81402 11084 21106 30054 40205 52011 77172 8657/ 333 91003
 91105=
 28402 42484 81803 11070 21090 30023 40209 52007 8561/ 333 91005
 91106=
 28502 41996 81704 11059 21076 30104 40212 52007 77172 8807/ 333 91006
 91106=
 22550 81471 81502 11024 21036 30101 40111 52012 70282 8653/ 333
 86615=
 22778 42598 81301 11029 21043 30062 40132 52004 8357/=
 22889 41496 80902 11062 21068 30062 40151 50002 77172 887// 333
 88512=
 22762 42997 81201 11025 21035 30084 40124 51005 8007/=
 22638 46/// /1801 11032 21048 39869 40098 54010=
 22671 41498 82301 11037 21044 30047 40127 52004 70282 8595/ 333
 85914=
 22456 41597 82002 11028 21035 30019 40108 52010 72682 885//=
 22583 42598 71801 11033 21053 30056 40138 52007 875//=
 22749 41496 81402 11021 21034 39978 40104 52005 78582 889// 333
 88918=
 22951 42498 81802 11036 21045 39827 40113 52006 886//=
 22887 41996 81302 11048 21058 30067 40139 52005 77187 8802/=
 22876 41496 81201 11029 21036 30061 40135 52005 78582 889// 333
 88915=
 22481 41597 71804 11022 21022 30066 40120 52006 78582 84970=
 22854 42398 81302 11030 21032 39818 40111 52005 886// 333 88707=
 22781 NIL=
 22676 42598 71301 11036 21057 30054 40133 52002 87500=
 22648 42/// /1502 11027 21027 30061 40108 52006=
 22559 42998 81702 11022 21037 30097 40112 51005 80030=
 22869 41497 70701 11039 21044 39978 40129 51007 78582 85970 333
 85912=
 22768 42597 81101 11021 21043 30072 40123 52005 885// 333 88628=
 22798 41496 81202 11052 21058 30038 40154 52003 77172 885//=
 22375 46/// /2004 11033 30088 40103 52004=
 23207 NIL=
 23215 41998 01805 11064 21091 30059 40151 51008 70231 333 91111=
 23219 NIL=
 27095 66/// /1403 11074 21107 39945 40182 52004 60002 333 11062=
 22408 11559 83601 11072 21081 39944 40098 52015 69902 78582 889//
 333   11061 88932=
 22511 12984 80000 11093 21105 39968 40094 52013 69922 8805/ 333  
 11049 93500=
 22529 11996 80000 11048 21054 30086 40093 52010 60012 77187 8802/
 333   11039=
 22602 12979 02201 11165 21178 39856 40097 52013 69902 333   11065=
 22621 11796 71102 11034 21042 39942 40084 52008 60022 771// 87500
 333   11033 87655=
 22619 11496 71402 11037 21044 39913 40074 52011 60022 78582 87900
 333   11031=
 22721 11497 81301 11045 21053 39986 40086 52011 69962 70272 887//
 333   11031 86711=
 22727 11950 80000 11094 21103 30037 40087 52013 69922 77300 8807/
 333   11009=
 22717 11995 80000 11036 21041 39880 40076 52013 60042 77100 8802/
 333   11020=
 22802 11496 80902 11021 21028 30044 40068 52013 60052 78582 889//
 333   11002 88912 93700=
 22820 12997 50501 11066 21076 39943 40083 52011 60002 85030 333  
 11016=
 22831 12397 72101 11051 21059 30036 40093 52007 60002 87900 333  
 11003 87907=
 22805 115// 81404 11010 21011 30035 40055 52010 60032 70272 885//
 333   11003=
 22912 12984 70801 11032 21045 30056 40071 52009 60002 87030 333  
 11020=
 
