12:31:00 MSK 19.06.2023
010 111/=о000=0931
 уйту01 бтул 190900
 22686 82998 73403 10098 20001 30052 40148 57004 87080=
 22695 42598 73405 10083 21018 39985 40134 57006 87100 333 87831=
 22996 82598 73403 10116 20035 39938 40117 57014 87980=
 23220 41598 82002 10045 20026 39969 40108 54000 70282 8652/=
 23226 42560 83204 10065 20021 39898 40107 58001 885// 333 88620=
 23305 42599 63604 10079 20011 30126 40153 58006 84530=
 23320 86/// /3302 10078 20018 30055 40126 57005=
 23324 41976 83403 10071 20043 30048 40124 58004 72162 8807/=
 23405 41480 73504 10074 20006 30052 40149 57006 70282 
 86902 333 85919=
 23410 86/// /2903 10065 20005 30038 40133 57004=
 23411 42599 80104 10074 20001 30051 40138 57007 885//=
 23412 42599 70102 10067 20005 30040 40135 57004 85530 333 85625=
 23416 NIL=
 23418 42665 70404 10080 20005 30056 40128 57007 87900
 333 85637=
 23503 42598 73503 10086 21001 30091 40140 57008 84931=
 23507 86/// /0103 10067 21009 39840 40144 57008=
 23509 41598 70102 10089 20006 30059 40135 57006 70282 87900 333 87924=
 23514 41597 70202 10079 20023 39935 40127 57007 70282 83931=
 23518 42698 83504 10082 21003 30030 40119 57003 885// 333 88640=
 23606 41560 70203 10079 20027 39963 40125 57006 78082 87900 333 86930=
 23701 41697 73603 10090 20012 30010 40135 57007 78082 83969=
 23704 86/// /3404 10092 20035 39926 40039 55004=
 23707 82599 73504 10107 20003 39992 40120 57010 87900 333 85630=
 23708 42598 70304 10112 20006 39974 40118 57009 84930=
 23709 81598 80304 10092 20008 39930 40117 57006 78082 8693/ 333 85931=
 23711 42598 73502 10106 20019 39944 40107 57008 84870=
 23803 42599 83501 10099 20019 39954 40128 56002 8696/=
 23804 82597 70403 10113 20019 39977 40117 57008 86950 333 86928=
 23807 81598 70104 10111 20008 39963 40118 57011 72522 86930 333 84620=
 23808 86/// /3103 10067 20045 39962 40127 55008=
 23812 41597 80801 10091 20015 39943 40100 57007 72582 889//=
 23904 42570 60802 10112 20037 39965 40116 58011 84330=
 23905 82599 60203 10112 21011 39891 40110 57016 86800=
 23909 82598 73404 10097 20022 39871 40108 57012 86370 333 91010=
 23912 81598 83503 10106 20021 39907 40092 57011 70282 85939=
 23913 NIL=
 23914 81598 80102 10065 20038 39847 40098 57007 78022 889// 333
 91110=
 28013 81598 83204 10097 21001 39878 40101 57012 70282 889//=
 28016 81599 70202 10102 20038 39888 40105 58010 70282 87900 333
 91111=
 28029 82699 83403 10106 20004 39875 40086 57009 8557/=
 28116 81598 83605 10078 20025 39881 40106 57009 78082 889//=
 28128 82599 83303 10098 20020 39945 40093 57006 8852/=
 28134 81598 83401 10102 20026 39740 40077 57008 70262 885//=
 28138 41597 82502 10073 20032 39518 40067 57011 78082 883//=
 28216 82599 83505 10108 21011 39812 40098 57008 8795/ 333 91110=
 28222 81598 83101 10101 20026 39900 40088 57006 72522 889//=
 28224 82670 63204 10128 21002 39877 40081 57011 84980=
 28234 82598 73301 10095 20051 39809 40077 58007 83530=
 28238 81599 83404 10091 20041 39776 40068 57002 72582 888//=
 28313 82598 73303 10107 20003 39916 40101 55002 87900 333 91110=
 28319 81599 73403 10131 20004 39937 40093 57006 70282 84950=
 28321 82599 83504 10113 20006 39895 40090 57005 8455/=
 28324 81598 83502 10117 21001 39973 40089 56010 72522 889//=
 28326 82598 73601 10141 20034 39897 40075 57002 84530=
 28413 82599 80103 10128 21003 39980 40097 57005 888//=
 28428 82599 83303 10125 20020 39899 40076 57003 889//=
 28429 81598 83402 10096 20057 39672 40068 50001 70282 889//=
 22983 41498 72702 10100 20059 30034 40135 57015 70282 87900 333 91004
 91104=
 27083 42599 72602 10085 20042 39916 40133 57013 87800 333 91004
 91107=
 27097 42498 82903 10098 20042 39880 40134 57009 889// 333 91006
 91108=
 27185 42698 82902 10104 20051 39970 40148 58003 885// 333 91006
 91108=
 27199 42598 83102 10121 20004 39942 40132 57009 8631/ 333 91005
 91107=
 27281 41557 83202 10085 20064 39955 40157 57004 78082 8497/ 333 91004
 91109=
 27283 42498 83504 10110 20032 39993 40144 57004 889// 333 91007
 91111=
 27295 42598 82804 10122 20015 39894 40137 57010 885// 333 91008
 91108=
 27296 42598 73105 10133 20002 39915 40124 57014 87500 333 91009
 91109=
 27385 425// 83202 10128 20016 30022 40146 57008 8655/ 333 91005
 91108=
 27393 42598 63205 10130 20012 39970 40134 57013 86930 333 91007
 91110=
 27480 42598 83302 10150 20029 30028 40151 57010 85504 333 91005
 91106=
 28007 42599 73105 10106 20020 39869 40122 57011 85330 333 91009
 91109=
 28009 42498 70101 10112 20004 39915 40117 57013 87900 333 91003
 91106=
 28105 41598 63301 10116 20010 39926 40118 57015 70382 86900 333 91004
 91106=
 28202 41583 73303 10097 20019 39904 40119 57014 70282 85930 333 91006
 91108=
 28302 42598 72903 10098 20022 39902 40124 58009 87900 333 91006
 91108=
 28307 42498 83204 10127 21002 39993 40132 57012 8743/ 333 91009
 91109=
 28402 42698 53504 10133 21010 39951 40123 57009 84231 333 91008
 91110=
 28502 42598 83606 10126 21023 30026 40126 57005 885// 333 91009
 91111=
 22550 82597 73402 10113 20034 30174 40183 57002 82572=
 22778 41598 52902 10125 20082 30074 40141 57009 72582 83570=
 22889 42/// /2603 10134 20041 30045 40128 57019=
 22762 82698 63402 10135 20080 30120 40158 54000 83931=
 22638 NIL=
 22671 42698 20103 10109 20015 30088 40165 58002 82100=
 22456 42597 80301 10086 20023 30106 40192 57002 885//=
 22583 42598 63502 10101 21003 30084 40162 57007 86500=
 22749 NIL=
 22951 42598 83002 10151 20077 39894 40162 57005 884//=
 22887 42699 73602 10121 20059 30067 40134 57013 86201 
 333 86840 =
 22876 41597 53002 10124 20078 30066 40136 57010 70282 85900 333
 85920=
 22481 41598 63503 10089 20016 30126 40178 57005 70282 86300=
 22854 42899 73402 10132 20080 39885 40163 57005 87070=
 22781 NIL=
 22676 42598 53503 10119 20018 30077 40152 54000 85200=
 22648 NIL=
 22559 82598 70502 10110 20025 30165 40181 57004 83930=
 22869 41996 80102 10103 20087 30008 40152 57003 78082 889//=
 22768 41497 73303 10121 20083 30103 40151 57003 72582 86970 333
 85912=
 22798 42598 73402 10126 20011 30020 40128 57012 86930=
 22375 NIL=
 23207 41599 83305 10064 20014 30137 40159 57004 71622 889//=
 23215 NIL=
 23219 NIL=
 27095 86/// /3104 10103 20034 39926 40148 57009=
 22408 42584 40502 10206 20110 30044 40184 57002 84100=
 22511 42698 60302 10212 20110 30066 40179 57003 83405=
 22529 42599 70602 10135 20079 30183 40190 52007 82832=
 22602 42999 20702 10203 20112 39963 40175 57008 80001=
 22621 83/70 /0302 10209 20105 30040 40171 57009=
 22619 42482 53102 10214 20112 30018 40167 57010 82550=
 22721 42698 43202 10220 20077 30074 40166 57017 82109=
 22727 86/70 /2402 10199 20089 30134 40179 57017=
 22717 83/70 /3003 10201 20097 30004 40187 57015=
 22802 42699 62202 10221 20043 30175 40197 57013 82231=
 22820 41970 62702 10189 20075 30053 40182 57015 70262 86030=
 22831 42698 62602 10204 20091 30118 40170 57013 83930=
 22805 42998 51701 10135 20039 30185 40204 58014 80031=
 22912 42999 72702 10195 20066 30186 40200 57010 83031=
 
