18:31:00 MSK 15.09.2023
020 123456/=о000=1531
 уйту01 бтул 151500
 22686 62998 81702 10173 20096 30080 40175 52001 60002 8805/ 333 10206 555 50147 53011=
 22695 12998 51701 10162 20071 30022 40167 54000 60002 85030 333 10204
 91110 555 50144 53014=
 22996 62598 11701 10156 20112 30033 40211 57005 60002 81500 333 10220 555 50142 53007=
 23220 12599 82404 10161 20093 30009 40143 57001 60002 8583/ 333 10197 555 50145 53012=
 23226 12660 82205 10157 20102 39932 40135 57001 60002 885// 333 10190 
 88643 91110 555 50131 53014=
 23305 11562 83403 10091 20090 30160 40187 52021 60012 78082 883// 333
 10159 555 50119 53010=
 23320 76/// /2002 10134 20092 30093 40163 52003 333 60002 91111 555 50156 53014=
 23324 12983 72102 10168 20102 30082 40155 53003 60002 87070 333 10199
 555 50148 53011=
 23405 11567 83403 10127 20118 30081 40176 52019 69902
 72162 8257/ 333 10189 555 50131 53008=
 23410 76/// /1902 10168 20092 30068 40159 52004 333 60002=
 23411 12599 73205 10144 20116 30079 40164 52009 60002 87900 333
 10187 555 50140 53012=
 23412 12499 62302 10167 20100 30068 40160 52004 60002 83330 333 10203 555 50148 53011=
 23416 NIL=
 23418 12965 31903 10174 20082 30103 40172 53003 60002
 82031 333 10211 555 50150 53011=
 23503 12998 31901 10146 20081 30122 40170 52002 60002 80009 333 10210 555 50139 53010=
 23507 66/// /2301 10149 20089 39878 40174 54000 60002 333 10190 555 50128 53012=
 23509 12998 31802 10167 20073 30105 40179 54000 60002 82031 333 10208
 555 50158 53009=
 23514 12597 42002 10142 20083 39995 40183 52002 60002 83401 333 10201 555 50139 53011=
 23518 12698 82001 10131 20088 30102 40190 53003 60002 82175 333 10203
 555 50130 53010=
 23606 12662 71901 10152 20096 30026 40190 57001 60002 82501 333 10208 555 50142 53008=
 23701 12499 31901 10144 20090 30071 40195 51001 60002 81105 333 10208
 91110 555 50126 53010=
 23704 76/// /1901 10173 20100 30153 40266 58054 333 60002=
 23707 62598 82102 10165 20087 30069 40195 57002 60002 82405 333 10211 555 50142 53011 =
 23708 12998 51701 10149 20083 30064 40207 57003 60002 80005 333 10212 555 50132 53009=
 23709 62998 71901 10142 20070 30027 40212 57004 60002 80001 333 10212 555 50121 53008=
 23711 12998 62301 10126 20098 30043 40207 56001 60002 80005 333 10212 555 50124 53007=
 23803 12699 89901 10155 20077 30039 40211 58008 60002 82101 333 10216
 555 50126 53008=
 23804 62997 30000 10145 20091 30064 40203 57004 60002 80001 333 10210 555 50134 53008=
 23807 12598 22201 10161 20097 30055 40209 57005 60002 81401 333 10210 555 50132 53009=
 23808 66/// /1702 10127 20100 30056 40218 57006 60002 333 10217=
 23812 12997 22101 10126 20094 30061 40218 57002 60002 80002 333 10221
 555 50109 53006=
 23904 12666 70000 10143 20129 30067 40217 57005 60002 82531 333 10223
 555 50112 53006=
 23905 62599 51901 10139 20108 30002 40221 57007 60002 81401 333 10208
 555 53006=
 23909 62998 21901 10120 20103 39990 40227 57007 60002 80001 333
 10212=
 23912 62998 11301 10140 20105 30038 40223 57004 60002 80001 333 10216
 555 53005=
 23913 62999 00000 10090 20086 30005 40230 55001 60002 333 10217 555
 53004=
 23914 62999 22801 10168 20095 39979 40224 57003 60002 80001 333
 10211=
 28013 62998 23101 10179 20078 30003 40222 57005 60002 80001 333 10216
 555 53005=
 28016 62998 50000 10165 20111 30009 40223 57007 60002 80001 333 10221
 555 53004=
 28029 62999 00000 10158 20111 30011 40221 57005 60002 333 10211 555
 53004=
 28116 62599 30000 10141 20107 30003 40225 57007 60002 81405 333
 10227=
 28128 62999 10301 10125 20116 30078 40226 57004 60002 80001 333 10212
 555 53005=
 28134 62998 00000 10115 20097 39888 40228 57004 60002 333 10212 555
 53005=
 28138 12999 00000 10123 20065 39678 40226 57003 60002 333 10209=
 28216 62698 33101 10186 20082 39941 40222 57004 60002 81405 333 10225
 555 53003=
 28222 62998 80000 10143 20095 30038 40225 57005 60002 80001 333 10220
 555 53005=
 28224 62670 30000 10143 20119 30019 40224 57003 60002 83400 333
 10221=
 28234 62897 20000 10158 20088 39956 40222 57003 60002 82080 333 10215
 555 53004=
 28238 62999 22401 10130 20072 39931 40224 57002 60002 80001 333 10218
 555 53003=
 28313 82998 60301 10153 20115 30042 40226 57004 60002 80001 333 10223
 53003=
 28319 62898 60701 10140 20101 30069 40226 57005 60002 83041 333
 10221=
 28321 62999 23501 10174 20094 30028 40221 57005 60002 333 10229=
 28324 62799 70000 10141 20110 30107 40223 57004 60002 80009 333 10222
 555 53003=
 28326 62898 50000 10124 20098 30042 40223 57003 60002 85030 333 10229
 555 53006=
 28413 62898 21201 10162 20090 30105 40222 57006 60002 81031 333 10225
 555 53003=
 28428 62599 80601 10170 20096 30043 40219 57003 60002 82531 333 10234
 555 53004=
 28429 62998 20501 10132 20096 39830 40227 57002 60002 80001 333 10203
 555 53005=
 22983 12998 20000 10152 20104 30105 40205 57004 60002 82030 333 10213
 91001 91106 555 50114 53008=
 27083 12999 00000 10150 20099 39999 40212 57004 60002 333 10209 91000
 91106 555 50118 53007=
 27097 12598 11901 10153 20110 39969 40220 57006 60002 81400 333 10208
 91001 91104 555 50120 53005=
 27185 12998 20000 10146 20111 30045 40222 57006 60002 80001 333 10220
 91000 91101 555 50119 53004=
 27199 12998 20000 10137 20107 30036 40226 57007 60002 82030 333 10217
 91001 91102 555 50130 53003=
 27281 12582 31701 10176 20098 30024 40221 57004 60002 81508 333 10219
 91001 91103 555 50132 53007=
 27283 12598 20000 10154 20113 30073 40222 57006 60002 82430 333 10219
 91000 91103 555 50120 53003=
 27295 12998 30000 10157 20082 39984 40225 57005 60002 80001 333 10220
 91000 91103 555 50142 53004=
 27296 12998 50000 10176 20092 30015 40222 57007 60002 85031 333 10219
 91001 91103 555 50139 53005=
 27385 129// 20000 10155 20081 30097 40223 57006 60002 82030 333 10225
 91000 91103 555 50127 53005=
 27393 12998 20000 10172 20064 30063 40226 57005 60002 82040 333 10226
 91000 91104 555 50143 53005=
 27480 12998 10000 10151 20085 30100 40223 57003 60002 80001 333 10231
 91000 91102 555 50127 53005=
 28007 12999 52101 10174 20073 39974 40223 57007 60002 81031 333 10218
 91002 91103 555 50144 53004=
 28009 12998 80000 10147 20117 30025 40227 57007 60002 80001 333 10225
 91000 91102 555 50126 53003=
 28105 12598 31501 10146 20095 30039 40225 57007 60002 82201 333 10225
 91001 91103 555 50127 53004=
 28202 12680 50000 10171 20103 30011 40222 57005 60002 83931 333 10229
 91000 91102 555 50139 53004=
 28302 12998 50000 10170 20085 30005 40223 57006 60002 80001 333 10226
 91000 91103 555 50137 53003=
 28307 12498 30000 10148 20081 30083 40222 57006 60002 81501 333 10233
 91000 91102 555 50145 53005=
 28402 12998 50000 10183 20075 30050 40220 57006 60002 82039 333 10229
 91001 91104 555 50153 53004=
 28502 12598 20000 10186 20079 30119 40217 57006 60002 81401 333 10236
 91000 91103 555 50137 53003=
 22550 62697 70101 10109 20071 30211 40220 52008 60002 87400 333 10128
 87642 555 50114 53009=
 22778 12598 83302 10148 20121 30120 40187 52009 60002 8457/ 333 10210
 555 50138 53010=
 22889 12998 01501 10154 20101 30121 40204 57004 60002 333 10214 555
 50109 53008=
 22762 61396 83001 10109 20106 30152 40190 52008 60042 76162 8872/ 333
 10148 555 50139 53006=
 22638 46/// /3601 10092 20078 30008 40230 52007=
 22671 11397 80302 10089 20082 30122 40199 52015 60042 75052 886// 333
 10155 88709 555 50124 53008=
 22456 12597 80000 10098 20065 30141 40227 52015 60002 885// 333 10130
 555 50095 53006=
 22583 11497 83202 10083 20078 30116 40195 52016 60062 78088 889// 
 333 10169 555 50118 53007=
 22749 NIL=
 22951 11497 82401 10123 20116 39923 40195 52007 60022 78082 889// 333
 10146 555 50122 53006=
 22887 12699 31301 10171 20117 30127 40193 57004 60002 82501 333 
 10212 555 50134 53011=
 22876 12597 11801 10157 20105 30120 40191 57002 60002 81400 333 10209
 555 50147 53010=
 22481 NIL=
 22854 11298 83202 10097 20095 39916 40198 52014 60082 72162 8672/ 333
 10122 86706 555 50121 53007=
 22781 NIL=
 22676 NIL=
 22648 NIL=
 22559 62798 80504 10111 20048 30200 40216 51009 60022 885// 333 10120
 88655 555 50120 53009=
 22869 11496 72302 10141 20119 30056 40199 52009 60012 78082 84933 333
 10202 555 50140 53010=
 22768 11497 82201 10137 20131 30132 40180 52003 60012 78082 8695/ 333
 10183 84916 555 50144 53009=
 22798 12698 12001 10171 20085 30088 40195 54001 60002 81100 333 10211
 555 50135 53010=
 22375 46/// /0402 10076 20059 30214 40229 52015=
 23207 12499 80103 10081 20069 30180 40202 52022 60042 8254/ 333 10095
 555 50082 53008=
 23215 NIL=
 23219 NIL=
 27095 NIL=
 22408 22999 72601 10103 20055 30089 40235 54000 80005 333   60002=
 22511 22698 70000 10100 20069 30116 40235 54000 82435 333   60002=
 22529 22599 63501 10101 20072 30230 40237 52006 82532 333   60002=
 22602 22599 62801 10116 20036 30014 40233 54000 83530 333   60002=
 22621 73770 /3201 10107 20081 30099 40235 52004 333   60002=
 22619 21498 73602 10104 20084 30077 40233 52005 72582 87500 333  
 69902=
 22721 22698 83001 10116 20070 30136 40232 52004 82539 333   69902=
 22727 76770 /3601 10121 20081 30186 40233 52007 333   60002=
 22717 73/70 /2601 10122 20084 30046 40238 52003 333   60002=
 22802 22699 13501 10133 20067 30219 40242 52001 81100 333   60002=
 22820 22670 63501 10114 20073 30099 40232 52008 83530 333   60002=
 22831 22698 73202 10114 20089 30162 40216 52010 83930 333   60002=
 22805 22598 20000 10131 20069 30221 40245 54000 82230 333   60002=
 22912 22599 73501 10126 20085 30222 40237 52004 86440 333   60002
 85630=
 
