12:31:00 MSK 13.02.2023
010 111/=о000=0931
 уйту01 бтул 130900
 22686 41497 81604 11089 21114 39893 49995 56019 77173 8552/ 333 85612 91110=
 22695 42/// /1804 11093 21121 39836 49993 56023=
 22996 41598 71904 11065 21093 39888 40078 57018 72682 87900=
 23220 42599 20803 11101 21144 39926 40072 57005 81530=
 23226 41560 81907 11070 21103 39847 40066 57004 72272 8755/ 333 87622 
 91111=
 23305 42/// /1905 11080 21109 39960 49988 57020 333 91112=
 23320 86/// /1603 11055 21116 39981 40055 57012=
 23324 42583 21703 11066 21108 39977 40056 58013 82500=
 23405 41473 71506 11081 21104 39893 49995
 57025 73673 83530 333 91010 91112=
 23410 86/// /1607 11064 21093 39935 40034 57014 333 91010 91111=
 23411 42/// /2006 11079 21103 39924 40015 57014 333 91112=
 23412 42699 71905 11062 21089 39932 40031 57015 87300=
 23416 NIL=
 23418 41559 81504 11051 21088 39962 40037 57024
 77172 8652/ 333 86626=
 23503 42/// /1805 11074 21112 39970 40021 58013 333 91111=
 23507 86/// /1803 11100 21105 39688 40007 58025=
 23509 41498 81806 11068 21101 39951 40031 58017 73632 8652/ 333
 86615=
 23514 41497 81904 11067 21096 39842 40042 57011 78583 889// 333 85915
 91010 91110=
 23518 41596 81906 11060 21084 39971 40065 57010 77172 8657/ 333
 86621=
 23606 42462 81905 11064 21105 39873 40048 57012
 886// 333 88619 91111=
 23701 42599 81803 11066 21095 39900 40032 57023 8557/ 333 85624=
 23704 86/// /2003 11065 21082 39926 40039 55004=
 23707 82599 81804 11063 21095 39901 40036 57023 885// 333 88621=
 23708 42/// /1906 11065 21098 39910 40063 57015 333 91012 91111=
 23709 42/// /1903 11064 21102 39883 40080 57010=
 23711 41597 81903 11065 21088 39906 40079 57010 78582 8797/ 333 87921=
 23803 41597 82005 11063 21105 39907 40091 57011 78583 889// 333 88920=
 23804 81497 71904 11059 21091 39903 40051 57020 72273 82531=
 23807 41497 72006 11064 21087 39902 40067 57020 73632 83530 333 91110=
 23808 86/// /1805 11066 21088 39916 40088 57013=
 23812 NIL=
 23904 41470 82003 11065 21085 39932 40093 57015 70232 883// 333 86614=
 23905 41598 82003 11073 21100 39869 40102 57013 77172 885//=
 23909 41497 71903 11081 21112 39865 40118 57013 78587 87300=
 23912 41597 82004 11081 21101 39928 40127 57010 78587 85901=
 23913 41997 81401 11074 21117 39902 40139 57013 77172 8802/=
 23914 81495 82004 11084 21107 39864 40129 57012 78682 87901=
 28013 41597 61903 11078 21116 39887 40125 57014 78582 86900=
 28016 41597 71903 11074 21110 39896 40129 57015 77072 87500=
 28029 41597 82005 11075 21101 39919 40145 57014 77172 8352/=
 28116 41496 82003 11067 21098 39900 40138 57013 77172 8357/=
 28128 41898 81802 11075 21102 39999 40158 57012 77072 8807/=
 28134 41498 82002 11080 21113 39800 40163 57011 72272 8472/=
 28138 41596 72003 11090 21113 39583 40172 57011 78582 87300=
 28216 41896 81905 11081 21109 39849 40158 57011 77373 8802/=
 28222 41597 81803 11073 21106 39963 40165 57004 78587 8697/=
 28224 41562 81904 11070 21111 39949 40170 57009 78582 8492/=
 28234 41596 82004 11070 21115 39889 40177 57012 77172 885//=
 28238 41599 82004 11067 21105 39869 40183 58008 70272 885//=
 28313 41896 81905 11076 21110 39966 40165 58009 77172 8802/=
 28319 41896 81703 11074 21116 30011 40181 57005 77177 8802/=
 28321 41898 72105 11078 21113 39958 40169 58008 77172 87010=
 28324 41897 81804 11077 21126 30053 40179 58008 77172 8802/=
 28326 42598 82005 11075 21116 39992 40187 57006 8802/=
 28413 41599 21902 11065 21126 30048 40174 58011 70171 81809=
 28428 41897 81904 11090 21138 30008 40201 58005 77187 8807/ 333
 91110=
 28429 41597 82103 11085 21126 39775 40205 57004 77072 8552/ 333
 91110=
 22983 42598 81802 11066 21094 39946 40053 57026 8557/ 333 91006
 91106=
 27083 42599 71904 11068 21092 39847 40075 57027 85970 333 91006
 91109=
 27097 41598 81904 11077 21086 39833 40102 57017 70272 885// 333 91006
 91107=
 27185 42698 81802 11056 21087 39917 40105 58020 86505 333 91005
 91105=
 27199 41997 82002 11072 21098 39917 40121 57014 77172 8807/ 333 91004
 91104=
 27281 42982 81804 11069 21085 39896 40109 57022 83045 333 91007
 91107=
 27283 41561 72003 11067 21085 39946 40107 57014 72272 86530 333 91005
 91106=
 27295 41570 81902 11081 21103 39869 40129 58010 78582 889// 333 91005
 91105=
 27296 41960 82002 11070 21101 39901 40126 57010 77172 8807/ 333 91005
 91105=
 27385 414// 71902 11070 21100 39998 40130 57011 78582 87900 333 91003
 91103=
 27393 41496 72005 11077 21099 39965 40142 57010 77073 86770 333 91007
 91107=
 27480 41446 61901 11080 21095 30005 40138 57010 71022 86600 333 91003
 91103=
 28007 41356 82002 11079 21103 39847 40118 57013 77172 8872/ 333 88709
 91004 91106=
 28009 41457 81904 11075 21117 39909 40125 57015 78582 8591/ 333 91006
 91107=
 28105 41498 82103 11074 21108 39916 40121 57015 72272 8312/ 333 91005
 91106=
 28202 41568 82205 11079 21109 39904 40133 57012 72272 86531 333 91007
 91108=
 28302 41998 81803 11079 21106 39907 40144 58009 77173 8802/ 333 91006
 91108=
 28307 41997 81603 11071 21100 39995 40144 57009 77172 8807/ 333 91005
 91106=
 28402 41557 82104 11072 21101 39967 40152 57008 77173 82575 333 91006
 91108=
 28502 41997 81704 11072 21107 30051 40159 58013 77172 8807/ 333 91007
 91107=
 22550 82997 62402 11021 21046 39910 49920 57009 81032=
 22778 41597 81703 11067 21091 39928 49999 57015 78587 8697/=
 22889 42/// /1604 11069 21094 39961 40050 57026=
 22762 41597 81702 11046 21049 39927 49967 58014 70272 8657/=
 22638 46/// /2703 11017 21037 39729 49954 57014=
 22671 41397 81903 11067 21067 39868 49948 57008 75675 886// 333 88708 93411=
 22456 42497 82402 11024 21032 39812 49899 57008 886//=
 22583 41597 81602 11076 21099 39873 49955 57015 78588 889//=
 22749 NIL=
 22951 42497 82602 11026 21033 39729 40011 58014 8572/=
 22887 NIL=
 22876 41496 71905 11070 21093 39943 40017 57020 78583 84960 333 84916 91010 91110=
 22481 41495 81807 11070 21076 39861 49915 57011 78583 889// 333 
 91011 91112=
 22854 41298 82304 11028 21032 39704 49993 57015 70272 886// 333
 88706=
 22781 NIL=
 22676 41496 81904 11068 21087 39889 49967 57010 77773 886// 333
 91110=
 22648 NIL=
 22559 42698 62303 11016 21038 39914 49931 57007 82531=
 22869 41297 82003 11066 21073 39867 40019 57016 70273 886// 333 86705=
 22768 41597 81903 11055 21071 39932 49982 57015 70283 8695/ 333
 84622=
 22798 42498 81603 11071 21096 39916 40031 57027 8595/=
 22375 46/// /2007 11071 39867 49883 57008=
 23207 41499 81606 11089 21119 39932 49955 57017 73632 8557/ 333
 91111=
 23215 NIL=
 23219 NIL=
 27095 86/// /1804 11071 21081 39875 40110 58016=
 22408 41999 63005 10015 21038 39791 49938 57010 73631 83079 333  
 91010 91112=
 22511 42598 42705 10017 21043 39822 49941 57007 81530 333   91110=
 22529 42599 72704 10010 21032 39925 49932 57010 87500 333   87626
 91010 91110=
 22602 42999 52905 10014 21018 39758 49980 57007 82032 333   91010
 91112=
 22621 83/68 /2706 10000 21035 39816 49954 57013 333   91010 91110=
 22619 42482 32807 10005 21031 39810 49967 57016 83500 333   91012
 91112=
 22721 42998 72903 10007 21021 39876 49973 57017 87030=
 22727 86770 /2704 10006 21023 39950 49998 57018=
 22717 83/68 /2704 10006 21021 39819 40011 57019=
 22802 42699 62904 10023 21016 30014 40037 57015 82531=
 22820 42570 72705 10004 21029 39870 40006 57016 82531 333   91112=
 22831 42498 72603 11002 21022 39940 49995 57021 86930 333   86918=
 22805 42598 83005 10012 21006 30008 40028 57023 885// 333   91112=
 22912 42599 62605 10008 21016 30025 40040 57018 82530=
 
