00:31:00 MSK 08.12.2023
020 123456/=о000=2131
 уйту01 бтул 072100
 22686 42998 00000 10356 21383 30379 40498 52005=
 22695 42998 00000 11328 21376 30310 40491 52008=
 22996 41996 30000 11334 21365 30274 40498 52004 70500 80008=
 23220 43/// /2501 11215 21239 30273 40432 57002=
 23226 42360 82003 11231 21257 30189 40432 53001 8272/=
 23305 42/// /1901 11202 21224 30428 40460 52006=
 23320 86/// /2202 11198 21213 30363 40445 52003=
 23324 42378 82401 11188 21210 30351 40437 53002 886// 333 88709=
 23405 42997 83001 11245 21270 30358 40472
 53002 8805/=
 23410 86/// /1301 11200 21228 30333 40441 52004=
 23411 42/// /2401 11181 21198 30346 40445 52004=
 23412 41998 82401 11177 21198 30332 40439 52003 77172 8807/=
 23416 NIL=
 23418 41559 81402 11224 21242 30366 40449 53001 77172
 8652/ 333 86620=
 23503 42/// /2801 11194 21224 30409 40465 52002=
 23507 NIL=
 23509 NIL=
 23514 41597 82602 11204 21226 30234 40454 57001 77172 8652/ 333 86623=
 23518 42/// /1802 11254 21284 30358 40463 54001=
 23606 41958 82602 11237 21263 30289 40478 52002 77172 8802/=
 23704 86/// /0000 11343 21372 38599 48715 58008=
 23701 42/// /0000 11338 21372 30352 40506 52006=
 23707 82998 00601 11344 21376 30339 40496 52006 333  936//=
 23708 42/// /0000 11339 21380 30323 40501 52003=
 23709 42998 80000 11302 21344 30269 40495 52003 80007=
 23711 42998 81801 11267 21297 30284 40479 54000 8805/=
 23803 42999 50000 11333 21383 30289 40503 51002 80001=
 23804 82997 00000 11326 21356 30323 40494 52004=
 23807 42/// /0000 11344 21372 30309 40501 52004=
 23808 86/// /0000 11391 21423 30306 40510 52003=
 23812 41997 60000 11299 21338 30299 40488 52005 70272 86070 333 934//=
 23904 41956 00000 11370 21405 30315 40504 52003 70500=
 23905 42999 00000 11350 21382 30232 40503 52005=
 23909 42998 01001 11362 21395 30210 40504 52004 333 93605=
 23912 42998 00000 11347 21385 30268 40497 52003=
 23913 42999 00000 11389 21438 30235 40513 52004=
 23914 82998 00000 11311 21343 30191 40492 52002=
 28013 42998 00000 11359 21406 30224 40500 52004=
 28016 42/// /0000 11380 21415 30233 40504 52003=
 28029 41997 30000 11322 21354 30231 40490 52002 77670 80001=
 28116 42999 00000 11370 21404 30225 40502 52004=
 28128 41999 50000 11344 21377 30314 40497 52004 77671 80001=
 28134 42896 60000 11352 21386 30081 40500 54000 83039=
 28138 43/// /0000 11332 21374 39827 40494 57002=
 28216 41998 33601 11339 21380 30142 40495 52004 77670 80005=
 28222 42/// /0000 11352 21390 30265 40497 52005=
 28224 42970 00000 11332 21363 30239 40491 52006=
 28234 42997 00000 11353 21402 30165 40498 52003=
 28238 42999 00000 11340 21383 30056 40413 52024=
 28313 42/// /0000 11369 21410 30263 40494 52005=
 28319 42998 00701 11332 21364 30291 40486 52004=
 28321 42999 00000 11333 21371 30248 40489 52004=
 28324 42/// /0000 11383 21426 30342 40488 52004=
 28326 42998 20000 11381 21421 30269 40494 52005 80001=
 28413 42999 00000 11274 21311 30330 40472 52003=
 28428 42998 00401 11311 21347 30256 40473 52002=
 28429 42/// /0402 11312 21345 30000 40482 52002=
 22983 42984 20000 11299 21328 30368 40491 52006 82030 333 91001
 91101=
 27083 42984 00301 11308 21340 30226 40487 52004 333 91001 91102=
 27097 43/// /0000 11293 21316 30101 40404 52019 333 91000 91102=
 27185 42/// /3601 11289 21317 30267 40481 52004 333 91001 91101=
 27199 41998 00701 11286 21315 30253 40482 52002 77671 333 91001
 91102=
 27281 42984 00000 11292 21321 30234 40475 52004 333 91000 91102=
 27283 42997 00000 11312 21342 30298 40481 52005 333 91000 91100=
 27295 42/// /0401 11287 21322 30187 40479 52006 333 91001 91103=
 27296 42997 00000 11333 21376 30227 40485 52002 333 91000 91101=
 27385 429// 00000 11323 21353 30320 40474 52005 333 91000 91101=
 27393 42998 00901 11312 21348 30283 40484 52005 333 91002 91102=
 27480 42998 00501 11298 21334 30317 40467 52004 333 91002 91102=
 28007 42999 30201 11322 21360 30181 40490 52003 80001 333 91001
 91102=
 28009 42998 0//// 1//// 2//// 3//// 4//// 5//// 333 91100=
 28105 42998 00000 11342 21386 30260 40495 52002 333 91000 91101=
 28202 42997 00000 11336 21378 30226 40489 52003 333 91000 91101=
 28302 42997 00000 11307 21345 30214 40482 52003 333 91000 91103=
 28307 42998 02801 11305 21342 30307 40476 52006 333 91001 91101=
 28402 42984 00401 11293 21323 30264 40473 52005 333 91002 91103=
 28502 42997 00000 11329 21370 30348 40471 52006 333 91000 91100=
 22550 82969 20000 11297 21327 30438 40450 52004 82030 333 93528=
 22778 41497 81202 11205 21231 30391 40469 52006 77172 8872/ 333
 86712=
 22889 42/// /0801 11333 21366 30396 40498 52007=
 22762 41996 81401 11204 21225 30414 40458 52005 77177 8007/=
 22638 46/// /1400 11239 21264 30182 40438 52004=
 22671 42/// /1501 11232 21257 30378 40468 52007=
 22456 42597 80000 11223 21262 30358 40455 52005 885//=
 22583 42998 00000 11348 21381 30401 40497 52007=
 22749 NIL=
 22951 42/// /0601 11246 21267 30125 40446 52004=
 22887 42997 80000 11252 21270 30404 40485 52007 
 86031=
 22876 42997 70902 11241 21261 30396 40479 52007 87030=
 22481 42/// /0000 11371 21411 30420 40484 52004=
 22854 42/// /0000 11256 21283 30119 40450 52004=
 22781 NIL=
 22676 42898 71301 11265 21296 30390 40479 52007 87030=
 22648 NIL=
 22559 42/// /0000 11229 21254 30439 40458 52004=
 22869 41998 71102 11215 21239 30293 40461 52008 77177 80070=
 22768 42897 70801 11215 21241 30395 40451 52005 85078=
 22798 42998 00000 11351 21386 30367 40501 52005=
 22375 46/// /1901 11317 21351 30452 40469 52003=
 23207 NIL=
 23215 NIL=
 23219 NIL=
 27095 NIL=
 22408 41980 01701 11211 21232 30245 40413 52005 70281 333   93503=
 22511 41984 30000 11246 21275 30282 40420 52004 70171 83010 333  
 93503=
 22529 41598 40000 11334 21370 30427 40435 52005 72840 84500=
 22602 41472 81301 11134 21148 30158 40403 52003 70272 885// 333  
 88611 93502=
 22621 83459 /0000 11253 21279 30273 40433 52004=
 22619 41298 80901 11159 21176 30240 40415 52004 70282 886// 333  
 88706=
 22721 41397 80000 11193 21215 30316 40426 52003 78582 889// 333  
 85709=
 22727 86468 /0000 11129 21142 30364 40416 52002=
 22717 83/62 /0000 11145 21163 30196 40412 52002=
 22802 41696 70804 11100 21112 30368 40393 52005 78582 87900 333  
 85936=
 22820 41397 82701 11129 21148 30266 40414 52002 77172 8752/ 333  
 87608 93505 555   51182=
 22831 41596 81001 11173 21194 30362 40423 52003 77172 885// 333  
 88626=
 22805 415// 61408 11043 21061 30362 40388 52003 73632 86500 333  
 91010 91111=
 22912 42984 01102 11218 21240 30391 40408 52003=
 
