15:31:00 MSK 08.02.2023
020 123456/=о000=1231
 унту01 бтул 081200
 22686 41498 72704 10004 21013 30129 40230 51010 70282 87900 333 85915 555 1/101=
 22695 42/// /2704 11009 21024 30052 40207 51008 555 1/102=
 22996 42/// /2802 11049 21049 30060 40252 52004 555 1/105=
 23220 41597 82207 11054 21062 39844 49986 57009 73673 8657/ 333 91011 91113  92990 555 1/107=
 23226 41411 82512 11045 21051 39755 49970 57011 78785 8595/ 333 86914 
 91018 91119 92987 555 1/105=
 23305 41999 62705 11002 21019 30116 40141 52015 73631 84035 333 91010
 91111 555 1/101=
 23320 86/// /2306 11062 21080 39994 40068 58011 333 91113=
 23324 41976 72205 11060 21072 39967 40045 58009 73673 87070 333 91112
 555 1/107=
 23405 41565 72703 10000 21029 30061 40162 52010
 70282 83930 91110 555 1/101=
 23410 86/// /2506 11005 21028 39986 40083 57002 333 91010 91110 555 51095 53012=
 23411 41599 82807 10005 21016 30022 40111 51007 70232 8802/ 333
 91011 91113 555 1/101=
 23412 41499 82807 11002 21021 39990 40087 58003 70272 883// 333 91011 91111 555 1/101=
 23416 NIL=
 23418 41465 82403 11009 21025 30044 40118 52004 70272
 886// 333 88713 555 1/103=
 23501 NIL=
 23503 41598 82903 10001 21028 30099 40149 51006 70272 8395/ 91110 555
 1/102=
 23507 86/// /3104 11019 21033 39871 40186 53006 333 91111=
 23509 42598 32302 11021 21040 30087 40166 51008 83500 555 1/107=
 23514 41497 82803 11014 21023 39947 40145 52002 72687 889// 333 86711 555 1/102=
 23518 42/// /2103 11060 21067 30052 40147 53007 555 1/106=
 23606 41362 82702 11029 21046 30002 40177 52010 
 70272 887// 333 86709 555 1/103=
 23612 NIL=
 23701 41550 72702 11016 21025 30083 40215 51011 77172 82520 555 1/102=
 23704 86/// /2902 11016 21016 39926 40039 55004 555 53010=
 23707 81498 82903 11018 21030 30090 40225 52014 70276 8655/ 333 86614  94301 555 1/102=
 23708 41398 83003 11032 21048 30059 40212 52010 70282 886// 333 88708 555 1/103=
 23709 41398 82602 11049 21065 30006 40204 52013 70272 886// 333 88707 555 1/105=
 23711 41598 82702 11050 21061 30000 40174 53005 70282 8697/ 333 86923 555 1/106=
 23803 41599 82903 11051 21071 30031 40217 53007  70273 889// 333 88921 555 1/106=
 23804 81397 82802 11030 21045 30078 40227 53012 72687 889// 333 85709 555 1/104=
 23807 42/// /2702 11038 21038 30074 40240 52008 555 1/104=
 23808 86/// /2603 11047 21061 30057 40230 53006=
 23812 42/// /2401 11080 21095 30024 40193 56010 555 1/110=
 23904 41450 83002 11050 21060 30083 40246 52003 78582 883// 333 88913
 555 1/105=
 23905 41898 82702 11060 21074 39996 40231 52002 77372 8802/ 555
 1/107=
 23909 41495 82703 11071 21084 39969 40223 57001 78587 8731/=
 23912 41494 81801 11102 21114 30011 40213 57005 77572 8802/ 555
 1/110=
 23913 41596 83103 11116 21144 39970 40212 58009 77172 8872/ 555
 1/112=
 23914 81495 82502 11092 21103 39944 40212 57006 78687 8692/=
 28013 41396 82603 11074 21091 39982 40222 57007 77172 8872/ 555
 1/108=
 28016 41596 82702 11068 21088 39999 40234 57005 77373 8252/ 555
 1/107=
 28029 41496 82304 11096 21112 39994 40224 57014 77372 8802/ 555
 1/109=
 28116 41498 82603 11074 21089 39995 40235 57011 72272 8872/=
 28128 41896 82205 11090 21103 30078 40239 57016 77372 8802/ 555
 1/109=
 28134 41496 82101 11110 21129 39864 40234 57019 77172 8872/ 555
 1/111=
 28138 41596 82405 11132 21153 39629 40231 57021 78582 883// 333
 91110=
 28216 41895 82504 11091 21110 39943 40256 57015 77372 8802/ 555
 1/108=
 28222 41896 81902 11105 21125 30041 40247 57018 77172 8802/ 555
 1/109=
 28224 41533 82203 11108 21130 30029 40254 57017 77372 8802/=
 28234 41595 82103 11122 21150 39957 40253 57020 77372 885// 555
 1/110=
 28238 41497 82303 11119 21147 39931 40254 58018 77173 8802/ 333 91111
 555 1/112=
 28313 41897 82203 11087 21111 30064 40266 57018 77172 8802/ 555
 1/108=
 28319 41496 82504 11100 21123 30109 40282 57018 77177 8802/=
 28321 41596 82303 11102 21119 30049 40264 57017 77172 8802/=
 28324 41897 82404 11097 21131 30147 40275 57018 77172 8802/ 555
 1/109=
 28326 41598 72303 11105 21133 30066 40263 57021 70272 87500 555
 1/110=
 28413 41596 82303 11099 21126 30160 40290 57017 77372 8352/ 555
 1/108=
 28428 41896 82304 11128 21157 30096 40294 57026 77372 8807/ 555
 1/111=
 28429 41895 82303 11136 21160 39849 40290 57024 77372 8802/ 555
 1/110=
 22983 41960 82702 11033 21044 30156 40264 52007 77172 8807/ 333 91004
 91105 555 1/104=
 27083 41456 82802 11048 21060 30036 40266 54000 77172 8802/ 333 91003
 91106 555 1/103=
 27097 41961 82703 11055 21062 39999 40271 57003 77173 8802/ 333 91005
 91106 555 1/105=
 27185 41496 82602 11051 21066 30095 40286 57005 77172 8872/ 333 91003
 91107 555 1/104=
 27199 41396 82802 11056 21074 30073 40279 57009 77173 8772/ 333 91005
 91107 555 1/105=
 27281 41450 82803 11053 21067 30082 40298 57008 77173 8872/ 333 91005
 91106 555 1/105=
 27283 41435 82803 11053 21069 30117 40279 57010 77372 8872/ 333 91005
 91107 555 1/105=
 27295 41461 82303 11063 21081 30028 40290 57011 77172 8802/ 333 91006
 91106 555 1/105=
 27296 41559 82803 11060 21085 30053 40280 57010 77172 8802/ 333 91005
 91107 555 1/106=
 27385 415// 82603 11056 21079 30173 40307 57009 77073 8557/ 333 91006
 91108 555 1/105=
 27393 41497 82606 11064 21084 30116 40295 57012 77173 8677/ 333 91007
 91109 555 1/106=
 27480 41445 82602 11055 21075 30186 40320 57012 78582 889// 333 91004
 91107 555 1/105=
 28007 41344 82702 11062 21082 39989 40262 57005 77173 8872/ 333 88709
 91005 91107 555 1/106=
 28009 41440 82602 11065 21088 30036 40255 57003 78582 889// 333 91004
 91107 555 1/106=
 28105 41998 82602 11063 21087 30059 40267 57009 72272 8802/ 333 91004
 91107 555 1/105=
 28202 41962 82903 11067 21095 30035 40266 57009 77172 8807/ 333 91005
 91109 555 1/106=
 28302 41596 82502 11069 21089 30039 40278 57014 77172 8802/ 333 91003
 91105 555 1/107=
 28307 41496 82502 11060 21084 30147 40298 57012 77172 8657/ 333 91004
 91106 555 1/104=
 28402 41557 82503 11069 21089 30106 40293 57014 77172 8357/ 333 91005
 91107 555 1/106=
 28502 41997 82406 11081 21106 30199 40309 57019 77173 8802/ 333 91008
 91109 555 1/107=
 22550 82497 62503 10001 21023 30245 40255 52006 86500 333 86615 555
 1/100=
 22778 41596 82903 11014 21024 30197 40268 52012 78587 8697/ 555
 1/101=
 22889 41496 82703 11026 21035 30168 40257 52008 77172 8702/ 333 87513
 555 1/103=
 22762 42/// /2502 10000 20000 30230 40270 51010 555 1/000=
 22638 46/// /2502 11019 21033 30059 40290 52007=
 22671 42/// /3002 10006 21004 30165 40245 53014 555 1/100=
 22456 NIL=
 22583 41597 72905 10002 21018 30133 40215 52017 78582 87900
 555 1/100=
 22749 42/// /2902 11011 21023 30169 40298 53012 555 1/100=
 22951 42/// /2902 11033 21040 30021 40313 53006 555 1/103=
 22887 41497 82502 11022 21028 30188 40259 52007 78582 8695/ 
 333 86917 555 1/103=
 22876 42/// /2702 11018 21028 30191 40266 52010 555 1/102=
 22481 42/// /2703 11016 21024 30155 40209 52017 555 1/104=
 22854 42/// /2602 11025 21028 30005 40303 52012 555 1/102=
 22781 NIL=
 22676 41498 73003 10010 21007 30164 40243 52012 70272 87500 555
 1/100=
 22648 41496 82502 10000 21002 30235 40283 52008 78582 889// 333 88616
 555 1/100=
 22559 42/// /2903 10004 21021 30243 40260 51010 555 1/000=
 22869 42/// /2602 11027 21031 30139 40293 52006 555 1/102=
 22768 41497 82602 11008 21022 30229 40280 52010 72687 889// 333 86912
 555 1/101=
 22798 42/// /0000 11015 21025 30121 40236 52011 555 1/103=
 22375 46/// /2604 11030 30180 40195 52016=
 23207 41599 72805 11009 21030 30106 40129 52019 73631 82570 333 91010
 91115 555 1/103=
 23215 42/// /2710 11016 21026 39936 40025 50001 333 91015 91117 555
 1/102=
 23219 NIL=
 27095 86/// /2803 11053 21057 30037 40275 57002=
 22408 42999 71902 11020 21039 30098 40251 57005 82039 555   1/106=
 22511 42598 21902 11012 21037 30138 40262 54000 81501 555   1/106=
 22529 42599 72304 11007 21029 30266 40273 52007 83532 555   1/103=
 22602 41474 72303 11025 21038 30054 40287 52001 70272 87500 333  
 87610 555   1/101=
 22621 83370 /2304 11017 21032 30145 40289 52008 555   1////=
 22619 41480 82603 11012 21032 30129 40293 52008 70272 886// 333  
 88711 555   1/100=
 22721 41397 82902 11007 21024 30193 40294 52003 78582 889// 333  
 86709 555   1/000=
 22727 86467 /2902 10009 21015 30253 40302 52001 555   1////=
 22717 83/65 /2601 10002 21009 30111 40309 52005 555   1////=
 22802 41482 82201 10014 21001 30290 40314 52003 72582 889// 333  
 86911 93700 555   1/100=
 22820 41469 72502 10003 21017 30162 40302 57002 70282 87900 333  
 87611 555   1/100=
 22831 41298 82501 11004 21018 30248 40305 52003 72287 8872/ 333  
 88706 555   1/100=
 22805 41598 82403 10007 20004 30300 40320 51006 70282 885// 555  
 1/000=
 22912 41456 82303 10000 21008 30303 40319 57001 77172 8802/ 333  
 88517 555   1/100=
 
