18:31:00 MSK 10.09.2023
020 123456/=о000=1531
 уйту01 бтул 101500
 22686 62398 82201 10105 20094 30111 40208 57005 69902 884// 333 10114
 86709 555 50104 53004=
 22695 11496 80000 10104 20088 30048 40197 57004 69902 71022 886// 333
 10115 555 50101 53004=
 22996 62598 83602 10126 20113 30019 40198 57004 60002 8557/ 333 10144 555 50130 53006=
 23220 12999 82002 10115 20064 30031 40168 57005 60002 85031 333 10155 555 50093 53007=
 23226 12960 82104 10130 20065 39955 40161 57009 60002 82041 333 
 10165 555 50091 53010=
 23305 12999 01803 10152 20117 30145 40172 57007 60002 333 10175 555
 50114 53008=
 23320 76/// /2601 10091 20062 30112 40183 54001 333 60002 555 50080 53008=
 23324 12984 52102 10125 20067 30102 40176 56002 60002 80001 333 10181
 555 50097 53007=
 23405 12968 11802 10112 20098 30092 40187 57004 69902
 81030 333 10156 555 50106 53006=
 23410 76/// /1503 10119 20090 30088 40181 56008 333 60002=
 23411 12999 22203 10136 20105 30095 40181 57005 60002 80001 333
 10153 555 50098 53008=
 23412 12999 11901 10137 20100 30088 40181 57005 60002 81030 333 10165 555 50094 53005=
 23416 NIL=
 23418 12965 20000 10122 20094 30119 40189 57004 60002 
 80001 333 10156 555 50075 53004=
 23503 12998 21702 10112 20089 30144 40193 57004 69902 80001 333 10163 555 50097 53005=
 23507 66/// /2601 10101 20100 39900 40202 57004 60002 333 10118 555 50094 53004=
 23509 12998 60000 10140 20084 30124 40199 57007 60002 86020 333 10156
 555 50122 53003=
 23514 12497 82601 10116 20104 30007 40197 57005 69902 885// 333 10131
 88614 555 50085 53004=
 23518 12998 80000 10116 20098 30100 40189 57003 60002 80005 333
 10194=
 23606 12262 82501 10107 20107 30041 40202 57004 60002 886// 333 10117 88704 555 50101 53003=
 23701 12574 80000 10106 20094 30088 40214 57004 69902 8557/ 333 10111
 85620 555 50105 53003=
 23704 76/// /2301 10107 20105 39798 49909 58002 333 60002=
 23707 62497 82501 10109 20098 30079 40207 57004 69902 886// 333 10113 88711 555 50111 53004=
 23708 12598 83501 10115 20093 30065 40210 57003 60002 885// 333 10128
 88621 555 50113 53003=
 23709 62798 12601 10119 20095 30016 40202 54001 69902 81100 333 10171
 555 50120 53004=
 23711 12998 03401 10128 20103 30027 40190 57004 60002 333 10188 555 50115 53004=
 23803 12599 83302 10124 20062 30027 40200 57005 60002 86901 333 10142
 555 50117 53004=
 23804 62497 80000 10116 20103 30064 40204 57005 69902 885// 333 10127 88610 555 50116 53003=
 23807 12497 83402 10118 20109 30051 40207 57004 60002 886// 333 10127 88713 555 50120 53004=
 23808 66/// /3002 10122 20101 30044 40206 57002 60002 333 10135=
 23812 12997 00000 10124 20096 30031 40188 57002 60002 333 10199 555
 50124 53005=
 23904 12970 13402 10121 20110 30048 40200 54000 60002 80001 333 10170
 555 50131 53006=
 23905 62999 03401 10125 20104 39975 40194 54000 60002 333 10165 555
 53005=
 23909 62598 63502 10160 20107 39949 40182 54000 60002 85530 333
 10196=
 23912 62598 20302 10144 20099 39993 40177 54001 60002 82500 333 10212
 555 53008=
 23913 62599 21501 10114 20074 39959 40180 53003 60002 82900 333 10204
 555 53008=
 23914 62499 23601 10154 20106 39929 40173 57001 60002 82580 333
 10195=
 28013 62598 20102 10149 20088 39953 40173 55002 60002 82500 333 10194
 555 53010=
 28016 62599 13502 10150 20104 39958 40172 54000 60002 81500 333 10195
 555 53011=
 28029 62999 00302 10148 20059 39950 40160 52001 60002 333 10201 555
 53011=
 28116 62599 20301 10126 20087 39944 40165 52001 60002 82500 333
 10200=
 28128 62599 50301 10119 20093 30010 40158 57002 60002 82530 333 10195
 555 53009=
 28134 62898 30000 10132 20070 39823 40159 52002 60002 83040 333 10181
 555 53007=
 28138 11599 60103 10112 20076 39608 40154 52002 69932 70282 86500 333
 10160 91110=
 28216 62699 70204 10153 20053 39868 40151 54000 60002 87500 333 10187
 555 53011=
 28222 62598 80501 10139 20080 39967 40153 52001 60002 85871 333 10189
 555 53009=
 28224 62869 60302 10148 20078 39940 40143 52001 60002 80040 333
 10180=
 28234 62898 30401 10134 20062 39878 40144 52003 60002 83070 333 10179
 555 53010=
 28238 62599 61404 10139 20073 39850 40139 53009 60002 85980 333 10179
 91114 555 53015=
 28313 62598 80102 10150 20062 39962 40145 54001 60002 86535 333 10192
 555 53011=
 28319 62599 60303 10151 20067 39976 40132 58001 60002 84550 333 10191
 91110=
 28321 62899 20203 10151 20072 39946 40140 57002 60002 82030 333
 10184=
 28324 62599 60202 10161 20061 30016 40131 55000 60002 85481 333 10188
 91111 555 53011=
 28326 62598 70502 10153 20078 39951 40129 52005 60002 87500 333 10200
 555 53012=
 28413 62599 30202 10162 20060 30013 40129 52002 60002 82509 333 10192
 555 53011=
 28428 62599 70703 10139 20076 39942 40119 53008 60002 87900 333 10186
 555 53011=
 28429 61598 80602 10104 20088 39723 40120 51011 60012 72162 885// 333
 10144 91111 555 53011=
 22983 12598 83201 10116 20101 30107 40209 57005 69902 885// 333 10126
 91002 91102 555 50118 53003=
 27083 12999 00102 10134 20103 39979 40193 57003 60002 333 10169 91003
 91105 555 50136 53006=
 27097 12598 33502 10150 20111 39936 40185 57002 60002 82401 333 10195
 91003 91106 555 50144 53007=
 27185 12698 20000 10144 20107 30005 40181 57004 60002 81101 333 10194
 91000 91107 555 50147 53007=
 27199 12998 20201 10167 20071 39988 40175 57002 60002 82030 333 10191
 91003 91107 555 50146 53007=
 27281 12582 50101 10150 20095 39982 40180 57002 60002 81402 333 10198
 91002 91107 555 50143 53009=
 27283 12498 20301 10150 20091 30027 40176 57003 60002 81201 333 10193
 91002 91107 555 50137 53008=
 27295 12998 23402 10154 20067 39933 40173 57001 60002 82080 333 10188
 91003 91107 555 50138 53008=
 27296 12598 53602 10163 20067 39961 40168 57003 60002 82931 333 10190
 91004 91107 555 50135 53009=
 27385 126// 23601 10160 20076 30046 40168 54000 60002 82100 333 10195
 91002 91107 555 50144 53008=
 27393 12598 30201 10172 20058 30001 40163 54000 60002 83500 333 10198
 91003 91109 555 50142 53009=
 27480 12698 10101 10151 20079 30046 40169 52001 60002 81100 333 10210
 91002 91108 555 50138 53008=
 28007 12699 30102 10151 20075 39932 40182 57002 60002 81201 333 10192
 91003 91106 555 50134 53007=
 28009 12698 33502 10152 20083 39979 40180 57002 60002 82501 333 10200
 91003 91106 555 50113 53008=
 28105 12998 23601 10147 20069 39990 40174 57001 60002 82041 333 10195
 91002 91107 555 50124 53007=
 28202 12682 50201 10150 20077 39952 40163 57001 60002 83930 333 10200
 91003 91108 555 50126 53008=
 28302 12598 60101 10158 20060 39938 40155 54000 60002 86400 333 10197
 91003 91108 555 50133 53010=
 28307 12498 13001 10149 20052 30017 40155 53001 60002 81500 333 10204
 91002 91108 555 50143 53009=
 28402 12598 73602 10173 20051 39974 40144 54000 60002 83570 333 10200
 91005 91109 555 50137 53011=
 28502 12598 63603 10174 20047 30037 40135 54000 60002 86400 333 10205
 91004 91110 555 50148 53012=
 22550 62997 21802 10185 20131 30154 40163 57006 60002 80001 333 10209
 555 50140 53006=
 22778 12498 81401 10116 20105 30139 40206 57007 60002 885// 333 10124
 555 50109 53003=
 22889 11496 83201 10114 20106 30127 40211 57006 69902 75152 886// 333
 10127 88713 555 50116 53003=
 22762 62998 01501 10144 20108 30156 40194 57009 60002 333 10166 555
 50101 53005=
 22638 46/// /2202 10165 20110 39952 40167 57009=
 22671 12999 02002 10149 20112 30105 40183 57012 60002 333 10178 555
 50099 53006=
 22456 12598 42301 10188 20126 30068 40150 57005 60002 82401 333 10213
 555 50137 53007=
 22583 12998 00000 10135 20105 30107 40184 57006 60002 
 333 10171 555 50089 53006=
 22749 NIL=
 22951 12998 01501 10134 20101 39932 40203 57009 60002 333 10151 555
 50103 53004=
 22887 12499 80000 10114 20100 30141 40209 57005 69912 885// 
 333 10121 88617 555 50110 53003 =
 22876 12497 80000 10113 20102 30140 40213 57006 60002 885// 333 10118
 88617 555 50107 53003=
 22481 12/// /1904 10170 20115 30182 40236 54000 60002 333 10198 555
 53009=
 22854 12999 21801 10144 20096 39918 40195 58012 60002 80001 333 10151
 555 50088 53004=
 22781 NIL=
 22676 12598 71603 10118 20094 30120 40195 57004 60002 86530 333 10140
 555 50115 53006=
 22648 NIL=
 22559 62598 31601 10167 20127 30157 40173 57008 60002 82801 333 10188
 555 50121 53005=
 22869 12497 80000 10110 20090 30069 40214 57006 69942 886// 333 10118
 86711 555 50103 53003=
 22768 12597 62102 10130 20097 30149 40197 57008 60002 85530 333 10146
 85622 555 50122 53005=
 22798 12497 82001 10111 20096 30101 40210 57006 69902 885// 333 10120
 555 50115 53003=
 22375 46/// /2902 10164 20133 30130 40144 57002=
 23207 12999 12103 10171 20122 30130 40151 57003 60002 80001 333 10205
 555 50124 53009=
 23215 NIL=
 23219 NIL=
 27095 76/// /3602 10148 20124 39981 40200 54000 333 60002 555 50144 53007=
 22408 22599 82203 10156 20123 39989 40131 57001 885// 333   60002
 88621=
 22511 22598 72103 10166 20121 30020 40135 57003 87500 333   60002
 87626=
 22529 22599 22102 10188 20122 30141 40147 57008 82500 333   60002=
 22602 22478 62003 10169 20119 39927 40140 57009 85930 333   60002
 85617=
 22621 73/70 /1904 10182 20118 30018 40150 57011 333   60002=
 22619 22498 51801 10178 20124 30002 40152 57007 85500 333   60002=
 22721 22598 71701 10177 20116 30073 40166 57009 87500 333   60002
 87632=
 22727 76670 /1902 10181 20128 30129 40174 57010 333   60002=
 22717 73/70 /1701 10170 20116 39982 40169 57009 333   60002=
 22802 22999 71502 10171 20142 30142 40164 57013 87030 333   60002=
 22820 22970 02302 10183 20113 30047 40176 57010 333   60002=
 22831 22998 01801 10166 20110 30133 40186 57011 333   60002=
 22805 22598 71605 10168 20144 30147 40171 57012 84512 333   60002=
 22912 22599 22102 10191 20111 30167 40181 57014 82530 333   69912=
 
