00:31:00 MSK 31.05.2023
020 123456/=о000=2131
 уйту01 бтул 302100
 22686 82998 10000 10084 20070 30044 40141 57003 81040=
 22695 41998 50000 10098 20078 39982 40130 58013 70282 85030=
 22996 42/// /0000 10125 20103 39962 40141 57016=
 23220 42599 60202 10039 20034 30021 40161 52014 86500=
 23226 42960 20402 10073 20053 39952 40162 52015 82030=
 23305 42/// /0101 10097 20068 30105 40131 57005=
 23320 86/// /1101 10098 20076 30092 40163 53009=
 23324 41980 51001 10053 20050 30080 40156 51001 71111 85070=
 23405 42969 71202 10118 20063 30032 40126 57013 87030=
 23410 86/// /1002 10105 20065 30046 40139 57008=
 23411 42/// /2002 10129 20046 30046 40131 57010=
 23412 42699 61202 10112 20068 30044 40137 58010 83530=
 23416 NIL=
 23418 41665 61501 10140 20045 30076 40146 58002 72598
 85930=
 23503 NIL=
 23507 86/// /2201 10119 20054 39839 40137 57009=
 23509 42/// /0000 10090 20070 30065 40141 57011=
 23514 42697 21902 10113 20063 39956 40145 57008 82530=
 23518 NIL=
 23606 42960 41902 10124 20066 39987 40147 57009 84030=
 23704 86/// /3601 10122 20118 39926 40039 55004=
 23701 42/// /0000 10092 20088 30027 40152 58007 333 91111=
 23707 82498 80502 10124 20092 30014 40141 57014 83944=
 23708 42/// /0000 10093 20073 30009 40154 57014=
 23709 82598 60000 10093 20073 39974 40161 57012 84505=
 23711 42998 72201 10098 20079 39998 40162 57009 83905=
 23803 42999 61102 10135 20065 39988 40161 58014 82035=
 23804 42997 60000 10107 20090 30005 40145 57012 84035=
 23807 42/// /1201 10134 20115 39990 40144 57014=
 23808 86/// /1302 10097 20078 39991 40154 57015=
 23812 42997 50000 10080 20069 30016 40175 57010 80002=
 23904 42980 80000 10104 20100 30000 40152 57014 8804/=
 23905 42899 51601 10106 20067 39936 40156 57016 85020=
 23909 42598 81904 10155 20070 39932 40165 57009 87301=
 23912 42598 61201 10114 20071 39991 40177 57012 82541=
 23913 42999 50000 10055 20045 39974 40201 57008 82041=
 23914 81497 71602 10146 20082 39929 40174 57012 78011 86941=
 28013 41598 61801 10148 20097 39948 40168 57010 72582 86900=
 28016 42/// /0801 10140 20116 39951 40165 58011=
 28029 42899 31201 10160 20084 39962 40171 57016 83010=
 28116 41599 71101 10148 20094 39941 40161 57021 70182 86460=
 28128 42599 80902 10175 20111 30020 40165 57019 8353/=
 28134 42598 80000 10133 20105 39847 40183 57013 8653/=
 28138 43/// /1101 10151 20068 39652 40193 57009=
 28216 41698 81104 10174 20106 39871 40152 58021 72162 885//=
 28222 42/// /1402 10187 20097 39981 40165 57020=
 28224 42898 81505 10186 20095 39966 40166 57016 8801/=
 28234 42899 81701 10165 20081 39922 40186 55008 8803/=
 28238 42599 82501 10134 20094 39904 40195 57007 885//=
 28313 42/// /1403 10190 20114 39968 40149 58024=
 28319 42599 80000 10186 20118 30004 40158 57016 8657/=
 28321 42899 81702 10183 20118 39968 40159 58017 8807/=
 28324 42/// /0401 10183 20109 30047 40161 56020=
 28326 42598 70000 10163 20115 30001 40178 57009 87500=
 28413 42599 81403 10203 20114 30031 40145 58021 8352/=
 28428 42599 80701 10169 20114 39995 40171 57007 889//=
 28429 42/// /0601 10183 20120 39791 40179 56009=
 22983 42684 83101 10103 20096 30034 40136 57016 82105 333 91001
 91101=
 27083 42584 70000 10113 20089 39924 40139 57016 82209 333 91000
 91101=
 27097 42/// /3102 10127 20113 39892 40143 57016 333 91003 91103=
 27185 42/// /0000 10129 20120 39972 40148 55007 333 91000 91102=
 27199 41598 80000 10146 20126 39950 40138 57020 72582 883// 333 91000
 91102=
 27281 41457 83502 10130 20122 39945 40143 57009 76162 8872/ 333 91003
 91103=
 27283 42497 83601 10143 20121 39987 40135 57018 889// 333 91002
 91103=
 27295 42/// /0102 10159 20093 39889 40128 58025 333 91004 91104=
 27296 42598 70401 10137 20100 39920 40128 57024 85930 333 91001
 91103=
 27385 425// 80401 10152 20118 30000 40122 57023 8455/ 333 91002
 91104=
 27393 42598 70902 10141 20112 39966 40128 57025 85540 333 91003
 91103=
 27480 42598 83401 10142 20126 30001 40124 57020 889// 333 91002
 91103=
 28007 42999 83501 10148 20092 39897 40147 58017 86035 333 91002
 91103=
 28009 41497 80000 10137 20121 39956 40157 57013 78082 889// 333 91001
 91105=
 28105 41598 70701 10147 20117 39951 40141 57022 72582 87300 333 91003
 91105=
 28202 42597 80501 10129 20109 39926 40138 58023 82931 333 91001
 91102=
 28302 42997 50401 10146 20095 39913 40130 57027 82031 333 91002
 91103=
 28307 42498 82901 10146 20109 39982 40119 57024 86501 333 91001
 91102=
 28402 42984 70901 10156 20115 39949 40118 57023 85071 333 91002
 91103=
 28502 42597 81803 10191 20120 30020 40117 57017 889// 333 91006
 91106=
 22550 82572 12201 10041 20037 30128 40138 57009 81500=
 22778 42598 33501 10088 20074 30072 40139 57009 82570=
 22889 42/// /1001 10093 20091 30055 40139 57015=
 22762 82997 30000 10050 20038 30102 40140 57008 80001=
 22638 NIL=
 22671 42/// /0201 10089 20048 30064 40140 57004=
 22456 42598 42801 10079 20023 30042 40128 57009 82502=
 22583 42698 73301 10107 20061 30054 40132 57006 85570=
 22749 NIL=
 22951 NIL=
 22887 41597 81201 10138 20113 30067 40134 57016 72582 8495/=
 22876 42597 72701 10116 20108 30067 40137 57013 87900 333 87920=
 22481 42/// /1802 10081 20079 30079 40131 57009=
 22854 42/// /0000 10076 20030 39865 40148 57011=
 22781 NIL=
 22676 42698 73201 10108 20050 30062 40137 57003 86540=
 22648 NIL=
 22559 NIL=
 22869 42997 01301 10098 20045 39998 40142 57014=
 22768 42897 30000 10067 20031 30089 40138 57011 83030=
 22798 41497 70402 10117 20099 30035 40143 56018 78082 86901=
 22375 NIL=
 23207 NIL=
 23215 NIL=
 23219 NIL=
 27095 NIL=
 22408 42999 82401 10088 21009 39968 40114 57012 8807/=
 22511 42598 62002 10074 20017 30003 40122 57013 81939=
 22529 42599 11901 10050 20038 30125 40132 57009 81500=
 22602 42977 22402 10077 20017 39918 40139 57010 8203/=
 22621 83/70 /2002 10057 20024 30004 40142 57008=
 22619 42598 22303 10082 20036 39986 40141 57008 81430=
 22721 42998 00000 10054 20045 30053 40150 57008=
 22727 86/70 /0000 10056 20049 30111 40158 57007=
 22717 83/70 /2302 10047 20033 39974 40166 57007=
 22802 41998 00000 10043 20033 30147 40170 57006 71100=
 22820 42998 02302 10048 20042 30026 40162 57007 555   50102=
 22831 42997 30000 10042 20031 30101 40156 57005 83030=
 22805 42998 02603 10061 20017 30154 40174 57009=
 22912 42984 12702 10058 20037 30155 40170 57003 80001=
 
