18:31:00 MSK 22.06.2023
020 123456/=о000=1531
 уйту01 бтул 221500
 22686 62998 10202 10187 20013 30051 40145 57005 60002 81080 333 10191 555 50117 53007=
 22695 12698 23602 10179 21036 39988 40133 57003 60002 82100 333 10185
 555 50120 53009=
 22996 62598 33102 10180 20035 39963 40138 57001 60002 82101 333 10194
 91113 555 50121 53013=
 23220 11497 82503 10067 20033 39954 40091 57011 69932 70282 889// 333 10069 555 50048 53008=
 23226 12560 83106 10068 20022 39886 40095 57007 69902 885// 333 
 10072 88622 91010 91111 555 50045 53011=
 23305 12999 23502 10130 20044 30134 40161 57009 60002 82030 333 10130
 555 50077 53006=
 23320 76/// /2802 10104 20022 30061 40132 57007 333 60002 555 50074 53008=
 23324 12984 72803 10103 20037 30047 40121 58011 60002 87070 333 10104
 555 50075 53009=
 23405 12979 03402 10132 20037 30064 40159 57008 60002 
 333 10135 555 50082 53007=
 23410 76/// /2403 10105 20024 30050 40143 57007 333 60002=
 23411 12599 73002 10114 20034 30067 40153 57007 60002 87500 333 10120
 555 50071 53008=
 23412 12699 72802 10109 20040 30052 40146 58010 60002 82530 333 10112 555 50075 53006=
 23416 NIL=
 23418 12565 83303 10092 20023 30081 40153 54000 60002
 885// 333 10100 88633 555 50079 53008=
 23503 12598 73501 10103 20018 30116 40165 57002 60002 87500 333 10106 87631 555 50080 53006=
 23507 66/// /0501 10139 20019 39855 40151 57005 60002 333 10143 555 50089 53006=
 23509 12598 63601 10106 20019 30088 40163 57002 60002 86500 333 10106
 86624 555 50082 53005=
 23514 12597 83102 10083 20027 39969 40161 54000 60002 885// 333 10086 88626 555 50073 53006=
 23518 12698 83204 10095 20023 30059 40148 52003 60002 885// 333 10109
 88640 555 50083 53009=
 23606 12662 30203 10100 20027 39997 40158 57001 60002 82401 333 10118 555 50087 53006=
 23701 12699 60502 10172 20028 30023 40145 57004 60002 82481 333 10173
 555 50114 53007=
 23704 76/// /0301 10170 20039 39926 40039 55004 333 60002=
 23707 62599 60801 10161 20039 30014 40139 57001 60002 82581 333 10182 555 50127 53008 =
 23708 12584 63402 10153 20024 30006 40148 54001 60002 85801 333 10160
 85630 555 50110 53009=
 23709 12998 20302 10127 20014 39966 40151 53001 60002 81031 333 10139
 555 50099 53009=
 23711 12698 83402 10087 20032 39991 40156 52002 60002 885// 333 10093 88633 555 50076 53006=
 23803 12/// 802// 1//// 2//// 3//// 4//// 5//// 60002 83101 333 1////=
 23804 62597 30101 10173 20035 30001 40138 54000 60002 83100 333 10183 555 50122 53007=
 23807 62598 43203 10175 20020 39989 40141 54000 60002 82409 333 10187 555 50123 53008=
 23808 66/// /3202 10170 20036 39979 40138 54000 60002 333 10181=
 23812 12597 83602 10087 20018 39995 40154 52002 60002 885// 333 10098
 555 50081 53008=
 23904 12670 53201 10169 20032 39988 40137 57001 60002 83501 333 10198
 555 50119 53008=
 23905 62599 73301 10171 20035 39916 40131 54000 60002 84409 333 10183
 555 53007=
 23909 62598 23603 10160 20029 39898 40130 52002 60002 81101 333
 10176=
 23912 62598 53404 10103 20034 39960 40146 52003 60002 82501 333 10122
 555 53010=
 23913 82599 23103 10137 20025 39905 40124 52006 82200 333 10156 555
 53008=
 23914 62999 20102 10110 20032 39894 40142 52004 60002 80001 333
 10130=
 28013 62998 70203 10147 20029 39909 40129 52002 60002 80005 333 10171
 91110 555 53011=
 28016 62599 63602 10175 20037 39914 40126 53001 60002 84951 333 10183
 555 53010=
 28029 62999 73602 10139 20038 39916 40125 52005 60002 80001 333 10159
 555 53007=
 28116 62599 43302 10168 20039 39905 40123 54000 60002 82201 333
 10187=
 28128 62999 80303 10157 20044 39978 40124 52002 60002 80001 333 10172
 555 53009=
 28134 62598 63201 10142 20035 39786 40120 52005 60002 82501 333 10167
 555 53007=
 28138 12599 73102 10110 20041 39573 40117 52007 60002 87500 333
 10143=
 28216 62699 63203 10166 20018 39843 40124 54000 60002 86500 333 10181
 555 53009=
 28222 62598 63301 10162 20026 39937 40122 52003 60002 81101 333 10188
 555 53008=
 28224 62670 30103 10164 20028 39917 40118 52004 60002 82209 333
 10181=
 28234 62598 53501 10165 20005 39851 40114 52005 60002 82202 333 10185
 555 53008=
 28238 62599 63605 10143 20032 39822 40111 52007 60002 85401 333 10174
 555 53010=
 28313 62598 73401 10168 20030 39944 40126 52002 60002 86530 333 10194
 555 53007=
 28319 62598 72602 10157 20049 39975 40129 57001 60002 83550 333
 10174=
 28321 62599 63202 10174 20025 39927 40119 54001 60002 82230 333
 10196=
 28324 62599 62902 10159 20040 30009 40124 54000 60002 85901 333 10184
 555 53007=
 28326 62598 53301 10178 20020 39937 40113 52004 60002 83501 333 10196
 555 53009=
 28413 62599 82902 10152 20055 30019 40135 54001 60002 8155/ 333 10177
 555 53006=
 28428 62599 82903 10159 20028 39949 40125 52003 60002 86931 333 10192
 555 53007=
 28429 62598 62702 10151 20041 39730 40121 54001 69982 84930 333 10169
 555 53010=
 22983 12698 83601 10190 20027 30050 40149 57003 60002 82231 333 10198
 91005 91105 555 50136 53007=
 27083 12599 60302 10175 20033 39934 40144 57002 60002 82209 333 10181
 91003 91105 555 50125 53007=
 27097 12598 63302 10166 20052 39900 40148 57001 60002 82171 333 10174
 91004 91108 555 50115 53008=
 27185 12698 82902 10164 20059 39981 40156 57004 60022 86545 333 10180
 91005 91106 555 50116 53007=
 27199 12598 83401 10170 20041 39961 40148 57002 69902 83331 333 10176
 91003 91105 555 50119 53005=
 27281 12482 62801 10162 20055 39963 40160 57006 60092 82431 333 10170
 91003 91106 555 50117 53008=
 27283 11498 80000 10170 20069 30006 40154 57002 60032 70282 8353/ 333
 10180 91000 91110 555 50113 53010=
 27295 11598 82603 10133 20073 39918 40159 54000 69902 72582 885// 333
 10175 91006 91106 555 50109 53007=
 27296 12598 82601 10148 20079 39941 40148 57002 60012 82931 333 10169
 91002 91104 555 50102 53007=
 27385 115// 73202 10152 20057 30038 40161 57003 69912 70282 83530 333
 10171 91004 91106 555 50100 53008=
 27393 13598 /2402 10118 20091 39995 40160 54000 60072 333 10152 91003
 91109 555 50105 53009=
 27480 12598 50401 10156 20080 30042 40165 54000 69952 82931 333 10184
 91002 91106 555 50105 53007=
 28007 11699 53101 10169 20041 39891 40139 57004 69912 70282 83531 333
 10181 91002 91108 555 50119 53009=
 28009 12498 63201 10172 20031 39936 40135 57001 60002 85901 333 10188
 91002 91106 555 50129 53007=
 28105 12598 72802 10159 20041 39953 40143 57004 60002 86230 333 10188
 91005 91105 555 50112 53006=
 28202 12681 83401 10158 20054 39928 40138 58002 60002 82931 333 10173
 91003 91105 555 50119 53005=
 28302 12998 82502 10143 20081 39924 40142 57004 60002 8807/ 333 10148
 91003 91104 555 50111 53005=
 28307 12598 83202 10129 20059 30016 40155 57001 60002 8647/ 333 10152
 91004 91109 555 50108 53009=
 28402 11470 80103 10125 20087 39980 40152 57001 69972 78122 8497/ 333
 10139 91006 91106 555 50104 53006=
 28502 12598 70000 10145 20042 30050 40149 57003 60002 87900 333 10158
 91000 91108 555 50117 53010=
 22550 62997 32401 10204 20055 30142 40152 57008 60002 83060 333 10211
 555 50131 53009=
 22778 12698 52502 10190 20036 30088 40153 57005 60002 82570 333 10193
 555 50126 53005=
 22889 12598 52601 10170 20040 30068 40150 57003 60002 84401 333 10193
 555 50127 53007=
 22762 62698 33301 10200 20020 30116 40153 57005 60002 83100 333 10213
 555 50125 53003=
 22638 NIL=
 22671 12699 10702 10186 21003 30073 40148 57006 60002 81400 333 10197
 555 50127 53006=
 22456 12598 63401 10195 20044 30069 40151 57004 60002 85460 333 10207
 555 50127 53006=
 22583 12998 03202 10171 20026 30077 40154 57003 60002 333 10179 555 50106 53005=
 22749 NIL=
 22951 12598 31802 10166 20043 39889 40156 57005 60002 83100 333 10171
 555 50109 53006=
 22887 12699 62603 10191 20062 30087 40153 57004 60002 82531
 333 10198 555 50135 53007=
 22876 12597 20901 10187 20029 30082 40153 57006 60002 82100 333 10197
 555 50131 53005=
 22481 12998 03301 10148 20029 30116 40167 57005 60002 333 10152 
 555 50080 53006=
 22854 12699 31702 10171 20038 39875 40149 57004 60002 83500 333 10189
 555 50122 53006=
 22781 NIL=
 22676 12598 23203 10188 20027 30068 40141 57005 60002 82100 333 10198
 555 50122 53007=
 22648 NIL=
 22559 62598 33601 10202 20022 30138 40154 57007 60002 82201 333 10210
 555 50135 53005=
 22869 12697 71401 10190 20023 30015 40155 57003 60002 82130 333 10197 555 50124 53005=
 22768 12697 50202 10197 20030 30103 40150 57006 60002 83501 333 10204
 555 50134 53005=
 22798 12598 53102 10180 20014 30037 40143 57003 60002 85200 333 10213
 555 50132 53008=
 22375 NIL=
 23207 12999 73403 10126 20037 30141 40162 57005 60002 80002 333 10135
 555 50067 53006=
 23215 NIL=
 23219 NIL=
 27095 NIL=
 22408 22599 81103 10152 20110 39988 40130 57005 885// 333   60002
 88622=
 22511 22598 71003 10156 20106 30013 40128 57008 87530 333   60002
 87624=
 22529 22599 20803 10174 20073 30133 40139 57008 82800 333   60002=
 22602 22599 51003 10165 20122 39892 40105 57006 82531 333   60002=
 22621 73670 /1003 10162 20107 30002 40134 57007 333   60002=
 22619 21481 31004 10147 20118 39968 40120 57011 70261 81530 333  
 69912=
 22721 22598 71401 10157 20115 30040 40133 57008 87500 333   60012
 87631=
 22727 NIL=
 22717 73/65 /1101 10198 20144 39919 40099 57009 333   60002=
 22802 22699 70902 10205 20136 30066 40088 57012 83931 333   60002=
 22820 22970 71105 10134 20105 39995 40126 57004 87070 333   69902
 91110=
 22831 22698 71302 10174 20107 30084 40136 57012 85930 333   69902
 85934=
 22805 21498 71104 10205 20113 30063 40082 57014 71792 86930 333  
 60002 91111=
 22912 22599 70903 10236 20138 30083 40097 57010 83431 333   60002=
 
