12:31:00 MSK 08.11.2023
010 111/=о000=0931
 уйту01 бтул 080900
 22686 41498 81802 10028 20018 39874 49971 51006 70252 8657/ 333 86615=
 22695 42998 82203 10022 20003 39813 49963 52008 8805/=
 22996 41495 82401 10038 20037 39833 40015 51013 75252 886// 333 85610=
 23220 42599 71105 10011 21004 39873 40013 57002 84530=
 23226 42460 81502 10015 20004 39806 40018 52002 885// 333 88612=
 23305 42499 81402 10027 20027 39940 49967 53005 886//=
 23320 86/// /1401 10026 20026 39933 40005 54000=
 23324 41433 81202 10022 20019 39932 40007 53001 76362 8872/ 333 85712=
 23405 41/02 91102 10028 20028 39871 49968 52002 74544=
 23410 86/// /1504 10020 20013 39897 49992 54001=
 23411 41496 81902 10019 20019 39894 49981 53002 75052 886//=
 23412 41297 81602 10020 20019 39896 49991 53001 76162 8872/ 333 86705=
 23416 NIL=
 23418 41258 81503 10029 20021 39924 49995 57001 76162
 8672/ 333 86706=
 23503 41197 81703 10032 20027 39930 49979 52002 76165 887// 333 86703=
 23507 86/// /1601 10030 20030 39663 49965 54001=
 23509 41296 81801 10034 20027 39905 49981 53002 71062 886// 333 88705=
 23514 41297 81703 10024 20024 39796 49989 52001 76162 8672/ 333 86705=
 23518 41495 81803 10029 20025 39918 40008 54001 75152 887// 333
 86710=
 23606 41162 81802 10035 20035 39823 49985 52002 70262 886// 333 88702=
 23701 41581 72402 10036 20033 39857 49984 52006 72162 86570 333
 86623=
 23704 86/// /2103 10036 20031 39775 49889 58013=
 23707 81598 82003 10037 20025 39858 49987 52005 72522 8695/ 333 84625=
 23708 41/09 91903 10051 20042 39848 49993 54000 75154=
 23709 41295 81401 10034 20025 39815 40003 54001 76162 886// 333 88705=
 23711 41/93 91602 10024 20023 39843 40009 55001 75154=
 23803 41496 81602 10045 20033 39834 40009 58001 75065 886// 333 88710=
 23804 81597 82202 10040 20025 39855 49997 52008 70252 8795/ 333 87923=
 23807 41496 62104 10037 20034 39850 40008 52005 72052 84931=
 23808 86/// /2303 10043 20037 39848 40012 52006=
 23812 41497 81502 10029 20016 39860 40020 57003 70282 889//=
 23904 42470 82302 10043 20030 39867 40020 52006 86505 333 86612=
 23905 41499 82602 10047 20040 39792 40014 52003 72054 886//=
 23909 41296 81902 10041 20037 39778 40018 54000 76186 8872/=
 23912 42598 81802 10032 20007 39837 40026 57006 85505=
 23913 42999 70000 11002 21002 39812 40040 57007 85031=
 23914 82498 81702 10015 20004 39774 40027 57003 885//=
 28013 41395 81701 10032 20019 39795 40021 54001 75152 886//=
 28016 41495 81901 10040 20038 39802 40022 57002 76162 8802/=
 28029 42599 81502 10041 20004 39813 40028 57005 8352/=
 28116 41499 81901 10029 20021 39800 40027 57001 70252 885//=
 28128 42598 81801 10034 20009 39881 40032 57005 885//=
 28134 42898 82001 10040 20003 39692 40035 57005 8801/=
 28138 42599 71401 10027 21033 39483 40040 57008 87500=
 28216 41596 82201 10018 20014 39739 40033 57002 76365 8872/=
 28222 42598 81802 10045 20011 39841 40032 57007 886//=
 28224 42570 81402 10042 20008 39823 40032 57006 885//=
 28234 42899 82101 10055 21031 39766 40037 57005 8805/=
 28238 42899 80000 10019 21034 39746 40045 57010 84035=
 28313 41595 81601 10022 20013 39846 40035 54000 76162 8802/=
 28319 41496 82301 10031 20025 39876 40037 57002 76162 8802/=
 28321 42599 82402 10041 20019 39832 40031 57003 8652/=
 28324 41697 82401 10047 20018 39914 40032 57006 76162 885//=
 28326 42598 73101 10058 20007 39850 40032 57009 87500=
 28413 41396 82601 10040 20025 39917 40037 57002 76162 8872/=
 28428 41597 81602 10033 20001 39860 40042 54001 76162 8802/=
 28429 42898 82102 10039 21014 39639 40043 57004 8807/=
 22983 41471 82702 10030 20015 39912 40015 52012 78082 889// 333 91004
 91107=
 27083 42599 72503 10043 20023 39802 40020 52002 87500 333 91005
 91106=
 27097 42498 72202 10044 20037 39775 40031 52002 87900 333 91004
 91105=
 27185 42698 82102 10057 20036 39862 40041 52003 885// 333 91003
 91104=
 27199 42598 82702 10050 20032 39852 40045 52006 8651/ 333 91004
 91104=
 27281 41482 82403 10059 20044 39847 40049 52004 70252 885// 333 91005
 91106=
 27283 42498 82602 10056 20034 39897 40049 52006 885// 333 91005
 91105=
 27295 42598 82501 10046 20026 39807 40054 52006 885// 333 91002
 91105=
 27296 42598 82802 10048 20018 39836 40049 52008 885// 333 91005
 91106=
 27385 425// 72601 10066 20044 39935 40061 52006 82530 333 91003
 91104=
 27393 42598 82703 10051 20030 39891 40059 52011 8753/ 333 91006
 91109=
 27480 42598 82501 10072 20055 39941 40066 52004 889// 333 91002
 91104=
 28007 42599 82902 10041 20021 39778 40034 52008 87505 333 87620 91003
 91107=
 28009 41450 83002 10049 20039 39823 40029 52005 75152 886// 333 91004
 91106=
 28105 42498 82801 10045 20030 39850 40039 52010 885// 333 91004
 91107=
 28202 41559 83304 10042 20025 39820 40037 53011 71065 885// 333 91007
 91110=
 28302 41598 83003 10052 20031 39818 40042 52011 70242 885// 333 91006
 91107=
 28307 42298 82902 10058 20024 39916 40056 52014 886// 333 91005
 91109=
 28402 41498 82904 10053 20049 39874 40049 52013 72162 886// 333 91008
 91108=
 28502 42598 83007 10064 20044 39951 40052 52013 889// 333 91010
 91111=
 22550 81497 83203 10011 20010 39974 49984 52020 70282 886// 333
 88710=
 22778 41497 82503 10016 20006 39923 49992 52015 72582 889// 333
 86617=
 22889 42/// /2404 10031 20018 39923 40008 52010=
 22762 41396 82502 10014 20013 39953 49992 52017 75152 886//=
 22638 NIL=
 22671 42397 82301 10006 20002 39880 49958 52012 889// 333 85709=
 22456 41596 80000 10001 20001 39885 49970 52017 77172 8802/=
 22583 42498 81602 10023 20022 39875 49954 52012 8757/=
 22749 NIL=
 22951 41896 82701 10001 21000 39764 40044 52015 71022 8807/=
 22887 41497 82103 10028 20012 39934 40003 52011 78082 8695/ 
 333 86915=
 22876 41496 82403 10022 20016 39932 40004 52014 78088 889// 333
 88915=
 22481 42/// /2003 10016 20014 39890 49942 52015=
 22854 41298 72503 11004 21004 39747 40035 52014 72475 87600 333 87704
 93403=
 22781 NIL=
 22676 41497 82302 10013 20005 39887 49963 52011 75052 886//=
 22648 NIL=
 22559 41497 83104 10009 20004 39961 49977 52018 72162 8652/ 333
 86618=
 22869 41397 82703 10009 21003 39883 40031 52019 70282 886// 333
 86707=
 22768 41497 72604 10019 20005 39953 40002 52019 72582 87900 333
 85914=
 22798 41497 82203 10023 20017 39879 49990 52006 72582 889//=
 22375 NIL=
 23207 41296 80702 10012 20012 39934 49956 52003 75052 886//=
 23215 NIL=
 23219 NIL=
 27095 86/// /2302 10044 20044 39814 40038 54001=
 22408 42699 70502 10000 21014 39932 40082 52018 87500 333   87636=
 22511 41498 80402 10002 21016 39953 40074 52016 72682 889// 333  
 88616=
 22529 41599 83502 10018 20002 30039 40046 52016 72582 889// 333  
 88924=
 22602 42477 80502 11010 21018 39838 40064 52013 885// 333   88613=
 22621 83365 /3301 10005 20001 39919 40058 52016=
 22619 42480 83201 10004 21002 39895 40054 52012 885// 333   88612=
 22721 41398 83001 10007 20001 39956 40054 52013 70252 887// 333  
 85709=
 22727 86259 /0201 10005 21002 30007 40055 52014=
 22717 83/70 /0401 11002 21376 39854 40051 52012=
 22802 41356 80602 10025 20022 30015 40038 52011 78082 889// 333  
 86909=
 22820 41/02 90301 10003 20001 39914 40051 52011 74544=
 22831 42298 83202 10005 21005 39993 40048 52015 8872/ 333   88703=
 22805 41497 81003 10040 20040 30009 40034 52009 75165 886//=
 22912 41257 80802 10033 20027 30021 40036 52009 76165 8872/ 333  
 87706=
 
