09:31:00 MSK 13.04.2023
020 123456/=о000=0631
 унту01 бтул 130600
 22686 42998 00304 11098 21219 30237 40343 53026=
 22695 42999 00404 11109 21247 30162 40326 52027 333 91111=
 22996 41498 80305 11032 21056 30047 40238 52051 70282 889// 333 21038
 91113=
 23220 41496 82104 11219 21256 30152 40309 52021 78581 8497/=
 23226 42460 73304 11202 21228 30063 40299 52016 86530 333 86612=
 23305 42999 03002 11144 21190 30345 40375 52022=
 23320 66/// /3201 11182 21240 30251 40331 52017 60002 333 21286=
 23324 42984 01501 11173 21227 30242 40327 52015=
 23405 42974 03103 11146 21197 30260 40369 52020=
 23410 66/// /3005 11178 21221 30235 40341 52020 60002 333 21243=
 23411 42999 00204 11145 21188 30257 40354 51020=
 23412 42999 03403 11156 21207 30238 40343 52018=
 23416 NIL=
 23418 42965 03304 11168 21237 30253 40333 52028=
 23501 NIL=
 23503 42998 03504 11149 21219 30300 40354 52024=
 23507 86/// /0304 11141 21205 30014 40350 52027=
 23509 42998 03603 11126 21221 30251 40335 52023=
 23514 42997 00103 11134 21211 30109 40321 52021=
 23518 42998 00304 11145 21213 30205 40304 52025 555 53011=
 23606 42962 00306 11127 21211 30139 40317 52026 333 91010 91111=
 23701 42999 20306 11108 21207 30187 40325 51032 80005 333 91111=
 23704 66/// /0404 11110 21200 39926 40039 55004 60002 333 21122 91112=
 23707 82999 20308 11092 21194 30157 40297 52038 80001 333 21101 91011 91113=
 23708 42984 20206 11100 21211 30134 40292 52038 80001 333 21115 91010
 91112=
 23709 42998 03605 11108 21182 30077 40281 52032=
 23711 42598 23603 11125 21194 30105 40286 52034 81101=
 23803 42999 00104 11077 21167 30081 40270 52038 333 21093 91110=
 23804 81997 00304 11071 21196 30124 40277 52042 70281 333 21077 91110=
 23807 41998 20306 11061 21105 30095 40263 51045 70183 81031 333 21064
 91010 91112=
 23808 86/// /3406 11061 21123 30077 40251 51047 333 21065 91112=
 23812 42597 33603 11093 21163 30081 40252 52028 83100 333 21112=
 23904 41570 70103 11044 21066 30076 40238 52054 70282 87300 333 21044
 85923 91112=
 23905 41599 80106 11044 21072 39992 40226 52051 70272 885// 333 21044
 91010 91110=
 23909 41597 80205 11031 21066 39958 40209 52039 78582 8731/ 333 21031
 91111=
 23912 42898 50506 11037 21108 30010 40207 53029 82039 333 21040
 91111=
 23913 41599 61105 11049 21137 39968 40204 51037 70282 83101 333 21057
 91110=
 23914 82498 70104 11025 21104 39932 40194 52030 82535 333 21032
 91110=
 28013 41598 80107 11022 21092 39958 40193 53036 70282 8691/ 333 21023
 91011 91111=
 28016 41496 80306 11005 21015 39954 40181 53026 78582 889// 333 21005
 91111=
 28029 41599 83603 10026 21018 39936 40155 52018 70275 8552/=
 28116 41496 80204 10011 20003 39934 40166 52016 77171 8672/=
 28128 41598 83603 10019 20007 30006 40160 52021 76162 885//=
 28134 41597 83501 10019 20009 39800 40150 52013 78082 889//=
 28138 41595 80603 10002 21009 39578 40146 52012 78682 883//=
 28216 41599 70104 10048 21026 39857 40151 52014 72682 87900=
 28222 41597 83401 10030 20009 39958 40151 53007 78082 8695/=
 28224 42670 83403 10056 21032 39934 40144 52014 82975=
 28234 42598 83402 10054 21063 39866 40140 53008 8457/=
 28238 42599 63601 10083 21062 39831 40126 54001 82570=
 28313 42898 63402 10086 21038 39956 40144 55003 82031=
 28319 42999 02403 10113 21021 39983 40141 57003=
 28321 42899 63403 10076 21033 39944 40144 53008 86070=
 28324 42998 03302 10114 21042 30018 40134 57004=
 28326 42998 23203 10138 21037 39944 40123 57007 80001=
 28413 42599 12603 10143 21042 30025 40142 57005 81100=
 28428 42899 12702 10135 21048 39963 40141 57007 81030=
 28429 42998 22404 10127 21041 39742 40138 57004 80001=
 22983 41598 80302 11036 21078 30159 40267 52040 70282 8645/ 333 21037
 91008 91108=
 27083 41599 83505 11019 21051 30006 40233 52048 70272 885// 333 21019
 91009 91112=
 27097 41498 70205 10009 21035 39950 40215 53041 70282 87900 333 20009
 91009 91112=
 27185 42698 73405 10045 21032 30022 40205 51032 87800 333 91008
 91110=
 27199 42598 53504 10066 21035 39991 40186 52032 82180 333 91007
 91108=
 27281 42582 10107 10054 21032 39994 40200 52016 81100 333 91010
 91110=
 27283 42598 13507 10066 21032 30038 40192 52029 81100 333 91010
 91110=
 27295 42998 03205 10077 21035 39931 40177 52023 333 91008 91109=
 27296 42998 13405 10090 21026 39956 40168 52020 80001 333 91008
 91108=
 27385 429// 10103 10102 21022 30049 40174 52015 80001 333 91006
 91107=
 27393 42998 00304 10098 21036 30002 40169 52016 333 91006 91108=
 27480 42998 20304 10125 21015 30046 40170 52010 80001 333 91007
 91108=
 28007 41462 83508 10003 21019 39932 40196 53039 78582 883// 333 20003
 88913 91012 91112=
 28009 41432 83603 10009 21008 39973 40184 52026 78582 889// 333 91006
 91108=
 28105 42598 73402 10053 21039 39981 40179 53028 82870 333 91006
 91107=
 28202 42983 63601 10059 21010 39945 40163 53021 85031 333 91003
 91105=
 28302 42998 80102 10076 21047 39934 40158 52017 83031 333 91005
 91107=
 28307 42998 13004 10107 21027 30019 40159 53005 80001 333 91007
 91108=
 28402 42998 23004 10132 21021 39975 40147 57001 80005 333 91006
 91106=
 28502 42998 42904 10155 21031 30052 40151 57004 80001 333 91006
 91107=
 22550 82997 00902 11081 21190 30356 40367 52022=
 22778 42998 00504 11050 21143 30241 40313 52035 333 21061=
 22889 41496 83505 11057 21079 30189 40279 52041 78582 889// 333 21057
 88913 91110=
 22762 42998 00101 11058 21134 30292 40333 52026 333 21082=
 22638 NIL=
 22671 42998 00503 11092 21185 30272 40356 52025=
 22456 42998 00502 11095 21206 30287 40381 52019=
 22583 42998 00402 11106 21193 30284 40370 52021=
 22749 42998 00503 11042 21109 30184 40314 52023 333 21056=
 22951 42598 70904 11034 21084 30003 40295 52026 87500 333 21039=
 22887 41599 73505 11045 21076 30209 40282 52042 72682 8693/
 333 21045 86923=
 22876 42597 73503 11038 21076 30217 40293 51032 87500 333 21047
 87628=
 22481 42998 10101 11127 21201 30335 40392 52021 80001=
 22854 42598 20703 11038 21090 30005 40305 52023 82500=
 22781 NIL=
 22676 42998 00503 11079 21200 30263 40345 52026=
 22648 42998 00202 11055 21136 30290 40339 52018=
 22559 42998 00503 11100 21183 30350 40368 52024 333 21125=
 22869 42597 80304 11023 21069 30137 40290 52029 885// 333 21023
 88624=
 22768 42697 20505 11044 21112 30262 40314 52029 82500 333 21054=
 22798 42998 00106 11082 21162 30184 40303 51038 333 21094 91110=
 22375 46/// /0101 11146 30382 40398 52016=
 23207 42999 02401 11136 21201 30350 40375 52013=
 23215 42998 12103 11197 21229 30242 40340 52013 80001=
 23219 NIL=
 27095 66/// /3604 11005 21021 39993 40226 52047 60002 333 21005 91111=
 22408 12599 71204 11049 21093 30202 40359 52012 60002 87500 333  
 21070 43061 87621=
 22511 12598 70804 11042 21097 30226 40353 52013 60002 86530 333  
 21067 43049=
 22529 12999 00903 11052 21097 30349 40356 52015 60002 333   21075
 43020=
 22602 12999 00904 11048 21080 30097 40333 52014 60002 333   21082
 47071=
 22621 12998 10302 11046 21113 30199 40345 52013 60002 80001 333  
 21077 43046=
 22619 12983 00704 11056 21099 30165 40332 52015 60002 333   21066
 47044=
 22721 12998 00801 11030 21116 30222 40324 52012 60002 333   21060
 43062=
 22727 12970 00404 11027 21094 30260 40310 52011 60002 333   21057
 41001=
 22717 12998 10504 11039 21090 30103 40304 52012 60002 80001 333  
 21060 43043=
 22802 12999 10605 11015 21083 30259 40283 52016 60002 80001 333  
 21020 43033 91111=
 22820 12570 10805 11033 21090 30163 40305 52013 60002 81500 333  
 21055 41998=
 22831 12998 00802 11021 21088 30245 40302 52016 60002 333   21052
 43043=
 22805 12998 20605 11007 21070 30254 40274 52016 60002 80001 333  
 21014 42007 91010 91111=
 22912 12999 20606 11009 21064 30253 40269 52014 60002 80001 333  
 21019 41997 91010 91111=
 
