09:31:00 MSK 25.02.2023
020 123456/=о000=0631
 унту01 бтул 250600
 22686 41997 80901 11182 21204 39888 49994 52016 77072 86079=
 22695 42/// /1001 11157 21185 39822 49983 52016 333 21172=
 22996 41596 82102 11111 21131 39838 40031 52017 78582 8692/=
 23220 41996 80000 11227 21254 39827 49980 52019 77187 8802/ 333 21270=
 23226 41450 80000 11228 21253 39747 49978 52017 77172 8652/ 333 21235 
 86614=
 23305 42699 82002 11120 21132 39924 49952 52021 8253/ 333 21137=
 23320 66/// /1201 11175 21203 39897 49974 52019 60002 333 21226=
 23324 42983 20000 11250 21278 39897 49981 52020 80002 333 21287=
 23405 41957 82402 11106 21119 39862 49964 52020 77172 
 8802/ 333 21112=
 23410 66/// /1403 11174 21197 39856 49958 52020 60002 333 21187=
 23411 41999 82203 11135 21146 39863 49955 52025 72272 86017 333
 21141=
 23412 41998 71502 11162 21182 39857 49959 52022 77172 87010=
 23416 NIL=
 23418 41960 81802 11131 21151 39893 49970 52022 77172 8802/=
 23501 NIL=
 23503 41997 82202 11104 21126 39921 49973 52023 77172 8802/=
 23507 86/// /2201 11153 21164 39664 49989 52016 333 21168=
 23509 41998 51902 11121 21142 39907 49988 52022 72272 80005 333
 21125=
 23514 41497 82303 11116 21132 39777 49981 53028 77173 85527 333 85617=
 23518 41498 82103 11112 21124 39891 49985 52024 70272 8277/ 555
 53005=
 23606 41962 60000 11128 21148 39814 49993 52013 
 70272 80001 333 21137=
 23701 41960 52001 11155 21173 39870 40007 52015 77071 82075=
 23704 66/// /2101 11141 21145 39926 40039 55004 60002 333 21197=
 23707 81998 81701 11127 21143 39869 40006 52018 72272 83011=
 23708 41970 81802 11148 21170 39861 40018 53015 77172 8007/=
 23709 41997 81801 11142 21169 39821 40023 52014 77172 86025 333 21184=
 23711 41998 62002 11129 21155 39840 40016 52019 70272 82031=
 23803 41997 81702 11136 21167 39847 40036 53017 77071 85021=
 23804 81996 72102 11126 21146 39863 40014 52017 77172 84075=
 23807 41996 82102 11129 21135 39858 40027 52018 77172 8807/=
 23808 86/// /1704 11130 21147 39857 40033 52015=
 23812 42/// /2103 11133 21158 39868 40038 52018 333 21141=
 23904 41970 21803 11119 21136 39876 40040 52015 70271 81039=
 23905 41899 31903 11128 21151 39808 40046 52015 72271 82011=
 23909 41596 82103 11132 21156 39801 40057 52017 77172 8451/ 333
 21147=
 23912 41897 81904 11139 21159 39861 40063 52018 77172 86071=
 23913 41997 83001 11125 21168 39830 40069 52015 77172 8802/=
 23914 81896 82003 11141 21163 39798 40068 52020 77372 86025 333
 21162=
 28013 41897 82004 11139 21170 39824 40067 52016 77172 8801/=
 28016 41896 81902 11132 21163 39835 40072 52005 77172 8807/ 333
 93501=
 28029 41896 82005 11138 21164 39856 40086 52014 77372 8802/ 333
 21148=
 28116 41896 82102 11138 21161 39840 40082 52012 77171 83026=
 28128 41898 82001 11138 21159 39937 40099 52012 77172 87071=
 28134 41898 82002 11141 21171 39735 40105 52013 70272 84018 333
 21154=
 28138 41599 82204 11154 21183 39513 40113 52016 70282 8654/ 333 21165
 91110=
 28216 41697 72003 11131 21156 39786 40099 53009 77172 84520=
 28222 41897 81702 11128 21155 39900 40105 52010 77172 8807/ 333
 21151=
 28224 42157 71803 11127 21160 39885 40110 52010 87070=
 28234 41897 82004 11133 21173 39828 40121 52012 77172 86021=
 28238 41899 62204 11127 21164 39805 40124 52012 70272 83021=
 28313 41896 81603 11127 21148 39905 40107 53008 77372 8802/=
 28319 41496 82102 11111 21136 39945 40117 52005 77172 8802/=
 28321 41597 71904 11139 21158 39895 40110 53006 77172 84530=
 28324 41896 81903 11118 21158 39990 40117 52006 77172 8802/ 333
 93500=
 28326 42898 62004 11130 21166 39929 40126 52009 83035=
 28413 41897 81804 11100 21133 39984 40112 52008 77173 8807/=
 28428 41596 81905 11132 21168 39943 40138 52005 77373 8802/=
 28429 41596 82104 11146 21173 39712 40149 52009 77372 8802/ 333
 21162=
 22983 41948 82301 11092 21110 39912 40020 52017 77172 8807/ 333 91004
 91104=
 27083 41459 82002 11111 21131 39803 40033 52015 77171 885// 333 21129
 91003 91104=
 27097 41598 81602 11120 21132 39776 40049 52014 72272 81509 333 91003
 91104=
 27185 41598 81701 11100 21122 39859 40049 52010 70272 8351/ 333 91002
 91103=
 27199 41998 81701 11107 21130 39858 40063 52012 77172 8801/ 333 91003
 91104=
 27281 41956 81603 11096 21111 39832 40046 52004 77172 8802/ 333 91004
 91104=
 27283 41956 81701 11108 21127 39894 40058 52008 77172 8807/ 333 91002
 91103=
 27295 41998 81501 11095 21114 39803 40064 52008 70272 8805/ 333 91002
 91103=
 27296 41965 81602 11111 21138 39840 40067 52012 77172 8807/ 333 91003
 91105=
 27385 414// 81802 11076 21095 39924 40056 52004 77172 8872/ 333 91003
 91103=
 27393 41494 82201 11094 21115 39901 40078 52009 77572 8572/ 333 91003
 91104=
 27480 41598 81601 11070 21100 39923 40055 54000 70282 8553/ 333 91004
 91104=
 28007 41664 81802 11130 21149 39788 40062 52014 78582 82305 333 91003
 91104=
 28009 41998 32003 11136 21172 39850 40071 52012 72271 83010 333 91004
 91105=
 28105 41998 72003 11123 21151 39859 40068 52013 72272 83025 333 91005
 91106=
 28202 41966 82003 11123 21145 39843 40075 52012 77172 8807/ 333 91004
 91105=
 28302 41998 82102 11100 21123 39844 40082 52012 77172 8802/ 333 91004
 91104=
 28307 41598 81602 11080 21107 39929 40078 52010 77172 885// 333 91004
 91104=
 28402 41572 82005 11080 21104 39900 40084 52012 77172 8257/ 333 91007
 91108=
 28502 41996 81905 11075 21105 39988 40095 52011 77073 8802/ 333 91007
 91107=
 22550 81397 70201 11203 21225 39967 49978 52022 70281 86670 333 21211
 86707=
 22778 41496 81502 11112 21127 39919 49991 52014 77172 8377/=
 22889 41497 62302 11098 21116 39927 40016 52015 72682 8257/=
 22762 42597 80000 11106 21112 39936 49977 52015 8357/=
 22638 46/// /2401 11056 21063 39732 49960 52016=
 22671 41998 10000 11206 21220 39896 49981 52016 70171 81030 333
 21224=
 22456 42997 80000 11265 21293 39893 49990 52020 80005 333 21289=
 22583 42998 30000 11222 21247 39900 49987 52017 80001
 333 21239=
 22749 41496 82402 11060 21082 39850 49976 52015 78582 889// 333
 88916=
 22951 42497 82202 11076 21084 39707 49994 52011 886//=
 22887 41695 81703 11091 21102 39933 40006 52016 78682 8595/ 
 333 85933=
 22876 41596 82103 11076 21093 39923 49998 53014 78582 889// 333
 88924=
 22481 42998 80000 11148 21155 39922 49977 52019 86032=
 22854 41397 82102 11079 21088 39693 49988 52014 77112 8672/ 333
 86707=
 22781 NIL=
 22676 41897 71601 11173 21195 39902 49984 52014 77072 87070=
 22648 41497 81402 11074 21075 39918 49966 52016 78582 889// 333
 88618=
 22559 42597 30801 11199 21219 39961 49979 52019 81530 333 21223=
 22869 41996 82102 11076 21087 39852 40004 52015 77172 8802/=
 22768 41497 82003 11073 21089 39932 49983 52016 78587 889// 333 85913=
 22798 41997 60901 11129 21142 39886 40003 52013 70272 86030 333
 21201=
 22375 46/// /2503 11084 39949 49964 52016=
 23207 41595 82501 11113 21127 39918 49941 52021 78582 85931=
 23215 42998 20902 11244 21274 39875 49972 52022 80001 333 21267=
 23219 NIL=
 27095 66/// /1602 11132 21138 39818 40058 53014 60002 333 21146=
 22408 11484 83603 11114 21130 39823 49978 52021 69992 70281 883//
 333   21138 47055 88611=
 22511 11672 82901 11146 21164 39842 49969 52019 60012 77172 8251/
 333   21148 47045 93400=
 22529 11566 70000 11094 21106 39951 49958 52019 60022 78587 86902
 333   21111 48028 86921=
 22602 11359 83302 11074 21087 39733 49962 52017 69922 77122 8872/
 333   21074 47054 88509=
 22621 11562 82301 11067 21077 39814 49956 52013 60012 785// 889//
 333   21070 47055 85922=
 22619 12480 82101 11061 21070 39791 49952 52011 60002 886// 333  
 21063 47048 88710=
 22721 11498 80000 11057 21071 39860 49960 52012 69922 72682 889//
 333   21060 47075 85914=
 22727 12470 81402 11061 21076 39917 49966 52008 60002 884// 333  
 21064 48030 88617=
 22717 12498 80000 11064 21072 39766 49962 52007 60002 885// 333  
 21066 47068 88616=
 22802 11599 80000 11048 21059 39937 49961 52007 69902 70282 889//
 333   21050 47051 85923=
 22820 12470 83501 11061 21076 39828 49966 52010 60002 885// 333  
 21061 47032 88610=
 22831 12498 82301 11054 21080 39916 49972 52012 60002 889// 333  
 21059 47076 88916=
 22805 12598 81302 11038 21056 39941 49961 54000 60002 885// 333  
 21043 47013=
 22912 12599 81101 11056 21069 39947 49962 52005 60002 885// 333  
 21061 47041 88629=
 
