21:31:00 MSK 10.02.2023
020 123456/=о000=1831
 унту01 бтул 101800
 22686 41598 81805 11024 21064 39908 40008 57023 70273 885// 333 88622=
 22695 42598 81903 11030 21079 39852 40005 57022 885// 333 88623 91110=
 22996 41598 82204 11034 21070 39911 40104 56019 70283 889// 333 91110=
 23220 41496 82003 11019 21025 39883 40025 52002 77172 8872/ 333  93403=
 23226 41357 82307 11020 21023 39802 40017 52002 78587 889// 333 86707 
 91010 91111 93405=
 23305 41975 81905 11019 21059 39962 49989 58019 77072 8807/=
 23320 66/// /2207 11018 21054 39963 40036 57006 60002 333 11009 91011 91111=
 23324 41480 82204 11017 21033 39952 40029 58004 70232 886// 333 88713
 91110=
 23405 41496 82004 11028 21065 39905 40004 57014 78583 8495/
 333 91111=
 23410 66/// /1908 11025 21063 39926 40023 57009 60002 333 11006 91013 91113=
 23411 41999 82107 11027 21058 39920 40010 57009 73632 8802/ 333 91011
 91113=
 23412 41499 82306 11023 21063 39924 40021 57010 70283 8635/ 333 91010 91114=
 23416 NIL=
 23418 41565 81705 11024 21068 39976 40050 57005 70282
 8655/ 333 86623=
 23501 NIL=
 23503 42598 82204 11023 21071 39972 40022 57014 885// 333 88620 91110=
 23507 86/// /2204 11042 21059 39706 40019 57020 333 91111=
 23509 42498 82004 11026 21063 39960 40039 57013 885// 333 88619
 91111=
 23514 41497 82003 11037 21062 39842 40041 57017 77173 885// 333 88616 91111  93404=
 23518 41597 82007 11033 21057 39973 40065 58012 73632 885// 333 88621
 91111 93402 555 53011=
 23606 42460 82004 11040 21070 39887 40061 57011
 885// 333 88614=
 23612 NIL=
 23701 41475 72104 11033 21057 39921 40051 5//// 70273 86510 333
 85619=
 23704 66/// /2104 11033 21043 39926 40039 55004 60002 333 11019 91111=
 23707 81498 82006 11033 21059 39923 40057 57020 72683 889// 333 85914
 91111 93400=
 23708 41583 82007 11038 21064 39925 40076 57019 73673 885// 333 88623
 91010 91112=
 23709 41497 81804 11041 21062 39893 40089 57020 76662 885// 333 88616
 91111 934//=
 23711 42498 82005 11044 21069 39914 40086 57016 889// 333 88916 91010 91111=
 23803 41599 82205 11037 21066 39919 40102 58019 73632 889// 333 88920 91110=
 23804 81596 82103 11034 21067 39926 40073 57017 77172 885// 333 88620 91111=
 23807 41597 82206 11035 21063 39925 40088 56017 73683 8655/ 333 85620
 91114=
 23808 86/// /1806 11037 21062 39931 40102 58016 333 91113=
 23812 42497 82103 11041 21062 39947 40112 57021 889// 333 85916 91111
 934//=
 23904 41480 82104 11034 21058 39949 40109 57023 73632 885// 333 88614
 91111=
 23905 42599 82004 11039 21064 39888 40119 57017 885// 333 91112 555
 51038=
 23909 41498 82205 11034 21066 39885 40134 57015 73632 885// 333
 91112=
 23912 42/// /2004 11034 21051 39941 40136 57023 555 51037=
 23913 42999 81502 11037 21062 39918 40152 58017 8607/ 333 93402 555
 51039=
 23914 82498 82105 11037 21053 39881 40142 57018 885//=
 28013 41598 82004 11034 21070 39911 40146 56014 70232 885// 333 91112
 555 51034=
 28016 42/// /2103 11034 21075 39923 40153 57016 333 91110 555 51030=
 28029 42599 62005 11035 21054 39942 40166 57012 86500 333 91110 555
 51034=
 28116 42499 82303 11035 21061 39931 40166 57017 885//=
 28128 41599 82204 11033 21055 30026 40183 57012 73632 8802/ 333 91111
 555 51028=
 28134 41598 82002 11044 21059 39826 40186 57011 70272 885// 555
 51046=
 28138 43/// /2203 11059 21067 39610 40193 57005=
 28216 42699 82104 11043 21066 39886 40191 57018 885// 555 51038=
 28222 42/// /2102 11036 21058 39996 40195 57009 555 51034=
 28224 42570 82103 11038 21058 39985 40204 57008 885//=
 28234 42598 82103 11042 21067 39922 40208 57004 885// 555 51041=
 28238 41599 82303 11045 21066 39901 40213 54000 70232 885// 555
 51044=
 28313 42/// /1904 11040 21062 30007 40205 58016 555 51033=
 28319 42598 82303 11042 21056 30057 40226 57008 885//=
 28321 42499 82104 11040 21057 39998 40207 57011 886//=
 28324 42/// /2303 11038 21066 30098 40222 57003 555 51033=
 28326 42598 72403 11040 21059 30028 40221 57003 87500 555 51038=
 28413 42598 82103 11046 21067 30101 40227 57012 885// 555 51039=
 28428 42598 82103 11049 21070 30051 40242 54001 885// 555 51047=
 28429 42/// /2302 11061 21069 39816 40243 54001 555 51061=
 22983 41584 82203 11029 21068 39969 40075 57016 73632 885// 333 91007
 91109=
 27083 41584 82005 11038 21074 39874 40099 57018 73632 885// 333 91008
 91110=
 27097 41498 71906 11040 21065 39855 40122 57020 73873 87900 333 91009
 91112=
 27185 42/// /1804 11038 21079 39948 40136 56016 333 91009 91109=
 27199 42598 82203 11042 21075 39951 40153 57017 8651/ 333 91006
 91111=
 27281 41484 81907 11043 21080 39931 40144 57016 70232 885// 333 91010
 91112=
 27283 41497 82105 11042 21079 39982 40142 57015 73632 885// 333 91008
 91111=
 27295 42997 81904 11053 21087 39907 40166 57017 885// 333 91010
 91115=
 27296 41598 82105 11047 21084 39943 40166 57014 73632 8802/ 333 91009
 91112=
 27385 414// 82105 11051 21079 30041 40174 57020 73832 887// 333 91010
 91113=
 27393 41598 82207 11050 21079 30015 40191 57015 73632 8455/ 333 91012
 91113=
 27480 41598 82004 11047 21083 30052 40184 57022 70232 885// 333 91008
 91110=
 28007 41499 82103 11041 21075 39874 40141 56019 73632 886// 333 88717
 91009 91111=
 28009 41598 82105 11035 21078 39933 40147 57021 73632 885// 333 91009
 91113=
 28105 41598 82306 11039 21081 39950 40154 57017 73632 885// 333 91009
 91113=
 28202 41597 82404 11043 21080 39944 40171 57017 73622 885// 333 91009
 91112=
 28302 41997 82105 11049 21075 39957 40192 56015 73632 8807/ 333 91009
 91109=
 28307 41498 81804 11051 21083 30051 40200 58016 73632 885// 333 91007
 91110=
 28402 41482 82106 11057 21077 30027 40212 57015 73632 886// 333 91009
 91111=
 28502 41597 82005 11063 21083 30125 40233 56017 70232 885// 333 91007
 91110=
 22550 81458 81603 11036 21048 39918 49928 57024 78587 889// 333 88713=
 22778 42598 81904 11022 21068 39936 40006 57027 8657/=
 22889 41498 81903 11028 21064 39983 40070 56017 70232 885// 333 88615 91111=
 22762 41396 81702 11037 21049 39935 49974 57026 77172 8872/=
 22638 46/// /2002 11045 21056 39695 49921 57016=
 22671 41496 81903 11034 21060 39886 49966 57023 78583 889// 333 86919=
 22456 41496 81902 11041 21046 39834 49922 57026 77172 8872/=
 22583 42598 71802 11031 21070 39898 49979 57021 875//=
 22749 41496 81905 11039 21061 39828 49954 56029 78583 889// 333 88915 91111=
 22951 41897 82304 11048 21064 39713 49997 57024 77173 8802/ 333 91111=
 22887 42597 81705 11024 21064 39979 40049 57017 8755/ 
 333 87631 91011 91112=
 22876 41597 71906 11021 21063 39957 40030 57023 73632 87500 333 87632 91011 91111=
 22481 41496 81805 11034 21036 39896 49949 57022 78583 889// 333 
 91110=
 22854 41397 81904 11051 21064 39686 49977 57025 78582 889// 333 87709
 91113=
 22781 NIL=
 22676 42598 81905 11029 21071 39904 49982 57028 885// 333 91113=
 22648 42/// /1704 11038 21045 39895 49941 57025=
 22559 41495 81803 11037 21052 39928 49945 57023 78687 8597/ 333
 88612=
 22869 41597 82005 11027 21063 39871 40020 57023 77173 885// 333 88623 91010 91111=
 22768 41496 82005 11029 21059 39936 49986 57024 78583 889// 333 86914 91110=
 22798 42498 81904 11031 21063 39939 40053 56019 885// 333 91110=
 22375 46/// /2007 11035 39909 49924 57019=
 23207 NIL=
 23215 42498 81906 11015 21026 39904 49993 57006 885// 333 88612 91110=
 23219 NIL=
 27095 66/// /1905 11036 21059 39897 40130 56022 60002 333 11035 91011 91111=
 22408 11207 83107 11025 21032 39755 49903 54000 60012 77373 8872/
 333   11001 88506 91011 91113 92982=
 22511 11584 72202 11022 21030 39773 49893 57011 69942 70371 87900
 333   10002 87631=
 22529 11496 82102 11032 21043 39896 49903 57015 69982 77172 8872/
 333   11005 88518 93401=
 22602 11357 83005 11026 21045 39707 49932 52015 60032 77173 8872/
 333   11009 88507 91010 91111=
 22621 12498 82102 11034 21042 39771 49910 57008 60032 884// 333  
 11016 88611=
 22619 11598 62303 11028 21041 39752 49910 57004 60022 70281 86500
 333   11019 86627=
 22721 11996 80000 11046 21051 39824 49923 57006 60022 77087 8802/
 333   11021=
 22727 11556 80000 11045 21050 39882 49930 52002 69962 71000 884//
 333   11023 88623=
 22717 11295 82702 11030 21037 39747 49940 52017 60042 77100 8872/
 333   11021 86705=
 22802 11596 83006 11005 21024 39953 49976 52043 60032 78583 889//
 333   10009 85625 91010 91111=
 22820 11498 82604 11025 21042 39794 49930 52008 60012 70273 885//
 333   11025 88619=
 22831 11396 81001 11035 21046 39870 49925 57030 60042 78582 889//
 333   11027 88909=
 22805 114// 83108 11005 21009 39963 49983 52043 60012 78582 889//
 333   10005 91013 91114=
 22912 11930 82806 10000 21011 39940 49955 52030 60042 77275 8802/
 333   10004 91012 91112=
 
