18:31:00 MSK 17.05.2023
020 123456/=о000=1531
 уйту01 бтул 171500
 22686 62998 22203 10252 20012 30096 40188 56004 60002 80009 333 10265 555 50177 53010=
 22695 12999 22203 10245 21039 30036 40178 57008 60002 80001 333 10259
 91110 555 50190 53010=
 22996 62599 51901 10252 20038 30038 40211 57008 60002 81101 333 10276
 555 50181 53006=
 23220 12999 00704 10035 20002 30108 40250 57004 60002 333 10046 555 50001 53007=
 23226 12960 01804 10057 20006 30035 40249 58003 60002 333 10067 50011 
 53008=
 23305 12999 31504 10234 20016 30160 40185 57012 60002 82031 333 10247
 555 50164 53008=
 23320 76/// /1903 10191 20028 30165 40234 57006 333 60002 555 50118 53007=
 23324 12987 11501 10167 20055 30162 40236 57004 60002 80001 333 10184
 555 50103 53006=
 23405 12780 21804 10244 20030 30095 40187 57012 60002 
 82100 333 10254 91110 555 50170 53010=
 23410 76/// /1303 10174 20035 30131 40223 57009 333 60002=
 23411 12999 61605 10190 20040 30122 40206 57012 60002 80006 333
 10221 555 50145 53008=
 23412 12999 31503 10177 20064 30128 40220 57009 60002 80001 333 10196 555 50126 53007=
 23416 NIL=
 23418 12965 51203 10192 20039 30158 40228 57006 60002
 80004 333 10206 555 50137 53007=
 23503 12998 51404 10234 20011 30155 40201 56010 60002 81101 333 10255 91110 555 50161 53010=
 23507 66/// /2202 10240 21015 39903 40191 57008 60002 333 10252 555 50172 53009=
 23509 12698 52202 10246 21006 30131 40204 57007 60002 83203 333 10259
 555 50175 53006=
 23514 12697 81403 10218 20018 30028 40212 57007 60002 81133 333 10232 555 50159 53006=
 23518 12598 21204 10186 20048 30144 40231 57004 60002 81909 333
 10220=
 23606 12962 52001 10234 20001 30053 40208 57007 60002 80001 333 10256 555 50176 53007=
 23701 12599 51902 10249 20011 30084 40204 57009 60002 81105 333
 10262 555 53008=
 23704 76/// /2101 10254 20005 39926 40039 55004 333 60002=
 23707 62999 52001 10249 20008 30078 40200 57008 60002 82042 333 10258 555 50185 53007  =
 23708 12584 81702 10237 21013 30077 40216 57007 60002 82201 333 10253
 555 50169 53008=
 23709 12798 31101 10218 20012 30044 40225 57005 60002 82501 333 10245 555 50159 53006=
 23711 12598 51904 10211 20045 30071 40230 58004 60002 82445 333 10235 555 50145 53008=
 23803 12699 31602 10232 20000 30061 40229 56006 60002 82101 333 10243 555 50168 53007=
 23804 12697 62002 10247 20006 30071 40205 57007 60002 83101 333 10261 555 50176 53006=
 23807 12598 32501 10248 20089 30062 40212 57007 60002 81431 333 10254
 555 50175 53009=
 23808 66/// /1803 10248 20007 30062 40218 56007 60002 333 10255=
 23812 11497 71101 10185 20043 30095 40249 52001 69902 70282 86930 333
 10236 555 50129 53007=
 23904 12970 21902 10241 20022 30074 40220 55006 60002 81041 333 10255
 555 50169 53006=
 23905 12599 31501 10232 20034 30013 40225 57006 60002 83500 333 10241
 555 53006=
 23909 12598 20903 10224 20003 30003 40233 57005 60002 81131 333
 10232=
 23912 12598 30901 10219 20019 30056 40236 56004 60002 82401 333 10236
 555 53005=
 23913 12599 20000 10185 20016 30025 40243 56005 60002 82200 333 10233
 555 53007=
 23914 62499 21801 10220 20007 39995 40236 57005 60002 82504 333
 10226=
 28013 12699 20403 10216 21002 30015 40232 57006 60002 82100 333 10230
 555 53007=
 28016 12599 21102 10223 20014 30020 40231 57004 60002 82440 333 10241
 555 53007=
 28029 12699 30601 10213 20025 30025 40232 57004 60002 82165 333 10237
 555 53007=
 28116 12499 51201 10218 20026 30013 40229 57003 60002 81435 333
 10233=
 28128 12598 60202 10213 20052 30087 40232 57004 60002 82301 333 10229
 555 53004=
 28134 12898 31101 10206 20015 39905 40236 54000 60002 82035 333 10229
 555 53006=
 28138 12999 60703 10179 21030 39705 40244 57002 60002 80005 333
 10202=
 28216 12599 23602 10224 20017 39943 40222 57003 60002 82400 333 10241
 555 53007=
 28222 12897 60901 10206 20033 30047 40230 54000 60002 86030 333 10246
 555 53005=
 28224 12670 51201 10214 20030 30025 40225 57001 60002 83440 333
 10237=
 28234 12597 31101 10207 21033 39971 40234 55000 60002 83100 333 10237
 555 53008=
 28238 12999 31202 10197 21060 39952 40239 55000 60002 80001 333 10219
 555 53008=
 28313 12598 50401 10225 20031 30040 40220 57003 60002 85400 333 10252
 555 53007=
 28319 12899 30801 10223 20054 30066 40219 57006 60002 83050 333
 10245=
 28321 12599 61002 10219 20034 30030 40221 55003 60002 83160 333
 10254=
 28324 12599 50501 10232 20018 30104 40217 58008 60002 85400 333 10244
 555 53005=
 28326 12898 60903 10218 20008 30046 40222 57003 60002 82035 333 10244
 555 53007=
 28413 12599 60000 10211 20028 30102 40217 57006 60002 83530 333 10245
 555 53006=
 28428 12599 20602 10218 20011 30038 40212 57005 60002 82400 333 10242
 555 53006=
 28429 12998 01003 10200 21017 39830 40219 54000 60002 333 10221 555
 53008=
 22983 12998 82502 10249 20012 30112 40210 57008 60002 80005 333 10260
 91004 91106 555 50164 53008=
 27083 12599 11301 10240 20003 30003 40210 57006 60002 81100 333 10252
 91002 91105 555 50163 53007=
 27097 12598 21502 10233 20027 39972 40216 57006 60002 82200 333 10255
 91002 91104 555 50167 53006=
 27185 12698 21501 10238 20014 30048 40220 56006 60002 82100 333 10253
 91003 91105 555 50154 53006=
 27199 12598 31102 10239 20025 30037 40221 57005 60002 83100 333 10253
 91003 91105 555 50168 53005=
 27281 12582 21101 10237 20028 30026 40219 57007 60002 81105 333 10248
 91001 91105 555 50171 53005=
 27283 12598 13402 10237 20011 30076 40222 57006 60002 81100 333 10250
 91003 91105 555 50154 53006=
 27295 12998 20401 10242 21002 39984 40219 57006 60002 80002 333 10254
 91002 91104 555 50177 53005=
 27296 12998 20502 10233 20008 30014 40217 57006 60002 80001 333 10256
 91004 91105 555 50161 53005=
 27385 126// 30000 10239 20030 30100 40220 57007 60002 81101 333 10247
 91000 91104 555 50151 53004=
 27393 12598 20801 10240 20031 30062 40221 57006 60002 82900 333 10249
 91001 91105 555 50172 53006=
 27480 12998 72901 10243 20056 30102 40222 57007 60002 80001 333 10249
 91002 91103 555 50154 53004=
 28007 12999 50000 10221 20021 39980 40226 57007 60002 85030 333 10247
 91000 91102 555 50195 53005=
 28009 12698 60801 10231 20018 30034 40231 57006 60002 84530 333 10246
 91003 91104 555 50172 53004=
 28105 12598 31001 10239 20006 30038 40224 57006 60002 83200 333 10248
 91001 91104 555 50165 53005=
 28202 12683 50000 10211 20035 30016 40224 57005 60002 85500 333 10251
 91000 91104 555 50175 53007=
 28302 12998 30501 10224 20025 30008 40222 55003 60002 83030 333 10246
 91003 91105 555 50166 53005=
 28307 12498 60000 10223 20039 30081 40216 57005 60002 83431 333 10260
 91000 91105 555 50174 53007=
 28402 12598 80703 10231 20042 30048 40215 57003 60002 84931 333 10250
 91005 91106 555 50172 53007=
 28502 12598 60902 10242 20019 30112 40209 57004 60002 82401 333 10258
 91003 91107 555 50158 53009=
 22550 62597 72002 10221 20067 30137 40146 57001 60002 83580 333 10246
 555 50184 53014=
 22778 12998 52502 10236 20035 30130 40195 57006 60002 83011 333 10255
 555 50175 53009=
 22889 12898 21902 10252 21016 30130 40210 56004 60002 81089 333 10264
 555 50161 53008=
 22762 62998 61702 10241 20008 30141 40177 57008 60002 80061 333 10260
 555 50174 53009=
 22638 NIL=
 22671 12999 62004 10237 20041 30096 40169 57004 60002 80002 333 10260
 91112 555 50174 53012=
 22456 12597 82001 10212 20053 30056 40138 57003 60002 889// 333 10246
 555 50153 53013=
 22583 12998 62002 10255 21009 30093 40167 57009 60002 80001
 333 10271 555 50170 53009=
 22749 NIL=
 22951 12998 82304 10223 21004 39927 40191 57005 60002 80001 333 10234
 91111 555 50157 53012=
 22887 12999 11504 10252 20082 30141 40206 57007 60002 80001
 333 10270 555 50177 53011=
 22876 12997 02203 10248 21004 30134 40203 57006 60002 333 10262 555
 50181 53009=
 22481 12998 61906 10236 20035 30104 40153 57008 60002 82032 333 10249
 91112 555 50161 53013=
 22854 12699 62103 10223 20019 39910 40180 57004 60002 83541 333 10237
 91110 555 50171 53012=
 22781 NIL=
 22676 12898 72103 10242 20009 30108 40180 57004 60002 82042 333 10259
 91112 555 50179 53012=
 22648 NIL=
 22559 12598 71904 10233 20029 30140 40155 56004 60002 85331 333 10249
 85829 91112 555 50184 53015=
 22869 12997 62004 10233 20026 30063 40202 57009 60002 80001 333 10239
 555 50175 53011=
 22768 12997 62005 10245 20025 30139 40185 57007 60002 80008 333 10253
 555 50197 53011=
 22798 12998 22402 10246 21015 30098 40203 57007 60002 80001 333 10265
 555 50178 53007=
 22375 NIL=
 23207 12599 21804 10236 20009 30147 40168 57013 60002 82101 333 10248
 91110 555 50151 53011=
 23215 NIL=
 23219 NIL=
 27095 76/// /1602 10249 20017 30012 40225 57008 333 60002 555 50159 53005=
 22408 21699 81703 10125 20107 39940 40083 57007 72582 8633/ 333  
 69912 86933=
 22511 21598 71702 10131 20111 39979 40095 57003 72582 85971 333  
 60012 91110=
 22529 21599 82006 10185 20087 30117 40123 57004 70282 889// 333  
 69902 88924 91010 91115=
 22602 21477 72105 10137 20083 39885 40100 57002 70282 86930 333  
 69982 86912 91011 91111=
 22621 73970 /1906 10167 20076 39993 40125 54000 333   60002 91113=
 22619 22482 71902 10170 20083 39970 40121 57002 82870 333   60002
 91111=
 22721 22698 82002 10183 20079 30045 40138 57001 8355/ 333   60002=
 22727 76970 /2105 10180 20086 30104 40149 52003 333   60002 91110=
 22717 73/70 /2104 10149 20084 39962 40147 52005 333   60002 91110=
 22802 22999 71802 10136 20093 30120 40143 52001 87030 333   69902=
 22820 21968 72404 10184 20082 30023 40151 52006 70282 87030 333  
 69902 91112=
 22831 22998 72101 10218 20068 30103 40155 57003 85031 333   60002=
 22805 22598 81304 10077 20061 30131 40150 54000 885// 333   60002=
 22912 22999 72202 10182 20080 30144 40158 57002 87050 333   60002
 91110=
 
