03:31:00 MSK 28.11.2023
020 123456/=о000=0031
 унту01 бтул 280000
 22686 41498 80502 11055 21071 30058 40161 57004 70272 8657/ 333 86612 555 1/106=
 22695 42598 80705 11064 21088 39997 40154 58003 885// 333 91112 555
 1/104=
 22996 42998 70701 11042 21042 39895 40084 55005 80005 333 93601 555
 1/106=
 23220 43/// /0805 11114 21143 30125 40275 52001 555 1/111=
 23226 42460 80502 11164 21177 30058 40291 53005 8555/ 333 85616 555  
 1/115=
 23305 NIL=
 23320 86/// /0302 11113 21118 30177 40254 57003=
 23324 42980 70304 11118 21133 30181 40263 58003 87070 555 1/112=
 23405 42997 80501 11127 21147 30145 40252 58006 8805/ 555 1/112=
 23410 86/// /3201 11165 21189 30153 40258 58004 555 53002=
 23411 NIL=
 23412 42999 80303 11156 21175 30156 40261 58004 8805/ 555 1/116=
 23416 NIL=
 23418 42965 83602 11132 21145 30164 40243 58004 8805/ 555 1/112=
 23503 NIL=
 23507 86/// /0303 11103 21108 39891 40217 58006=
 23509 NIL=
 23514 41997 80602 11104 21115 30020 40228 57005 77187 8807/ 555 1/110=
 23518 NIL=
 23606 42560 80504 11064 21064 30024 40197 57007 8351/ 555 1/105=
 23612 NIL=
 23701 NIL=
 23704 86/// /0604 11053 21053 39439 49553 52032 555 53008=
 23707 81/// 80703 11049 21056 30001 40137 57006 77177 8872/ 333  936 555 1/105=
 23708 42/// /0504 11074 21091 30003 40158 56006 555 1/108=
 23709 42998 40301 11103 21121 39971 40173 57008 80005 555 1/117=
 23711 42998 00303 11090 21106 30013 40190 57008 555 1/113=
 23803 42999 00701 11077 21098 39972 40159 58006 555 1/113=
 23804 82297 80502 11029 21032 39980 40127 57002 886// 333 88703 555 1/103=
 23807 42/// /0504 11018 21018 39944 40107 58003 555 1/101=
 23808 86/// /0502 11032 21032 39957 40128 56006=
 23812 42997 03301 11136 21152 30008 40181 57002 333 934// 555 1/111=
 23904 42976 63501 11078 21078 39940 40102 58005 80005 333 93605 555
 1/116=
 23905 42999 80601 11041 21051 39887 40118 57003 80005 555 1/110=
 23909 42998 11003 11060 21068 39880 40132 57005 80001 333 93606=
 23912 42998 01001 11059 21086 39957 40155 57003 555 1/114=
 23913 42999 21204 11034 21079 39946 40180 57006 80001 333 91113 555
 1/107=
 23914 82899 60902 11042 21072 39885 40147 57004 86030=
 27095 86/// /0802 11029 21029 39850 40081 56010=
 28013 42998 00802 11055 21071 39893 40129 56005 555 1/110=
 28016 42/// /0801 11043 21048 39890 40119 57005 555 1/109=
 28029 42999 00902 11013 21054 39908 40130 57012 555 1/106=
 28116 42999 01002 11039 21053 39876 40111 57007=
 28128 42999 00902 11010 21039 39965 40120 57009 555 1/107=
 28134 42998 30802 11032 21055 39782 40138 57010 80004 555 1/106=
 28138 43/// /0606 11050 21053 39596 40176 57009 333 91010 91110=
 28216 42999 01104 11028 21049 39799 40100 57004 555 1/106=
 28222 42/// /1104 11002 21037 39920 40116 57011 555 1/104=
 28224 42970 50902 11011 21040 39898 40112 57007 80005=
 28234 42898 61003 11006 21041 39846 40126 58016 86070 333 91010 91110
 555 1/101=
 28238 42899 80202 11023 21042 39842 40149 57011 8802/ 555 1/103=
 28313 42/// /0701 11036 21060 39903 40098 57003 555 1/110=
 28319 42999 01002 11017 21038 39929 40095 57001=
 28321 42999 00902 11012 21044 39902 40104 53005=
 28324 42/// /0802 11044 21052 39978 40101 54000 555 1/114=
 28326 42598 20901 11046 21061 39923 40113 57004 82500 555 1/112=
 28413 42999 01302 11023 21061 39961 40084 52002 555 1/109=
 28428 42999 00701 11026 21052 39912 40099 52003 555 1/111=
 28429 42/// /0902 11012 21046 39695 40109 54001 555 1/105=
 22983 42584 80702 11018 21026 39968 40073 57006 8655/ 333 91003 91105
 555 1/105=
 27083 42984 20702 11034 21042 39836 40061 57007 80001 333 91004 91106
 93401 555 1/107=
 27097 42/// /0803 11032 21036 39801 40066 55006 333 91004 91106 555
 1/107=
 27185 42/// /0902 11021 21039 39864 40049 52002 333 91005 91105 555
 1/105=
 27199 42998 30902 11033 21044 39864 40063 57002 80001 333 91003 91107
 555 1/109=
 27281 42984 81203 11007 21036 39829 40036 52005 8805/ 333 91005 91107
 555 1/102=
 27283 42997 71302 11031 21047 39891 40048 53004 82031 333 91003 91106
 555 1/107=
 27295 42/// /0702 11030 21058 39799 40053 53003 333 91003 91105 555
 1/107=
 27296 42997 51002 11025 21059 39839 40058 52002 80001 333 91004 91107
 555 1/105=
 27385 425// 81001 11005 21046 39908 40037 52005 8455/ 333 91002 91105
 555 1/102=
 27393 42598 21103 11031 21056 39886 40058 53001 82500 333 91005 91106
 555 1/107=
 27480 41496 81302 11003 21008 39906 40034 52009 78582 889// 333 91004
 91106 555 1/100=
 28007 42999 21101 11038 21049 39817 40082 57007 80001 333 91002 91103
 555 1/113=
 28009 42998 00401 11052 21064 39881 40095 57005 333 91002 91104 555
 1/112=
 28105 42998 00802 11039 21053 39878 40074 56005 333 91004 91104 555
 1/108=
 28202 42997 21202 11038 21064 39850 40075 57005 80001 333 91004 91105
 555 1/107=
 28302 42997 00802 11024 21066 39835 40065 57006 333 91004 91105 555
 1/107=
 28307 42998 30000 11051 21078 39907 40054 52004 82031 333 91000 91103
 555 1/111=
 28402 42984 31004 11051 21080 39876 40059 52001 80001 333 91004 91106
 555 1/109=
 28502 42997 80402 11035 21077 39951 40056 52004 84031 333 91003 91103
 555 1/109=
 22550 81958 80505 11076 21088 30130 40141 57021 73673 8801/ 333 91010
 91113 555 1/108=
 22778 42498 70703 11042 21061 30018 40089 57007 86570 333 86618 555
 1/103=
 22889 42/// /0705 11016 21021 30003 40091 55005 555 1/102=
 22762 42497 80802 11038 21048 30051 40090 57008 8557/ 555 1/104=
 22638 46/// /0703 11070 21082 39837 40068 57017=
 22671 NIL=
 22456 41596 80601 11107 21133 30113 40205 57010 78582 8695/ 555
 1/110=
 22583 42598 80801 11074 21085 30122 40206 57008 8257/ 555 1/107=
 22749 42/// /0805 11046 21052 39915 40041 55003 333 91010 91111 555
 1/104=
 22951 42/// /0803 11042 21044 39735 40019 52002 555 1/103=
 22887 42497 80504 11021 21030 30013 40084 58009 8665/
 333 86710 555 1/103=
 22876 41497 80606 11037 21041 30009 40085 58009 73633 886// 333 88712
 555 1/104=
 22481 42/// /0401 11128 21141 30186 40243 58003 555 1/112=
 22854 42/// /0704 11054 21057 39741 40034 58004 333 91111 555 1/105=
 22781 NIL=
 22676 41598 80904 11050 21068 30061 40141 56005 70272 885// 555
 1/105=
 22648 41498 80604 11072 21073 30035 40083 57012 73633 886// 333 88712
 91110 555 1/107=
 22559 42/// /0604 11062 21078 30121 40138 58022 333 91110 555 1/106=
 22869 41298 80804 11027 21037 39898 40048 58003 70232 886// 333 88705
 91111 555 1/103=
 22768 41497 80805 11040 21055 30019 40070 57005 70273 885// 333 88613
 91010 91111 555 1/104=
 22798 42497 80503 11052 21056 30016 40131 57002 886// 555 1/105=
 22375 46/// /0800 11150 21167 30245 40262 57007=
 23207 NIL=
 23215 42998 50401 11240 21261 30194 40294 50002 80002 555 1/128=
 23219 NIL=
 22408 41459 80305 11081 21094 30017 40173 57036 77187 8872/ 333  
 88510 91011 91112 555   1/108=
 22511 41484 80305 11055 21073 30014 40139 57037 73673 886// 333  
 88710 91010 91112 93500 555   1/106=
 22529 41595 80507 11042 21051 30103 40110 57034 78583 889// 333  
 88921 91014 91115 92982 555   1/104=
 22602 41457 80406 11060 21082 39852 40083 57047 77173 885// 333  
 88614 91011 91113 555   1/106=
 22621 83434 /0503 11049 21059 39937 40079 57040 333   91112 555  
 1////=
 22619 41296 80708 11046 21055 39895 40057 57027 77173 8872/ 333  
 87706 91013 91117 555   1/105=
 22721 41294 81002 11063 21074 39948 40049 57017 77573 887// 333  
 86705 555   1/107=
 22727 86559 /0404 11066 21081 39967 40016 57008 333   91113 555  
 1////=
 22717 NIL=
 22802 41496 80508 11059 21085 39964 49988 57024 78583 889// 333  
 88919 91012 91115 555   1/107=
 22820 41394 80707 11054 21067 39866 40004 57010 77573 8672/ 333  
 91010 91116 92982 555   1/105=
 22831 41496 80803 11049 21070 39955 40011 57003 77172 8802/ 333  
 88515 91111 92982 555   1/105=
 22805 414// 80505 11055 21069 39948 49974 57020 77173 8872/ 333  
 91013 91117 555   1/103=
 22912 41950 80606 11041 21066 39940 49955 57013 77173 8802/ 333  
 91010 91111 92982 555   1/105=
 
