18:31:00 MSK 08.01.2023
020 123456/=о000=1531
 уйту01 бтул 081500
 22686 12998 00000 11365 21394 30232 40350 52006 60002 333 11339 555
 51342 53003=
 22695 12998 02701 11359 21409 30156 40336 52011 60002 333 11309 555
 51317 53005=
 22996 12998 20302 11326 21355 30104 40325 52020 60002 80008 333 11285
 555 51278 53005=
 23220 11496 81102 11367 21410 30096 40262 57016 69902 78582 8697/ 333 11367 555 51394 53003=
 23226 11442 82005 11336 21366 30004 40253 57022 69962 77172 885// 333 
 11331 88611 555 51376 53007=
 23305 12984 61702 11316 21351 30288 40320 58010 60002 86030 333 11316
 555 51360 53004=
 23320 76/// /2801 11403 21456 30213 40300 57002 333 60002 555 51391 53003=
 23324 12980 82003 11371 21407 30191 40282 58016 60002 8805/ 333 11371
 555 51400 53005=
 23405 12997 32601 11369 21391 30219 40336 52004 60002
 83030 333 11342 555 51350 53005=
 23410 76/// /2401 11365 21410 30187 40301 58004 333 60002=
 23411 41999 00000 11362 21404 30211 40316 52001 60002 333 1//// 555
 5//// 530//=
 23412 11998 73001 11358 21394 30190 40304 58004 69902 77071 87010 333 11347 555 51357 53003=
 23416 NIL=
 23418 11912 03101 11411 21438 30219 40307 54000 60002
 71000 333 11401 555 51402 53002=
 23503 11996 01901 11453 21510 30273 40334 52007 60002 70500 333 11419 555 51435 53001=
 23507 NIL=
 23509 12998 00000 11427 21477 30240 40335 52009 60002 333 11397 555
 51408 53001=
 23514 12997 03001 11382 21423 30089 40323 52007 60002 333 11367  93605 555 51373 53003=
 23518 12997 80000 11466 21519 30196 40309 52007 60002 80005 333
 11401=
 23606 12960 00000 11376 21405 30120 40326 52009 
 60002 333 11360 555 51356 53003=
 23701 12984 00000 11402 21441 30186 40341 52010 60002 333 11330 555
 51347 53003=
 23704 76/// /0000 11393 21423 39926 40039 55004 333 60002=
 23707 62998 03401 11354 21390 30175 40330 52013 60002 333 11321 555 51314 53005 =
 23708 12984 03402 11366 21411 30150 40326 52015 60002 333 11337 555
 51338 53004=
 23709 12998 03302 11392 21411 30081 40312 52002 60002 333 11337 936//
 555 51354 53005=
 23711 12998 23301 11368 21404 30101 40301 52008 60002 80001 333 11328 555 51336 53004=
 23803 13/// ///// 1//// 2//// 3//// 4//// 5//// 333 1////=
 23804 11196 80000 11348 21379 30156 40237 52015 69902 77172 84021 333
 11312 555 51309 53004=
 23807 12997 23602 11333 21362 30139 40327 52018 60002 80001 333 11303
 555 51292 53005=
 23808 66/// /2902 11347 21383 30122 40319 52020 60002 333 11327=
 23812 12997 60000 11332 21374 30097 40286 52016 69902 80001 333 11270
 555 51292 53004=
 23904 12980 03101 11336 21366 30136 40319 52020 60002 333 11300 555
 51287 53004=
 23905 12999 03202 11334 21366 30036 40300 52017 60002 333 11298 555
 53005=
 23909 12998 23401 11316 21347 39998 40280 52018 69902 80001 333 11288
 93612=
 23912 12998 20102 11296 21327 30039 40258 52016 69902 80001 333 11285
 555 53006=
 23913 12999 21401 11374 21420 39992 40262 52017 60002 80001 333 11311
 555 53003=
 23914 12998 23502 11283 21312 39962 40253 52015 69912 80001 333 11268
 93612=
 28013 12998 53203 11302 21342 30003 40266 52020 60002 80005 333 11275
 555 53006=
 28016 12999 43202 11296 21337 30013 40271 52021 60002 80001 333 11278
 93508 555 53006=
 28029 11997 03202 11307 21338 39985 40235 52017 69912 77671 333 11297
 555 53004=
 28116 12999 03402 11309 21340 39994 40258 52019 60002 333 11281=
 28128 11896 83001 11336 21368 30067 40245 52017 69932 77172 8807/ 333
 11307 555 53002=
 28134 12998 40000 11322 21353 39833 40235 52020 60002 80005 333 11291
 555 53003=
 28138 12599 80103 11253 21286 39570 40198 52018 69962 885// 333
 11248=
 28216 11899 33403 11299 21335 39911 40250 52018 69902 72270 83020 333
 11279 555 53006=
 28222 11997 60000 11324 21360 30018 40242 52017 69902 70272 80001 333
 11312 555 53004=
 28224 11859 83302 11300 21332 39992 40235 52019 69932 77172 8807/ 333
 11300=
 28234 11896 83402 11282 21323 39905 40219 53014 69982 77172 8802/ 333
 11281 555 53003=
 28238 11899 83202 11252 21290 39861 40199 52016 69982 72272 8801/ 333
 11250 555 53005=
 28313 11896 83601 11305 21339 30029 40249 52018 69922 77172 8801/ 333
 11282 555 53005=
 28319 12898 60000 11294 21327 30054 40241 52018 60002 86050 333
 11259=
 28321 12999 63603 11298 21332 30008 40240 52018 69902 80001 333
 11287=
 28324 11896 80000 11288 21333 30100 40237 52018 69932 77172 8802/ 333
 11278 555 53004=
 28326 11898 43001 11307 21342 30013 40225 52021 69952 70171 82031 333
 11296 555 53004=
 28413 12999 13502 11283 21319 30106 40245 51023 60002 80001 333 11245
 555 53006=
 28428 11896 83001 11303 21345 30018 40229 52020 69922 77072 8807/ 333
 11303 555 53002=
 28429 11896 83001 11302 21335 39756 40224 52019 69942 77172 8802/ 333
 11291 555 53004=
 22983 12984 02701 11356 21389 30217 40341 52017 60002 333 11296 91001
 91101 555 51317 53002=
 27083 12984 03602 11310 21341 30066 40322 52016 60002 333 11263 91004
 91105 555 51273 53005=
 27097 12998 03502 11297 21322 30012 40315 52019 60002 333 11245 91002
 91103 555 51260 53006=
 27185 12998 03201 11284 21312 30107 40317 52021 60002 333 11247 91003
 91104 555 51256 53005=
 27199 12998 03301 11275 21304 30072 40296 52020 69902 333 11229 91003
 91104 555 51246 53005=
 27281 12984 03302 11277 21305 30082 40318 52021 60002 333 11252 91004
 91105 555 51259 53007=
 27283 12997 03404 11282 21311 30121 40299 52022 60002 333 11242 91005
 91105 555 51251 53006=
 27295 12997 03203 11277 21310 30009 40295 52018 60002 333 11243 91005
 91106 555 51248 53006=
 27296 12997 03402 11280 21316 30038 40285 52023 60002 333 11237 91003
 91105 555 51246 53007=
 27385 129// 03301 11272 21300 30154 40300 52020 60002 333 11241 91004
 91104 555 51256 53005=
 27393 12998 10202 11260 21293 30091 40283 52022 69902 80070 333 11227
 91004 91106 555 51234 53007=
 27480 12998 03001 11288 21322 30164 40310 52020 60002 333 11243 91002
 91103 555 51269 53005=
 28007 11999 03504 11304 21341 39995 40296 52019 60002 73630 333 11250
 91006 91106 555 51262 53007=
 28009 12998 23402 11313 21359 30048 40289 52021 69902 80001 333 11283
 91004 91104 555 51287 53005=
 28105 12998 00101 11295 21333 30063 40292 52021 60002 333 11259 91005
 91105 555 51264 53006=
 28202 12997 03602 11301 21339 30026 40280 52021 60002 333 11271 91005
 91105 555 51267 53007=
 28302 12997 03603 11290 21327 30011 40271 52023 60002 333 11255 91006
 91106 555 51269 53007=
 28307 12998 03004 11262 21299 30110 40272 52022 69902 333 11228 91005
 91107 555 51234 53007=
 28402 11984 33603 11264 21295 30062 40264 52026 69922 70271 81075 333
 11230 91006 91108 555 51245 53008=
 28502 11996 63205 11254 21291 30141 40257 52024 69932 77173 86020 333
 11228 91007 91107 555 51246 53009=
 22550 11560 81302 11208 21232 30328 40340 52009 69902 78582 8695/ 333
 11184 86920 555 51208 53005=
 22778 12998 00000 11373 21408 30275 40358 52010 60002 333 11321 555
 51353 53002=
 22889 12997 02902 11346 21381 30239 40341 52015 60002 333 11298 555
 51321 53004=
 22762 NIL=
 22638 46/// /2600 11237 21262 30100 40353 52007=
 22671 12998 00000 11393 21426 30262 40361 52005 60002 333 11336 555
 51349 53000=
 22456 12597 81301 11183 21202 30241 40338 52008 60002 885// 333 11183
 555 51208 53002=
 22583 12984 00000 11408 21445 30263 40360 52010 60002 333 
 11383 555 51375 53002=
 22749 NIL=
 22951 12998 00000 11327 21363 30043 40302 52010 60002 333 11229 555
 51246 53002=
 22887 12997 23101 11320 21337 30260  40341 52014 60002 80001 
 333 11295 555 51291 53003=
 22876 12997 02701 11334 21366 30267 40355 52013 60002 333 11297 555
 51299 53004=
 22481 12998 80000 11329 21359 30283 40345 54000 60002 8807/ 333 11329
 555 51384 53003=
 22854 12998 00000 11309 21343 30035 40369 52009 60002 333 11230 555
 51246 53002=
 22781 NIL=
 22676 12998 00000 11407 21445 30271 40365 52012 60002 333 11363 555
 51389 53002=
 22648 NIL=
 22559 12598 60000 11273 21304 30333 40352 52007 60002 83530 333 11268
 555 51278 53003=
 22869 32998 00000 11342 21378 30185 40358 52/// 333 11285 51317
 53001=
 22768 12997 02101 11379 21415 30303 40363 52009 60002 333 11280 555
 51316 53002=
 22798 12997 00000 11378 21416 30207 40341 52014 60002 333 11305 555
 51311 53001=
 22375 46/// /1905 11192 30313 40330 52005=
 23207 11999 82601 11228 21253 30284 40309 57007 69902 70272 8805/ 333
 11228 555 51354 53003=
 23215 NIL=
 23219 NIL=
 27095 76/// /3201 11306 21331 30063 40327 52020 333 60002 555 51260 53005=
 22408 22984 11401 11200 21221 30131 40296 57002 81030 333   60002
 93502=
 22511 22984 11802 11187 21209 30169 40302 54000 81030 333   69902
 93502=
 22529 22598 80000 11158 21177 30324 40331 52004 885// 333   60002
 88627=
 22602 22977 21402 11152 21158 30044 40288 57004 8203/ 333   69902
 93501=
 22621 73/68 /1102 11218 21242 30177 40333 52005 333   60002=
 22619 22498 11902 11152 21175 30138 40311 57004 81500 333   60002=
 22721 22997 01301 11214 21235 30227 40337 52003 333   60002=
 22727 76/68 /0000 11216 21236 30272 40326 57001 333   60002=
 22717 73/70 /0000 11190 21209 30098 40311 57003 333   60002=
 22802 21496 80905 11092 21109 30252 40277 57004 78583 889// 333  
 69922 91111=
 22820 22998 01203 11166 21205 30173 40322 54000 333   69902=
 22831 22997 00000 11292 21324 30283 40347 52003 333   60002=
 22805 225// 81312 11062 21086 30248 40269 56011 8754/ 333   60002
 91016 91117=
 22912 22984 51003 11172 21191 30288 40305 57007 85030 333   69902=
 
