00:31:00 MSK 19.05.2023
020 123456/=о000=2131
 уйту01 бтул 182100
 22686 82598 73203 10167 20110 30068 40162 53022 83570 333 91110=
 22695 42698 53105 10167 20082 39998 40143 53008 83131 333 91111=
 22996 42/// /1602 10183 20055 30008 40184 57002=
 23220 42999 71706 10079 20008 30013 40151 57014 333 91111=
 23226 42960 62206 10069 21007 39935 40145 57022 86030=
 23305 42/// /2802 10130 20086 30103 40130 53019 333 91112=
 23320 86/// /2106 10174 21001 30086 40155 57008 333 91110=
 23324 42984 61902 10103 20024 30077 40152 57009 82071=
 23405 42960 53204 10165 20068 30041 40134 53009 85030=
 23410 86/// /1606 10131 20023 30047 40140 57007=
 23411 42/// /2206 10176 20013 30039 40123 57010=
 23412 42999 21804 10146 20031 30044 40136 57007 82030=
 23416 NIL=
 23418 42965 01703 10164 20015 30092 40162 56001=
 23503 42/// /2003 10186 20011 30092 40139 57007=
 23507 86/// /2102 10162 20011 39843 40137 57008=
 23509 42/// /1802 10167 20018 30081 40155 57003=
 23514 42997 01904 10181 20015 39977 40163 57004=
 23518 NIL=
 23606 42960 21805 10175 20019 30012 40170 57003 80001=
 23704 86/// /1703 10188 20028 39926 40039 55004=
 23701 42/// /2002 10159 20034 30041 40164 57002=
 23707 82998 61702 10173 20032 30038 40163 57004 86030=
 23708 42/// /1704 10177 21003 30047 40189 54001=
 23709 42998 31703 10180 21023 30021 40204 57002 82031=
 23711 42998 22002 10138 20014 30046 40209 57001 80005=
 23803 42999 01603 10156 21025 30043 40216 54000=
 23804 82997 61702 10182 20040 30040 40177 57001 86030=
 23807 42/// /1803 10178 20059 30031 40184 54001=
 23808 86/// /1504 10167 21009 30046 40206 52002=
 23812 42997 01802 10117 21006 30074 40232 53003=
 23904 42980 81703 10171 20015 30054 40203 52003 8804/=
 23905 42599 11802 10146 21016 30001 40220 52002 81400=
 23909 42998 21802 10145 21026 39993 40229 57001 80001=
 23912 42998 01703 10148 21021 30059 40244 52006=
 23913 42999 00000 10017 21007 30040 40272 52007=
 23914 82998 01503 10122 21011 39996 40246 52004=
 28013 42998 01602 10119 21025 30012 40236 54001=
 28016 42/// /0000 10069 20022 30017 40239 54000=
 28029 42999 01701 10123 21023 30035 40249 52003=
 28116 42998 11301 10089 21002 30013 40240 52001 80005=
 28128 42998 00000 10068 20028 30098 40250 52006=
 28134 42998 81401 10120 21025 39915 40257 52003 80005=
 28138 43/// /1002 10084 21041 39712 40270 52002=
 28216 42998 01003 10113 21019 39946 40236 54000=
 28222 42/// /1303 10127 21017 30059 40248 52005=
 28224 41956 01502 10111 21015 30038 40246 52004 70500=
 28234 42997 01402 10130 21055 39984 40254 52003=
 28238 42999 02401 10064 21019 39967 40268 52004=
 28313 42/// /0000 10071 20009 30048 40238 52003=
 28319 42998 01002 10112 21004 30076 40236 52008=
 28321 42999 01402 10122 21018 30040 40238 52005=
 28324 42/// /0601 10078 21002 30120 40239 51008=
 28326 42998 50000 10067 20002 30065 40249 52007 80001=
 28413 42999 01302 10127 21040 30108 40227 52008=
 28428 42899 40701 10110 21025 30055 40236 52005 84030=
 28429 42/// /1103 10118 21033 39840 40241 54000=
 22983 42684 60000 10114 20083 30070 40172 57002 82130 333 91001
 91101=
 27083 42584 61801 10168 20053 39970 40182 57002 86800 333 91002
 91104=
 27097 42/// /1503 10172 20055 39947 40196 54001 333 91004 91104=
 27185 42/// /1401 10175 20067 30019 40194 54001 333 91003 91105=
 27199 42998 61801 10166 20025 30018 40207 57001 86080 333 91003
 91105=
 27281 42484 71202 10173 20079 39994 40191 57002 84570 333 91003
 91104=
 27283 42997 81801 10164 20070 30051 40200 54000 8807/ 333 91002
 91103=
 27295 42/// /1301 10160 20011 39967 40208 54001 333 91002 91105=
 27296 42997 51401 10139 21001 30000 40210 52001 83031 333 91002
 91102=
 27385 425// 70000 10156 20067 30076 40199 52002 83530 333 91000
 91102=
 27393 42998 31202 10117 20014 30052 40218 54000 82035 333 91003
 91103=
 27480 42598 81302 10173 20061 30074 40196 54000 885// 333 91004
 91104=
 28007 42999 81601 10155 21017 39964 40215 52004 80005 333 91002
 91104=
 28009 42998 00901 10104 21002 30026 40231 52002 333 91001 91103=
 28105 42998 31402 10155 21020 30024 40215 52002 83030 333 91005
 91106=
 28202 42997 21501 10116 21001 30007 40222 52001 80001 333 91001
 91102=
 28302 42997 20000 10087 20004 39997 40222 57002 80001 333 91000
 91102=
 28307 42998 13001 10094 20028 30072 40213 54000 80001 333 91001
 91101=
 28402 42984 20301 10111 20026 30038 40213 57002 80001 333 91001
 91102=
 28502 42997 02802 10053 20008 30107 40210 52001 333 91003 91104=
 22550 82970 22603 10088 20038 30169 40179 52017 82030=
 22778 42598 73004 10129 20097 30122 40189 52019 83570=
 22889 42/// /0000 10095 20073 30086 40170 57003=
 22762 81996 82401 10097 20097 30154 40192 52008 71062 8002/=
 22638 NIL=
 22671 42/// /2201 10093 20087 30096 40173 51010=
 22456 42597 72301 10072 20051 30074 40160 52011 83572=
 22583 41598 82802 10119 20084 30084 40162 52023 78082 8597/=
 22749 NIL=
 22951 42/// /2801 10080 20074 39948 40225 52010=
 22887 42697 73103 10160 20102 30103 40171 53003 83531=
 22876 42997 12701 10152 20118 30106 40175 53016 81040=
 22481 42/// /2203 10096 20096 30097 40148 52010=
 22854 42/// /2601 10069 20061 39935 40221 52014=
 22781 NIL=
 22676 41496 82702 10111 20099 30103 40178 52019 78082 889//=
 22648 NIL=
 22559 42/// /2502 10068 20045 30168 40184 51021=
 22869 42598 83104 10136 20096 30057 40200 53019 885// 333 88622=
 22768 41497 82202 10100 20093 30155 40204 52015 78082 889// 333
 86913=
 22798 42598 60601 10154 20036 30053 40160 57005 86500=
 22375 46/// /2505 10069 30114 40128 52003=
 23207 NIL=
 23215 NIL=
 23219 NIL=
 27095 86/// /1302 10178 20054 39988 40205 54001=
 22408 42584 63205 10048 20017 30066 40215 52040 86900 333   88927=
 22511 41584 73003 10061 20030 30085 40205 52032 70282 86930 333  
 86624=
 22529 42598 22503 10076 20044 30184 40191 52021 82500=
 22602 42475 73003 10055 20024 30003 40227 52026 86930 333   86912=
 22621 83570 /2605 10084 20036 30068 40205 52020=
 22619 42598 82804 10078 20034 30055 40212 52020 885// 333   88627=
 22721 42698 73001 10088 20035 30117 40214 52016 87500 333   87640=
 22727 86/70 /2902 10089 20035 30178 40225 52016=
 22717 83/70 /2502 10067 20036 30044 40236 52019=
 22802 42698 32902 10074 20023 30225 40248 52020 83500=
 22820 42698 22602 10088 20017 30093 40227 52015 82500 555   50125=
 22831 42997 30000 10023 20012 30168 40224 52012 83030=
 22805 425// 73102 10039 20022 30233 40253 52016 86530=
 22912 42984 52602 10073 20033 30228 40243 52012 85030=
 
