12:31:00 MSK 26.08.2023
010 111/=о000=0931
 уйту01 бтул 260900
 22686 81598 73004 10110 20077 39999 40095 57002 72582 85979=
 22695 42498 83105 10099 20045 39929 40076 56001 887//=
 22996 81598 53303 10138 20098 39904 40080 57007 72582 85900=
 23220 41496 82204 10091 20086 39789 49923 53002 76362 8872/ 333 91110=
 23226 41460 82805 10098 20090 39699 49901 53001 72162 8655/ 
 333 86612 91110=
 23305 41699 83005 10097 20064 30023 40049 56001 70262 8457/ 333 91110=
 23320 86/// /3004 10081 20054 39925 49995 52003=
 23324 42480 82806 10085 20068 39904 49978 53004 886// 333 88710 91011
 91111=
 23405 42471 83203 10089 20061 39962 40058 57002 8695/ 
 333 84619=
 23410 86/// /2606 10089 20069 39917 40010 57002=
 23411 42599 83205 10097 20053 39942 40028 57004 889// 333 91010 91111=
 23412 41599 83004 10092 20071 39922 40015 57003 72582 883// 333 85920=
 23416 NIL=
 23418 41465 73204 10106 20049 39956 40027 57002 70282
 86930 333 85919=
 23503 41498 83203 10101 20064 39999 40047 57003 70282 8595/=
 23507 86/// /3403 10090 20053 39769 40068 57002=
 23509 41498 60903 10102 20056 39980 40056 56001 70282 85901 333 85913=
 23514 41497 72902 10091 20051 39852 40041 54000 72582 86970 333 84918=
 23518 82598 73004 10107 20052 39940 40028 54000 83975=
 23606 41462 83202 10107 20078 39889 40048 57003 72585 889// 333 86916=
 23701 82599 73304 10104 20045 39956 40081 54001 82960=
 23704 86/// /3303 10101 20096 39694 49804 51045=
 23707 81498 83105 10117 20087 39947 40074 57004 72582 8395/=
 23708 41584 82902 10118 20063 39925 40068 57002 70282 8295/=
 23709 82598 73004 10119 20048 39874 40058 57003 86901 333 85929=
 23711 42598 73301 10111 20073 39883 40045 54000 87300 333 85922=
 23803 42599 83603 10134 20099 39889 40060 56006 8696/=
 23804 81597 83202 10123 20090 39934 40073 57004 72582 83331=
 23807 81497 73002 10116 20096 39927 40082 57003 72082 85931 333 84919=
 23808 NIL=
 23812 42597 83303 10120 20037 39894 40048 54000 8685/=
 23904 41470 73203 10127 20097 39928 40078 57008 70282 85331 333 85917=
 23905 81599 82402 10126 20086 39852 40068 57009 70286 86902=
 23909 81498 82702 10124 20079 39834 40067 57005 70282 85315=
 23912 81598 73303 10121 20086 39873 40056 57002 70282 83930=
 23913 81599 62902 10119 20069 39832 40050 50001 70282 86900=
 23914 81497 73402 10113 20087 39814 40059 57004 70282 86930=
 28013 81398 82702 10115 20080 39848 40068 57004 70282 889//=
 28016 81499 82801 10112 20097 39862 40077 57004 72582 889//=
 28029 82599 83003 10130 20077 39853 40062 57005 8791/=
 28116 81599 83002 10140 20071 39856 40075 57006 70282 82977=
 28128 81599 72702 10136 20082 39929 40075 57005 72582 82939=
 28134 82598 72301 10119 20075 39734 40069 57003 86489=
 28138 42599 72803 10105 20046 39521 40063 54000 87300=
 28216 81599 73203 10122 20063 39799 40083 57002 72582 87900=
 28222 81598 82901 10138 20066 39891 40076 57003 72522 85971=
 28224 81570 73003 10151 20061 39872 40073 57005 70282 86980=
 28234 81499 63202 10119 20075 39809 40075 54000 72582 84930=
 28238 81599 73203 10138 20054 39779 40067 57003 70282 86201=
 28313 81598 60101 10132 20081 39905 40088 57003 72582 85901=
 28319 81598 62702 10145 20061 39935 40090 58004 72582 84950=
 28321 81599 60202 10115 20092 39890 40085 55003 72582 86900=
 28324 81599 63303 10149 20054 39968 40082 57007 70282 86900=
 28326 82598 62903 10149 20060 39898 40075 57004 84530=
 28413 81599 72301 10153 20054 39977 40093 58007 72582 85331=
 28428 82599 73104 10160 20029 39905 40080 57006 87900=
 28429 81598 82502 10142 20068 39687 40078 57002 72582 86901=
 22983 41498 73003 10118 20094 39997 40098 57004 70282 86930 333 91007
 91107=
 27083 41599 62802 10115 20083 39882 40095 57005 70262 86700 333 91004
 91104=
 27097 41459 83002 10100 20095 39849 40101 57005 78082 889// 333 91004
 91106=
 27185 41598 82801 10119 20099 39936 40112 58005 72582 8332/ 333 91003
 91105=
 27199 41596 83001 10111 20094 39920 40109 57002 78082 883// 333 91004
 91107=
 27281 42582 83002 10142 20079 39916 40113 57007 87902 333 91005
 91106=
 27283 42498 73203 10146 20081 39961 40109 57007 85530 333 91005
 91107=
 27295 41598 82502 10131 20075 39871 40111 57006 72582 884// 333 91003
 91107=
 27296 41570 83204 10118 20088 39901 40110 57003 72522 889// 333 91006
 91107=
 27385 415// 72903 10161 20074 39993 40115 57009 72582 84530 333 91005
 91107=
 27393 42598 73005 10153 20064 39948 40110 57010 85930 333 91007
 91108=
 27480 42598 72802 10170 20068 39999 40120 57010 86901 333 91006
 91106=
 28007 41499 82703 10112 20083 39841 40093 57007 72582 8531/ 333 91006
 91106=
 28009 41456 73001 10112 20083 39887 40089 57009 78082 87900 333 91003
 91104=
 28105 41459 82602 10111 20096 39912 40098 57007 76162 8872/ 333 91005
 91106=
 28202 41562 83303 10120 20073 39884 40096 57005 78082 889// 333 91005
 91107=
 28302 42598 82603 10145 20066 39881 40098 58008 86901 333 91005
 91107=
 28307 41498 72802 10154 20073 39974 40111 57009 72582 84931 333 91004
 91106=
 28402 42598 73003 10148 20063 39937 40107 57007 87800 333 91007
 91107=
 28502 42598 83105 10154 20043 30014 40113 57003 87901 333 91008
 91110=
 22550 82597 83402 10114 20067 30131 40141 52001 885// 333 88629=
 22778 42598 73204 10109 20056 30048 40115 52002 87500=
 22889 42/// /2703 10127 20095 30011 40094 57006=
 22762 82598 72902 10123 20075 30095 40133 54001 85509=
 22638 46/// /3301 10131 20071 39941 40158 52003=
 22671 42598 73402 10111 20063 30038 40114 57002 87530 333 87625=
 22456 41597 83202 10104 20060 30046 40131 54001 70282 87580=
 22583 41597 83003 10094 20070 30016 40094 54000 78088 8697/=
 22749 NIL=
 22951 42498 73402 10135 20059 39870 40140 54001 86930=
 22887 41497 73303 10111 20095 30036 40104 57002 78082 8593/ 
 333 85914=
 22876 42497 73202 10119 20085 30038 40108 57002 86930 333 86917=
 22481 41598 72804 10105 20080 30043 40094 57006 72522 85330=
 22854 42699 73303 10113 20062 39865 40144 53004 87500 333 87639=
 22781 NIL=
 22676 41498 83206 10108 20069 30032 40107 57001 72582 889//=
 22648 NIL=
 22559 82598 83303 10116 20060 30121 40137 54001 8593/=
 22869 42597 73303 10130 20073 39986 40128 52002 86330 333 86623=
 22768 42597 83503 10122 20073 30083 40131 54000 889// 333 85623=
 22798 41498 83002 10121 20086 39979 40087 57003 70282 8695/=
 22375 46/// /3507 10102 20067 30088 40103 57002=
 23207 41499 83103 10088 20069 30032 40054 57002 70282 885//=
 23215 NIL=
 23219 NIL=
 27095 86/// /3103 10108 20104 39887 40107 57005=
 22408 42699 73601 10166 20086 30029 40171 52003 86101 333   86835=
 22511 42598 60202 10177 20091 30050 40165 52003 84941=
 22529 42599 73201 10165 20111 30145 40151 57004 87800 333   87629=
 22602 42999 23602 10167 20062 39954 40168 52002 8203/=
 22621 83770 /2804 10161 20089 30026 40159 57001=
 22619 42498 63002 10170 20098 30008 40159 52003 82830=
 22721 41698 72001 10162 20085 30068 40162 52001 78011 87900 333  
 85636=
 22727 86/70 /0102 10174 20089 30117 40162 52004=
 22717 83/70 /0502 10171 20053 39975 40163 52003=
 22802 42699 70603 10165 20101 30141 40163 52005 85231=
 22820 42571 70703 10175 20082 30029 40161 52004 85201=
 22831 42698 20101 10168 20066 30102 40154 52001 81901=
 22805 42598 60803 10172 20113 30137 40161 52008 86101=
 22912 42599 60603 10169 20105 30135 40149 52002 85140=
 
