15:31:00 MSK 06.05.2023
020 123456/=о000=1231
 унту01 бтул 061200
 22686 81997 83605 10029 21032 30063 40162 58006 77072 8807/ 333 91010 91111 555 11004=
 22695 41998 80204 10040 21045 39989 40141 57004 70282 8805/ 333 91111
 555 1/006=
 22996 42598 73201 10089 20019 39925 40109 57006 87900 555 12014=
 23220 42699 63402 11016 21057 30062 40206 58001 82531 555 1/100=
 23226 42460 80405 11047 21071 39998 40219 52003 885// 333 88612 555 
 1/101=
 23305 42699 80105 11009 21055 30193 40221 58002 885// 555 1/000=
 23320 86/// /0403 10019 21054 30121 40194 54001=
 23324 42983 70504 10003 21043 30125 40203 57001 82076 555 1/000=
 23405 42973 63606 10004 21055 30104 40205 54000
 85031 333 91110 555 1/001=
 23410 86/// /3205 10024 21045 30090 40187 54000 555 50006 53008=
 23411 42999 70104 10002 21050 30112 40203 53001 87030 555 1/000=
 23412 42999 70404 10025 21045 30094 40191 54000 80001 555 1/000=
 23416 NIL=
 23418 42965 73405 10052 21037 30095 40168 57004 86031
 555 1/000=
 23501 NIL=
 23503 42998 80404 10045 21062 30132 40182 57004 82035 555 12007=
 23507 86/// /0504 10030 21051 39862 40171 57003 333 91110=
 23509 42598 73503 10065 21046 30081 40158 57006 83503 333 12012=
 23514 42597 80505 10066 21043 39958 40151 57008 82576 555 1/100=
 23518 42/// /0504 10041 20015 30058 40148 58005 555 1/001=
 23606 42662 80404 10075 21034 39975 40138 57006 8553/ 333 85646 555 1/010=
 23612 NIL=
 23701 81459 80505 10048 20003 30012 40140 54001 78082 8692/ 333
 86914 91111 555 11006=
 23704 86/// /0402 10041 20041 39926 40039 55004 555 53007=
 23707 81396 80404 10044 20037 39986 40117 57007 76186 8872/ 333 86708 555 11006=
 23708 41465 80402 10060 20034 39973 40120 57006 76162 8772/ 333 87711
 555 12007=
 23709 41497 80302 10062 20032 39932 40120 57005 76162 885// 333 88613
 555 11008=
 23711 42598 83602 10069 20017 39956 40122 58006 8657/ 333 86629 555 11010=
 23803 41497 80201 10073 20047 39940 40116 58010 78082 889// 333 88918 555 12009=
 23804 81497 80602 10061 20047 39964 40106 57005 70252 883// 333 86613 555 12008=
 23807 42/// /2401 10069 20065 39951 40108 57003 555 1/010=
 23808 86/// /0000 10079 20062 39940 40103 58008=
 23812 41497 80000 10106 20080 39951 40108 58010 70282 8793/ 555 11011=
 23904 42570 82201 10079 20046 39956 40109 57006 8232/ 555 11011=
 23905 41597 82701 10067 20058 39882 40104 57006 76362 8802/ 555
 12009=
 23909 41497 80102 10091 20085 39852 40088 57023 78082 883//=
 23912 41594 82806 10082 20059 39930 40116 55003 79598 889// 333 91012
 91114 555 12007=
 23913 41599 82502 10167 20052 39889 40105 57018 70282 83905 555
 11013=
 23914 81498 82804 10094 20080 39848 40096 57023 72998 8292/ 333
 91115=
 28013 41398 81801 10112 20087 39866 40087 55020 72998 889// 555
 11015=
 28016 41498 82802 10113 20103 39875 40090 55017 78098 889// 333 91115
 555 12014=
 28029 42599 82005 10190 21013 39885 40091 57022 8252/ 555 11018=
 28116 42499 81903 10171 20001 39861 40078 57016 884// 333 91114=
 28128 42898 81902 10168 20024 39948 40093 57023 84076 555 11017=
 28134 42898 82004 10202 21058 39774 40102 57019 8807/ 333 91112 555
 10019=
 28138 42999 82005 10192 21078 39583 40113 57015 80005 333 91115=
 28216 42699 82110 10177 21007 39814 40094 55007 885// 333 91019 91119
 555 10018=
 28222 42598 82004 10205 21039 39916 40097 57018 8651/ 333 91114 555
 11018=
 28224 42770 82006 10209 21060 39901 40100 57016 83545 333 91114=
 28234 42898 82105 10205 21100 39859 40119 57015 8803/ 333 91011 91115
 555 10023=
 28238 42899 82208 10210 21092 39842 40125 57014 8802/ 333 91014 91118
 555 10026=
 28313 42598 82006 10187 21007 39917 40097 55010 889// 333 91012 91117
 555 10021=
 28319 42597 82104 10200 21017 39952 40104 57012 885// 333 91114=
 28321 42599 72107 10212 21051 39904 40094 57019 82970 333 91016
 91117=
 28324 42998 82208 10219 21086 39993 40105 57013 82509 333 91015 91116
 555 10027=
 28326 42598 72108 10210 21082 39945 40119 57012 84530 333 91014 91115
 555 10025=
 28413 42599 81704 10198 21004 39988 40102 57019 86335 333 91114 555
 10022=
 28428 42599 81909 10221 21083 39949 40121 57018 86531 333 91015 91116
 555 10032=
 28429 42998 82004 10193 21051 39752 40139 58012 80002 333 91113 555
 10025=
 22983 41498 73302 10079 20014 30019 40122 54000 70282 86930 333 91006
 91107 555 11017=
 27083 41457 71203 10060 20032 39898 40116 54000 78022 86901 333 91004
 91105 555 11012=
 27097 41498 82002 10076 20023 39864 40120 57007 70282 889// 333 91004
 91105 555 12012=
 27185 41598 82302 10069 20013 39956 40136 50004 70282 883// 333 91005
 91107 555 11012=
 27199 41498 72502 10069 20031 39941 40134 52003 70286 86370 333 91005
 91106 555 12014=
 27281 41482 62403 10073 21039 39942 40145 57001 70362 86900 333 91007
 91108 555 11013=
 27283 41498 72704 10070 20010 39990 40143 53005 72582 87900 333 91007
 91108 555 11009=
 27295 41474 82404 10060 20027 39898 40144 52010 78082 889// 333 91007
 91108 555 11010=
 27296 41476 82402 10065 20032 39922 40135 52006 70282 889// 333 91004
 91104 555 12011=
 27385 415// 72703 10076 21018 30031 40157 52010 70282 86530 333 91006
 91107 555 11013=
 27393 41498 82504 10068 20044 39982 40150 52008 70282 8697/ 333 91005
 91107 555 12011=
 27480 42598 72702 10096 21036 30037 40162 52005 87500 333 91005 91107
 555 11016=
 28007 41499 82401 10065 20039 39869 40126 52001 70282 883// 333 88913
 91003 91105 555 11010=
 28009 41430 82803 10058 20042 39917 40124 52004 78182 889// 333 91006
 91106 555 12009=
 28105 41459 82502 10062 20047 39935 40131 53005 76186 8872/ 333 91003
 91105 555 12010=
 28202 41559 83102 10054 20038 39914 40132 53014 76162 8802/ 333 91004
 91108 555 12008=
 28302 41598 82702 10050 20033 39917 40143 52023 78082 889// 333 91004
 91107 555 11009=
 28307 41498 82301 10071 20040 30010 40152 51011 72162 885// 333 91003
 91106 555 11013=
 28402 41460 82802 10069 20062 39974 40150 52011 76186 8872/ 333 91005
 91106 555 11010=
 28502 41598 83206 10058 20032 30051 40153 51018 78082 889// 333 91009
 91112 555 11008=
 22550 81697 73203 10033 21046 30226 40236 57006 70282 85930 333 85641
 555 11009=
 22778 41496 83505 11012 21033 30108 40179 52004 78582 8797/ 333 91112
 555 1/100=
 22889 42497 82804 10044 20023 30043 40129 52003 885// 333 88615 555
 11010=
 22762 42/// /3302 10024 21063 30164 40203 57002 555 1/007=
 22638 NIL=
 22671 42/// /0204 10020 21064 30124 40204 57003 555 1/005=
 22456 41597 70102 10020 21050 30152 40240 54000 70282 86432 555
 1/100=
 22583 42598 70404 10008 21056 30120 40202 58010 87500
 555 1/100=
 22749 41598 60105 10035 21072 30099 40224 57004 70282 86900 333 91110
 555 12008=
 22951 41598 83502 10008 21063 39933 40218 52003 72687 889// 555
 1/005=
 22887 41397 83105 10018 20013 30068 40137 53006 78082 8695/ 
 333 85709 555 11005=
 22876 41396 83203 10003 21009 30084 40157 52007 78582 889// 333 88709
 555 12003=
 22481 42598 30204 10002 21085 30175 40229 54000 83800 333 91110 555
 1/001=
 22854 42/// /3503 10010 21057 39927 40219 54001 333 91111 555 1/006=
 22781 NIL=
 22676 42498 73605 10016 21073 30105 40183 57009 86670 333 91010 91111
 555 11003=
 22648 41498 63604 10037 21058 30190 40237 58006 72682 86930 333 91111
 555 11011=
 22559 41598 70102 10032 21072 30214 40230 57006 70282 86930 555
 12007=
 22869 41397 83404 10007 21004 30037 40186 52010 78582 889// 333 86709
 91110 555 1/003=
 22768 42597 80105 10023 21055 30144 40194 52005 885// 333 88623 91111
 555 11008=
 22798 41496 80103 10035 20029 30012 40124 57006 78082 889// 555
 11005=
 22375 NIL=
 23207 41599 80304 11023 21065 30212 40235 52002 71682 889// 555
 1/100=
 23215 42/// /0404 11034 21071 30134 40225 51006 555 1/000=
 23219 NIL=
 27095 86/// /2603 10071 20042 39906 40130 54000=
 22408 41599 73102 10062 21042 30123 40272 57003 72782 87900 333  
 87929 555   1/000=
 22511 41598 70201 10062 21043 30148 40269 57003 70282 86930 555  
 1/001=
 22529 42599 73502 10060 21057 30254 40261 57005 87900 333   87927
 555   12012=
 22602 41478 61201 10053 21002 30050 40276 54000 72772 86530 333  
 86615 555   1/001=
 22621 83770 /3502 10064 21064 30121 40260 57005 555   1////=
 22619 42582 61002 10060 21080 30100 40259 57008 84831 555   1/013=
 22721 41699 72903 10060 21084 30162 40260 57005 70282 84931 555  
 11014=
 22727 86870 /3203 10056 21076 30217 40265 57007 555   1////=
 22717 83/70 /0203 10059 21101 30078 40271 57005 555   1////=
 22802 41660 70201 10046 21012 30261 40285 57001 78781 87900 333  
 87933 555   12009=
 22820 41471 73403 10047 21086 30128 40265 57006 70282 86330 333  
 86610 555   11013=
 22831 41698 63303 10023 21033 30195 40251 54000 70282 83930 555  
 12009=
 22805 41498 62903 10050 21001 30271 40291 57003 71511 83931 555  
 11022=
 22912 41599 72803 10052 21061 30258 40273 57007 72682 84330 555  
 12011=
 
