09:31:00 MSK 12.08.2023
020 123456/=о000=0631
 унту01 бтул 120600
 22686 82998 01603 10239 20139 30176 40269 57004=
 22695 42999 01202 10222 20110 30119 40263 57004=
 22996 82999 01701 10246 20155 30089 40262 57003=
 23220 42599 12801 10155 20053 30149 40286 58010 81500=
 23226 42960 12902 10150 20061 30082 40289 58005 80001=
 23305 42999 01903 10221 20102 30254 40280 58014=
 23320 66/// /3101 10201 20096 30223 40292 58007 60002 333 20048=
 23324 42985 12701 10188 20108 30218 40291 58008 80001=
 23405 42976 01403 10216 20112 30191 40284 57009=
 23410 66/// /3401 10220 20101 30199 40290 58007 60002 333 20090=
 23411 42999 02003 10202 20126 30207 40291 58009=
 23412 42999 02601 10209 20111 30200 40292 58007=
 23416 NIL=
 23418 42965 03401 10213 20137 30219 40288 58009=
 23501 NIL=
 23503 42998 02002 10217 20099 30245 40292 57010=
 23507 86/// /1601 10202 20103 39989 40283 58008=
 23509 42998 00000 10231 20090 30217 40290 58011=
 23514 42997 00801 10211 20114 30103 40288 57009=
 23518 42998 02101 10202 20099 30203 40290 58007 555 53004=
 23606 42962 00102 10210 20116 30127 40284 57011=
 23701 82984 01001 10235 20128 30160 40281 57009=
 23704 66/// /1201 10234 20132 39912 40019 53371 60002 333 20078=
 23707 82998 00701 10230 20140 30148 40272 57006=
 23708 42998 00501 10229 20091 30141 40281 57007=
 23709 82998 03603 10216 20081 30099 40281 58009=
 23711 42998 01201 10201 20074 30125 40285 57005=
 23803 42999 00000 10190 20113 30110 40281 58005=
 23804 82997 01301 10237 20118 30135 40271 57006=
 23807 42997 01101 10235 20158 30121 40272 57005=
 23808 86/// /0201 10222 20135 30121 40279 57007=
 23812 42997 01202 10217 20047 30124 40277 58007=
 23904 42970 01601 10239 20125 30127 40273 57006=
 23905 82999 00201 10233 20124 30061 40273 57004=
 23909 82998 00101 10223 20113 30044 40274 57003=
 23912 82999 02501 10214 20116 30091 40272 57004=
 23913 82999 01402 10203 20064 30059 40276 57011=
 23914 82999 03501 10209 20119 30028 40270 57006=
 28013 82998 03501 10224 20107 30054 40271 52003=
 28016 82999 03501 10226 20136 30062 40273 57005=
 28029 82999 02001 10221 20081 30062 40269 57003=
 28116 82999 02801 10227 20123 30054 40270 57006=
 28128 82999 02001 10206 20161 30128 40272 57002=
 28134 82998 00000 10213 20077 39937 40268 57004=
 28138 42999 00103 10185 20073 39726 40264 57005=
 28216 82999 00203 10229 20104 39988 40267 58003=
 28222 82998 02701 10226 20118 30087 40270 57003=
 28224 82970 00501 10233 20099 30068 40267 57003=
 28234 82999 00601 10213 20061 30005 40267 58005=
 28238 82999 00704 10198 20073 39978 40266 52010=
 28313 82998 01002 10245 20091 30086 40265 58004=
 28319 82998 00802 10229 20111 30114 40267 54000=
 28321 82999 03601 10231 20121 30076 40266 58003=
 28324 82998 00301 10231 20095 30153 40266 58003=
 28326 82998 02701 10227 20097 30092 40267 57002=
 28413 82999 01001 10244 20097 30149 40263 57002=
 28428 82999 00602 10229 20097 30088 40261 57003=
 28429 82998 00202 10208 20089 39873 40261 54000=
 22983 42998 20801 10240 20179 30161 40259 57003 81031 333 91002
 91102=
 27083 42999 00000 10241 20173 30048 40255 57001 333 91000 91102=
 27097 42998 01202 10238 20179 30017 40261 52001 333 91003 91103=
 27185 42698 60000 10255 20173 30087 40257 58001 83831 333 91000
 91101=
 27199 42598 20201 10256 20159 30077 40260 57001 81130 333 91002
 91102=
 27281 42982 11402 10255 20156 30062 40254 57001 80030 333 91003
 91103=
 27283 42969 22402 10252 20163 30109 40255 58003 82030 333 91003
 91103=
 27295 42998 52101 10264 20142 30026 40259 57001 80002 333 91002
 91102=
 27296 42980 33002 10265 20137 30057 40259 57003 83030 333 91003
 91103=
 27385 429// 01801 10266 20142 30137 40256 57002 333 91002 91103=
 27393 42998 50000 10252 20161 30106 40264 58003 85040 333 91001
 91102=
 27480 42998 01402 10267 20143 30135 40254 57002 333 91004 91104=
 28007 42999 01101 10239 20117 30025 40270 57002 333 91002 91103=
 28009 42998 00801 10237 20095 30079 40276 57004 333 91003 91103=
 28105 42998 00802 10244 20128 30085 40265 57003 333 91003 91103=
 28202 42999 01501 10231 20129 30058 40266 58001 333 91004 91104=
 28302 42998 21102 10249 20129 30047 40259 57001 82030 333 91003
 91103=
 28307 42998 23401 10254 20139 30127 40261 57002 80001 333 91002
 91102=
 28402 42998 62902 10244 20135 30094 40261 57002 82032 333 91003
 91103=
 28502 42998 21001 10252 20099 30166 40263 57003 80006 333 91002
 91103=
 22550 82997 61303 10237 20191 30202 40212 57013 82031=
 22778 42998 21602 10245 20178 30186 40250 57004 80002=
 22889 42998 00801 10236 20174 30182 40263 58004=
 22762 82998 01302 10242 20184 30200 40236 58008=
 22638 46/// /1802 10204 20180 39976 40189 57006=
 22671 42999 11602 10237 20171 30165 40238 57007 81030=
 22456 42997 21402 10267 20169 30130 40210 57016 80009=
 22583 42698 11201 10231 20150 30185 40260 57009 81100=
 22749 42998 21703 10247 20182 30093 40208 58008 80001=
 22951 42998 71803 10247 20172 39960 40221 57008 80001=
 22887 42999 11001 10245 20189 30192 40257 53006 80001=
 22876 42997 10602 10240 20198 30188 40256 58003 80009=
 22481 42598 21304 10249 20159 30191 40240 57013 82100=
 22854 42999 21403 10247 20167 39951 40218 57006 80001=
 22781 NIL=
 22676 42698 11203 10237 20161 30175 40247 57006 81200=
 22648 42998 61503 10240 20209 30167 40210 57007 82031=
 22559 82998 21601 10257 20179 30207 40222 57012 82030=
 22869 42997 01402 10259 20184 30105 40242 57009=
 22768 42997 11802 10261 20187 30190 40236 57006 80001=
 22798 42998 01202 10242 20124 30165 40270 57006=
 22375 46/// /1504 10263 20163 30214 40228 57016=
 23207 41999 01702 10231 20135 30237 40258 57020 70240=
 23215 NIL=
 23219 NIL=
 27095 NIL=
 22408 11299 81102 10172 20166 30033 40175 57014 60032 70286 886//
 333   20154 31016 88706=
 22511 11359 72401 10170 20156 30061 40176 57014 60032 76162 84710
 333   20160 31016=
 22529 11457 81401 10177 20174 30166 40172 57017 60032 78084 889//
 333   20125 32014 88919=
 22602 12478 61801 10182 20140 39968 40181 57004 60002 85530 333  
 20145 31015 86614=
 22621 11898 82903 10153 20147 30053 40186 57007 60092 725// 85502
 333   20152 32/// 85657=
 22619 11459 82601 10154 20149 30036 40188 57005 60062 78082 8392/
 333   20147 31015=
 22721 11596 82901 10154 20146 30101 40195 52004 60052 78082 889//
 333   20153 31017 88922=
 22727 11561 83501 10159 20154 30149 40195 57003 60152 76100 8872/
 333   20159 32/// 88720=
 22717 11497 80000 10156 20149 30014 40199 5//// 60082 78000 889//
 333   20148 31/// 86914=
 22802 11599 71102 10190 20172 30175 40197 57001 60052 70282 82531
 333   20157 31017=
 22820 11457 80201 10155 20152 30064 40194 54000 60282 78082 889//
 333   20155 32016 87613=
 22831 11698 71101 10204 20186 30144 40196 57005 60012 70282 81930
 333   20161 32016=
 22805 12598 61402 10182 20161 30177 40200 57001 69952 84530 333  
 20170 31017=
 22912 11559 83302 10163 20155 30178 40192 57001 60132 76162 8802/
 333   20154 32017 88528=
 
