06:31:00 MSK 01.05.2023
020 123456/=о000=0331
 уйту01 бтул 010300
 22686 11496 81303 10004 21008 30110 40211 58020 60002 71022 885// 333
 21006 43005 55011 88612 555 53007 7996/=
 22695 11396 81304 11001 21017 30053 40208 57013 60002 71022 886// 333 21006 43007 88709 555 53009 7002/ 91209=
 22996 11596 81103 10029 20016 39982 40167 58037 69972 78082 889// 333
 20021 55083 555 53008 7997/=
 23220 12999 00601 11075 21124 30173 40322 58001 60002 333 21102 47094 55085 555 53008 7000/=
 23226 12960 00000 11062 21111 30104 40329 52001 60002 333 21106 49086 
 555 53006 7000/=
 23305 12999 21003 10005 21059 30222 40250 58018 60002 80005 333 21025
 3/104 43022 555 53006 7000/=
 23320 76/// /3401 11005 21098 30232 40307 57002 333 21079 60002 555 53006 7000/=
 23324 12986 30000 11002 21099 30227 40306 58005 60002 80001 333 21074
 49042 55112 555 53005 7000/=
 23405 12571 71203 10013 21039 30144 40245 57016 60002
 82530 333 21006 43033 55095 555 53008 7000/=
 23410 76/// /0902 10000 21098 30193 40291 56008 333 21060 60002 555 7000/=
 23411 12999 71505 10021 21061 30183 40273 57010 60002 87070 333 21005
 48038 555 53008 7000/=
 23412 12999 51403 10008 21081 30191 40290 57009 60002 85030 333 21025 47050 55121 555 53006 7000/=
 23416 NIL=
 23418 12965 71303 10016 21066 30213 40288 58007 60002 
 87030 333 21004 44056 55149 555 53006 7000/=
 23501 NIL=
 23503 12598 61304 10033 21057 30203 40253 57015 60002 86500 333 21034
 46035 86626 555 53006 7000/=
 23507 66/// /1502 11005 21005 39923 40238 58011 60002 333 21010 555 53007 7000/=
 23509 12498 81504 10015 21020 30174 40253 57008 60002 885// 333 20002
 42028 88615 555 53008 7990/=
 23514 12697 81503 10024 21053 30062 40260 57010 60002 885// 333 20004
 43045 55077 88640 555 53007 7000/=
 23518 12998 81206 10012 21065 30195 40288 58007 60002 8805/ 333 20008
 44051 55101 91110 555 53010 7000/ 91211=
 23606 11262 81304 10004 20004 30083 40252 57008 69932 72682 889// 333 21001 42017 55000 86706 555 53008 7003/=
 23612 12998 81303 10029 21058 30145 40281 57002 60002 8805/ 333 20020 43028 555 53007 7000/=
 23701 11499 71302 10007 21002 30106 40237 57009 69932 72682 87900 333
 21001 43005 87912 555 53005 7010/=
 23704 76/// /1402 10004 20004 39926 40039 55004 333 20000 60002 555 50012 7000/=
 23707 61498 80903 10011 20008 30081 40214 57014 69902 72582 889// 333 20002  55015 86914 555 53006 7002/=
 23708 12384 81403 10011 21002 30091 40242 57005 69942 886// 333 20003
 43005 88709 555 53006 7011/=
 23709 12297 81202 10006 21002 30059 40254 57004 60002 886// 333 20002
 43009 88704 555 53005 7014/=
 23711 12498 81502 10008 21016 30099 40270 57001 69932 889// 333 21003
 43003 55006 88916 555 53006 7003/=
 23803 11496 81203 10007 21006 30070 40252 58003 71022 886// 333 20006
 42007 55000 88719 555 53006 7010/=
 23804 62397 81003 10019 20011 30065 40211 57014 69932 885// 333 21010 55003 86707 555 53005 7002/=
 23807 12997 80904 10016 20002 30037 40199 58022 60002 8253/ 333 21006
 32102 55033 555 53007 7000/=
 23808 66/// /0903 10019 20014 30059 40228 58008 60002 333 21025 555 7000/=
 23812 12597 81503 10014 21009 30108 40273 58001 60012 82932 333 21003
 43010 555 53005 7008/=
 23904 12370 81003 10031 20016 30042 40199 58020 60002 887// 333 21019
 85709 555 53006 7000/=
 23905 12599 81001 10028 20012 39994 40222 57005 60002 885// 333 20012
 31001 555 53005 7997/=
 23909 11498 81104 10017 20012 39993 40240 54000 69962 70242 883// 333
 20014 31003 55000=
 23912 11598 81502 10024 20001 30071 40264 54001 69962 70272 83501 333
 20003 3/100 43006 555 53005 7007/=
 23913 12999 63201 10016 21033 30047 40279 54001 69932 80005 333 21015
 3/132 47013 55000 555 53011 7012/ 91215=
 23914 62498 71304 10014 21008 30000 40260 57003 69922 87500 333 21001
 31001 55000=
 28013 12398 81205 10020 21015 30012 40245 52002 60002 889// 333 20013
 31002 555 53008 7002/=
 28016 12598 81104 10028 20012 30007 40232 58002 60002 885// 333 20024
 31003 555 53007 7002/=
 28029 12599 71205 10028 21007 30032 40253 54000 60002 84530 333 20012
 31002 91110 55000 555 53010 7001/=
 28116 12499 71103 10027 21002 30000 40231 57001 60002 87500 333 20020
 31002 55000=
 28128 12598 81003 10034 21007 30094 40248 52003 60002 885// 333 20018
 31001 55002 555 53009 7990/=
 28134 12598 81204 10017 21010 39906 40260 52008 60002 885// 333 20003
 31101 91012 91111 555 53012 7997/=
 28138 11596 70803 11009 21017 39703 40280 52008 60002 71022 87500 333
 21018 32101 55002=
 28216 11597 80905 10009 21013 39921 40221 58005 69902 78082 889// 333
 20008 31100 91110 555 53010 7996/=
 28222 12898 81102 10035 21008 30051 40246 53005 60002 85071 333 20008
 31001 555 53008 7996/=
 28224 12770 71003 10026 21009 30024 40238 52005 60002 86011 333 21002
 30101=
 28234 12598 81203 10022 21015 39976 40257 52008 60002 885// 333 20006
 30104 555 7000/=
 28238 12599 80804 10016 21007 39960 40266 52006 69902 885// 333 20007
 30001 55003 91110 555 53010 7998/=
 28313 12598 80703 10023 21010 30021 40214 58006 60002 8257/ 333 20020
 30001 555 53008 7990/=
 28319 12598 60703 10044 21003 30038 40200 54000 60002 82550 333 20038
 30004=
 28321 12899 70803 10022 21011 30018 40223 50003 60002 87070 333 20009
 30100=
 28324 12598 80803 10043 21019 30090 40211 50002 60002 83489 333 20032
 30002 555 53008 7990/=
 28326 12898 61003 10042 21003 3//// 4//// 5//// 60002 83031 333 21001
 30100 55025 555 53007 7990/=
 28413 12599 70802 10086 21001 30066 40185 58007 60002 86580 333 20069
 30007 555 53008 7990/=
 28428 12598 80603 10081 21027 30017 40199 53005 60002 83531 333 20060
 30006 555 53009 7000/=
 28429 12898 70904 10058 21025 39807 40215 53006 60002 85031 333 20051
 30005 555 53009 7000/=
 22983 11469 80903 10026 20016 30045 40150 57040 60012 78082 889// 333
 20024 31003 55097 91005 91107 555 52002 53007 7001/=
 27083 11436 80903 10029 20023 39920 40142 57034 60042 76362 8872/ 333
 20027 32004 91006 91110 555 52003 53010 7004/=
 27097 11471 80704 10031 20029 39893 40153 56032 60062 78082 889// 333
 20028 32004 91007 91108 555 52003 53009 7006/=
 27185 12598 80703 10056 20047 39932 40113 58036 60032 883// 333 20045
 31006 91007 91108 555 52004 53008 7003/=
 27199 11498 81005 10055 20043 39940 40134 57030 60022 70262 8872/ 333
 20046 32005 55075 91011 91109 555 52004 53011 7002/=
 27281 11482 81105 10070 20062 39886 40088 57030 60052 70282 886// 333
 20057 31006 91008 91110 555 53011 7005/=
 27283 11498 81106 10072 20061 39955 40108 57034 60022 70282 889// 333
 20056 32005 91009 91110 555 52005 53011 7002/=
 27295 12598 70704 10075 20056 39865 40110 57027 60052 84470 333 20052
 31007 91008 91112 555 52004 53014 7005/=
 27296 11998 81004 10072 20050 39913 40126 57036 60052 70282 80001 333
 20050 31006 55039 91007 91115 555 52007 53015 7005/=
 27385 125// 71203 10114 20085 39965 40088 57016 60062 82531 333 20074
 31008 91006 91108 555 52004 53011 7006/=
 27393 11998 60806 10081 20063 39949 40115 58074 60062 70262 85079 333
 20063 31007 55063 91010 91114 555 53014 7006/=
 27480 12998 81204 10124 20100 39950 40073 57020 60022 83071 333 20087
 31008 91008 91109 555 53016 7002/=
 28007 11457 81302 10027 20014 39918 40179 56027 69992 76162 8802/ 333
 20022 31003 55070 88510 91004 91107 555 53007 7999/=
 28009 11460 80902 10029 20012 39991 40202 57019 69942 76162 8672/ 333
 20018 31001 91005 91104 555 52101 53005 7001/=
 28105 11598 81003 10044 20028 39965 40163 58034 60022 70262 885// 333
 20037 32004 91007 91107 555 53008 7002/=
 28202 11565 81305 10042 20023 39948 40168 58029 60032 78082 8693/ 333
 20039 31003 91010 91111 555 53011 7003/=
 28302 11598 80902 10062 20040 39929 40154 57033 60042 72582 8697/ 333
 20050 31006 91006 91108 555 52002 53008 7004/=
 28307 11498 81004 10091 20062 39976 40116 58046 60032 70282 86801 333
 20079 31008 91009 91109 555 52004 53009 7003/=
 28402 11998 60807 10089 20058 39962 40137 57032 69962 70262 84079 333
 20088 31008 91011 91111 555 52009 53011 7002/=
 28502 11598 80704 10125 20067 30028 40127 56021 69902 70282 82435 333
 20120 30011 55076 91006 91109 555 52010 53009 7990/=
 22550 62997 71204 10038 21008 30128 40138 57017 60002 84031 333 20033
 32001 55134 555 53009 7000/=
 22778 12998 81004 10026 21008 30089 40158 57032 60002 8807/ 333 20017
 32001 55121 555 53008 7000/=
 22889 12498 80705 10027 20002 30076 40162 58039 60002 8655/ 333 20017
 86616 555 53009 7000/=
 22762 12998 81003 10037 20003 30104 40143 58026 60002 8007/ 333 20035
 41998 555 53007 7000/ 91207=
 22638 46/// /1201 10031 21016 39871 40094 57013=
 22671 12498 81303 10008 21004 30101 40181 56019 60002 8695/ 333 20001
 3/102 42011 55069 86910 555 53007 7000/=
 22456 12997 81303 10020 21003 30066 40154 57019 60002 80004 333 20005
 3/102 43020 555 53007 7000/=
 22583 11498 71302 10004 21008 30129 40211 58020 69932 70288 87600
 333 21004 44033 55014 555 53005 7006/=
 22749 NIL=
 22951 12498 81302 10041 21011 39821 40099 57032 60002 886// 333 20038
 555 53006 7000/=
 22887 12599 80702 10029 20016 30084 40153 57035 60002 8355/ 
 333 20026 30001 55115 555 53006 7000/=
 22876 12997 80905 10019 20006 30079 40152 58038 60002 8805/ 333 20008
 555 50057 53008 7000/ 91208=
 22481 12598 81305 10003 21009 30147 40201 57022 60002 885// 333 20002
 3/000 44039 555 53009 7005/=
 22854 12899 80702 10033 21015 39820 40106 57032 60002 8807/ 333 20033
 31002 55135 555 53008 7000/=
 22781 NIL=
 22676 12898 81304 10010 21005 30111 40189 57018 60002 8805/ 333 21005
 555 53008 7990/=
 22648 NIL=
 22559 12598 71304 10032 21006 30133 40149 57018 60002 82570 333 20027
 55082 555 53008 7000/=
 22869 11497 80804 10043 21009 39971 40118 57039 69912 76162 8272/ 333
 20043 32004 555 53007 7991/=
 22768 12497 80904 10039 21002 30081 40130 57030 60002 885// 333 20034
 31003 55142 88618 555 53008 7000/=
 22798 11497 80602 10012 20008 30090 40203 57020 60002 70241 885// 333
 21002 31100 555 53006 7993/=
 22375 46/// /1607 10003 30168 40183 57025=
 23207 12999 21303 10010 21044 30216 40239 57019 60002 80001 333 21039
 42019 55108 555 53006 7000/=
 23215 NIL=
 23219 NIL=
 27095 76/// /0702 10031 20031 39958 40187 55019 333 20028 60002 555 53009 7000/=
 22408 21499 72203 10013 21009 39926 40075 52002 70282 879// 333  
 20011 55038 69962 88919 555   7001/=
 22511 22698 71901 10023 20008 39957 40077 57003 84970 333   20021
 69902 555   7001/=
 22529 21574 80000 10021 20010 30085 40092 57011 78082 889// 333  
 20010 69912 88922 555   7991/=
 22602 21477 82602 10005 21003 39860 40086 54000 70282 885// 333  
 20004 55004 69952 88615 555   7005/=
 22621 73470 /1802 10036 20028 39954 40092 57006 333   20035 55051
 60012 555   7001/=
 22619 22480 82401 10027 20018 39929 40087 57007 885// 333   20012
 55037 60062 88613 555   7006/=
 22721 21498 80000 10032 20025 39995 40092 57010 70282 887// 333  
 20030 69932 85711 555   7993/=
 22727 76770 /1501 10041 20030 30048 40095 57011 333   20041 69942
 555   7994/=
 22717 73/60 /2501 10001 21002 39906 40100 57006 333   21009 60012
 555   7005/=
 22802 22599 21201 11003 21007 30081 40105 57001 82501 333   21012
 55000 60002 555   7002/=
 22820 21665 82401 10038 20024 39959 40094 57012 76162 8657/ 333  
 20038 55090 69942 86647 555   7994/=
 22831 22998 60000 10035 20001 30028 40083 57019 86030 333   20025
 55118 60002 555   7000/=
 22805 22598 83201 10013 20012 30093 40113 54000 333   20007 55013
 8655/ 60002 555   7003/=
 22912 22999 82702 10025 20010 30088 40103 57006 8807/ 333   20025
 60022 555   7003/=
 
