03:31:00 MSK 11.12.2023
020 123456/=о000=0031
 унту01 бтул 110000
 22686 41998 81404 11193 21217 30318 40429 57017 70273 8805/ 555 1/120=
 22695 41598 81504 11202 21237 30259 40431 57013 70272 8555/ 555 1/120=
 22996 42998 51602 11204 21220 30246 40455 57015 83035 555 1/121=
 23220 41596 82501 11147 21164 30326 40481 57006 77172 887// 333 88625 555 1/113=
 23226 41460 81903 11155 21168 30238 40475 57011 77172 885// 333 88612 
 555 1/114=
 23305 42/// /1704 11170 21197 30398 40429 57021 555 1/120=
 23320 86/// /1902 11194 21207 30414 40496 57005=
 23324 42582 22002 11172 21198 30405 40491 57003 82500 555 1/120=
 23405 42997 01305 11190 21216 30329 40440 57020 555 1/121=
 23410 86/// /1504 11178 21204 30374 40481 56007 555 53007=
 23411 NIL=
 23412 42999 81703 11179 21199 30372 40480 57006 8805/ 555 1/119=
 23416 NIL=
 23418 41565 71702 11190 21209 30413 40496 57005 70272
 87500 333 87633 555 1/120=
 23503 42/// /1604 11161 21192 30409 40464 57017 555 1/120=
 23507 NIL=
 23509 NIL=
 23514 41597 81802 11165 21189 30275 40493 57006 70272 885// 333 86626
 555 1/118=
 23518 NIL=
 23606 42960 01603 11192 21214 30300 40486 57009 555 1/123=
 23612 NIL=
 23701 NIL=
 23704 86/// /1603 11191 21209 39001 49115 56006 555 53007=
 23707 81998 81302 11201 21223 30318 40466 57015 77177 8802/ 333  93628 555 1/123=
 23708 42/// /1301 11267 21300 30324 40497 57008 555 1/132=
 23709 42698 40000 11199 21228 30288 40505 57002 84500 555 1/126=
 23711 42998 21701 11269 21296 30322 40518 58002 80005 555 1/133=
 23803 42999 01102 11228 21264 30306 40511 57001 555 1/128=
 23804 42997 81402 11203 21228 30309 40472 57013 88025 555 1/121=
 23807 42/// /1102 11218 21231 30288 40470 57016 555 1/126=
 23808 86/// /1202 11241 21257 30307 40499 57005=
 23812 42997 00000 11317 21357 30338 40530 52004 333 934// 555 1/134=
 23904 42980 01802 11233 21252 30303 40481 57010 555 1/129=
 23905 41899 30000 11246 21271 30242 40503 57001 70171 83020 555
 1/132=
 23909 42998 21401 11221 21245 30232 40510 52002 80001 333 93607=
 23912 42998 00000 11266 21292 30306 40528 52007 555 1/134=
 23913 42999 02301 11328 21369 30283 40555 52007 555 1/138=
 23914 82998 01202 11238 21263 30230 40523 52006 333 93609=
 27095 NIL=
 28013 42998 01301 11244 21278 30250 40514 52003 555 1/126=
 28016 42/// /0000 11273 21297 30258 40518 52005 555 1/133=
 28029 42999 01201 11234 21260 30272 40522 52010 555 1/134=
 28116 42999 00000 11297 21327 30252 40522 52006=
 28128 41998 00000 11313 21343 30348 40529 52008 70271 555 1/138=
 28134 42998 00000 11289 21318 30127 40536 52008 555 1/136=
 28138 43/// /0000 11268 21302 39887 40540 52011=
 28216 42999 01103 11249 21281 30176 40517 53005 555 1/128=
 28222 42/// /0000 11299 21333 30302 40530 50009 555 1/135=
 28224 41968 00000 11299 21330 30278 40528 52008 70271 333 93604=
 28234 42997 00000 11322 21367 30209 40539 52005 555 1/136=
 28238 42999 00000 11348 21392 30188 40551 50012 555 1/139=
 28313 42/// /0000 11353 21392 30301 40531 53009 555 1/140=
 28319 42998 00000 11326 21358 30329 40524 52007=
 28321 42999 03201 11318 21354 30286 40526 53008=
 28324 42/// /0000 11381 21425 30383 40529 52008 555 1/142=
 28326 42998 20000 11358 21396 30312 40536 52013 80001 555 1/141=
 28413 42998 00000 11281 21319 30370 40512 52009 555 1/136=
 28428 42997 00101 11338 21378 30298 40518 52007 555 1/138=
 28429 42/// /0401 11294 21326 30043 40523 51010 555 1/139=
 22983 41980 81302 11198 21223 30315 40432 57021 70272 86055 333 91004
 91105 555 1/121=
 27083 42584 81503 11202 21228 30191 40440 57012 885// 333 91006 91107
 555 1/121=
 27097 42/// /1404 11216 21231 30171 40466 54001 333 91007 91107 555
 1/123=
 27185 42/// /1201 11201 21226 30246 40452 57006 333 91004 91106 555
 1/121=
 27199 41998 01002 11229 21253 30252 40476 57001 77672 333 91003 91105
 555 1/124=
 27281 41958 81305 11210 21235 30210 40443 57009 77172 8807/ 333 91009
 91109 555 1/121=
 27283 42497 61402 11215 21238 30284 40459 58006 86500 333 91004 91106
 555 1/125=
 27295 42/// /1002 11223 21252 30182 40467 58006 333 91004 91104 555
 1/124=
 27296 42997 81202 11230 21261 30229 40476 57001 80005 333 91003 91107
 555 1/126=
 27385 429// 71001 11225 21254 30305 40451 57009 85031 333 91003 91104
 555 1/123=
 27393 41598 50902 11238 21265 30288 40483 57001 70272 82535 333 91004
 91104 555 1/128=
 27480 42998 61204 11215 21251 30298 40443 57009 80001 333 91006 91106
 555 1/121=
 28007 42999 00000 11242 21271 30190 40489 57003 333 91000 91102 555
 1/126=
 28009 42998 00000 11274 21314 30259 40503 54000 333 91001 91101 555
 1/134=
 28105 42998 01302 11227 21260 30267 40486 54000 333 91003 91105 555
 1/126=
 28202 42997 01402 11257 21290 30243 40497 52003 333 91003 91104 555
 1/127=
 28302 42997 00901 11244 21275 30232 40493 55001 333 91001 91102 555
 1/128=
 28307 41998 01101 11244 21275 30312 40477 54000 70271 333 91002 91104
 555 1/128=
 28402 41980 20902 11256 21283 30281 40487 52003 70272 80005 333 91003
 91104 555 1/129=
 28502 42997 80000 11254 21286 30363 40482 52003 80001 333 91000 91102
 555 1/133=
 22550 81957 81404 11162 21190 30297 40308 57015 77173 8802/ 333 91111
 555 1/116=
 22778 42598 81405 11183 21210 30312 40389 57023 885// 333 88621 91111
 555 1/117=
 22889 42/// /1004 11193 21217 30340 40436 57025 555 1/121=
 22762 41996 81304 11172 21195 30305 40348 57023 77177 8007/ 333 91110
 555 1/117=
 22638 46/// /1502 11164 21188 30022 40266 57012=
 22671 42/// /1603 11186 21210 30275 40363 57023 555 1/119=
 22456 41996 81602 11172 21212 30221 40317 57018 77172 8802/ 555
 1/117=
 22583 42598 71403 11192 21216 30311 40401 57019 875// 555 1/122=
 22749 42/// /1603 11153 21172 30161 40297 57012 555 1/112=
 22951 42/// /1504 11167 21187 30014 40321 57012 555 1/114=
 22887 41497 81103 11193 21219 30340 40418 57021 78588 8695/
 333 86919 555 1/120=
 22876 42997 81103 11184 21203 30326 40407 57022 8805/ 555 1/118=
 22481 42/// /1505 11191 21215 30308 40366 57024 555 1/120=
 22854 42/// /1503 11167 21189 30004 40319 57012 333 91110 555 1/113=
 22781 NIL=
 22676 41596 81405 11185 21215 30299 40385 57023 77072 885// 555
 1/119=
 22648 41397 81505 11151 21176 30248 40298 57014 77173 8872/ 333 88708
 91111 555 1/114=
 22559 42/// /1503 11165 21189 30311 40329 57017 555 1/115=
 22869 41397 81304 11176 21203 30204 40368 57023 77173 8672/ 333 86707
 555 1/114=
 22768 41396 81504 11159 21192 30290 40345 57024 77187 8872/ 333 86707
 555 1/114=
 22798 41597 81102 11201 21221 30328 40454 57017 70272 86501 555
 1/120=
 22375 46/// /1809 11183 21209 30315 40332 57021 333 91114=
 23207 NIL=
 23215 42598 81804 11153 21170 30355 40453 57014 885// 333 88625 555
 1/116=
 23219 NIL=
 22408 41350 81501 11179 21197 30061 40224 57008 77172 8872/ 333  
 88509 93505 555   1/119=
 22511 41981 61601 11173 21192 30094 40225 57010 72272 86010 333  
 93503 555   1/124=
 22529 41496 81602 11152 21172 30244 40251 57015 77172 8872/ 333  
 88518 555   1/116=
 22602 41459 81001 11166 21184 39977 40221 57010 77172 885// 333  
 88614 555   1/113=
 22621 83423 /1403 11151 21167 30092 40243 57014 555   1////=
 22619 42998 81402 11154 21175 30063 40235 57014 8805/ 555   1/114=
 22721 41596 80000 11138 21154 30140 40246 57010 78587 889// 333  
 86921 555   1/113=
 22727 86/69 /1402 11158 21183 30200 40252 57008 555   1////=
 22717 83/66 /1301 11171 21194 30024 40239 57008 555   1////=
 22802 41496 80805 11119 21132 30187 40212 57007 78583 889// 333  
 88911 555   1/110=
 22820 41597 81602 11157 21187 30102 40250 57007 70272 8357/ 555  
 1/114=
 22831 41696 81202 11152 21173 30211 40271 57009 77172 885// 333  
 88640 555   1/115=
 22805 414// 81507 11058 21067 30183 40209 57008 77173 8872/ 333  
 91010 91112 555   1/106=
 22912 41684 81204 11144 21168 30217 40233 57009 70272 885// 333  
 88642 555   1/115=
 
