12:31:00 MSK 12.04.2023
010 111/=о000=0931
 уйту01 бтул 120900
 22686 41498 82805 10029 21008 30028 40127 53010 72722 8397/ 333 91110=
 22695 42698 82806 10041 21041 39951 40102 52006 8355/ 333 91012 91112=
 22996 42599 62705 10121 21033 39953 40133 57003 85130 333 91010 91110=
 23220 41999 23404 11166 21208 30018 40169 52025 70230 80001=
 23226 41960 20308 11176 21226 39947 40179 52021 73630 80001 333 91012 
 91112=
 23305 41699 60405 11091 21146 30132 40161 52041 72683 82131 333 91111
 92980=
 23320 86/// /0305 11128 21185 30067 40144 52019=
 23324 42986 60406 11145 21195 30080 40163 53024 82078=
 23405 41477 83506 11054 21087 30022 40124 52035
 73632 8635/ 333 86618 91112=
 23410 86/// /0106 11083 21158 30035 40135 53024 333 91111=
 23411 41999 80406 11095 21153 30048 40141 52031 73632 8802/ 333
 91111=
 23412 42999 50306 11094 21165 30038 40139 52027 80001 333 91110=
 23416 NIL=
 23418 41465 80303 11031 21066 30034 40109 52025 70272 
 885// 333 88614=
 23503 41397 80203 11014 21027 30054 40104 53024 77187 8672/ 333 86709=
 23507 86/// /0102 10002 20002 39792 40102 53013=
 23509 41498 73103 10017 21009 30017 40095 53015 72682 85903 333 85914=
 23514 41497 83101 10017 20001 39884 40079 53004 78582 8697/ 333 84712=
 23518 41597 73503 10017 21001 39984 40075 52006 78582 87900 333
 85920=
 23606 42662 83203 10044 21028 39925 40089 52010 8593/ 333 84935=
 23701 42699 72803 10050 21028 39987 40114 52009 82330=
 23704 86/// /2503 10050 21018 39926 40039 55004=
 23707 82499 73105 10063 21033 39986 40115 52006 83940 333 91110=
 23708 42584 82807 10060 21052 39965 40112 53004 86931 333 86920 91012
 91112=
 23709 42598 72605 10058 21061 39915 40104 52002 87900 333 87926=
 23711 42598 72503 10061 21026 39920 40086 53005 85930 333 85926=
 23803 42599 82806 10070 21074 39939 40116 56001 86501 333 86633 91110=
 23804 82597 82802 10079 21046 39975 40116 52002 83530=
 23807 42598 72807 10098 21002 39967 40124 57002 83139 333 91012 91114=
 23808 86/// /2308 10099 21056 39957 40120 55003 333 91113=
 23812 42597 73105 10064 21059 39937 40096 57001 86902 333 91110=
 23904 42670 72903 10109 21056 39981 40132 57002 83540 333 91110=
 23905 42599 72405 10095 21058 39904 40125 57006 86801 333 91110=
 23909 42598 62904 10093 21053 39889 40127 57004 86500=
 23912 42598 82705 10077 21047 39926 40114 54000 86909 333 91110=
 23913 42599 73005 10070 21088 39883 40107 52006 87100 333 91112=
 23914 82699 82704 10076 21060 39869 40120 52003 87245 333 91112=
 28013 42598 72805 10096 21082 39904 40128 52006 85901 333 91112=
 28016 42599 62904 10099 21064 39916 40134 57005 86200 333 91110=
 28029 42899 62804 10103 21075 39915 40128 52003 86070 333 91110=
 28116 42899 62905 10114 21063 39913 40136 57003 84130 333 91010
 91110=
 28128 42599 82804 10117 21049 39990 40138 57003 86801=
 28134 42698 83203 10092 21062 39790 40131 57001 85281=
 28138 42599 72505 10068 21075 39575 40129 57001 87300 333 91111=
 28216 42599 72906 10113 21070 39860 40147 54001 87100 333 91011
 91112=
 28222 42598 83003 10108 21054 39954 40142 54001 885//=
 28224 42770 72903 10114 21063 39940 40146 57003 87500=
 28234 42499 72905 10102 21091 39873 40143 57002 84930 333 91113=
 28238 42599 62706 10102 21086 39847 40141 57003 86100 333 91112=
 28313 42598 62605 10141 21057 39965 40149 57007 85101 333 91012
 91112=
 28319 42599 52406 10141 21051 30003 40159 57009 85100 333 91110=
 28321 42599 62604 10136 21045 39951 40146 58008 86100=
 28324 42599 62505 10143 21070 30036 40152 58012 85481=
 28326 42598 72904 10122 21053 39971 40151 57005 86530 333 91110=
 28413 42599 62703 10147 21089 30048 40165 57007 86100=
 28428 42599 62706 10151 21078 39987 40163 57009 86900 333 91010
 91110=
 28429 42598 62705 10124 21043 39764 40161 57008 86900 333 91010
 91111=
 22983 42698 62903 10115 21053 30038 40140 57001 82135 333 91007
 91108=
 27083 42599 52704 10117 21059 39928 40142 57003 85100 333 91007
 91110=
 27097 42498 22704 10123 21046 39899 40151 52002 82100 333 91007
 91109=
 27185 42698 22903 10139 21064 39985 40162 58001 82100 333 91006
 91107=
 27199 42698 23003 10134 21068 39970 40159 52001 82100 333 91007
 91109=
 27281 42582 23204 10138 21060 39969 40168 57002 82500 333 91006
 91107=
 27283 42598 12904 10140 21058 30015 40165 58003 81100 333 91007
 91108=
 27295 42998 32404 10135 21062 39925 40166 57001 80005 333 91007
 91109=
 27296 42698 23004 10142 21061 39950 40159 57003 82100 333 91008
 91108=
 27385 425// 62704 10143 21025 30049 40173 57004 86500 333 91008
 91108=
 27393 42598 62607 10139 21047 30008 40173 58003 83530 333 91010
 91112=
 27480 42698 52502 10160 21016 30058 40180 57005 85100 333 91005
 91106=
 28007 42699 23004 10120 21075 39894 40146 52001 82500 333 91008
 91109=
 28009 42598 62803 10128 21073 39939 40141 57007 86200 333 91006
 91109=
 28105 42598 22804 10138 21087 39956 40148 57004 82200 333 91008
 91114=
 28202 42699 62905 10124 21055 39939 40152 58002 86200 333 91010
 91110=
 28302 42598 62804 10131 21062 39943 40163 54000 86200 333 91006
 91109=
 28307 42498 52604 10152 21074 30035 40173 58002 82201 333 91007
 91108=
 28402 42698 62904 10154 21067 30001 40172 57002 86201 333 91007
 91109=
 28502 42698 23005 10159 21076 30081 40180 57002 82100 333 91008
 91112=
 22550 81696 80103 10019 21015 30158 40168 52022 78582 889// 333
 88636=
 22778 42598 83004 10072 21039 30079 40147 52004 82502=
 22889 42/// /2905 10104 21048 30055 40139 52002 333 91111=
 22762 42598 62603 10089 21053 30110 40148 54000 82171=
 22638 NIL=
 22671 41598 73504 10029 21011 30064 40143 52014 70182 86930 333
 86921=
 22456 41496 80102 11003 21051 30088 40177 52028 78782 889//=
 22583 41598 60303 10024 21041 30050 40130 52026 70288 86800=
 22749 NIL=
 22951 42998 03202 10102 21076 39889 40163 52008=
 22887 42699 63004 10092 21017 30073 40141 53002 82501=
 22876 42597 63104 10091 21039 30075 40146 52004 82101=
 22481 42/// /3405 11023 21051 30102 40156 53031=
 22854 42498 22903 10090 21077 39880 40162 52005 82101=
 22781 NIL=
 22676 42698 73005 10035 21013 30060 40137 52013 84205=
 22648 NIL=
 22559 41596 83103 10019 21003 30145 40162 52018 78382 8597/ 333
 85631=
 22869 42597 32102 10107 21057 30007 40151 54001 81130=
 22768 42697 63002 10099 21053 30101 40150 57002 82508=
 22798 42598 80000 10074 21034 30011 40121 52003 885//=
 22375 46/// /0611 11074 30176 40192 52047 333 91115=
 23207 41999 60408 11124 21165 30170 40194 52041 73632 80002 333 91011
 91112=
 23215 NIL=
 23219 NIL=
 27095 86/// /3005 10116 21065 39937 40158 54001=
 22408 42999 60303 10053 21032 30055 40204 52023 80039=
 22511 42698 60303 10055 21033 30075 40195 52021 82831=
 22529 42599 83403 10030 21018 30181 40188 52026 885// 333   88624=
 22602 42999 33602 10083 20000 39964 40185 52006 8303/=
 22621 83770 /3203 10070 21059 30042 40180 52012=
 22619 42582 63004 10056 21026 30022 40180 52010 82530=
 22721 42999 63002 10088 21056 30080 40176 52008 86030=
 22727 86/70 /3502 10109 21048 30132 40179 52002=
 22717 83/69 /0702 10098 21052 39994 40184 52004=
 22802 42699 70000 10112 21040 30166 40189 52007 83531=
 22820 42970 23002 10113 21067 30044 40177 52002 82030=
 22831 42998 22602 10111 21067 30120 40174 52002 82030=
 22805 42598 61601 10061 21041 30173 40193 52010 82531=
 22912 42999 52601 10114 21046 30167 40182 52007 85030=
 
