12:31:00 MSK 07.02.2023
010 111/=о000=0931
 уйту01 бтул 070900
 22686 41498 82003 11088 21106 30198 40303 57009 70272 8657/ 333 86614=
 22695 NIL=
 22996 41596 81901 11100 21112 30159 40362 58002 77172 8252/=
 23220 41599 81002 11191 21213 30137 40292 57013 70272 8257/=
 23226 41445 81705 11176 21195 30051 40285 57015 70522 8655/ 333 86610=
 23305 42/// /1804 11129 21146 30219 40248 58017=
 23320 86/// /2305 11146 21173 30216 40295 57013=
 23324 42983 41903 11172 21193 30205 40289 57015 81042=
 23405 41960 81403 11130 21143 30165 40273 57013
 77172 8802/=
 23410 86/// /1605 11174 21196 30184 40290 57011=
 23411 42/// /2105 11155 21167 30179 40275 58013=
 23412 41999 61702 11173 21194 30182 40288 57011 70272 80005=
 23416 NIL=
 23418 42565 81504 11149 21169 30227 40306 57009 8251/=
 23503 42/// /1901 11162 21185 30239 40294 58012=
 23507 86/// /2202 11131 21142 39965 40297 58004=
 23509 42598 71702 11140 21163 30220 40304 57014 87500 333 87622=
 23514 41997 81802 11153 21171 30101 40314 57005 72272 85075=
 23518 41996 82103 11165 21186 30235 40335 57004 77172 8807/=
 23606 42962 62002 11132 21152 30136 40322 
 57007 80001=
 23701 41960 72203 11119 21133 30187 40325 58010 77072 87070=
 23704 86/// /2302 11117 21121 39926 40039 55004=
 23707 81496 82404 11108 21122 30191 40332 57003 77177 8652/ 333 86618=
 23708 42/// /1702 11128 21149 30181 40342 57007=
 23709 42/// /1401 11120 21146 30142 40348 55002=
 23711 41997 61501 11143 21173 30162 40345 54000 77072 84025=
 23803 41999 61202 11150 21187 30168 40364 58001 70282 80009=
 23804 41496 81901 11102 21120 30183 40338 57004 77172 8657/ 333 86614=
 23807 41996 81801 11105 21118 30180 40353 57001 77172 8802/=
 23808 NIL=
 23812 42/// /0000 11138 21178 30182 40358 54001=
 23904 41457 81601 11146 21161 30197 40368 57004 77072 885// 333 88618=
 23905 42999 50000 11123 21150 30123 40367 57001 80005=
 23909 41898 22701 11140 21160 30105 40370 57003 72271 82010=
 23912 41998 60000 11173 21198 30161 40372 52002 70172 80005 333
 93502=
 23913 42999 20000 11211 21244 30125 40380 58002 80002=
 23914 81898 21201 11174 21197 30091 40372 52003 70271 81045=
 28013 41898 60000 11142 21165 30122 40372 54001 70274 86070=
 28016 42998 10000 11131 21183 30132 40377 57003 80001 333 93501=
 28029 42999 00000 11178 21206 30130 40370 52005=
 28116 41498 83501 11156 21176 30128 40379 52004 77072 82515=
 28128 42999 01601 11213 21237 30209 40380 52004=
 28134 42998 43401 11150 21182 39983 40364 52004 80001=
 28138 42999 02201 11113 21137 39739 40343 52004=
 28216 42999 13001 11141 21164 30056 40378 52004 80005=
 28222 42998 33001 11164 21193 30162 40375 52004 80001 333 93500=
 28224 41960 00101 11145 21166 30138 40369 52005 70270=
 28234 41897 20000 11147 21174 30062 40364 52006 70171 80040=
 28238 41899 50000 11133 21161 30029 40356 52003 70272 82021=
 28313 42998 03101 11125 21164 30170 40377 52003 333 93500=
 28319 42998 02401 11144 21182 30197 40375 52007=
 28321 42999 03502 11140 21169 30152 40373 52005=
 28324 42997 02201 11137 21194 30240 40371 52004 333 93500=
 28326 42998 23401 11131 21172 30162 40363 52007 80001=
 28413 42999 10101 11133 21164 30242 40375 51007 80001=
 28428 41996 42801 11121 21165 30159 40358 50005 71000 80001=
 28429 42998 72601 11076 21117 39912 40346 52006 80001=
 22983 41563 82703 11078 21103 30244 40355 54000 77172 8653/ 333 91005
 91106=
 27083 41599 62402 11069 21099 30126 40360 54000 70272 86900 333 91004
 91105=
 27097 41998 22201 11076 21094 30093 40370 57001 70181 80001 333 91002
 91103=
 27185 41598 61801 11070 21099 30185 40379 52003 70272 81531 333 91002
 91103=
 27199 41998 22301 11136 21156 30178 40392 52005 70171 80001 333 91002
 91102=
 27281 41459 72301 11055 21085 30165 40383 52005 77072 81571 333 91002
 91104=
 27283 41998 21901 11119 21143 30212 40381 52004 70171 80001 333 91003
 91103=
 27295 42998 60000 11093 21124 30123 40392 52006 80005 333 91000
 91101=
 27296 41965 00000 11155 21178 30153 40392 52002 70240 333 91000
 91101=
 27385 419// 13001 11178 21204 30261 40406 52008 70241 81030 333 91001
 91101=
 27393 42998 00000 11140 21165 30214 40400 52007 333 91001 91102=
 27480 42998 00000 11143 21170 30263 40403 52009 333 91000 91102=
 28007 41999 72401 11125 21144 30100 40383 52001 70272 83033 333 91001
 91102 93534=
 28009 41998 00000 11156 21192 30152 40382 57003 70271 333 91001
 91101=
 28105 42998 22401 11134 21169 30169 40386 58001 80001 333 91002
 91102=
 28202 42976 20000 11157 21190 30146 40389 52003 80001 333 91000
 91101=
 28302 42998 33401 11119 21145 30140 40386 52005 80001 333 91002
 91102=
 28307 42997 63002 11144 21172 30235 40393 50004 80001 333 91003
 91103=
 28402 42970 31901 11147 21168 30192 40387 52007 80009 333 91001
 91102=
 28502 42998 22703 11166 21194 30272 40386 52009 80001 333 91004
 91104=
 22550 82497 81904 11053 21072 30237 40247 57017 8663/ 333 86710=
 22778 42497 82202 11082 21102 30259 40332 57005 8251/=
 22889 42/// /2203 11076 21099 30257 40348 58003=
 22762 41496 82102 11071 21083 30270 40311 56007 77172 8657/=
 22638 46/// /2102 11063 21071 30044 40279 57009=
 22671 41496 82103 11081 21084 30193 40276 58014 77177 8872/ 333
 86710=
 22456 42497 82103 11063 21072 30125 40216 58026 886//=
 22583 41597 82201 11084 21107 30179 40264 57015 78588 889//=
 22749 NIL=
 22951 41498 82603 11088 21102 30057 40356 54001 77172 8372/=
 22887 41597 82003 11078 21100 30271 40346 58008 
 78582 8795/ 333 87924=
 22876 41597 82204 11083 21100 30264 40341 58005 70282 889// 333
 88920=
 22481 41598 82007 11078 21081 30169 40224 58021 73632 885// 333 91011
 91111=
 22854 41297 82203 11086 21094 30031 40337 58005 77172 8772/ 333 87706=
 22781 NIL=
 22676 42598 82204 11078 21098 30212 40294 57008 885//=
 22648 NIL=
 22559 41498 82004 11061 21076 30249 40266 57013 70272 885// 333
 88616=
 22869 41297 82103 11091 21105 30199 40357 58005 77177 887// 333
 85705=
 22768 41597 82306 11076 21102 30273 40326 57007 70272 885// 333
 88627=
 22798 41496 80000 11096 21110 30213 40333 57008 78587 889//=
 22375 46/// /2009 11073 30165 40180 57026 333 91115=
 23207 41497 82105 11087 21108 30180 40204 57024 77173 8572/ 333
 91111=
 23215 NIL=
 23219 NIL=
 27095 86/// /1201 11104 21114 30136 40381 50001=
 22408 41256 82303 11017 21020 30049 40202 57010 71022 886// 333  
 88703 93502=
 22511 41328 82203 11024 21037 30093 40217 57005 77772 887// 333  
 88708 93600=
 22529 41599 82106 11034 21055 30218 40225 57019 73683 889// 333  
 88920 91111=
 22602 42475 82303 11028 21041 30014 40246 57006 885// 333   88612=
 22621 83468 /2105 11046 21058 30104 40249 57015=
 22619 42981 82304 11036 21056 30089 40253 57013 8805/ 333   91110=
 22721 41398 81401 11058 21066 30185 40288 57007 70272 886// 333  
 88708 93402=
 22727 86369 /1803 11042 21050 30259 40309 57005=
 22717 83/65 /2103 11030 21037 30103 40303 57004=
 22802 42499 81902 11023 21039 30287 40311 57006 8655/=
 22820 42970 82303 11030 21049 30169 40311 57008 8803/ 333   93400=
 22831 42298 82202 11057 21072 30270 40328 52003 886// 333   88705=
 22805 42598 82207 11012 21023 30305 40325 54000 885// 333   91110=
 22912 41456 82204 11023 21042 30325 40341 52005 77172 8802/ 333  
 88517=
 
