18:31:00 MSK 27.11.2023
020 123456/=о000=1531
 уйту01 бтул 271500
 22686 11997 80303 11090 21105 30076 40180 57011 60012 77172 8802/ 333 11090 555 51155 53005=
 22695 11496 80603 11083 21105 30012 40171 57005 60012 77172 8772/ 333
 11083 555 51145 53007=
 22996 12498 80801 11007 21007 39899 40085 57006 60022 8572/ 333 11007 85710 93401 555 51063 53006=
 23220 12598 71005 11139 21169 30123 40275 52001 60002 82530 333 11139 555 51169 53009=
 23226 12960 00502 11213 21232 30050 40288 54000 60002 333 11195 555 
 51194 53003=
 23305 12984 63502 11226 21249 30247 40278 52006 60002 86070 333 11225
 555 51208 53003=
 23320 76/// /0401 11172 21187 30184 40263 54001 333 60002 555 51226 53003=
 23324 12977 80201 11169 21189 30182 40266 54000 60002 8807/ 333 11169
 555 51212 53001=
 23405 12997 80601 11156 21175 30150 40258 52004
 60002 82035 333 11152 555 51186 53003=
 23410 76/// /3401 11158 21181 30155 40259 52002 333 60002=
 23411 12999 80102 11178 21194 30166 40263 54000 60002 80007 333 11172
 555 51182 53004=
 23412 12999 80401 11161 21180 30154 40259 54000 60002 8805/ 333 11151 555 51181 53002=
 23416 NIL=
 23418 11456 83402 11127 21140 30163 40242 58003 
 69932 77072 8652/ 333 11124 86617 555 51172 53003=
 23503 11997 83301 11123 21143 30190 40243 54000 69942 77172 8802/ 333
 11122 555 51166 53005=
 23507 66/// /0102 11125 21133 39898 40227 54001 60002 333 11125 555
 51169 53003=
 23509 11997 83601 11107 21123 30141 40223 58003 69902 77172 8802/ 333
 11105 555 51150 53002=
 23514 11497 80402 11098 21110 30020 40227 57001 69902 77172 887// 333 11098 86712 555 51160 53003=
 23518 11996 80202 11107 21125 30135 40232 52004 69932 77172 8807/ 333
 11107 555 51163 53005=
 23606 11538 80403 11091 21091 30032 40206 52001 60012 77372 8552/ 333 11091 85627 555 51141 53005=
 23701 11569 80504 11086 21099 30049 40183 56004 69942 77173 8452/ 333
 11086 555 51134 53008=
 23704 76/// /0503 11081 21083 39338 49451 52029 333 60002=
 23707 61397 80505 11072 21082 30011 40147 57002 60022 76876 8872/ 333 11071 86709 934// 555 51113 53009=
 23708 11483 80404 11058 21072 30009 40163 57003 60012 70272 886// 333
 11058 88712 555 51094 53007=
 23709 12398 80402 11050 21064 39976 40174 54000 60032 886// 333 11049
 88707 555 51086 53005=
 23711 11498 80503 11080 21098 30022 40199 51001 60032 70282 8595/ 333 11061 85917 555 51096 53006=
 23803 12499 80602 11029 21044 39976 40159 58003 60032 886// 333 11029 88711 555 51066 53006=
 23804 62397 80602 11042 21047 39986 40134 58006 60022 8772/ 333 11042 85708 555 51090 53006=
 23807 11496 80504 11039 21039 39953 40117 56007 60032 71022 886// 333
 11039 85710 555 51079 53008=
 23808 66/// /0602 11021 21021 39961 40131 58010 60002 333 11021=
 23812 12997 70000 11045 21054 30013 40180 54000 69942 87030 333 11025
 934// 555 51055 53003=
 23904 12578 80901 11003 21003 39949 40106 57007 60032 8357/ 333 11002
 93403 555 51049 53005=
 23905 12899 60901 11006 21009 39896 40124 57005 60012 86030 333 11003
 555 53004=
 23909 11895 81003 11017 21020 39894 40142 54000 60022 71042 8801/ 333
 11002 93606=
 23912 12998 01103 10002 21028 39968 40161 54001 60022 333 10019 555
 53004=
 23913 12999 11304 11050 21078 39963 40198 52005 69902 80001 333 11025
 91110 555 53010=
 23914 62998 21203 11015 21020 39901 40161 57002 69982 80001 333
 11001=
 28013 12898 30902 11020 21029 39907 40141 50001 69962 83010 333 10007
 555 53005=
 28016 12999 00701 11015 21015 39907 40134 58002 69932 333 10012 555
 53005=
 28029 12999 01102 10007 21039 39930 40151 57006 60002 333 10029 555
 53007=
 28116 12999 01002 11017 21024 39897 40130 57007 60002 333 10009=
 28128 12999 00904 10012 21037 39984 40137 57012 60002 333 10033 555
 53007=
 28134 12998 21203 10002 21054 39803 40156 57011 60002 80001 333 10025
 555 53009=
 28138 12999 00504 11046 21050 39617 40198 57003 60002 333 11003=
 28216 12999 01004 11012 21033 39815 40115 58013 60002 333 10018 555
 53007=
 28222 12998 01005 10015 21049 39940 40135 57012 60002 333 10037 91010
 91110 555 53010=
 28224 12970 01106 10009 21047 39914 40127 57013 60002 333 10037 91010
 91110=
 28234 12998 01203 10006 21068 39874 40153 57008 60002 333 10056 555
 53008=
 28238 12899 60103 11023 21051 39866 40174 57006 60002 86080 333 10031
 555 53004=
 28313 12998 00601 11011 21040 39919 40112 57005 60002 333 10047 555
 53005=
 28319 12899 20803 11006 21020 39939 40103 57012 60002 80040 333
 10025=
 28321 12999 00904 10013 21056 39909 40110 58025 60002 333 10045=
 28324 12999 00701 11017 21065 39990 40112 57011 60002 333 10058 555
 53004=
 28326 12898 20902 11009 21058 39942 40130 57009 60002 82030 333 10044
 555 53005=
 28413 12999 10000 10003 21064 39967 40089 58014 60002 80001 333 10045
 555 53005=
 28428 12999 00402 11018 21075 39920 40107 57014 60002 333 10051 555
 53005=
 28429 12998 00903 11005 21071 39714 40128 56009 60002 333 10034 555
 53007=
 22983 11459 80702 11029 21036 39975 40081 57006 60042 71022 886// 333
 11029 91005 91106 555 51073 53007=
 27083 12484 80802 11006 21012 39843 40066 52001 60032 885// 333 11004
 91003 91106 93401 555 51047 53007=
 27097 12998 00803 11012 21012 39810 40072 54000 60012 333 10000 91005
 91105 93403 555 51031 53006=
 27185 12998 70902 10005 21011 39865 40048 55002 60002 80005 333 10008
 91005 91106 555 51018 53007=
 27199 12998 81103 10002 21013 39870 40067 52003 69902 80007 333 10014
 91006 91108 555 50001 53008=
 27281 12984 81104 10002 21014 39822 40028 52001 69902 85015 333 10007
 91007 91110 555 51009 53010=
 27283 12997 71004 11008 21016 39889 40045 57003 60002 80001 333 10011
 91005 91106 555 51005 53006=
 27295 12997 60803 10004 21030 39801 40051 57001 60002 80005 333 10019
 91005 91107 555 50002 53008=
 27296 12997 81102 10007 21032 39847 40064 52001 60002 80007 333 10019
 91004 91106 555 50005 53008=
 27385 125// 70902 10011 21036 39902 40030 52002 60002 85530 333 10022
 91004 91107 555 50007 53007=
 27393 12598 20903 11002 21029 39893 40064 57005 60002 81540 333 10025
 91006 91107 555 50002 53007=
 27480 12998 81203 10008 21021 39892 40019 52003 60002 80001 333 10023
 91004 91107 555 50009 53008=
 28007 12999 51301 11007 21012 39828 40091 56009 69902 80001 333 10001
 91002 91103 555 51014 53003=
 28009 12998 80501 11010 21021 39896 40108 57005 69902 80001 333 10015
 91003 91104 555 51009 53005=
 28105 12998 30601 11003 21022 39888 40081 58008 60002 83010 333 10019
 91003 91105 555 51003 53005=
 28202 12997 81303 11002 21029 39860 40082 58013 60002 80004 333 10013
 91006 91108 555 50000 53008=
 28302 12997 30501 10008 21043 39850 40078 55007 60002 80001 333 10029
 91002 91105 555 50008 53007=
 28307 12998 80903 10006 21043 39908 40052 57008 60002 84031 333 10030
 91006 91108 555 50005 53008=
 28402 12984 81104 10000 21054 39882 40061 57006 60002 80005 333 10030
 91006 91108 555 50006 53008=
 28502 12997 73603 10009 21071 39950 40053 57008 60002 80004 333 10045
 91004 91105 555 50019 53010=
 22550 62970 70503 11145 21166 30185 40196 57019 60002 82071 333 11145
 555 51199 53007=
 22778 11498 80705 11054 21076 30034 40105 57016 69992 73673 885// 333
 11052 88619 91011 91112 555 51131 53012=
 22889 12498 80805 11038 21041 30009 40097 57009 60042 885// 333 11038
 88615 555 51088 53009=
 22762 11395 80302 11078 21088 30088 40129 56022 60022 77377 8872/ 333
 11078 555 51134 53006=
 22638 46/// /0502 11146 21163 39917 40157 57021=
 22671 11998 70504 11143 21160 30097 40181 58016 60002 73632 87030 333
 11143 555 51199 53008=
 22456 12997 80000 11252 21293 30142 40241 57007 60002 84031 333 11252
 555 21275 53001=
 22583 12598 80000 11132 21148 30138 40224 57001 60002 86570 333
 11132 555 51204 53004=
 22749 NIL=
 22951 11497 80705 11074 21081 39748 40036 57008 60062 73673 886// 333
 10081 91115 555 51119 53015=
 22887 12397 80404 11054 21061 30018 40090 57010 60032 8665/ 333 
 11054 86709 555 51102 53010=
 22876 11497 80705 11055 21060 30023 40100 56011 60042 73633 886// 333
 11055 88711 91110 555 51115 53010=
 22481 11996 70000 11217 21239 30197 40256 54000 60002 71122 83035 333
 11217 555 51286 53001=
 22854 11398 80506 11084 21093 39758 40055 57028 60032 73673 8772/ 333
 11084 87707 91011 91114 555 51135 53014=
 22781 NIL=
 22676 11895 80402 11101 21116 30087 40169 57016 69952 77372 8802/ 333
 11101 555 51197 53004=
 22648 NIL=
 22559 12997 80502 11140 21160 30175 40193 57020 60002 8807/ 333 11140
 555 51186 53005=
 22869 12/// /0804 11058 21067 39908 40059 56010 60002 333 11058 91111
 555 51122 53013=
 22768 11497 80606 11058 21076 30034 40085 57027 60032 73673 885// 333
 11058 88616 91011 91110 555 51136 53011=
 22798 11497 80405 11072 21079 30024 40140 57008 60022 73673 885// 333
 11068 555 51115 53009=
 22375 46/// /1000 11257 21286 30250 40267 52003=
 23207 12999 20000 11290 21317 30256 40282 52009 60002 80001 333 11281
 555 51269 53002=
 23215 NIL=
 23219 NIL=
 27095 76/// /1001 11009 21009 39861 40091 55003 333 60002 555 51034 53006=
 22408 21558 70302 11121 21135 30078 40237 52002 78582 86930 333  
 69922 86924=
 22511 21468 80202 11100 21113 30085 40213 57007 77172 8772/ 333  
 69932 87710 93501=
 22529 21598 80504 11085 21104 30187 40194 57013 70272 885// 333  
 69942 88627 91110=
 22602 21458 70502 11132 21148 39950 40190 57013 77072 87500 333  
 69902 87613 93502=
 22621 73457 /0202 11115 21127 30033 40181 57016 333   60002=
 22619 21496 80404 11122 21135 39992 40160 57020 77073 885// 333  
 69992 88614 91012 91112=
 22721 22497 83601 11128 21148 30035 40139 57027 889// 333   69902
 85914=
 22727 76/67 /0207 11096 21124 30040 40090 57033 333   69912 91013
 91113=
 22717 73/62 /0305 11123 21145 39899 40107 57024 333   69912 91110=
 22802 21998 60206 11086 21121 30063 40087 57024 73632 85031 333  
 60002 91010 91111=
 22820 22798 80505 11091 21120 39935 40076 57035 8651/ 333   69922
 86655 91110=
 22831 21996 80504 11091 21118 39997 40054 57041 77072 8802/ 333  
 69952 91012 91113=
 22805 214// 80205 11071 21097 30040 40066 57028 73632 8662/ 333  
 69922 91014 91114=
 22912 21950 80307 11076 21104 39998 40014 57046 73873 8802/ 333  
 69912 91012 91115 92982=
 
