15:31:00 MSK 22.10.2023
020 123456/=о000=1231
 унту01 бтул 221200
 22686 42598 82705 10008 21034 39991 40090 58001 8353/ 333 91112 555 1/100=
 22695 41598 82705 10002 21048 39916 40069 51001 70272 885// 333 91110
 91111 555 1/100=
 22996 41598 72805 10012 21014 39943 40128 50003 70282 84960 555 12003=
 23220 41598 82504 11022 21040 39699 49837 52005 70232 8453/ 555 1/102=
 23226 42960 82506 11027 21040 39617 49827 52003 8807/ 333 91111 555 
 1/105=
 23305 41580 72807 10004 21019 39950 49977 52007 78582 87300 333 91012
 91113 555 1/000=
 23320 86/// /2603 11010 21016 39828 49900 52009 333 91112=
 23324 41576 82806 11004 21016 39802 49878 52010 70282 889// 333 85621
 91012 91114 555 1/101=
 23405 41670 72805 10006 21044 39901 40000 52002
 70282 83530 333 91012 91114 555 1/000=
 23410 86/// /2506 11008 21029 39827 49922 52003 333 91114 555 51013 53014=
 23411 41499 82806 11005 21018 39864 49952 52006 70287 8772/ 333 91012
 91112 555 1/101=
 23412 41499 82806 11003 21022 39834 49929 52004 70282 887// 333 85710 91011 91113 555 1/101=
 23416 NIL=
 23418 41560 72805 11002 21022 39881 49954 52008 78582 
 87900 333 85924 91010 91111 555 1/100=
 23501 NIL=
 23503 41498 72905 10006 21049 39943 49993 52003 70272 82931 333 91010 91112 555 1/101=
 23507 86/// /3004 11010 21034 39729 40038 52005 333 91113=
 23509 42998 63202 10010 21043 39938 40016 52004 86030 555 1/100=
 23514 41497 72803 11008 21044 39797 49992 52005 72683 86930 333 84713 555 1/102=
 23518 42/// /2805 11001 21033 39880 49971 52008 333 91110 555
 1/100=
 23606 41562 72804 10000 21036 39854 40024 52005 72682 85930 333 85927 91110 555 1/101=
 23612 NIL=
 23701 41680 72704 10006 21033 39947 40076 52003 72682 86960 333 86938
 91110 555 1/100=
 23704 86/// /2804 10010 21022 39538 49650 51015 333 91111 555 53011=
 23707 81598 82705 10009 21031 39956 40088 52003 72682 86972 333 84631 91111 555 1/000=
 23708 41984 82705 10004 21039 39926 40075 52005 70282 8005/ 333 91112
 555 1/100=
 23709 41498 72605 11007 21038 39866 40058 52006 78582 87900 333 85646
 91111 555 1/102=
 23711 41598 72603 11003 21030 39850 40019 52004 72682 87900 333 87920 555 1/101=
 23803 41597 83103 10003 21032 39893 40072 53007 78583 889// 333 91112
 555 1/100=
 23804 41497 72802 10004 21022 39951 40097 52004 72682 85930 333 85919 555 1/100=
 23807 42/// /2704 10010 21024 39952 40113 51003 333 91111 555 1/001=
 23808 86/// /2504 10007 21033 39932 40100 52004 333 91110=
 23812 41597 63004 11002 21048 39875 40037 52007 70282 82930 333 91111
 555 1/101=
 23904 42470 82902 10014 21035 39962 40119 50002 8157/ 555 11001=
 23905 41599 82703 10005 21044 39878 40105 52006 70272 885// 555
 11001=
 23909 41498 82804 10006 21046 39850 40094 52009 72782 883// 333
 91110=
 23912 41598 53007 11002 21034 39870 40062 52008 70182 85900 333 91010
 91112 555 1/103=
 23913 41599 72904 11001 21043 39818 40046 52007 72782 87900 333 91112
 555 1/101=
 23914 81498 72705 11006 21027 39812 40068 52008 78582 86930 333
 91111=
 28013 41598 82805 10005 21047 39862 40092 52009 70282 889// 333 91111
 555 11000=
 28016 41599 72905 10009 21038 39880 40105 53007 70282 87500 333 91110
 555 11000=
 28029 41599 82805 10011 21039 39860 40078 52007 70282 8657/ 333 91110
 555 11001=
 28116 41599 72903 10009 21054 39878 40108 52006 70387 84970 333
 91110=
 28128 41598 73003 10008 21024 39949 40103 52010 70382 84330 333 91110
 555 1/000=
 28134 41595 83002 11012 21025 39736 40087 52010 78682 889// 555
 1/101=
 28138 41599 72704 11020 21053 39505 40074 52008 72682 87300 333
 91112=
 28216 41597 72705 11001 21036 39827 40126 53006 78587 87900 333 91110
 555 11001=
 28222 41598 82904 10010 21030 39909 40104 52009 72682 8697/ 333 91010
 91110 555 11001=
 28224 41570 73004 10010 21043 39897 40110 52008 78587 86960=
 28234 41497 72705 10001 21047 39816 40094 52008 78582 86970 555
 11002=
 28238 41599 82805 10001 21051 39785 40088 52009 70272 885// 333 91110
 555 11100=
 28313 41598 82602 10007 21037 39941 40134 52006 77172 885// 555
 11000=
 28319 41496 82702 10007 21035 39980 40144 52009 77172 8802/=
 28321 41598 62705 10005 21027 39920 40124 52008 78582 85930=
 28324 41697 82703 10007 21030 30012 40133 52009 77187 889// 555
 11001=
 28326 41598 62704 10006 21038 39926 40113 52008 72682 86300 555
 11000=
 28413 41599 82804 10011 21050 30034 40157 53011 70276 86550 555
 11001=
 28428 42599 82805 10003 21049 39954 40139 52009 889// 555 11001=
 28429 41598 82803 11016 21043 39716 40131 52012 70282 889// 555
 11100=
 22983 NIL=
 27083 NIL=
 27097 NIL=
 27185 NIL=
 27199 NIL=
 27281 NIL=
 27283 NIL=
 27295 NIL=
 27296 NIL=
 27385 NIL=
 27393 NIL=
 27480 NIL=
 28007 NIL=
 28009 NIL=
 28105 NIL=
 28202 NIL=
 28302 NIL=
 28307 NIL=
 28402 NIL=
 28502 NIL=
 22550 81697 72504 10029 20009 30096 40106 57013 70282 87900 333 87641
 555 12000=
 22778 41598 72903 10008 21008 30063 40133 57005 72682 86570 555
 1/001=
 22889 41498 62603 10006 21003 30047 40134 54001 72682 85880 333 85618
 91110 555 12002=
 22762 42398 42603 10024 21016 30098 40137 57008 8460/ 555 11003=
 22638 46/// /2601 10025 21015 39923 40148 57018=
 22671 NIL=
 22456 42/// /2702 10020 21024 30000 40087 57011 555 1/000=
 22583 41597 82603 10003 21014 39981 40061 58001 78588 8697/ 555
 1/100=
 22749 42598 82602 10005 21011 30037 40163 57008 8652/ 555 11001=
 22951 41497 82602 11011 21019 39895 40181 57009 78582 889// 555
 1/100=
 22887 41599 72604 10017 21005 30069 40140 56001 70282 82531 
 333 91111 555 11002=
 22876 41597 72504 10013 21007 30067 40140 57003 70282 87900 333 87924
 555 1/002=
 22481 41493 82704 11001 21004 39999 40052 58001 78682 889// 333 91110
 555 1/100=
 22854 41298 82503 11012 21015 39879 40172 57010 70284 886// 333 88704
 555 11000=
 22781 NIL=
 22676 42598 72704 10013 21033 30020 40098 57004 81130 333 91110 555
 1/100=
 22648 42798 72604 10028 21018 30102 40148 57011 87500 333 87655 555
 11002=
 22559 41598 72503 10021 20007 30099 40116 57011 70282 82530 555
 12000=
 22869 42497 82603 10004 21023 30017 40167 57006 885// 333 88614 555
 14000=
 22768 42597 62603 10019 21018 30094 40144 57005 85530 333 85631 555
 11003=
 22798 41598 70000 10011 21031 39992 40104 53002 70282 86930 555
 11001=
 22375 NIL=
 23207 41499 72805 11010 21017 39947 49969 52005 71682 86940 333 91110
 555 1/102=
 23215 41498 62807 11005 21015 39792 49880 52012 70283 85502 333 91011
 91113 555 1/102=
 23219 NIL=
 27095 86/// /2704 10007 21008 39926 40156 52002=
 22408 42699 22903 10002 21039 39992 40143 57013 81401 555   11001=
 22511 42998 12503 10008 21042 30019 40141 57017 81030 333   93500
 555   14101=
 22529 42999 02403 10039 21023 30127 40134 57016 555   1/000=
 22602 42599 32202 11020 21039 39931 40160 57014 82130 555   14002=
 22621 83/70 /2504 10033 21029 30008 40147 57017 555   1////=
 22619 42983 02802 10039 21018 39989 40147 57018 555   14000=
 22721 42998 00000 10032 21018 30056 40154 57019 555   1/101=
 22727 86/70 /1301 10027 21012 30115 40163 57021 555   1////=
 22717 83/67 /0801 11001 21023 39965 40164 57018 555   1////=
 22802 42599 70602 10023 20008 30136 40160 57013 83970 555   12002=
 22820 42970 60000 10017 21023 30028 40165 57018 84041 555   14002=
 22831 42698 31901 10027 21003 30111 40166 57018 81531 555   12000=
 22805 42598 71405 10043 20002 30134 40159 57013 82571 555   11001=
 22912 42599 71001 10019 21022 30148 40163 57018 82570 555   14001=
 
