03:31:00 MSK 01.11.2023
020 123456/=о000=0031
 унту01 бтул 010000
 22686 41497 82002 11046 21061 30066 40169 52005 77072 8552/ 333 85617 555 1/105=
 22695 42598 82102 11049 21073 39998 40155 51006 885// 555 1/103=
 22996 42998 71901 11069 21069 30005 40198 52005 87070 333 93400 555
 1/103=
 23220 41496 81103 11096 21124 39980 40127 57005 77172 8272/ 555 1/110=
 23226 42560 81604 11095 21130 39908 40132 57004 8655/ 333 86622
 555 1/109=
 23305 42/// /1902 11083 21089 30101 40130 51004 555 1/107=
 23320 86/// /2002 11077 21078 30050 40125 57002=
 23324 41957 81701 11082 21093 30044 40124 57003 77172 8802/ 555 1/109=
 23405 42496 80000 11092 21103 30037 40140 52005
 8555/ 333 85613 555 1/108=
 23410 86/// /2002 11095 21110 30024 40125 52005 555 53004=
 23411 42/// /2301 11123 21131 30040 40134 52010 555 1/111=
 23412 41998 72801 11090 21101 30025 40126 52004 77172 87070 555 1/114=
 23416 NIL=
 23418 41943 80000 11080 21094 30052 40129 53006 77172 8802/
 555 1/108=
 23503 42/// /2301 11117 21131 30099 40151 51016 555 1/112=
 23507 86/// /2502 11074 21079 39834 40154 52006=
 23509 NIL=
 23514 41397 82701 11087 21093 39943 40147 52018 77172 8672/ 333 86708 555 1/107=
 23518 42/// /2001 11075 21085 30036 40131 52006 555 1/106=
 23606 42360 82802 11074 21091 39981 40160 52018 887// 333 85708 555 1/107=
 23612 NIL=
 23701 42/// /2001 11070 21079 30045 40179 51009 555 1/106=
 23704 86/// /2502 11047 21051 39310 49422 53088 555 53005=
 23707 82598 82202 11056 21066 30044 40180 52006 8655/ 333 86622 555 1/105=
 23708 42/// /3001 11058 21077 30029 40183 51013 555 1/105=
 23709 42498 62804 11067 21100 39981 40180 52020 86300 333 86919 555 1/104=
 23711 41998 62801 11067 21082 39978 40152 52016 70282 86070 555 1/110=
 23803 41599 72902 11048 21076 30004 40189 51014 70282 87500 333 87631 555 1/105=
 23804 41397 82101 11063 21073 30038 40188 52005 70272 8672/ 333 85709 555 1/104=
 23807 42/// /1501 11072 21072 30031 40198 50005 555 1/104=
 23808 86/// /2502 11055 21062 30029 40202 52012=
 23812 41496 82703 11054 21075 39996 40163 52015 78582 889// 555 1/104=
 23904 42980 70000 11093 21095 30042 40206 50006 87030 555 1/107=
 23905 42899 80000 11069 21082 39966 40202 52007 83015 555 1/108=
 23909 41498 73001 11052 21082 39947 40200 52020 70272 84530=
 23912 41598 83003 11048 21072 39983 40181 52022 70272 84505 555
 1/106=
 23913 41597 83004 11030 21057 39931 40164 52012 77072 8872/ 555
 1/101=
 23914 81498 82904 11040 21059 39919 40182 52020 70272 885//=
 27095 86/// /1401 11049 21049 39977 40212 50007=
 28013 41598 82903 11036 21071 39958 40194 52017 70272 885// 555
 1/105=
 28016 42/// /3102 11030 21050 39970 40200 52015 555 1/102=
 28029 42599 62902 11027 21043 39961 40185 52019 86500 555 1/103=
 28116 41499 82801 11024 21035 39965 40201 52014 70272 8872/=
 28128 41598 82902 11015 21029 30042 40198 52019 70272 8852/ 555
 1/102=
 28134 41598 83201 11029 21043 39831 40188 52015 70272 885// 555
 1/103=
 28138 43/// /2503 11043 21049 39602 40182 52008=
 28216 41596 82802 11020 21027 39905 40208 53014 77172 8872/ 555
 1/102=
 28222 42/// /2702 11014 21026 39999 40197 51016 555 1/102=
 28224 42569 82602 11013 21026 39983 40199 52016 885//=
 28234 41596 82702 11018 21036 39901 40192 52011 77172 885// 1/101=
 28238 41596 82503 11020 21039 39882 40191 51012 77172 885// 555
 1/102=
 28313 42/// /2401 11013 21029 30015 40211 52010 555 1/102=
 28319 42598 70000 11009 21020 30048 40214 52010 87500 333 93402=
 28321 42899 82602 11017 21025 30000 40207 51015 8805/=
 28324 42/// /2901 11007 21020 30088 40211 51016 555 1/102=
 28326 42598 72301 11015 21023 30011 40201 52014 87500 555 1/102=
 28413 42499 82301 11002 21020 30093 40217 51009 885// 555 1/101=
 28428 42597 82602 11008 21019 30029 40217 51019 885// 555 1/101=
 28429 42/// /2802 11019 21026 39793 40212 53021 555 1/102=
 22983 42584 80000 11064 21073 30086 40194 52004 855// 333 91000 91101
 555 1/104=
 27083 42584 80000 11029 21047 39963 40190 52002 885// 333 91000 91101
 555 1/102=
 27097 42/// /1101 11037 21037 39931 40199 50002 333 91001 91101 555
 1/103=
 27185 42/// /1701 11022 21038 30013 40200 54000 333 91002 91103 555
 1/101=
 27199 42998 80000 11037 21042 30006 40209 52003 8807/ 333 91000 91102
 555 1/103=
 27281 42984 81302 11016 21028 39986 40196 57006 8805/ 333 91003 91103
 555 1/102=
 27283 42597 81601 11023 21033 30047 40206 52002 885// 333 91003 91103
 555 1/102=
 27295 42/// /0000 11027 21043 39953 40210 50001 333 91000 91103 555
 1/101=
 27296 42697 81601 11028 21041 39987 40210 52003 885// 333 91002 91102
 555 1/102=
 27385 429// 81701 11010 21015 30075 40206 57001 8807/ 333 91001 91102
 555 1/102=
 27393 42598 81201 11019 21042 30040 40215 58003 8657/ 333 91002 91103
 555 1/103=
 27480 42398 81501 10000 21002 30072 40203 57005 77172 8802/ 333 91002
 91103 555 1/100=
 28007 42499 82601 11040 21055 39939 40208 50008 885// 333 88616 91001
 91103 555 1/103=
 28009 41598 80000 11043 21064 39997 40213 52010 70282 83505 333 91001
 91105 555 14105=
 28105 42598 81501 11027 21061 30011 40208 52008 885// 333 91002 91103
 555 1/102=
 28202 42597 80000 11023 21049 39984 40210 51009 885// 333 91000 91103
 555 1/102=
 28302 42597 80000 11021 21044 39981 40215 51009 885// 333 91000 91103
 555 1/102=
 28307 41497 80000 11015 21029 30065 40212 57003 71022 885// 333 91000
 91102 555 1/102=
 28402 41584 82201 11014 21024 30034 40217 52004 70275 8357/ 333 91001
 91103 555 1/102=
 28502 41996 81401 11000 21013 30110 40215 50000 77172 8807/ 333 91001
 91102 555 1/100=
 22550 82572 82003 11038 21058 30135 40146 52001 885// 333 88621 555
 1/103=
 22778 42998 21302 11079 21085 30102 40174 52001 82070 555 1/113=
 22889 42/// /0801 11078 21080 30104 40194 50006 555 1/107=
 22762 82/// /0000 11041 21054 30124 40164 57005 555 1/104=
 22638 46/// /0801 11059 21079 39900 40132 57014=
 22671 NIL=
 22456 41597 82302 11039 21045 30040 40129 51007 70282 885// 555
 1/104=
 22583 41598 72502 11041 21060 30062 40144 52005 70288 87500 555
 1/105=
 22749 NIL=
 22951 42/// /1002 11040 21042 39846 40133 58026 555 1/103=
 22887 42997 81602 11063 21067 30114 40187 52003 
 86031 555 1/107=
 22876 42997 71701 11077 21077 30106 40182 50001 87030 555 1/105=
 22481 42/// /2203 11042 21050 30072 40126 52006 555 1/105=
 22854 42/// /1102 11047 21054 39847 40143 57017 555 1/104=
 22781 NIL=
 22676 42498 82102 11044 21067 30082 40162 52003 885// 555 1/104=
 22648 42398 80701 11054 21055 30102 40150 58013 886// 333 88707 555
 1/104=
 22559 42/// /2301 11047 21068 30141 40159 50002 555 1/104=
 22869 42498 80801 11053 21063 30017 40170 5//// 8597/ 333 85913 555
 1/104=
 22768 42897 60601 11097 21109 30108 40160 57007 82038 555 1/110=
 22798 41497 82001 11057 21061 30065 40181 52003 70282 885// 555
 1/104=
 22375 46/// /2402 11033 21055 30092 40107 52003=
 23207 NIL=
 23215 41198 82203 11105 21116 30021 40114 57002 70272 886// 333 88702
 555 1/109=
 23219 NIL=
 22408 42284 81501 11098 21106 39984 40140 57003 886// 333   88703
 555   1/108=
 22511 41570 80000 11116 21130 30010 40138 57005 77071 8351/ 333  
 93502 555   1/109=
 22529 42598 81801 11062 21077 30133 40140 57004 885// 333   88627
 555   1/107=
 22602 42473 80503 11070 21081 39879 40112 57016 885// 333   88613
 555   1/106=
 22621 83370 /0802 11056 21068 39987 40131 57008 555   1////=
 22619 42498 80806 11024 21032 39945 40106 57016 885// 333   88612
 555   1/102=
 22721 42497 81101 11030 21050 30006 40106 57020 8495/ 555   1/104=
 22727 86319 /0702 11010 21016 30034 40082 57026 555   1////=
 22717 83/13 /0503 11019 2//// 39861 4//// 57029 555   1////=
 22802 41497 80607 11003 21011 39999 40022 57036 78582 889// 333  
 88917 91011 91112 555   1/101=
 22820 41295 80907 11002 21007 39933 40070 57031 77373 8672/ 333  
 86704 91011 91111 92982 555   1/101=
 22831 41996 80803 11026 21040 30038 40094 57032 77172 8802/ 555  
 1/102=
 22805 414// 80605 10007 20007 39980 40005 57039 76186 8872/ 333  
 91010 91111 555   1/100=
 22912 41457 80901 10004 21005 30005 40020 57036 76676 8802/ 333  
 88514 93403 555   1/000=
 
