15:31:00 MSK 21.07.2023
020 123456/=о000=1231
 унту01 бтул 211200
 22686 82598 61304 10221 20144 39843 49934 53010 85970 555 11025=
 22695 41598 61303 10204 20138 39791 49931 52010 70282 85901 333 85925
 555 11025=
 22996 81496 82303 10146 20146 39804 49978 52017 78082 889// 555 12019=
 23220 42599 61401 10263 20143 39833 49960 57005 84131 555 11025=
 23226 41660 61604 10268 20141 39768 49960 57003 70382 83204 555 10031=
 23305 41699 63403 10261 20177 39930 49955 58003 72998 83235 555 10039=
 23320 86/// /2801 10219 20176 39890 49957 53002=
 23324 41583 51402 10258 20153 39887 49956 53001 72991 82960 555 10030=
 23405 41575 30801 10233 20166 39859 49949 52003 72581 83900
 555 10030=
 23410 86/// /1203 10224 20158 39873 49961 52005 555 50208 53007=
 23411 41498 70203 10207 20183 39875 49957 53002 79598 87300 333 91110
 555 12027=
 23412 42599 61603 10228 20172 39871 49959 53002 83331 555 10033=
 23416 NIL=
 23418 41665 70801 10203 20184 39895 49962 53008 
 72598 87930 333 84934 555 11024=
 23501 NIL=
 23503 42598 61502 10258 20106 39903 49948 57002 83930 555 10035=
 23507 86/// /1603 10232 20133 39663 49944 52003=
 23509 42598 42103 10266 20122 39878 49948 58001 84900 555 10035=
 23514 42597 71501 10240 20139 39774 49952 57001 86962 333 85926 555 10030=
 23518 42/// /1802 10207 20162 39881 49965 52003 555 1/023=
 23606 42662 61802 10233 20137 39801 49952 52001 83901 555 10040=
 23612 NIL=
 23701 41699 61602 10224 20124 39832 49950 52003 70282 83360 555 10033=
 23704 86/// /1702 10214 20152 39926 40039 55004 555 53008=
 23707 81598 71502 10197 20164 39825 49946 52008 70282 86930 333 84623 555 11025=
 23708 42598 71504 10214 20134 39823 49959 52006 82931 555 11027=
 23709 82598 71602 10201 20118 39792 49969 52006 85960 555 10027=
 23711 42598 51902 10221 20143 39810 49964 52004 82270 555 10031=
 23803 41497 82001 10206 20152 39804 49968 52006 78082 8696/ 555 11023=
 23804 81597 62002 10203 20149 39818 49951 52009 72582 83330 555 11025=
 23807 42/// /2005 10180 20150 39812 49961 51010 555 1/023=
 23808 86/// /1705 10186 20138 39815 49970 52009=
 23812 42597 72203 10209 20121 39829 49978 53007 87900 555 11026=
 23904 41470 82303 10165 20148 39837 49982 52016 70282 883// 333 86913
 555 11021=
 23905 81599 82003 10169 20138 39773 49984 52012 70382 889// 555
 11021=
 23909 81598 72304 10183 20132 39764 49991 52008 72582 85301=
 23912 81598 82404 10180 20127 39819 49997 53009 70282 86931 555
 11021=
 23913 81599 72203 10194 20121 39791 40002 52010 70282 87901 555
 11004=
 23914 81499 71802 10190 20143 39760 49996 52008 70282 87969 333
 91112=
 28013 81598 62204 10185 20119 39785 49998 52010 70282 86900 333 91110
 555 10028=
 28016 81499 72603 10179 20139 39799 40008 52011 70282 87900 555
 10025=
 28029 81699 62306 10189 20127 39812 40015 52009 72582 86480 333 91011
 91113 555 11025=
 28116 81599 72504 10176 20125 39805 40020 52009 72582 82361 333
 91110=
 28128 82599 83101 10193 20140 39882 40024 52005 885// 333 91112 555
 10021=
 28134 81598 52601 10191 20134 39701 40026 52008 70282 82481 555
 11028=
 28138 42899 32506 10176 20102 39504 40031 52010 83040 333 91011
 91112=
 28216 81597 73006 10168 20115 39765 40044 53017 78182 87900 333 91115
 555 10025=
 28222 81598 82403 10233 20104 39845 40023 52002 70282 83251 333 91010
 91110 555 11030=
 28224 81670 62406 10209 20098 39836 40033 52008 72522 85940 333 91012
 91113=
 28234 81497 62202 10194 20116 39780 40038 51011 78082 86900 333 91110
 555 11023=
 28238 81599 62104 10218 20104 39755 40034 52005 72582 85981 333 91112
 555 11032=
 28313 81598 72103 10212 20121 39862 40039 52011 78082 87900 333 91110
 555 10030=
 28319 81598 52506 10242 20092 39896 40045 52005 70181 85900 333 91010
 91111=
 28321 81599 62202 10216 20137 39848 40035 52020 72582 85901 333
 91112=
 28324 81999 62505 10246 20071 39930 40040 52004 70282 84944 333 91010
 91112 555 10038=
 28326 81598 62504 10225 20093 39869 40040 52007 70281 86300 333 91111
 555 10031=
 28413 82699 62504 10246 20077 39938 40050 52006 86200 333 91111 555
 10035=
 28428 82599 72704 10226 20087 39885 40055 51006 87900 333 91113 555
 10029=
 28429 82598 62603 10208 20101 39679 40060 53007 86900 333 91112 555
 10031=
 22983 41450 82503 10152 20146 39870 49968 52026 78082 889// 333 91006
 91109 555 12019=
 27083 41459 82203 10146 20135 39785 49994 52025 76162 8872/ 333 91006
 91110 555 11017=
 27097 41464 81802 10140 20135 39765 40012 51020 78082 889// 333 91004
 91109 555 12016=
 27185 41598 62002 10207 20134 39838 40007 51006 70282 86301 333 91007
 91109 555 12026=
 27199 41498 73601 10168 20136 39841 40025 52012 72998 87900 333 91002
 91109 555 12023=
 27281 42482 72307 10213 20111 39823 40013 52009 86960 333 91011 91111
 555 11023=
 27283 42498 62405 10224 20115 39872 40015 52009 85901 333 91009 91111
 555 11026=
 27295 42598 62105 10228 20096 39791 40022 52007 82580 333 91011 91111
 555 11037=
 27296 42698 62405 10226 20089 39820 40020 52005 83201 333 91010 91111
 555 10033=
 27385 426// 52404 10220 20105 39916 40034 52007 85100 333 91007 91109
 555 11034=
 27393 42598 62706 10221 20106 39879 40036 52006 83971 333 91008 91113
 555 10032=
 27480 42598 22502 10234 20113 39924 40042 52005 82200 333 91006 91110
 555 10029=
 28007 41496 82603 10139 20112 39775 40022 52024 78082 8635/ 333 88913
 91007 91112 555 11017=
 28009 41498 82505 10166 20107 39820 40017 52017 70282 8597/ 333 91010
 91110 555 11019=
 28105 41498 82502 10162 20113 39847 40028 51020 70282 888// 333 91005
 91110 555 12019=
 28202 41580 83005 10168 20117 39825 40032 52010 78082 889// 333 91012
 91112 555 11020=
 28302 42598 62402 10222 20097 39820 40030 51008 84931 333 91005 91110
 555 11026=
 28307 42498 52203 10237 20083 39906 40038 52004 85400 333 91008 91109
 555 10038=
 28402 42598 72402 10221 20112 39877 40041 52003 86931 333 91004 91110
 555 10025=
 28502 42598 82407 10251 20061 39956 40051 54000 84201 333 91011 91115
 555 10034=
 22550 81597 61103 10216 20184 39906 49915 52010 70281 84960 555
 11027=
 22778 41596 81603 10171 20166 39867 49931 52016 78082 889// 555
 11020=
 22889 41498 82504 10184 20150 39873 49953 52015 70282 888// 333 88616
 555 12025=
 22762 81595 80000 10181 20179 39875 49911 52017 76162 8802/ 555
 12022=
 22638 46/// /3301 10125 20116 39702 49915 54010=
 22671 42/// /1402 10244 20143 39842 49913 54001 555 1/030=
 22456 42598 70801 10251 20101 39843 49922 52002 87200 555 11030=
 22583 42698 51301 10248 20144 39861 49934 51001 82270 555 11027=
 22749 41497 82404 10152 20143 39799 49915 52018 78085 889// 333 88917
 91110 555 12018=
 22951 41497 82802 10146 20131 39695 49958 52017 78082 889// 333 91111
 555 1/016=
 22887 41499 82004 10170 20144 39884 49948 52026 72582 889// 
 333 88917 555 11020=
 22876 41496 82204 10158 20155 39880 49947 52024 78082 889// 333 88710
 555 12019=
 22481 42/// /1405 10258 20138 39887 49935 53003 333 91110 555 1/028=
 22854 42/// /2404 10137 20132 39664 49934 52019 333 91111 555 1/016=
 22781 NIL=
 22676 41597 71704 10202 20152 39849 49920 52009 78082 87900 555
 11022=
 22648 41397 82803 10161 20159 39862 49904 52019 78085 889// 333 88907
 555 13019=
 22559 81598 60903 10219 20176 39900 40915 51007 70282 86800 555 12026=
 22869 41597 82203 10156 20145 39821 49960 52023 76166 8872/ 333 86531
 555 11018=
 22768 41497 82204 10161 20147 39881 49927 52027 78086 8695/ 333 85913
 555 12018=
 22798 41498 71903 10212 20145 39841 49944 52011 70282 86930 555
 11025=
 22375 46/// /0608 10155 20137 39946 49961 52005=
 23207 41599 60304 10228 20185 39943 49963 52005 71522 84970 555
 10035=
 23215 41598 71202 10221 20168 39887 49968 51008 70282 82972 333 91112
 555 1/022=
 23219 NIL=
 27095 86/// /2503 10138 20138 39802 40017 52024=
 22408 41599 83602 10112 20099 39843 49985 52006 72582 889// 333  
 88925 555   12015=
 22511 41356 83603 10109 20097 39854 49969 52003 78086 8692/ 333  
 86706 555   11014=
 22529 41467 83503 10118 20110 39914 49920 52001 76162 8872/ 333  
 88515 555   12014=
 22602 41357 83502 10121 20113 39751 49964 52006 76162 8872/ 333  
 88508 555   11015=
 22621 83/49 /3404 10111 20103 39799 49931 54000 555   1////=
 22619 41456 83105 10123 20115 39785 49935 52005 78082 88900 333  
 88910 91110 555   11016=
 22721 41396 83002 10123 20112 39838 49931 52009 78082 889// 333  
 85708 555   11015=
 22727 86/55 /3102 10125 20123 39894 49939 52013 555   1////=
 22717 83/56 /2504 10134 20129 39775 49957 52001 333   91010 91110
 555   1////=
 22802 41656 82703 10140 20132 39966 49988 52010 78186 8592/ 555  
 11015=
 22820 41539 82605 10136 20127 39812 49940 52007 76562 8752/ 333  
 87630 91010 91113 555   12014=
 22831 41397 82401 10138 20129 39880 49932 52018 78182 889// 333  
 88907 555   12018=
 22805 41498 82708 10139 20126 39970 49988 52011 78182 887// 333  
 91011 91111 555   11016=
 22912 41458 82403 10151 20141 39972 49986 52007 76186 8802/ 333  
 88516 555   12017=
 
