03:31:00 MSK 28.04.2023
020 123456/=о000=0031
 унту01 бтул 280000
 22686 42998 00401 11035 21066 30142 40245 52019 555 14101=
 22695 42998 00202 11033 21082 30075 40232 52016 555 1/104=
 22996 41998 20502 11005 21017 39999 40187 52026 70181 82030 555 12002=
 23220 41598 73003 11084 21102 30016 40163 52020 70283 85530 333 91111 555 1/108=
 23226 41458 83407 11074 21083 39943 40166 52006 77071 8655/ 333 86614  
 91113 555 1/107=
 23305 42/// /0103 11028 21061 30233 40261 52014 555 1/103=
 23320 86/// /3604 11055 21082 30131 40207 52024=
 23324 42475 83303 11065 21082 30123 40203 52023 886// 333 88710 91110
 555 1/106=
 23405 42567 80104 11020 21062 30156 40258 52016 8655/ 333 
 86626 555 1/103=
 23410 86/// /3305 11053 21082 30129 40229 52021 555 53013=
 23411 42599 83604 11034 21074 30151 40243 52016 885// 555 1/103=
 23412 42599 80103 11047 21078 30134 40234 52020 885// 333 88623 555 1/105=
 23416 NIL=
 23418 41665 73404 11028 21085 30146 40222 52020 72682
 87900 333 85934 91111 555 1/104=
 23503 42/// /0103 11022 21081 30195 40246 52020 555 1/103=
 23507 86/// /0403 11027 21063 39930 40248 52015=
 23509 42/// /3401 11020 21065 30159 40239 52017 555 1/103=
 23514 42597 83603 11031 21076 30030 40231 52017 885// 333 88625 555 1/103=
 23518 42/// /3504 11025 21073 30114 40208 52023 333 91110 555
 1/104=
 23606 42560 80404 11023 21076 30061 40232 52019 885// 333 88627 555 1/103=
 23612 NIL=
 23701 42/// /0302 11029 21068 30108 40240 52019 555 1/106=
 23704 86/// /0201 11033 21053 39926 40039 55004 555 53011=
 23707 82998 00303 11032 21063 30089 40225 52021 555 14101=
 23708 42/// /0204 11017 21074 30072 40224 52020 555 1/100=
 23709 42698 83603 11012 21080 30020 40216 52021 885// 333 88634 555 14102=
 23711 42598 83604 11023 21086 30038 40210 52026 8597/ 333 85930 91110 555 1/103=
 23803 42999 00102 11023 21081 30035 40219 52024 555 14102=
 23804 42997 00301 11021 21061 30070 40218 52025 555 12100=
 23807 42/// /0504 11016 21033 30046 40210 52026 555 1/101=
 23808 86/// /3502 11027 21049 30039 40211 52023=
 23812 42597 80102 11013 21076 30031 40196 52024 885// 555 1/103=
 23904 41980 20301 11013 21025 30040 40199 52029 70262 82020 555 14100=
 23905 42999 00202 11027 21044 39969 40201 52028 555 11101=
 23909 42598 20302 11021 21046 39945 40195 52026 81540 333 91110=
 23912 42998 00102 11028 21056 39990 40185 52025 555 14103=
 23913 42599 20801 11022 21052 39942 40175 52030 82900 555 12104=
 23914 82899 20103 11021 21054 39921 40182 52025 82040=
 27095 86/// /0303 10033 20033 39947 40175 52020=
 28013 42598 30204 11018 21053 39950 40185 51030 81570 333 91111 555
 14101=
 28016 42/// /0304 11002 21032 39955 40181 53032 555 1/002=
 28029 42899 50103 11003 21028 39939 40161 52033 85010 555 11100=
 28116 41499 70305 10019 21009 39931 40162 52024 70262 85530 333
 91110=
 28128 41898 80104 10031 21007 30001 40153 52031 70262 8807/ 333 91110
 555 11003=
 28134 41498 83401 10020 20010 39793 40143 52027 70284 886// 555
 11004=
 28138 43/// /0203 10058 20048 39565 40119 52025=
 28216 41493 80204 10042 20021 39848 40142 52026 74484 886// 555
 11006=
 28222 42/// /3602 10036 20030 39951 40144 52031 555 1/007=
 28224 41567 83603 10057 20047 39922 40131 52026 70282 889//=
 28234 41495 83502 10086 20074 39848 40118 52018 71082 886// 555
 11007=
 28238 42599 82903 10100 20073 39819 40111 52017 885// 555 10009=
 28313 42/// /3401 10101 20089 39940 40126 52017 555 1/009=
 28319 41598 70000 10093 20085 39966 40123 52011 72522 86950=
 28321 42899 80303 10103 20088 39926 40123 52018 8807/=
 28324 42/// /3101 10104 20079 30003 40119 52012 555 1/009=
 28326 41598 73301 10103 20081 39936 40116 52015 70282 87300 555
 10010=
 28413 42599 72502 10118 20075 30009 40127 52010 85530 555 10010=
 28428 42599 62401 10056 20029 39943 40125 52008 86900 555 10005=
 28429 42/// /2101 10069 20037 39727 40129 52011 555 1/006=
 22983 42984 80502 11004 21024 30089 40196 52023 82035 333 91003 91106
 555 14100=
 27083 41457 80403 10031 20021 39945 40167 52018 76162 8872/ 333 91005
 91106 555 12005=
 27097 42/// /0403 10031 20026 39900 40161 53027 333 91006 91107 555
 1/005=
 27185 42/// /3602 10062 20058 39965 40146 52016 333 91004 91106 555
 1/008=
 27199 41497 80503 10071 20063 39945 40138 52019 78085 889// 333 91006
 91107 555 12008=
 27281 41456 83503 10072 20068 39941 40144 52011 71022 886// 333 91004
 91104 555 11009=
 27283 42497 83303 10081 20076 39985 40138 52012 889// 333 91005 91105
 555 11007=
 27295 42/// /2402 10089 20075 39890 40135 52012 333 91004 91104 555
 1/010=
 27296 42597 82803 10098 20082 39916 40127 52012 889// 333 91005 91105
 555 11010=
 27385 415// 80000 10078 20076 30016 40142 52011 74684 8655/ 333 91000
 91101 555 11008=
 27393 42598 52404 10095 20085 39973 40139 52011 83540 333 91005 91106
 555 11008=
 27480 41996 10000 10054 20054 30021 40148 52009 71011 81030 333 91000
 91102 555 11004=
 28007 41599 80503 10036 20009 39905 40165 52020 70262 8802/ 333 88521
 91006 91107 555 11005=
 28009 41498 80401 10036 20003 39962 40171 52022 70282 885// 333 91004
 91104 555 11005=
 28105 41497 80503 10038 20025 39952 40151 52023 76162 8872/ 333 91007
 91110 555 12005=
 28202 41597 80603 10064 20052 39918 40135 53021 70282 889// 333 91005
 91108 555 11008=
 28302 41596 82401 10100 20092 39906 40127 52011 75122 886// 333 91002
 91102 555 11009=
 28307 42997 82802 10097 20086 39998 40138 52013 8802/ 333 91004 91104
 555 11009=
 28402 42584 82701 10102 20093 39962 40136 52012 8557/ 333 91003 91107
 555 10010=
 28502 42997 11901 10068 20045 30041 40143 52012 81040 333 91002 91103
 555 10005=
 22550 82974 00902 11015 21052 30219 40229 52009 555 1/100=
 22778 42998 20802 10006 21077 30143 40214 52021 80001 555 11000=
 22889 42/// /0802 11015 21040 30118 40206 52023 555 1/101=
 22762 42997 00701 10007 21054 30169 40209 52017 555 1/100=
 22638 46/// /1102 10020 21037 39949 40175 52001=
 22671 42/// /0603 11028 21056 30155 40236 52015 555 1/104=
 22456 42/// /0801 11051 21068 30160 40251 52011 555 1/107=
 22583 42698 70501 11038 21066 30174 40257 52014 87500
 555 1/103=
 22749 42/// /0301 11007 21041 30049 40176 54001 555 1/100=
 22951 42/// /1501 10021 21024 39892 40174 52009 555 1/001=
 22887 42997 70704 10011 21041 30130 40201 52023 80001 555 14102=
 22876 42997 00602 11013 21055 30133 40207 52021 555 14100=
 22481 42/// /0502 11073 21087 30214 40270 52014 555 1/110=
 22854 42/// /0703 10033 21048 39887 40175 51004 555 1/001=
 22781 NIL=
 22676 42998 01002 11020 21067 30156 40235 52017 555 14103=
 22648 42998 60902 10015 21039 30146 40192 52005 82031 555 11000=
 22559 42/// /0803 11013 21052 30214 40231 52010 555 1/101=
 22869 42998 70601 10029 21002 30040 40189 52012 80030 555 1/004=
 22768 42997 30703 10026 21050 30146 40196 52014 80001 555 1/002=
 22798 42998 00301 11026 21063 30112 40228 52023 555 14103=
 22375 46/// /1005 11030 30260 40276 52011=
 23207 NIL=
 23215 42398 83205 11046 21058 30132 40224 52007 886// 333 88708 555
 1/104=
 23219 NIL=
 22408 42981 30703 11007 21026 30033 40185 52001 83030 555   1/100=
 22511 42684 60603 11007 21027 30054 40177 57002 82530 555   1/102=
 22529 42598 20601 11010 21026 30182 40189 52004 82502 555   1/101=
 22602 42474 80903 10038 21008 39913 40137 57001 885// 333   88614
 555   1/001=
 22621 83/70 /0803 10030 21034 30029 40169 52002 555   1////=
 22619 42498 60804 10030 21029 39988 40147 57001 86500 555   1/000=
 22721 42998 20000 10029 21040 30055 40153 52002 80001 555   1/100=
 22727 86/70 /1203 10085 21014 30089 40136 52002 333   91110 555  
 1////=
 22717 83/70 /1002 10078 20028 39926 40116 57001 555   1////=
 22802 41496 82802 10055 20046 30084 40107 52008 78082 889// 333  
 88914 555   12008=
 22820 42970 80802 10026 20004 39998 40134 57001 87030 555   11002=
 22831 42997 00902 10054 21039 30094 40149 52003 555   12002=
 22805 414// 83002 10023 20023 30092 40112 52004 78082 889// 555  
 11005=
 22912 42584 82301 10091 20071 30093 40108 52005 885// 333   88627
 555   11008=
 
