12:31:00 MSK 12.09.2023
010 111/=о000=0931
 уйту01 бтул 120900
 22686 82498 81803 10111 20084 30131 40228 54000 885// 333 88614=
 22695 42598 82202 10104 20073 30070 40219 51001 885//=
 22996 81498 80000 10122 20110 30060 40240 52008 70252 885//=
 23220 41396 81901 10111 20103 30072 40209 52003 75152 886//=
 23226 42960 22004 10144 20053 39996 40201 58007 82030=
 23305 42699 61803 10170 20127 30169 40195 57004 82230=
 23320 86/// /2502 10129 20094 30146 40216 57002=
 23324 42481 72203 10133 20105 30138 40213 58003 87600 333 87712=
 23405 42472 71803 10122 20101 30116 40211 52001 87500
 333 87611=
 23410 86/// /1404 10130 20097 30119 40212 54001=
 23411 42499 72005 10130 20104 30122 40208 58002 81930=
 23412 42699 31902 10159 20116 30116 40208 58003 82801=
 23416 NIL=
 23418 42465 71602 10129 20096 30151 40222 52001 87600
 333 87713=
 23503 42398 82102 10116 20096 30173 40221 54000 886// 333 88707=
 23507 86/// /2102 10096 20090 39922 40225 54001=
 23509 42998 82001 10112 20034 30153 40230 54000 8802/=
 23514 41297 82102 10099 20099 30037 40228 52003 72052 886// 333 88704=
 23518 42498 81902 10098 20080 30145 40235 52006 886// 333 88710=
 23606 41462 82402 10117 20100 30069 40230 52002 70252 885// 333 88611=
 23701 42499 72502 10120 20083 30112 40238 52002 86570 333 86619=
 23704 86/// /2301 10126 20098 39843 49954 52075=
 23707 82598 81802 10122 20093 30107 40235 52003 885// 333 88620=
 23708 41398 82302 10109 20080 30098 40244 52002 70252 886// 333 88709=
 23709 42298 82101 10102 20078 30058 40246 52006 886// 333 88706=
 23711 42498 72001 10109 20077 30073 40238 52004 87500 333 87617=
 23803 41499 83301 10104 20088 30069 40244 53008 70242 886//=
 23804 81397 81101 10102 20088 30099 40241 52003 70252 886// 333 86709=
 23807 82497 81801 10116 20101 30087 40244 52006 885// 333 88613=
 23808 86/// /3501 10113 20099 30083 40246 52005=
 23812 42597 80000 10112 20106 30080 40239 52001 8657/=
 23904 41270 80601 10121 20113 30092 40244 52006 70252 886// 333 88706=
 23905 81599 70101 10134 20119 30022 40241 52007 70142 87500=
 23909 81998 13401 10156 20095 30002 40237 52004 70241 80001=
 23912 82598 80601 10190 20074 30046 40228 54001 82101=
 23913 82599 62801 10192 20052 30006 40223 57006 82105=
 23914 82699 70201 10183 20072 39984 40228 52002 83104=
 28013 82698 50502 10178 20068 30010 40229 52004 82101=
 28016 82599 61001 10181 20089 30014 40227 52002 86200=
 28029 82599 60303 10191 20083 30010 40217 52002 84101=
 28116 82599 60501 10180 20091 30002 40221 52002 86500=
 28128 82999 83603 10192 20094 30073 40218 52002 80001=
 28134 82598 80701 10188 20088 39880 40212 52003 83435=
 28138 42599 80604 10164 20077 39667 40207 52004 84101 333 91110=
 28216 82599 70103 10186 20094 39929 40210 52010 87200=
 28222 82598 80502 10194 20088 30028 40211 52010 85201=
 28224 82670 80503 10183 20084 30004 40206 52001 84205=
 28234 82598 80702 10186 20061 39941 40205 52002 85205=
 28238 82599 80603 10183 20063 39912 40199 54000 82101 333 91111=
 28313 42598 50604 10203 20070 30026 40207 52004 85500=
 28319 82598 50603 10202 20088 30045 40199 52003 83250=
 28321 82599 60504 10191 20084 30012 40205 52002 84201=
 28324 82598 60803 10204 20059 30084 40198 52002 86200=
 28326 82598 50302 10205 20092 30019 40194 54000 82131=
 28413 82599 60602 10202 20074 30080 40195 52004 86201=
 28428 82599 80703 10200 20054 30012 40186 52005 84901=
 28429 82598 60403 10172 20068 39795 40185 52006 86201=
 22983 42598 82101 10130 20091 30137 40239 52003 885// 333 91002
 91103=
 27083 42599 60000 10138 20101 30019 40233 52005 85101 333 91000
 91102=
 27097 41498 83601 10173 20122 39981 40230 51001 70242 81101 333 91002
 91102=
 27185 42698 82801 10148 20111 30057 40234 52003 81105 333 91002
 91103=
 27199 41998 50101 10152 20104 30041 40231 52002 70241 80001 333 91003
 91103=
 27281 41582 63602 10152 20109 30032 40231 52003 70242 82101 333 91003
 91104=
 27283 41498 30502 10144 20110 30081 40231 52002 70141 81531 333 91003
 91104=
 27295 42998 70202 10175 20086 39983 40223 52002 80005 333 91005
 91105=
 27296 42998 70202 10176 20086 30014 40222 57001 80001 333 91006
 91107=
 27385 415// 70302 10158 20090 30093 40218 57005 70242 62531 333 91004
 91105=
 27393 42598 60502 10179 20094 30056 40218 52002 82131 333 91005
 91106=
 27480 42998 80502 10187 20087 30094 40216 57003 82031 333 91005
 91106=
 28007 41999 20202 10130 20121 39984 40237 51005 70241 81031 333 91004
 91104=
 28009 42598 30701 10182 20075 30033 40233 52001 82201 333 91003
 91103=
 28105 41998 50402 10169 20095 30043 40227 54000 70142 80001 333 91004
 91104=
 28202 42699 40802 10191 20073 30007 40217 52001 81101 333 91004
 91105=
 28302 42598 80702 10183 20068 39996 40213 52002 82101 333 91006
 91106=
 28307 42998 60103 10184 20075 30072 40209 50001 82031 333 91006
 91106=
 28402 42698 50503 10188 20085 30033 40203 54000 82135 333 91006
 91107=
 28502 42598 80303 10188 20084 30097 40195 52001 86801 333 91005
 91106=
 22550 82697 71903 10199 20131 30154 40164 57006 82530=
 22778 42598 81603 10124 20091 30158 40225 52001 8657/=
 22889 42/// /2001 10131 20095 30156 40240 54001=
 22762 42898 71502 10145 20107 30173 40211 54000 87070=
 22638 46/// /1802 10160 20129 39947 40162 57002=
 22671 42998 71402 10164 20112 30122 40199 50000 87030=
 22456 42598 82002 10179 20124 30072 40155 57003 8657/=
 22583 42598 71701 10161 20109 30126 40203 58002 83870=
 22749 NIL=
 22951 42498 81802 10105 20087 39948 40223 50003 886//=
 22887  42499 81901 10108 20088 30166 40235 52004 875//
 333 88615=
 22876 42597 81301 10122 20095 30163 40234 52002 885// 333 88620=
 22481 NIL=
 22854 41399 81903 10097 20097 39932 40214 58001 70242 886// 333
 85706=
 22781 NIL=
 22676 42598 71804 10131 20095 30138 40213 52001 87500=
 22648 NIL=
 22559 82998 21804 10181 20114 30163 40179 57005 81031 333 91110=
 22869 42497 81902 10119 20091 30087 40231 52002 885// 333 88617=
 22768 42597 62203 10139 20095 30165 40213 57001 86500 333 86626=
 22798 42598 81802 10112 20089 30128 40238 54001 885//=
 22375 46/// /2106 10192 20127 30132 40146 57008=
 23207 42999 82003 10171 20127 30152 40174 57008 8805/=
 23215 NIL=
 23219 NIL=
 27095 NIL=
 22408 42599 82004 10180 20145 39948 40088 57003 885// 333   88613=
 22511 41581 82003 10186 20148 39987 40100 57003 70282 885// 333  
 88620=
 22529 42999 41905 10205 20145 30125 40131 57008 80002=
 22602 42579 72203 10195 20148 39898 40109 57001 82531=
 22621 83/70 /1705 10195 20142 30002 40133 57005=
 22619 42998 51702 10204 20152 39981 40129 57004 80030=
 22721 42598 71301 10189 20150 30058 40150 57003 82505=
 22727 86/70 /1404 10190 20151 30113 40158 57005=
 22717 83/70 /1703 10181 20141 39963 40149 57001=
 22802 42599 61303 10200 20165 30124 40146 54000 81501=
 22820 42470 12003 10203 20137 30030 40160 57004 81500=
 22831 42798 61501 10163 20118 30132 40185 54000 84530 333   84655=
 22805 42997 31407 10178 20157 30125 40144 57001 80001=
 22912 42999 01603 10206 20145 30147 40161 57005=
 
