18:31:00 MSK 26.08.2023
020 123456/=о000=1531
 уйту01 бтул 261500
 22686 61497 82802 10091 20083 39986 40082 58010 60012 76062 8657/ 333 10115 86615 555 50096 53010=
 22695 11598 72903 10092 20056 39915 40062 57009 69992 70262 86530 333
 10109 555 50090 53010=
 22996 61598 63202 10104 20101 39898 40076 52001 60022 72582 85960 333
 10147 91110 555 50105 53010=
 23220 11496 82105 10078 20075 39802 49937 52009 60172 76362 8872/ 333 10106 91111 555 50082 53011=
 23226 11460 82304 10084 20078 39717 49920 52005 60122 72582 8695/ 
 333 10105 86910 555 50086 53011=
 23305 11699 82904 10086 20069 30006 40033 57009 69952 72162 885// 333
 10099 91110 555 50086 53011=
 23320 76/// /2402 10078 20058 39924 49994 54001 333 60002 555 50080 53009=
 23324 12575 82804 10083 20060 39907 49981 52001 69952 885// 333 10087
 88621 555 50080 53011=
 23405 11567 83102 10078 20067 39944 40039 57011 69902 70282 
 8255/ 333 10096 555 50080 53009=
 23410 76/// /2703 10077 20061 39912 40005 58002 333 60002=
 23411 12599 82901 10078 20070 39932 40018 56001 60002 885// 333
 10119 555 50084 53011=
 23412 11499 83103 10079 20072 39915 40008 57004 60042 70282 883// 333 10098 84919 555 50081 53009=
 23416 NIL=
 23418 11560 82902 10088 20073 39944 40014 57008 60022
 78082 8695/ 333 10113 84929 555 50090 53009=
 23503 12598 83001 10092 20059 39986 40034 57008 69932 8395/ 333 10105 555 50088 53009=
 23507 66/// /3102 10090 20064 39751 40050 57010 60002 333 10104 555 50080 53009=
 23509 11498 73201 10093 20070 39966 40042 57009 60022 70282 87900 333
 10122 85916 555 50101 53008=
 23514 11597 72901 10077 20066 39842 40031 57005 60012 70282 86973 333 10110 84922 555 50079 53008=
 23518 62598 83002 10089 20050 39931 40019 57003 69982 8397/ 333
 10116=
 23606 12962 80000 10090 20065 39882 40042 57006 69942 8803/ 333 10119 555 50092 53008=
 23701 62599 62902 10101 20055 39941 40065 57008 60002 82939 333
 10118 555 53008=
 23704 76/// /3201 10106 20063 39740 49850 51016 333 60002=
 23707 61598 83204 10103 20074 39939 40066 57005 69932 72522 8693/ 333 10126 85632 555 50098 53010 7003/=
 23708 12584 83001 10095 20041 39919 40063 57002 69912 81931 333 10126
 555 50097 53009=
 23709 12698 82703 10091 20058 39867 40053 50001 69902 889// 333 10143
 85942 555 50096 53009=
 23711 11598 82901 10089 20080 39874 40037 54000 60032 70282 889// 333 10121 555 50093 53006=
 23803 12599 83302 10101 20062 39885 40057 54000 69972 8696/ 333 10141
 555 50104 53006=
 23804 62597 72601 10108 20083 39926 40065 57006 60032 83570 333 10132 555 50099 53008=
 23807 61597 83101 10104 20100 39920 40075 54000 60062 70282 84931 333
 10132 555 50097 53008=
 23808 66/// /3003 10095 20077 39907 40069 52002 60002 333 10134=
 23812 12597 60000 10099 20066 39883 40039 57006 69902 82539 333 10128
 555 50099 53007=
 23904 11570 73001 10105 20097 39923 40074 54000 60052 70282 82332 333
 10144 555 50095 53008=
 23905 61599 62701 10098 20091 39846 40064 57003 60072 70182 83971 333
 10132 555 53008=
 23909 61598 62601 10098 20092 39822 40057 57007 60072 70282 82375 333
 10137=
 23912 61598 72301 10101 20085 39864 40048 57002 60032 70382 82935 333
 10130 555 53006=
 23913 62599 60000 10089 20077 39826 40047 57002 60022 83932 333 10135
 555 53008=
 23914 61498 72603 10093 20083 39804 40051 57003 60062 70282 85942 333
 10135=
 28013 61598 82501 10099 20082 39835 40057 57007 60042 70282 85901 333
 10130 555 53007=
 28016 61599 73002 10095 20084 39847 40063 57007 60032 70282 87900 333
 10125 555 53007=
 28029 61498 73501 10096 20090 39848 40058 52002 60032 72582 86940 333
 10146 555 53007=
 28116 61599 62802 10110 20077 39842 40063 57008 60012 70182 82961 333
 10140=
 28128 61599 83101 10118 20080 39918 40064 57005 69952 70262 8354/ 333
 10144 555 53006=
 28134 61598 80000 10094 20089 39727 40064 57002 60032 70282 82515 333
 10132 555 53005=
 28138 12899 72602 10087 20059 39516 40062 52001 69932 87030 333
 10130=
 28216 61699 72604 10114 20067 39786 40071 57004 69982 70282 81520 333
 10152 555 53007=
 28222 61598 80000 10119 20078 39879 40065 57005 69952 70282 8697/ 333
 10155 555 53008=
 28224 61670 83201 10128 20056 39863 40066 57006 69982 70282 8698/ 333
 10151=
 28234 61498 60000 10095 20077 39801 40069 57002 60032 72582 82940 333
 10140 555 53007=
 28238 62599 62602 10104 20053 39776 40067 52002 69932 83481 333 10146
 555 53009=
 28313 62598 82802 10121 20070 39893 40077 55003 60012 885// 333 10149
 555 53006=
 28319 11598 72702 10131 20062 39924 40080 57001 60012 70282 87900 333
 10167=
 28321 61599 72501 10117 20079 39875 40070 57005 69932 70382 85970 333
 10156=
 28324 62699 62602 10132 20039 39957 40072 57004 69952 85481 333 10163
 555 53007=
 28326 61598 62501 10110 20085 39890 40069 57002 69912 72522 86300 333
 10166 555 53007=
 28413 61597 82602 10101 20078 39975 40093 55000 60062 78182 883// 333
 10157 91110 555 53010=
 28428 62598 83102 10135 20050 39899 40075 57002 60002 82501 333 10178
 555 53008=
 28429 61598 62501 10091 20077 39683 40080 54001 60042 72582 83901 333
 10158 555 53009=
 22983 12498 53002 10122 20074 39989 40089 57001 60022 82961 333 10139
 91004 91107 555 50106 53007=
 27083 11599 63001 10104 20094 39873 40087 52002 60052 72162 86800 333
 10137 91003 91107 555 50102 53007=
 27097 11460 82902 10095 20090 39836 40089 57001 60062 78082 889// 333
 10128 91003 91109 555 50098 53009=
 27185 11598 82902 10109 20091 39919 40096 57003 60012 72522 86335 333
 10153 91004 91108 555 50101 53008=
 27199 11498 73201 10114 20094 39899 40088 57006 60032 72522 86331 333
 10135 91001 91105 555 50103 53007=
 27281 11482 70000 10104 20096 39903 40102 57005 60052 70282 82989 333
 10149 91001 91108 555 50108 53008=
 27283 12498 72903 10122 20089 39945 40094 57006 60022 85530 333 10149
 91005 91106 555 50108 53011=
 27295 11598 72302 10114 20094 39853 40095 57008 60012 72582 86470 333
 10145 91005 91105 555 50101 53007=
 27296 12578 82701 10114 20083 39881 40090 57006 69982 889// 333 10145
 91003 91105 555 50103 53007=
 27385 115// 72502 10126 20094 39982 40105 57004 69942 70282 84530 333
 10178 91003 91106 555 50116 53008=
 27393 11598 82302 10104 20091 39936 40101 57005 60022 72582 8592/ 333
 10158 91003 91106 555 50110 53008=
 27480 11598 60000 10121 20109 39991 40114 57003 69982 70282 86930 333
 10178 91000 91107 555 50116 53008=
 28007 11599 73404 10113 20069 39830 40081 53001 69962 70282 86330 333
 10133 91008 91108 555 50100 53008=
 28009 11698 82702 10112 20091 39872 40074 57004 60032 70282 85501 333
 10128 91003 91105 555 50096 53005=
 28105 12598 72901 10120 20083 39896 40080 57004 60022 87800 333 10124
 91003 91106 555 50098 53007=
 28202 11569 72901 10107 20081 39867 40080 57007 60032 72582 85931 333
 10132 91003 91105 555 50099 53008=
 28302 12598 83001 10116 20084 39867 40086 57010 60032 889// 333 10152
 91002 91104 555 50104 53007=
 28307 11498 82701 10115 20091 39961 40099 57002 60012 78082 889// 333
 10177 91003 91107 555 50113 53007=
 28402 11571 82501 10108 20103 39924 40096 57001 60032 76098 8557/ 333
 10167 91003 91106 555 50115 53007=
 28502 11598 82702 10137 20089 39996 40095 57004 69902 70282 86901 333
 10180 91002 91113 555 50127 53013=
 22550 12597 73304 10116 20068 30119 40129 57009 69902 83541 333 10127
 555 50101 53008=
 22778 12598 73202 10120 20066 30035 40102 57008 60002 86570 333 10137
 555 50103 53008=
 22889 12498 72802 10118 20092 30004 40087 57003 60022 87800 333 10130
 87618 555 50105 53009=
 22762 62598 73002 10114 20067 30081 40119 58005 60002 82536 333 10139
 555 50107 53007=
 22638 46/// /0202 10125 20106 39929 40146 54000=
 22671 12598 73201 10100 20066 30025 40101 57008 69902 81530 333 10123
 555 50094 53008=
 22456 11597 83202 10093 20074 30033 40118 58008 69952 70282 885// 333
 10115 555 50084 53008=
 22583 11597 73004 10090 20079 39996 40074 57007 60022 78088 86970
 333 10111 555 50088 53008=
 22749 NIL=
 22951 12598 73101 10124 20062 39866 40137 57003 60002 87500 333 10141
 555 50100 53008=
 22887 12599 83104 10117 20076 30026 40093 57005 69942 82531 
 333 10135 91111 555 50110 53011=
 22876 12597 72801 10125 20072 30030 40102 58006 69982 85430 333 10140
 85626 555 50110 53009=
 22481 11496 83204 10080 20069 30031 40083 57004 60022 78082 889// 333
 10111 91110 555 50088 53010=
 22854 12599 83103 10124 20066 39855 40132 57005 60002 82536 333 10135
 555 50102 53007=
 22781 NIL=
 22676 11498 73004 10105 20073 30016 40091 57011 69912 70282 85940 333
 10120 91110 555 50094 53011=
 22648 NIL=
 22559 62598 83003 10113 20069 30108 40124 57004 60002 8293/ 333 10128
 555 50099 53008=
 22869 12497 72501 10116 20080 39977 40120 58007 60002 82936 333 10137
 555 50102 53007=
 22768 11497 83002 10109 20090 30070 40119 57007 69902 72522 8795/ 333
 10137 84915 555 50109 53007=
 22798 11498 73202 10102 20076 39970 40078 56001 60022 70282 84939 333
 10145 555 50104 53009=
 22375 46/// /3604 10076 20065 30080 40095 57002=
 23207 11496 83103 10076 20071 30014 40036 57010 60012 78082 889// 333
 10093 555 50078 53008=
 23215 NIL=
 23219 NIL=
 27095 76/// /3001 10102 20102 39876 40097 51003 333 60002 555 50097 53008=
 22408 22699 72901 10175 20103 30016 40158 57005 82939 333   60002=
 22511 22798 53301 10181 20087 30041 40155 57005 82401 333   60002=
 22529 22599 43501 10133 20085 30147 40154 57002 82532 333   60002=
 22602 22599 63102 10173 20086 39944 40158 57005 84930 333   60002=
 22621 73/70 /3402 10160 20092 30019 40152 54000 333   60002=
 22619 22498 53103 10180 20116 39997 40147 57003 85800 333   60002=
 22721 22998 52902 10176 20087 30052 40145 57009 84031 333   69902=
 22727 76/70 /3201 10181 20092 30106 40151 57007 333   60002=
 22717 73/70 /3501 10182 20067 39967 40154 57005 333   60002=
 22802 22699 40301 10169 20084 30136 40158 57005 82530 333   60002=
 22820 22970 30000 10172 20089 30022 40154 57004 83030 333   60002=
 22831 22698 72801 10156 20101 30092 40145 57005 82530 333   60002=
 22805 22998 10000 10191 20103 30135 40159 57004 80001 333   60002=
 22912 22599 50802 10189 20086 30135 40149 57002 83441 333   60002=
 
