09:31:00 MSK 14.12.2023
020 123456/=о000=0631
 унту01 бтул 140600
 22686 41997 81503 11150 21173 30200 40308 52005 77073 8807/ 333 21150=
 22695 41998 41702 11153 21185 30135 40301 53005 70271 84030 333 21153=
 22996 42998 81803 11157 21178 30144 40346 54000 8807/ 333 21163=
 23220 41597 82303 11157 21182 30185 40339 54000 70282 885// 333 88623=
 23226 41960 21902 11211 21236 30106 40345 52003 70171 82030=
 23305 41699 81803 11140 21165 30274 40304 54000 70272 885//=
 23320 66/// /2203 11138 21164 30263 40342 52004 60002 333 21160=
 23324 42981 82202 11139 21169 30256 40340 53003 8805/=
 23405 41958 81302 11156 21175 30200 40308 58003 77172 
 8802/ 333 21156=
 23410 66/// /1705 11145 21172 30224 40329 54001 60002 333 21165=
 23411 41998 82005 11144 21162 30221 40317 52001 70272 8802/=
 23412 41998 81803 11146 21166 30222 40327 54000 77172 8807/=
 23416 NIL=
 23418 41442 81803 11141 21168 30261 40341 52001 77172
 8652/ 333 86614=
 23501 NIL=
 23503 41996 81803 11137 21160 30269 40323 52002 77172 8802/=
 23507 86/// /1901 11153 21166 39979 40315 52003=
 23509 41997 81802 11142 21177 30246 40331 53003 77172 8802/=
 23514 41497 81802 11151 21171 30121 40333 57002 72272 8677/ 333 86712=
 23518 42998 81905 11158 21191 30261 40361 53003 8807/ 555 53008=
 23606 41532 81905 11148 21173 30158 40338 52003 77372 8552/ 333 85621=
 23701 41499 81902 11146 21167 30192 40332 52003 70272 8802/ 333 21151
 88512=
 23704 66/// /1603 11146 21160 39173 49287 55023 60002 333 21151=
 23707 81597 81703 11145 21172 30186 40330 54000 77177 8552/ 333 21156 85622=
 23708 41981 81604 11158 21188 30190 40353 52002 72272 8807/ 333 21158=
 23709 42998 81702 11171 21209 30159 40370 52004 8805/ 333 21171=
 23711 42998 81903 11172 21203 30187 40373 53005 8805/ 333 21172=
 23803 42999 82003 11170 21212 30179 40376 53003 8805/=
 23804 41597 81902 11150 21181 30181 40338 52001 70272 8357/ 333 21150=
 23807 41996 81905 11157 21173 30170 40346 54000 77073 8807/ 333 21159=
 23808 86/// /1504 11164 21183 30185 40369 54001 333 21170=
 23812 42997 82103 11178 21222 30218 40397 53003 86072 333 934//=
 23904 42970 81703 11162 21188 30194 40365 54000 8802/ 333 21165=
 23905 42899 81702 11174 21202 30133 40383 52001 8801/=
 23909 41498 81803 11190 21220 30130 40402 54000 70231 81571 333 21196
 93606=
 23912 42898 81804 11184 21224 30205 40417 57003 82031=
 23913 42599 81301 11164 21200 30179 40431 57003 885//=
 23914 82899 71705 11197 21229 30136 40421 57003 86041 333 21200=
 28013 42898 31703 11192 21236 30156 40412 54001 83020 333 21194=
 28016 42599 81602 11192 21218 30164 40413 54001 84535 333 21199=
 28029 42899 21603 11183 21233 30193 40436 57002 82020 333 21189=
 28116 42899 61902 11177 21216 30168 40423 57001 83075=
 28128 42899 81702 11179 21219 30269 40440 57005 83031=
 28134 42998 62001 11199 21249 30064 40456 57006 80005=
 28138 42599 71902 11189 21226 39843 40472 57003 87500 333 93646=
 28216 42699 81804 11161 21218 30103 40430 54001 8453/=
 28222 42898 81401 11168 21211 30227 40442 57006 8807/=
 28224 42870 81604 11160 21206 30209 40443 57005 8801/=
 28234 42899 81703 11145 21234 30155 40460 57005 8803/=
 28238 42599 60000 11302 21343 30145 40499 57004 85530 333 21324=
 28313 42898 81802 11163 21212 30221 40433 57006 8804/=
 28319 42899 61502 11143 21204 30262 40441 57006 83031=
 28321 42899 71804 11147 21203 30213 40435 57005 87030=
 28324 42899 81802 11135 21202 30311 40443 56005 86045=
 28326 42598 70000 11202 21229 30253 40462 57004 86530=
 28413 42599 61503 11141 21221 30300 40434 55001 85530=
 28428 42597 80901 11198 21228 30255 40461 56004 83531=
 28429 42898 82002 11110 21198 30017 40461 57004 8807/=
 22983 41598 81802 11146 21182 30214 40328 52002 72272 8553/ 333 91005
 91105=
 27083 42599 81703 11157 21187 30100 40342 52002 885// 333 91005
 91107=
 27097 41566 81504 11162 21178 30075 40361 52001 77173 885// 333 91006
 91107=
 27185 41997 81502 11153 21178 30158 40358 52004 77172 8802/ 333 91004
 91105=
 27199 41997 81603 11151 21177 30163 40378 52003 77172 8802/ 333 91006
 91106=
 27281 41957 81504 11153 21177 30126 40352 52002 77172 8807/ 333 91006
 91107=
 27283 41956 81703 11151 21176 30196 40366 53003 77172 8807/ 333 91006
 91106=
 27295 41569 81403 11153 21182 30103 40378 52002 77172 8802/ 333 91006
 91106=
 27296 41957 81503 11155 21189 30147 40385 52003 77172 8807/ 333 91006
 91108=
 27385 415// 81604 11137 21169 30225 40365 54000 77173 8455/ 333 91006
 91107=
 27393 41597 81706 11148 21176 30209 40395 53002 77072 8652/ 333 91007
 91108=
 27480 41557 81503 11136 21173 30222 40361 54000 77172 8802/ 333 91005
 91106=
 28007 41459 81703 11167 21196 30097 40384 52002 77122 8872/ 333 88712
 91004 91105=
 28009 42998 81603 11164 21213 30167 40398 52001 8807/ 333 91005
 91106=
 28105 41959 81703 11160 21198 30176 40388 52002 77011 8802/ 333 91005
 91106=
 28202 42981 81805 11161 21207 30158 40401 54000 8805/ 333 91007
 91107=
 28302 42598 81403 11158 21208 30155 40406 52001 8802/ 333 91005
 91107=
 28307 41497 81202 11142 21171 30236 40393 52001 77172 885// 333 91003
 91105=
 28402 42998 81604 11136 21198 30209 40404 52004 8801/ 333 91006
 91106=
 28502 42598 81002 11132 21192 30293 40406 53001 885// 333 91003
 91105=
 22550 81456 81402 11117 21138 30232 40242 52003 78582 8693/ 333 21117
 86917=
 22778 41498 81503 11139 21165 30214 40289 52001 70272 8657/ 333
 86614=
 22889 41496 81402 11146 21176 30233 40327 53001 77172 8602/ 333
 86514=
 22762 41997 21301 11156 21172 30227 40269 52002 70271 80070 333
 21159=
 22638 46/// /1602 11124 21144 39977 40216 52004=
 22671 41998 71702 11142 21163 30186 40271 52002 70272 87010 333
 21144=
 22456 41497 81601 11121 21155 30157 40251 52005 70272 886// 333
 21121=
 22583 42998 81601 11154 21173 30204 40292 52003 86071=
 22749 42497 81702 11120 21139 30103 40236 52003 886// 333 88710=
 22951 41497 81603 11137 21154 39957 40259 52003 77172 8672/=
 22887 41497 81503 11142 21177 30238 40314 52005 78587 8695/
 333 86917=
 22876 42597 81503 11143 21164 30224 40303 54001 889// 333 88922=
 22481 41598 71603 11134 21156 30218 40275 52005 70282 86470 333
 21134=
 22854 42598 81603 11132 21154 39945 40254 52003 885// 333 88622=
 22781 NIL=
 22676 41898 51501 11174 21192 30199 40284 52004 70272 85070 333
 21174=
 22648 41497 71402 11125 21139 30189 40238 52003 77187 86770 333
 86711=
 22559 41697 81502 11125 21146 30238 40256 52002 78587 8692/ 333 21126
 86640=
 22869 42597 81703 11136 21164 30130 40290 52003 885// 333 87627=
 22768 41597 81803 11124 21157 30214 40267 52003 77171 885// 333
 88622=
 22798 41596 81702 11147 21172 30202 40324 54001 77177 885//=
 22375 46/// /1905 11118 21141 30247 40263 52005=
 23207 41599 81802 11128 21150 30263 40287 54000 70282 885//=
 23215 41398 82003 11154 21174 30219 40316 54001 72272 885// 333
 88607=
 23219 NIL=
 27095 66/// /1603 11162 21174 30123 40373 54001 60002 333 21162=
 22408 11450 80401 11099 21111 30038 40195 52004 60022 77187 8872/
 333   21122 47039 88515 93501=
 22511 11241 81001 11104 21119 30064 40192 52004 60022 77172 8772/
 333   21127 47040 87704 93501=
 22529 11996 81201 11109 21122 30204 40211 52008 69982 77172 8802/
 333   21091 47033=
 22602 11976 50901 11101 21116 39940 40177 52005 69972 70272 8503/
 333   21102 47037=
 22621 12498 81202 11107 21118 30056 40203 52008 60012 889// 333  
 21107 47033 88911=
 22619 11496 81103 11105 21117 30023 40191 52007 77172 8452/ 333  
 21113 48037=
 22721 11496 81302 11102 21115 30096 40200 52006 60032 78582 889//
 333   21102 47044 85710=
 22727 12465 81502 11084 21100 30141 40191 52007 69982 884// 333  
 21085 47033 88615=
 22717 12398 80901 11093 21108 39972 40179 52007 60022 886// 333  
 21093 47021 88708=
 22802 11496 80806 11070 21084 30135 40159 52007 69932 78583 889//
 333   21070 47025 88913=
 22820 11595 81302 11097 21119 30046 40190 52006 60022 77172 8652/
 333   21098 47033 86626=
 22831 12597 71202 11106 21133 30155 40213 52004 60012 87900 333  
 21108 47028 87920=
 22805 114// 81310 11023 21030 30126 40151 52008 60022 78583 8692/
 333   21024 48034 91012 91113=
 22912 11584 81204 11082 21105 30159 40175 52006 60012 70272 885//
 333   21087 47022 88632=
 
