03:31:00 MSK 18.12.2023
020 123456/=о000=0031
 унту01 бтул 180000
 22686 41497 81503 11110 21128 39828 49930 57008 77172 8652/ 333 86613 555 1/110=
 22695 41597 81503 11118 21146 39770 49927 57010 77172 8652/ 555 1/111=
 22996 41496 81602 11115 21124 39769 49960 57016 77172 8672/ 333 86714 555 1/109=
 23220 41597 81305 11161 21213 39902 40051 57012 73683 8357/ 333 91111 555 1/117=
 23226 41460 81508 11166 21200 39823 40050 57014 73632 8455/ 333 84619 
 91012 91118 555 1/116=
 23305 42/// /1705 11132 21154 39916 49945 57016 555 1/113=
 23320 86/// /1502 11127 21142 39949 40025 57011=
 23324 41979 81403 11141 21170 39947 40028 57013 72272 8807/ 555 1/115=
 23405 41496 81104 11132 21152 39849 49952 57016 77171 885// 333
 88613 555 1/113=
 23410 86/// /1508 11122 21157 39899 49999 57013 333 91012 91112 555 53012=
 23411 42/// /1804 11137 21155 39884 49977 57019 555 1/115=
 23412 42999 31705 11128 21154 39895 49996 57014 83030 333 91110 555 1/114=
 23416 NIL=
 23418 41460 81704 11131 21151 39935 40012 57012 77172 8672/ 333 86711
 555 1/114=
 23503 42/// /1704 11123 21152 39922 49974 57018 555 1/113=
 23507 86/// /1802 11137 21147 39633 49955 57014=
 23509 NIL=
 23514 41496 81604 11132 21152 39792 49997 57016 77173 8672/ 333 85710 555 1/114=
 23518 42/// /1405 11138 21165 39934 40030 57008 555 1/115=
 23606 41556 81606 11130 21154 39813 49986 57015 77172 8552/ 333 85625 91110 555 1/111=
 23612 NIL=
 23701 42/// /1701 11119 21134 39833 49967 58012 555 1/111=
 23704 86/// /1503 11116 21125 39282 49396 52019 555 53008=
 23707 81396 81504 11115 21134 39823 49960 57010 77177 8872/ 333 86709 555 1/112=
 23708 42/// /1504 11123 21148 39833 49988 57018 555 1/112=
 23709 41997 81502 11133 21163 39811 40012 56017 77172 8807/ 555 1/113=
 23711 41497 81604 11132 21157 39853 40030 57011 78582 8597/ 333 85917
 555 1/113=
 23803 41497 81303 11130 21161 39828 40016 57018 77172 8802/ 333 88513 555 1/113=
 23804 81496 81602 11113 21133 39817 49967 57013 77172 8802/ 333 88512 555 1/111=
 23807 42/// /1704 11120 21129 39803 49970 57013 555 1/112=
 23808 86/// /1304 11122 21133 39822 49997 57019=
 23812 41496 81101 11132 21160 39878 40048 57011 78582 889// 333 934//
 555 1/113=
 23904 41915 81603 11116 21129 39820 49982 57021 77573 8802/ 555 1/112=
 23905 41896 81402 11124 21143 39770 40006 57022 77172 8802/ 555
 1/112=
 23909 41497 81404 11129 21149 39776 40032 57022 77173 8651/=
 23912 41596 81803 11124 21147 39860 40061 57011 77172 8802/ 555
 1/112=
 23913 41997 81401 11125 21150 39840 40080 57011 77072 8802/ 555
 1/113=
 23914 81495 81704 11130 21147 39793 40062 57012 77372 8802/=
 27095 86/// /1402 11109 21109 39743 49979 57018=
 28013 41897 81505 11128 21154 39804 40045 57020 77172 8802/ 555
 1/113=
 28016 42/// /1503 11122 21136 39807 40041 56024 555 1/112=
 28029 41899 81704 11116 21142 39847 40076 57013 70272 8802/ 555
 1/109=
 28116 41496 81503 11116 21136 39810 40050 57025 77172 8872/=
 28128 41596 81703 11102 21125 39918 40077 57021 77172 8802/ 555
 1/111=
 28134 41496 81702 11114 21138 39727 40092 57014 77072 8672/ 555
 1/111=
 28138 43/// /1702 11133 21152 39520 40116 5////=
 28216 41596 81606 11100 21118 39751 40059 57025 77173 8872/ 333 91010
 91110 555 1/110=
 28222 42/// /1504 11104 21126 39882 40084 57021 555 1/110=
 28224 41670 81605 11096 21120 39864 40085 57021 77172 885//=
 28234 41596 81804 11105 21133 39819 40109 57014 77172 885// 555
 1/109=
 28238 41496 81802 11107 21135 39806 40122 57010 77172 8802/ 555
 1/112=
 28313 42/// /1605 11091 21113 39869 40068 57025 555 1/109=
 28319 41598 81703 11088 21111 39912 40082 57023 70272 885//=
 28321 41896 81605 11095 21113 39862 40073 57026 77172 8807/ 333 91011
 91111=
 28324 42/// /1606 11089 21115 39960 40085 56024 333 91010 91111 555
 1/109=
 28326 41598 61903 11096 21119 39915 40109 57014 70272 86500 555
 1/110=
 28413 41595 81604 11084 21108 39942 40068 58029 78587 883// 555
 1/109=
 28428 41596 81907 11096 21119 39922 40115 58014 77373 8802/ 333 91011
 91111 555 1/110=
 28429 42/// /2002 11111 21130 39700 40131 57017 555 1/109=
 22983 41572 80000 11112 21126 39841 49949 57007 77172 885// 333 91001
 91103 555 1/111=
 27083 41456 81401 11105 21123 39722 49951 57012 77172 8872/ 333 91002
 91105 555 1/110=
 27097 42/// /1302 11100 21105 39693 49962 57015 333 91003 91107 555
 1/110=
 27185 42/// /1601 11073 21084 39768 49955 57009 333 91002 91104 555
 1/108=
 27199 41996 81603 11070 21085 39769 49969 57018 77172 8802/ 333 91006
 91108 555 1/107=
 27281 41442 82602 11055 21064 39750 49959 54000 77172 8872/ 333 91005
 91106 555 1/106=
 27283 41496 81802 11060 21068 39802 49960 57010 77172 8872/ 333 91003
 91106 555 1/107=
 27295 42/// /1602 11062 21077 39715 49970 57015 333 91005 91107 555
 1/105=
 27296 41997 81504 11070 21090 39755 49977 57019 73673 8802/ 333 91007
 91109 555 1/108=
 27385 414// 82103 11038 21048 39841 49970 57006 77173 8872/ 333 91005
 91107 555 1/105=
 27393 41598 81807 11067 21083 39815 49989 57020 70272 8652/ 333 91009
 91111 555 1/107=
 27480 41495 82402 11026 21029 39854 49983 52001 77372 8802/ 333 91004
 91105 555 1/104=
 28007 41499 81602 11101 21117 39716 49985 57023 77172 8872/ 333 88711
 91004 91105 555 1/110=
 28009 81503 11099 21130 39789 40006 52027 77173 8802/ 333 91006 91108
 555 1/110=
 28105 41997 81502 11090 21113 39785 49983 57025 77172 8802/ 333 91006
 91109 555 1/110=
 28202 41596 81906 11085 21107 39774 40001 57026 73875 885// 333 91008
 91109 93401 555 1/108=
 28302 41596 81604 11082 21104 39775 40009 57022 77187 884// 333 91007
 91111 555 1/109=
 28307 41496 81404 11062 21080 39845 49991 57022 77173 8802/ 333 91007
 91110 555 1/107=
 28402 41428 81706 11074 21095 39828 40011 57024 77373 8872/ 333 91009
 91113 555 1/108=
 28502 42998 81806 11066 21093 39918 40024 56028 8802/ 333 91010 91111
 555 1/106=
 22550 81570 82203 11017 21024 39854 49864 57016 70272 885// 333 88629
 555 1/103=
 22778 41496 81502 11095 21111 39853 49924 52003 77172 8872/ 333 86712
 555 1/110=
 22889 42/// /0902 11112 21127 39862 49951 57007 555 1/112=
 22762 42/// /2301 11056 21060 39875 49915 51003 555 1/106=
 22638 46/// /2503 11016 21026 39681 49904 57012=
 22671 42/// /1902 11089 21096 39812 49893 58003 555 1/108=
 22456 41497 82201 11049 21070 39763 49850 58013 70282 886// 555
 1/106=
 22583 41596 81401 11109 21126 39826 49909 57011 78588 889// 555 1/111=
 22749 42/// /2703 11013 21030 39808 49932 57002 555 1////=
 22951 NIL=
 22887 41497 81603 11098 21119 39870 49942 53002 77177 8802/
 333 88517 555 1/110=
 22876 41496 81001 11098 21105 39859 49933 54001 78582 889// 333 88916
 555 1/109=
 22481 42/// /1605 11100 21118 39825 49879 58009 555 1/110=
 22854 42/// /2604 11028 21033 39660 49948 52003 555 1/104=
 22781 NIL=
 22676 41496 81402 11098 21116 39828 49907 57002 77172 8872/ 555
 1/109=
 22648 41697 82303 11012 21013 39865 49911 58009 78587 889// 333 88633
 555 1/103=
 22559 42/// /2002 11031 21038 39864 49881 58009 555 1/104=
 22869 41598 82803 11036 21044 39797 49946 52013 70272 8802/ 333 88528
 555 1/105=
 22768 41397 82302 11036 21047 39874 49924 52010 70272 887// 333 86707
 555 1/105=
 22798 41496 81201 11113 21125 39836 49952 57009 77187 8802/ 555
 1////=
 22375 46/// /1907 11086 21098 39835 49851 54010=
 23207 NIL=
 23215 42798 81705 11123 21143 39895 49988 58012 885// 333 88656 91010
 91110 555 1/113=
 23219 NIL=
 22408 41984 02806 11005 21027 39729 49876 52006 73683 333   91112
 555   1/104=
 22511 41984 02704 10000 21030 39759 49878 52001 70281 333   91112
 555   1/104=
 22529 41598 82304 10004 21016 39869 49876 57013 70282 885// 333  
 88620 555   1/101=
 22602 42473 82703 11007 21029 39697 49920 52002 885// 333   88618
 91110 555   1/101=
 22621 83561 /2405 11003 21019 39758 49895 57011 555   1////=
 22619 43/50 /2505 11008 21019 39755 49912 57004 333   91111 555  
 1/102=
 22721 42497 82803 11007 21022 39827 49924 57005 887// 333   86710
 555   1/103=
 22727 86/70 /2404 11009 21025 39902 49950 57004 555   1////=
 22717 83/68 /2403 11016 21029 39769 49966 57002 555   1////=
 22802 42998 02402 11021 21034 39963 49986 52002 555   1/108=
 22820 41497 82607 11007 21027 39822 49957 57001 73673 8657/ 333  
 86610 91012 91113 92980 555   1/102=
 22831 41496 82603 11004 21021 39895 49950 57009 78582 889// 333  
 88916 555   1/101=
 22805 425// 12810 10007 21013 39971 49996 52002 81500 333   91012
 91114 555   1/102=
 22912 42484 72504 10006 21020 39978 49993 57003 87500 333   87619
 555   1/102=
 
