18:31:00 MSK 12.09.2023
020 123456/=о000=1531
 уйту01 бтул 121500
 22686 62598 81903 10118 20084 30122 40219 56001 60002 8257/ 333 10142 555 50112 53007=
 22695 12598 81901 10120 20082 30058 40206 57007 69902 885// 333 10126
 555 50101 53006=
 22996 62998 21501 10126 20120 30053 40233 57001 69902 80001 333 10168
 555 50117 53003=
 23220 12598 80000 10118 20106 30059 40196 57006 69982 885// 333 10123 555 50112 53005=
 23226 11358 82205 10118 20104 39985 40192 57005 69912 71022 886// 333 
 10144 86708 555 50109 53008=
 23305 12999 41804 10131 20105 30159 40185 56002 60002 83035 333 10180
 555 50132 53009=
 23320 76/// /2303 10120 20087 30137 40207 57004 333 60002 555 50110 53007=
 23324 12481 71901 10113 20096 30129 40204 57005 69902 87600 333 10134
 87714 555 50114 53007=
 23405 12566 71803 10117 20095 30105 40200 57004
 60002 82532 333 10139 555 50110 53007=
 23410 76/// /1605 10121 20096 30105 40198 56005 333 60002=
 23411 12999 82206 10110 20096 30114 40200 57003 60002 8807/ 333 10149
 91111 555 50110 53011=
 23412 12699 31804 10130 20107 30103 40196 57004 60002 83500 333 10176 555 50123 53008=
 23416 NIL=
 23418 12465 81803 10110 20096 30147 40219 57001 60002 886//
 333 10136 88710 555 50097 53006=
 23503 12498 82103 10115 20078 30164 40213 55006 60002 885// 333 10122 88614 555 50085 53006=
 23507 66/// /2302 10095 20087 39914 40216 57006 60002 333 10099 555 50081 53007=
 23509 12998 62001 10110 20077 30148 40224 58005 60002 86020 333 10126
 555 50102 53003=
 23514 11497 82001 10102 20096 30030 40221 57006 69902 72052 8665/ 333 10106 86712 555 50083 53005=
 23518 12398 82203 10086 20074 30141 40231 57003 69902 886// 333 10100
 88709 555 50092 53006=
 23606 12562 82102 10117 20100 30064 40225 57003 69902 885// 333 10127 88620 555 50101 53004=
 23701 12599 72301 10126 20093 30104 40229 57003 60002 86580 333 10152
 86622 555 50107 53005=
 23704 76/// /1802 10120 20101 39903 40015 58024 333 60002=
 23707 62598 81802 10112 20087 30105 40233 57002 60002 885// 333 10122 88620 555 50104 53005 =
 23708 12484 82402 10104 20078 30096 40242 57003 69902 886// 333 10116
 86615 555 50097 53004=
 23709 62298 82802 10105 20085 30053 40241 57004 60002 886// 333 10114 88706 555 50091 53004=
 23711 12998 60000 10091 20084 30067 40233 57001 60002 83031 333 10147 555 50100 53004=
 23803 12699 83402 10110 20090 30066 40241 57002 60002 885// 333 10114
 555 50099 53004=
 23804 62497 81801 10108 20088 30096 40237 58003 69902 885// 333 10111 88611 555 50099 53003=
 23807 12997 20701 10113 20102 30080 40237 57005 60002 81031 333 10150
 555 50105 53003=
 23808 66/// /2601 10097 20084 30077 40241 57003 60002 333 10152=
 23812 12597 80101 10112 20098 30077 40235 57002 69902 8655/ 333 10132
 555 50087 53004=
 23904 12970 20000 10098 20095 30089 40243 57002 69912 80001 333 10139
 555 50109 53003=
 23905 62999 62801 10134 20112 30015 40234 57001 60002 80004 333 10181
 555 53003=
 23909 62998 60000 10116 20103 39995 40233 57001 60002 80001 333
 10188=
 23912 62998 60501 10126 20087 30041 40227 54001 60002 80001 333 10202
 555 53005=
 23913 62999 60000 10079 20074 30004 40229 53003 60002 84031 333 10209
 555 53004=
 23914 62999 72901 10155 20082 39978 40224 57001 60002 80005 333
 10195=
 28013 62998 83302 10150 20073 30004 40225 54001 60002 80005 333 10193
 555 53005=
 28016 62999 83401 10153 20095 30011 40226 54001 60002 80001 333 10197
 555 53005=
 28029 62899 53601 10155 20081 30006 40216 52001 60002 85010 333 10198
 555 53006=
 28116 62999 80000 10136 20096 39999 40221 54000 60002 80005 333
 10201=
 28128 62999 80202 10142 20099 30070 40218 52001 60002 80001 333 10201
 555 53008=
 28134 62898 80000 10118 20099 39880 40219 52003 60002 80025 333 10197
 555 53006=
 28138 12999 80102 10110 20072 39671 40221 52003 60002 80005 333
 10168=
 28216 62699 60301 10163 20072 39931 40215 53003 60002 81505 333 10202
 555 53009=
 28222 62898 80000 10135 20092 30028 40215 52003 60002 82051 333 10212
 555 53006=
 28224 62870 60000 10140 20104 30006 40210 52003 60002 82078 333
 10199=
 28234 62998 20501 10147 20075 39946 40213 53006 60002 80005 333 10198
 555 53008=
 28238 62999 80202 10138 20071 39921 40213 53008 60002 80001 333 10189
 555 53011=
 28313 12998 60301 10149 20091 30028 40212 53003 60002 80001 333 10209
 555 53008=
 28319 62598 50301 10149 20082 30050 40207 52004 60002 82450 333
 10212=
 28321 62999 20402 10169 20092 30014 40208 53002 60002 80001 333
 10208=
 28324 62899 60301 10166 20075 30090 40205 53006 60002 85049 333 10210
 555 53008=
 28326 62898 50501 10147 20087 30022 40200 52003 60002 82031 333 10212
 555 53009=
 28413 62599 50000 10160 20074 30088 40205 53006 60002 81489 333 10216
 555 53007=
 28428 12599 80401 10156 20073 30021 40197 53008 60002 85931 333 10209
 555 53009=
 28429 62898 20301 10123 20087 39805 40202 53008 69932 82031 333 10187
 555 53008=
 22983 12998 60000 10126 20104 30129 40231 57003 60002 80005 333 10165
 91001 91102 555 50114 53004=
 27083 12999 20000 10151 20104 30013 40227 54000 60002 80001 333 10184
 91000 91102 555 50123 53003=
 27097 12998 30301 10137 20111 39981 40233 52004 60002 80001 333 10195
 91001 91103 555 50116 53003=
 27185 12698 70000 10146 20111 30053 40230 53003 60002 81105 333 10194
 91000 91103 555 50114 53004=
 27199 12998 30000 10132 20096 30038 40229 52002 60002 80001 333 10188
 91001 91104 555 50112 53005=
 27281 12982 60501 10163 20098 30030 40228 52004 60002 81061 333 10187
 91002 91104 555 50122 53005=
 27283 12498 20301 10137 20100 30078 40228 53004 60002 81501 333 10185
 91001 91105 555 50103 53005=
 27295 12998 53401 10150 20091 39984 40226 52004 60002 80005 333 10187
 91002 91105 555 50126 53006=
 27296 12998 30201 10149 20084 30014 40223 52004 60002 80001 333 10191
 91002 91105 555 50115 53007=
 27385 129// 63601 10163 20100 30095 40220 52002 60002 82031 333 10198
 91003 91105 555 50119 53006=
 27393 12998 20000 10164 20083 30058 40221 53004 60002 80001 333 10195
 91001 91105 555 50125 53007=
 27480 12598 70000 10148 20089 30096 40220 52005 60002 81531 333 10206
 91000 91105 555 50114 53006=
 28007 12999 23602 10139 20098 39981 40234 52002 60002 80001 333 10178
 91003 91105 555 50109 53005=
 28009 12998 80101 10144 20082 30031 40233 52002 60002 80001 333 10198
 91002 91103 555 50114 53004=
 28105 12998 20000 10145 20094 30041 40226 52003 60002 80001 333 10202
 91000 91105 555 50112 53005=
 28202 12981 83401 10157 20081 30006 40218 53001 60002 80004 333 10201
 91001 91104 555 50126 53006=
 28302 12998 80201 10168 20084 39997 40214 52003 60002 80001 333 10203
 91002 91105 555 50122 53006=
 28307 12998 22901 10140 20090 30074 40213 52003 60002 80001 333 10204
 91001 91106 555 50120 53006=
 28402 12598 63501 10174 20093 30037 40207 52005 60002 82439 333 10209
 91002 91106 555 50121 53007=
 28502 12598 80202 10174 20068 30100 40198 52005 60002 82101 333 10216
 91002 91107 555 50124 53008=
 22550 12997 12002 10171 20124 30144 40154 57005 60002 80001 333 10209
 555 50164 53009=
 22778 12598 81801 10126 20089 30149 40216 57002 60002 8557/ 333 10141
 555 50108 53005=
 22889 12998 20901 10121 20104 30149 40233 56001 60002 80001 333 20158
 555 50113 53005=
 22762 NIL=
 22638 46/// /2002 10176 20133 39934 40147 57007=
 22671 12998 02002 10145 20097 30108 40186 57010 60002 333 10175 555
 50138 53008=
 22456 12998 12102 10182 20121 30054 40137 57010 60002 80001 333 10200
 555 50158 53008=
 22583 12598 51601 10120 20091 30118 40196 57002 60002 85500 333 
 10173 555 50122 53006=
 22749 NIL=
 22951 12498 82102 10105 20081 39943 40218 57003 60002 881// 333 10121
 555 50105 53005=
 22887 12999 21301 10126 20105 30158 40226 57007 69902 80001 
 333 10144 555 50107 53005=
 22876 12597 22001 10108 20092 30157 40229 56004 60002 82501 333 10140
 555 50105 53005=
 22481 NIL=
 22854 12699 21903 10125 20093 39923 40203 58008 60002 82500 333 10135
 555 50097 53007=
 22781 NIL=
 22676 12598 71703 10125 20090 30125 40200 57002 60002 83530 333 10162
 555 50119 53007=
 22648 NIL=
 22559 62998 01904 10170 20106 30150 40166 57008 60002 333 10194 555
 50157 53010=
 22869 12597 71802 10122 20093 30080 40224 57006 60002 87500 333 10132
 87621 555 50113 53006=
 22768 12597 82004 10128 20089 30158 40206 57004 60002 885// 333 10148
 88625 555 50120 53007=
 22798 12598 70000 10112 20087 30123 40233 57005 60002 86531 333 10116
 555 50109 53005=
 22375 46/// /2106 10167 20112 30119 40133 57006 333 91113=
 23207 12999 82103 10158 20109 30137 40159 57007 60002 8805/ 333 10184
 555 50142 53010=
 23215 NIL=
 23219 NIL=
 27095 NIL=
 22408 22984 71702 10199 20153 39937 40076 57007 86019 333   60002=
 22511 22998 62003 10211 20139 39974 40086 57005 82039 333   69902=
 22529 22599 81804 10190 20147 30115 40121 57004 82535 333   60002
 91110=
 22602 22499 62003 10203 20136 39887 40097 57005 82531 333   60002=
 22621 73/70 /1904 10197 20141 39990 40121 57007 333   60002 91110=
 22619 22498 61601 10198 20144 39971 40120 57007 85530 333   60002=
 22721 22998 81301 10172 20143 30048 40141 57006 80005 333   60002=
 22727 76/70 /1202 10182 20153 30101 40146 57008 333   60002=
 22717 73/70 /1802 10194 20149 39948 40134 57010 333   60002=
 22802 22999 71601 10193 20161 30107 40129 57011 82031 333   60002=
 22820 22670 51801 10199 20150 30020 40150 57005 81501 333   60002=
 22831 22998 21302 10163 20121 30121 40174 57003 82030 333   60002=
 22805 22598 61505 10181 20160 30108 40127 57010 82535 333   60002=
 22912 22999 51703 10217 20145 30133 40147 57008 83031 333   60002=
 
