09:31:00 MSK 08.09.2023
020 123456/=о000=0631
 унту01 бтул 080600
 22686 81398 80103 10103 20095 30067 40164 52016 70252 886// 333 86708=
 22695 41498 80202 10110 20094 39998 40146 52016 70252 886//=
 22996 81498 80102 10084 20084 39939 40120 51014 70252 886//=
 23220 42999 42002 10168 20082 30004 40138 52004 83031=
 23226 42960 73201 10154 20076 39932 40136 52004 87020=
 23305 42699 80105 10102 20076 30170 40197 52014 8453/ 333 20085=
 23320 66/// /3602 10157 20107 30090 40159 51014 60002 333 20055=
 23324 42377 80103 10137 20123 30087 40161 52015 886// 333 88707=
 23405 41262 80103 10100 20086 30087 40184 52014 70252 886// 333 88706=
 23410 66/// /3303 10120 20110 30076 40169 52016 60002 333 20072=
 23411 42499 80203 10108 20102 30093 40179 52017 886// 333 20102=
 23412 41399 80203 10123 20107 30078 40171 52016 70242 887// 333 85707=
 23416 NIL=
 23418 41465 53303 10140 20112 30092 40162 52019 70241
 82631=
 23501 NIL=
 23503 42298 80202 10115 20105 30124 40172 52017 886// 333 20114 88704=
 23507 86/// /0203 10095 20095 39870 40171 51019=
 23509 42498 63401 10145 20128 30084 40159 51017 86900 333 86919=
 23514 42997 70202 10146 20108 39968 40155 52013 85039=
 23518 82998 60000 10190 20107 30064 40150 52010 82035 555 53004=
 23606 41962 60302 10146 20139 39989 40147 52015 70241 86031=
 23701 81457 80604 10129 20125 30022 40146 52018 76042 886// 333
 86611=
 23704 66/// /0302 10110 20110 39700 49809 53066 60002 333 20058=
 23707 81394 80201 10100 20099 30005 40133 52010 71082 886// 333 88708=
 23708 41359 80303 10140 20128 39990 40132 52016 71042 886// 333 88709=
 23709 82998 20702 10176 20091 39948 40129 52015 80001=
 23711 42998 60502 10169 20123 39980 40140 52014 86030=
 23803 41599 80902 10141 20117 39949 40120 52016 70242 82961=
 23804 42397 80201 10104 20095 39987 40127 52010 889// 333 86708=
 23807 81496 80102 10096 20093 39974 40130 52011 71022 885// 333 88613=
 23808 86/// /3101 10091 20089 39960 40123 52008=
 23812 42997 11501 10183 20097 39979 40132 52014 80002=
 23904 42270 83401 10093 20090 39971 40123 51011 886// 333 88706=
 23905 81899 83301 10091 20087 39893 40113 52007 70262 8801/=
 23909 81498 70703 10136 20128 39869 40102 52011 72854 87600=
 23912 82999 20903 10181 20097 39935 40115 52018 80001=
 23913 81599 11303 10178 20076 39907 40123 52005 70240 81100=
 23914 82899 61002 10176 20104 39866 40107 52013 82081=
 28013 81598 70803 10141 20119 39878 40097 52013 70284 86930=
 28016 81495 83502 10108 20108 39882 40098 52010 78082 889//=
 28029 81599 80603 10136 20114 39884 40092 52013 72522 85951=
 28116 81497 80102 10118 20113 39870 40091 52007 75065 886//=
 28128 81498 80703 10139 20125 39940 40086 52010 70162 8373/=
 28134 81898 70802 10147 20115 39754 40086 52006 70162 84039=
 28138 41599 70404 10110 20100 39558 40101 52007 70282 87300 333
 20087=
 28216 81/93 93002 10093 20089 39804 40091 52005 74784 333 20084=
 28222 81597 81001 10146 20137 39897 40081 52007 70242 886//=
 28224 81205 80000 10119 20116 39876 40079 52006 74686 886// 333
 96053=
 28234 82598 61401 10159 20116 39819 40081 52006 86501=
 28238 81899 80603 10148 20113 39798 40085 52006 70262 84021=
 28313 82598 83301 10098 20084 39907 40092 52005 885//=
 28319 81598 82801 10098 20090 39933 40090 52005 72522 885//=
 28321 81498 83302 10109 20106 39889 40084 52007 72052 886// 333
 20109=
 28324 81697 83302 10115 20102 39966 40082 52004 76086 8802/=
 28326 81596 70000 10133 20131 39895 40073 52003 71084 87300=
 28413 82599 73102 10091 20057 39977 40096 52004 87500=
 28428 81598 83101 10118 20105 39901 40078 52005 72582 889//=
 28429 81595 83601 10113 20109 39678 40071 54001 76362 8802/=
 22983 41480 80101 10084 20073 30034 40136 52019 72582 889// 333 91002
 91103=
 27083 41499 80602 10080 20066 39904 40121 52017 70254 885// 333 91003
 91104=
 27097 41498 83601 10073 20071 39867 40123 52016 70252 889// 333 91003
 91103=
 27185 42598 80701 10091 20061 39937 40115 52016 883// 333 91002
 91102=
 27199 41598 70402 10083 20058 39925 40116 52013 70282 87500 333 91004
 91104=
 27281 41482 71302 10084 20059 39910 40111 52011 70252 86930 333 91004
 91104=
 27283 42498 71401 10088 20057 39962 40114 52012 87900 333 91002
 91103=
 27295 41598 82501 10076 20055 39869 40115 52009 70252 885// 333 91002
 91102=
 27296 41580 80301 10081 20040 39901 40113 52008 70282 885// 333 91003
 91102=
 27385 424// 70000 10084 20054 39986 40111 52007 87700 333 91000
 91102=
 27393 42598 80000 10086 20039 39950 40116 52007 8697/ 333 91001
 91103=
 27480 42498 80101 10084 20070 39988 40113 52004 885// 333 91002
 91102=
 28007 41457 83602 10086 20078 39861 40116 51010 71022 886// 333 88710
 91003 91104=
 28009 41498 70102 10114 20084 39907 40109 52007 72052 87500 333 91004
 91103=
 28105 41498 83101 10096 20062 39925 40111 52010 70252 885// 333 91002
 91102=
 28202 42580 80201 10088 20062 39893 40108 52008 889// 333 91003
 91103=
 28302 42598 83501 10081 20044 39887 40110 52007 885// 333 91003
 91103=
 28307 42498 82801 10085 20054 39971 40111 52005 886// 333 91002
 91103=
 28402 42498 82901 10086 20048 39935 40109 52006 886// 333 91002
 91103=
 28502 42598 83602 10089 20038 30008 40109 52005 889// 333 91004
 91105=
 22550 82997 10302 10096 20060 30207 40217 52005 80001=
 22778 41496 80203 10108 20097 30085 40152 52018 75152 886//=
 22889 42497 83101 10077 20075 30057 40142 51018 885// 333 88615=
 22762 81497 80101 10096 20069 30141 40179 52016 70262 8652/=
 22638 46/// /3100 10100 20069 39996 40217 52003=
 22671 42498 80204 10086 20064 30108 40188 52016 885// 333 88611=
 22456 41997 20000 10073 20073 30132 40219 52006 70240 80001=
 22583 41598 70201 10093 20076 30110 40188 52014 70288 875//=
 22749 42598 20404 10097 20060 30063 40185 54001 82500=
 22951 41498 83602 10070 20055 39894 40171 57002 70282 889//=
 22887 41397 83202 10080 20076 30070 40138 52019 75152 886// 
 333 88708=
 22876 42497 70402 10095 20087 30077 40148 52022 87600 333 87711=
 22481 NIL=
 22854 42499 80103 10065 20051 39894 40178 53008 885// 333 88619=
 22781 NIL=
 22676 42598 80103 10096 20076 30096 40171 52017 885//=
 22648 41998 23303 10079 20077 30164 40210 52002 70340 80001=
 22559 82998 20402 10100 20055 30191 40207 50003 81031=
 22869 41497 70203 10098 20082 30007 40151 52019 70282 87900 333
 85913=
 22768 41497 80204 10088 20078 30112 40161 52015 70282 889// 333
 85618=
 22798 41598 82901 10091 20088 30032 40141 52013 70242 889//=
 22375 46/// /0502 10112 20075 30203 40217 52006=
 23207 42499 80302 10090 20054 30185 40207 52010 885//=
 23215 42598 80104 10117 20088 30091 40177 52013 885//=
 23219 NIL=
 27095 66/// /3101 10075 20075 39908 40131 51015 60002 333 20042=
 22408 12699 71602 10113 20100 30052 40197 52003 60002 84570 333  
 20027 31004 84638=
 22511 12980 61702 10112 20092 30083 40201 52003 60002 83072 333  
 20042 31002=
 22529 12999 01802 10116 20077 30209 40216 52004 60002 333   21004
 32001=
 22602 12999 51601 10128 20099 39981 40199 52003 60002 82031 333  
 20062 30004=
 22621 12998 21702 10118 20074 30077 40213 52005 60002 80001 333  
 20038 31///=
 22619 12998 01101 10125 20100 30051 40205 52004 60002 333   20064
 31004=
 22721 12998 01201 10125 20070 30118 40213 52004 60002 333   20052
 31006=
 22727 12970 01302 10134 20088 30165 40211 52004 60002 333   20070
 32///=
 22717 12998 00701 10129 20100 30017 40208 52003 60002 333   20049
 31///=
 22802 12599 70000 10146 20127 30179 40202 57002 60002 82531 333  
 20099 31011=
 22820 12970 00802 10132 20097 30076 40208 52003 60002 333   20074
 31007=
 22831 12998 00301 10118 20065 30152 40206 52001 60002 333   20007
 31002=
 22805 12598 61401 10164 20123 30179 40203 57002 60002 82531 333  
 20134 31012=
 22912 12999 13501 10133 20098 30190 40205 57001 60002 80001 333  
 20049 31006=
 
