21:31:00 MSK 24.07.2023
020 123456/=о000=1831
 унту01 бтул 241800
 22686 82498 81501 10158 20135 39927 40020 53003 82939=
 22695 NIL=
 22996 82598 61801 10153 20143 39861 40035 52010 82931=
 23220 42599 70703 10169 20133 39928 40060 52008 86130=
 23226 42960 70000 10181 20139 39863 40063 52010 87030=
 23305 41699 61802 10178 20145 30005 40031 52006 70282 82230=
 23320 66/// /1602 10181 20128 39988 40056 52008 60002 333 10246=
 23324 42982 50000 10177 20153 39983 40055 53006 83042=
 23405 42977 21102 10174 20146 39937 40029 53003 82030=
 23410 66/// /1202 10176 20120 39957 40047 52004 60002 333 10215=
 23411 42599 61801 10160 20125 39957 40040 52003 82536=
 23412 42699 61202 10165 20136 39955 40046 52004 82530=
 23416 NIL=
 23418 42965 11502 10180 20132 39978 40047 53004 81030=
 23501 NIL=
 23503 41998 21301 10154 20135 39990 40037 54001 70298 80005=
 23507 86/// /2001 10160 20131 39741 40031 52007=
 23509 41598 50000 10169 20140 39963 40036 53002 70282 82031=
 23514 41997 21501 10142 20133 39861 40046 52002 70281 82033=
 23518 82998 81201 10132 20124 39967 40054 52005 82049 555 53009=
 23606 42962 31303 10163 20131 39883 40039 52004 82031=
 23612 NIL=
 23701 41499 71603 10157 20137 39912 40033 54000 72598 86970 333 86913=
 23704 66/// /0601 10174 20148 39926 40039 55004 60002 333 10232=
 23707 81498 70901 10154 20147 39901 40025 57002 72598 82941=
 23708 41598 72701 10148 20124 39898 40039 52004 72582 84931=
 23709 42598 61601 10170 20122 39861 40041 53002 86900=
 23711 42598 40000 10132 20126 39888 40048 52004 82230=
 23803 42999 80000 10178 20110 39870 40037 53001 86061=
 23804 41597 81901 10152 20147 39894 40030 57002 70298 8495/=
 23807 41496 71801 10154 20154 39881 40032 52003 71098 85930=
 23808 86/// /1703 10172 20126 39882 40039 52003=
 23812 42997 20000 10136 20125 39898 40051 53002 81031=
 23904 42970 81701 10157 20142 39892 40039 52003 86045=
 23905 82599 52002 10164 20133 39829 40042 52002 85500 555 50169=
 23909 81598 82202 10164 20128 39817 40047 54000 70282 8635/=
 23912 82598 21101 10167 20125 39873 40053 54001 82400 555 50178=
 23913 82599 30000 10120 20107 39847 40065 52003 82501 555 50168=
 23914 81899 22103 10170 20124 39812 40052 57001 70181 82072=
 28013 82598 81601 10154 20114 39834 40051 55002 8692/ 555 50181=
 28016 82/// /1401 10146 20143 39843 40054 55004 555 50165=
 28029 82699 61201 10158 20125 39851 40057 52001 82585 555 50179=
 28116 81597 71801 10140 20136 39840 40058 52002 70298 84975=
 28128 82599 81501 10165 20141 39911 40055 57003 81431 555 50172=
 28134 81598 80000 10149 20132 39731 40062 54000 72582 8653/ 555
 50171=
 28138 43/// /0202 10142 20105 39534 40070 57002=
 28216 81597 81002 10143 20139 39778 40059 50004 78098 889// 333 91114
 555 50176=
 28222 42/// /1501 10168 20130 39874 40056 57006 555 50186=
 28224 81670 71502 10169 20137 39857 40056 57003 70298 87900=
 28234 82898 51501 10167 20116 39805 40066 50003 85070 555 50189=
 28238 82599 62101 10170 20107 39785 40069 57005 85530 555 50179=
 28313 42/// /1701 10142 20135 39883 40064 54001 555 50164=
 28319 81598 32201 10137 20134 39917 40071 53005 70198 83500 333
 91113=
 28321 81599 82002 10154 20146 39869 40060 50004 72598 889//=
 28324 42/// /2102 10144 20131 39953 40067 51009 555 50173=
 28326 81598 71702 10182 20128 39887 40061 57001 70282 86530 555
 50184=
 28413 81498 62202 10145 20131 39964 40079 50005 70298 86610 555
 50175=
 28428 81599 71401 10146 20129 39902 40077 50007 72998 87900 333 91111
 555 50173=
 28429 42/// /2404 10155 20136 39699 40087 53007 333 91010 91110 555
 50173=
 22983 41498 80000 10140 20134 39932 40031 52004 70282 82935 333 91001
 91107=
 27083 42599 52001 10139 20124 39828 40039 52008 85900 333 91001
 91106=
 27097 41598 72101 10141 20132 39802 40049 52007 70298 86430 333 91002
 91105=
 27185 42/// /0000 10131 20129 39880 40054 52004 333 91000 91103=
 27199 41598 20000 10122 20115 39872 40060 52009 70298 82500 333 91001
 91104=
 27281 42482 51201 10147 20127 39860 40055 52002 82960 333 91002
 91106=
 27283 41998 21801 10147 20145 39910 40057 52006 71198 82030 333 91001
 91103=
 27295 42997 32001 10140 20118 39823 40062 52004 82075 333 91001
 91105=
 27296 42597 30000 10140 20117 39855 40061 52008 82930 333 91000
 91105=
 27385 415// 30000 10136 20131 39941 40063 52004 71198 82530 333 91000
 91102=
 27393 42598 52402 10154 20109 39906 40067 53005 83330 333 91003
 91108=
 27480 42598 51701 10149 20128 39945 40067 52004 82501 333 91002
 91104=
 28007 41599 62201 10153 20121 39805 40052 52007 72992 84309 333 91003
 91105=
 28009 42498 81802 10155 20138 39854 40051 57003 8595/ 333 91003
 91104=
 28105 41598 50000 10137 20110 39873 40056 52008 70192 85300 333 91000
 91106=
 28202 41562 82102 10153 20141 39848 40057 53003 70298 889// 333 91003
 91104=
 28302 41998 51801 10143 20134 39851 40067 53004 70298 82031 333 91002
 91103=
 28307 42498 60000 10156 20130 39930 40066 52005 82961 333 91000
 91103=
 28402 41998 22002 10143 20129 39901 40071 52004 70281 82035 333 91004
 91104=
 28502 42597 80000 10155 20135 39977 40074 52004 81461 333 91000
 91103=
 22550 82597 71601 10163 20134 39980 49990 52005 85961=
 22778 41598 72801 10138 20125 39953 40019 52004 70282 85570=
 22889 41498 70000 10149 20136 39950 40031 53009 70382 86570 333
 86616=
 22762 81596 60000 10131 20131 39972 40009 55000 71098 84931=
 22638 46/// /1600 10128 20120 39764 49978 52001=
 22671 42998 71901 10172 20128 39927 40001 52004 87070=
 22456 NIL=
 22583 42698 60000 10175 20143 39938 40013 53005 82571=
 22749 41598 61501 10147 20136 39878 49995 52002 70298 82501=
 22951 42498 40000 10122 20111 39747 40015 53004 83901=
 22887 41699 81401 10147 20138 39957 40023 53002 70282 8355/=
 22876 41497 70501 10148 20148 39953 40021 52005 70282 82970=
 22481 42998 51002 10181 20127 39956 40006 52004 85030=
 22854 42999 01101 10141 20114 39734 40006 52003=
 22781 NIL=
 22676 41596 71301 10157 20151 39936 40009 53006 70282 86940=
 22648 41498 61603 10142 20140 39948 49992 52005 70182 82931=
 22559 82598 71401 10154 20132 39980 49995 52003 85930=
 22869 41697 51801 10142 20129 39881 40021 52002 70298 82481=
 22768 41597 61802 10156 20125 39963 40010 52003 70292 83931=
 22798 41498 81801 10158 20151 39921 40027 52007 70298 8695/=
 22375 46/// /1003 10154 20141 39989 40003 52006=
 23207 NIL=
 23215 42498 61502 10175 20137 39962 40045 52007 81430=
 23219 NIL=
 27095 66/// /1801 10142 20135 39841 40057 52006 60002 333 10222=
 22408 11459 83302 10124 20119 39837 49978 57006 60022 76086 8872/
 333   10134 88510=
 22511 11315 80101 10121 20113 39857 49972 57004 60072 76162 8762/
 333   10126 87706=
 22529 11465 81501 10129 20120 39966 49972 52005 60032 78082 889//
 333   10149 88919=
 22602 11458 83601 10122 20114 39764 49977 57002 60012 78082 889//
 333   10144 88916=
 22621 12498 81801 10125 20118 39842 49974 54000 60022 8397/ 333  
 10133=
 22619 11482 80000 10123 20115 39821 49971 54000 69952 72582 8397/
 333   10146=
 22721 11398 80000 10132 20124 39885 49978 54000 60022 70282 887//
 333   10157 86707=
 22727 12967 82101 10136 20130 39938 49983 52002 60202 8807/ 333  
 10149=
 22717 11397 82301 10126 20122 39801 49984 52001 60102 76100 8872/
 333   10149 86709=
 22802 11662 82501 10135 20124 39969 49991 57001 60052 78082 889//
 333   10164 85935=
 22820 11770 82403 10129 20120 39857 49986 52004 60032 70262 8657/
 333   10161 86650=
 22831 11597 70000 10141 20130 39937 49989 52001 60212 78098 83930
 333   10153=
 22805 11598 82404 10136 20131 39975 49994 57002 60062 76186 8642/
 333   10176=
 22912 11999 82502 10144 20121 39987 40001 52002 60082 70286 8807/
 333   10197=
 
