18:31:00 MSK 22.04.2023
020 123456/=о000=1531
 уйту01 бтул 221500
 22686 12998 82103 10088 21018 39940 40037 57020 60002 8807/ 333 10096 555 50042 53009=
 22695 12698 72505 10078 21034 39881 40029 57021 60002 81105 333 10079
 555 50036 53009=
 22996 12999 22501 10130 21030 39900 40077 57011 60002 80001 333 10147
 555 50061 53007=
 23220 12599 71103 10008 21025 39927 40068 57006 60002 85530 333 10024 555 51011 53007=
 23226 11560 81707 11001 21025 39851 40065 57008 69902 77072 8652/ 333 
 10001 86623 555 51022 53009=
 23305 11999 81804 10013 21004 39998 40025 57017 69942 72272 8807/ 333
 10041 91110 555 50010 53010=
 23320 76/// /1902 10030 21021 39986 40058 57011 333 60002 555 50014 53009=
 23324 12581 71802 10020 21008 39981 40058 57009 69902 83970 333 10041
 555 50004 53009=
 23405 11460 82003 10025 21024 39936 40033 57014 69902
 77072 8352/ 333 10050 91111 555 50017 53011=
 23410 76/// /1703 10022 21035 39952 40048 57016 333 60002=
 23411 12999 82004 10015 21043 39953 40041 57017 69902 8801/ 333 10022
 555 50009 53007=
 23412 12699 72203 10025 21042 39952 40048 57015 69902 82530 333 10034 555 50012 53007=
 23416 NIL=
 23418 12665 82402 10046 21046 39980 40052 57013 69902
 85537 333 10056 85644 555 50020 53006=
 23503 12598 82003 10037 21055 39993 40042 56023 69902 8195/ 333 10050 555 50021 53006=
 23507 66/// /2203 10045 21030 39732 40035 57024 60002 333 10050 91110 555 50016 53010=
 23509 12998 82204 10059 21035 39973 40050 57018 69902 8802/ 333 10064
 555 50029 53008=
 23514 12597 82102 10050 21028 39856 40048 57020 69902 8255/ 333 10050 555 50024 53006=
 23518 12598 82003 10047 21021 39970 40060 58015 60022 8597/ 333 10066
 555 50016 53006=
 23606 12662 82202 10065 21012 39895 40057 57012 60002 83505 333 10083 555 50042 53008=
 23701 12599 71701 10082 20000 39928 40053 57023 60002 82145 333
 10090 555 53010=
 23704 76/// /2302 10107 21006 39926 40039 55004 333 60002=
 23707 62698 82504 10104 21020 39929 40056 57015 69902 82505 333 10121 555 50046 53010=
 23708 12598 62103 10098 21030 39924 40068 57018 69902 82901 333 10108
 555 50042 53010=
 23709 12698 81902 10088 21028 39890 40076 56015 69902 82405 333 10102
 555 50050 53008=
 23711 12599 61901 10072 21015 39909 40074 58014 69902 84970 333 10089 555 50035 53009=
 23803 12699 52502 10103 21056 39910 40083 58012 60002 85100 333 10115 85837 555 50051 53007=
 23804 62597 62202 10111 21022 39926 40065 57015 60002 82101 333 10125 555 50054 53008=
 23807 12598 42304 10119 20015 39922 40077 56013 60002 81431 333 10128
 555 50053 53009=
 23808 66/// /2504 10118 21046 39920 40081 57010 60002 333 10130=
 23812 12597 22001 10087 21049 39927 40084 57010 60002 81102 333 10101
 555 50053 53006=
 23904 12970 12602 10126 21041 39931 40081 57011 60002 81030 333 10144
 555 50048 53006=
 23905 12999 02501 10112 21046 39863 40082 57011 60002 333 10134 555
 53006=
 23909 12598 12801 10114 21056 39849 40084 57009 60002 81500 333
 10138=
 23912 12598 22202 10115 21049 39902 40086 57007 60002 82401 333 10136
 555 53006=
 23913 12599 20000 10061 21036 39870 40094 57005 60002 82100 333 10124
 555 53007=
 23914 62899 13002 10114 21057 39840 40087 57008 60002 81040 333
 10129=
 28013 12699 23501 10127 21071 39860 40081 57009 60002 82100 333 10144
 555 53009=
 28016 12999 00201 10130 21050 39866 40080 56009 60002 333 10148 555
 53006=
 28029 12599 23301 10130 21055 39870 40080 57009 60002 81101 333 10146
 555 53005=
 28116 12999 00201 10134 21052 39858 40077 57007 60002 333 10156=
 28128 12599 21501 10097 21029 39937 40085 57006 60002 81101 333 10158
 555 53004=
 28134 12698 60000 10089 21018 39749 40089 57007 60002 82405 333 10141
 555 53006=
 28138 12599 70000 10096 21058 39541 40087 57011 60002 83504 333
 10123=
 28216 12699 51502 10122 21005 39794 40078 57004 60002 82509 333 10153
 555 53007=
 28222 12898 80000 10125 21011 39897 40083 57007 69902 86071 333 10155
 555 53006=
 28224 12667 50000 10108 20004 39875 40080 57010 60002 82541 333
 10141=
 28234 12899 61201 10123 21063 39816 40082 57009 60002 86080 333 10161
 555 53006=
 28238 12599 81703 10111 21014 39795 40086 55007 60002 81521 333 10153
 555 53008=
 28313 12598 71501 10128 21001 39891 40075 58012 60002 86531 333 10160
 555 53009=
 28319 12598 61201 10105 20032 39920 40077 57007 60002 84550 333
 10139=
 28321 12599 60801 10123 21002 39882 40076 57007 60002 83931 333
 10155=
 28324 12599 61102 10128 21018 39959 40074 57006 60002 85409 333 10149
 555 53008=
 28326 12598 61502 10107 20023 39903 40082 57005 60002 83530 333 10145
 555 53007=
 28413 12699 61101 10116 20023 39957 40074 57004 60002 82501 333 10143
 555 53007=
 28428 11597 80701 10084 20061 39896 40075 57012 60022 78082 889// 333
 10105 555 53007=
 28429 11497 80802 10062 20052 39681 40083 57014 60032 76362 8872/ 333
 10080 555 53007=
 22983 12998 32301 10125 21031 39977 40077 57014 60002 82031 333 10142
 91004 91108 555 50052 53008=
 27083 12999 02402 10126 21040 39866 40079 57009 60002 333 10138 91004
 91105 555 50053 53005=
 27097 12998 22701 10132 21041 39832 40082 57008 60002 82060 333 10150
 91003 91104 555 50064 53005=
 27185 12698 22802 10144 21052 39908 40083 57007 60002 81130 333 10153
 91003 91104 555 50067 53006=
 27199 12698 13101 10144 21056 39893 40080 57006 60002 81100 333 10155
 91001 91104 555 50103 53006=
 27281 12582 33502 10138 21055 39888 40085 57005 60002 82140 333 10153
 91003 91105 555 50079 53008=
 27283 12598 13502 10143 21059 39935 40083 57005 60002 81100 333 10156
 91003 91108 555 50083 53008=
 27295 12998 33302 10141 21062 39840 40078 57003 60002 80002 333 10161
 91003 91106 555 50103 53007=
 27296 12998 00102 10144 21060 39868 40074 57003 60002 333 10172 91003
 91106 555 50095 53007=
 27385 126// 50101 10153 21043 39956 40078 57001 60002 85100 333 10167
 91003 91106 555 50109 53008=
 27393 12998 20202 10151 21060 39915 40077 57002 60002 82030 333 10175
 91003 91105 555 50110 53006=
 27480 12698 33601 10150 21029 39958 40080 52001 60002 82530 333 10191
 91004 91106 555 50102 53008=
 28007 12699 10301 10134 21077 39832 40081 57007 60002 81100 333 10148
 91002 91105 555 50083 53006=
 28009 12998 00901 10133 21083 39883 40084 57009 60002 333 10150 91002
 91103 555 50094 53005=
 28105 12998 10000 10143 21087 39888 40078 57008 60002 81040 333 10160
 91000 91104 555 50088 53006=
 28202 12683 20201 10144 21078 39861 40072 57004 60002 82200 333 10176
 91003 91107 555 50099 53007=
 28302 12998 63402 10153 21077 39852 40069 56004 60002 86030 333 10170
 91004 91105 555 50101 53006=
 28307 12498 63301 10154 21070 39932 40069 57002 60002 84431 333 10178
 91002 91105 555 50095 53007=
 28402 12698 61402 10121 20027 39903 40074 52005 60002 82175 333 10170
 91004 91111 555 50103 53011=
 28502 12598 80101 10121 20037 39970 40069 57003 69902 84939 333 10146
 91002 91108 555 50104 53010=
 22550 11494 83102 10004 21001 30036 40046 52008 60042 77587 8872/ 333
 10086 555 50020 53010=
 22778 12498 82402 10120 21009 39982 40048 57023 60002 81571 333 10126
 555 50039 53007=
 22889 12598 32203 10130 21038 39989 40072 57015 60002 82409 333 10144
 555 50051 53009=
 22762 12598 72202 10123 21003 39998 40035 57018 60002 83530 333 10129
 555 50055 53009=
 22638 46/// /0103 10021 20003 39838 40062 52012=
 22671 11596 83202 10052 20044 39948 40025 56004 69972 78182 8697/ 333
 55032 53009=
 22456 11496 83601 11002 21016 39956 40043 51020 60032 77172 8872/ 333
 10031 555 50012 53009=
 22583 11497 82302 10036 20028 39937 40016 56015 60022 
 76162 8672/ 333 10059 555 50020 53009=
 22749 NIL=
 22951 12598 72603 10128 21005 39804 40073 57013 60002 81101 333 10135
 555 50051 53010=
 22887 12599 62102 10134 21007 30006 40073 57013 60002 83501 333 10149 555 
 50068 53009=
 22876 12597 72303 10131 21037 39990 40062 57016 60002 84444 333 10143
 555 50070 53009=
 22481 11598 72704 10018 20011 39951 40003 57003 60022 70282 83570 333
 10027 91111 555 50003 53013=
 22854 12598 72404 10120 21009 39785 40061 57011 60002 82201 333 10127
 91111 555 50057 53011=
 22781 NIL=
 22676 12598 82004 10099 21001 39945 40020 57024 60002 8257/ 333 10101
 555 50045 53009=
 22648 NIL=
 22559 11497 83204 10018 20011 30023 40039 51007 60022 78082 8692/ 333
 10091 86619 91110 555 50027 53011=
 22869 12597 52502 10125 21024 39928 40070 57013 60002 82105 333 10144
 555 50063 53009=
 22768 12697 72505 10138 21005 39998 40045 57019 60002 84571 333 10142
 91110 555 50063 53010=
 22798 12598 62302 10111 21022 39951 40059 57013 60002 85501 333 10126
 91110 555 50049 53011=
 22375 NIL=
 23207 11596 81704 10009 20001 39971 49994 57026 60012 77172 8672/ 333
 10020 555 50000 53010=
 23215 NIL=
 23219 NIL=
 27095 76/// /2801 10142 21049 39871 40089 57011 333 60002 555 50058 53005=
 22408 21799 83303 11006 21044 39959 40110 52018 72272 8807/ 333  
 60012=
 22511 21321 80103 10001 21012 39978 40099 52021 77372 8872/ 333  
 60022=
 22529 21562 83603 10002 21009 30073 40080 52020 78582 889// 333  
 69972 88920=
 22602 21459 70203 10040 20003 39862 40085 52021 78022 86530 333  
 69902 86615=
 22621 73470 /3602 10012 21013 39942 40081 52037 333   69932 91110=
 22619 22482 70203 10060 20011 39908 40064 52018 87500 333   60002
 91111=
 22721 22599 62904 10126 21026 39956 40050 52001 81404 333   60002=
 22727 76/70 /2605 10135 21001 30014 40060 57007 333   60002 91010
 91110=
 22717 73/70 /2703 10133 21013 39886 40071 52002 333   60002 91111=
 22802 22999 03003 10151 20002 30061 40083 52001 333   60002=
 22820 22970 22505 10140 20012 39935 40065 57004 80001 333   60002
 91011 91112=
 22831 22998 32503 10133 21021 30011 40064 57008 80001 333   60002=
 22805 22998 02505 10095 20012 30066 40085 57005 333   60002=
 22912 22999 02404 10139 20023 30077 40092 57007 333   60002=
 
