09:31:00 MSK 15.06.2023
020 123456/=о000=0631
 унту01 бтул 150600
 22686 82598 22703 10180 20055 30073 40167 57010 82100=
 22695 42998 32403 10169 20025 30008 40153 57010 82031=
 22996 82999 20302 10188 20063 39997 40172 52002 81031=
 23220 41497 72505 10056 20025 39916 40054 52002 70282 86930 333 91111=
 23226 41460 82806 10060 20026 39843 40053 52001 72186 885// 333
 88615 91011 91111=
 23305 42699 72605 10102 20039 30092 40118 57014 87500 333 91010 91110=
 23320 66/// /2703 10069 20001 30029 40100 58007 60002 333 20025=
 23324 41584 72804 10065 20008 30015 40090 57004 70282 87900 333 86633=
 23405 42980 62804 10117 20031 30040 40134 57017
 86031 333 91110=
 23410 66/// /2105 10077 20039 30011 40105 58013 60002 333 20037=
 23411 41499 72705 10078 20042 30030 40117 57010 72522 84930 333
 91111=
 23412 41498 72704 10069 20046 30014 40109 57013 78082 87300 333 85915=
 23416 NIL=
 23418 41565 72605 10092 20021 30052 40124 58011 72522
 86930 333 86931=
 23501 NIL=
 23503 42698 82804 10124 20023 30087 40135 58017 82931=
 23507 86/// /2703 10127 20026 39856 40154 58009=
 23509 42598 62602 10115 20014 30078 40154 58010 86500 333 86631=
 23514 42697 82603 10095 20018 39952 40142 57010 8655/ 333 86646=
 23518 42698 82803 10087 20011 30050 40139 58003 885// 333 88646 555
 53009=
 23606 42962 82802 10125 20021 39999 40159 57005 8805/=
 23701 42999 72001 10140 20037 30054 40178 58002 87030=
 23704 66/// /0000 10144 20046 39926 40039 55004 60002 333 20024=
 23707 82699 32403 10159 20053 30049 40175 57004 81141=
 23708 42998 73502 10146 20014 30036 40180 54001 87030=
 23709 82698 53205 10131 21005 39987 40172 50003 81101 333 91111=
 23711 42698 63102 10112 20000 39996 40160 52005 84101=
 23803 42699 23503 10144 20009 30003 40175 52006 82100 333 91110=
 23804 82697 20601 10163 20051 30040 40178 54000 81130=
 23807 42598 30102 10183 20053 30026 40179 57002 82201=
 23808 NIL=
 23812 42597 63304 10125 21011 30002 40158 52004 86200=
 23904 42670 60302 10184 20041 30031 40179 52002 81101=
 23905 82599 33202 10174 20019 39958 40174 57001 82101=
 23909 82598 83304 10164 20032 39938 40171 52001 82105=
 23912 82599 23106 10151 20034 39971 40154 58002 82101 333 91010
 91110=
 23913 82599 23004 10151 20001 39926 40144 54001 82100 333 91110=
 23914 82699 23104 10157 20016 39910 40154 57001 81101 333 91110=
 28013 82698 33405 10166 20021 39947 40166 52002 81101 333 91111=
 28016 82699 80203 10169 20033 39958 40171 51004 81101=
 28029 82599 13103 10172 20034 39943 40151 52002 81100=
 28116 82599 30203 10178 20047 39947 40165 52007 81101=
 28128 82999 50203 10181 20061 30014 40159 52009 80004=
 28134 82998 23401 10179 20044 39815 40146 52008 80001=
 28138 42599 63105 10181 20039 39594 40126 52003 86100 333 91110=
 28216 82599 23503 10201 20086 39875 40153 52003 82100=
 28222 82598 60102 10209 20064 39969 40151 52008 82201=
 28224 81670 23603 10202 20070 39948 40147 52005 70281 81409=
 28234 82599 23403 10205 20053 39879 40139 52002 82200=
 28238 82599 43305 10198 20067 39847 40130 57001 82130=
 28313 82598 10202 10219 20076 39973 40151 54001 81100=
 28319 82999 02702 10222 20085 39998 40150 57001=
 28321 82599 20202 10219 20086 39958 40147 52002 82200=
 28324 82999 03501 10207 20076 30036 40149 54001=
 28326 82898 43201 10220 20098 39965 40138 54000 82031=
 28413 82999 02801 10233 20053 30038 40151 57003=
 28428 82999 02902 10235 20033 39970 40141 57004=
 28429 82698 22902 10219 20057 39755 40138 57003 82100=
 22983 42998 11201 10199 20059 30081 40180 57001 81030 333 91002
 91102=
 27083 42999 00202 10189 20084 39959 40169 52003 333 91004 91105=
 27097 42998 13303 10202 20090 39920 40166 54000 80001 333 91005
 91105=
 27185 42998 03402 10212 20066 39999 40171 53001 333 91004 91106=
 27199 42998 00302 10217 20084 39981 40165 52003 333 91004 91105=
 27281 42982 00403 10208 20094 39977 40171 52004 333 91005 91106=
 27283 42998 00403 10203 20112 30024 40170 52005 333 91004 91105=
 27295 42998 01301 10229 20066 39926 40159 57002 333 91003 91103=
 27296 42998 03501 10220 20078 39956 40159 57001 333 91003 91103=
 27385 429// 00101 10228 20098 30044 40164 57004 333 91003 91103=
 27393 42998 10701 10219 20092 30006 40165 58001 81030 333 91002
 91103=
 27480 42998 10501 10229 20115 30048 40168 57003 80001 333 91002
 91103=
 28007 42699 20502 10195 20072 39920 40167 52001 81101 333 91005
 91105=
 28009 42698 50301 10199 20039 39974 40172 52003 85500 333 91004
 91106=
 28105 42998 23401 10211 20081 39975 40161 52001 82080 333 91003
 91103=
 28202 42982 63101 10203 20101 39952 40159 52001 85031 333 91002
 91103=
 28302 42998 00801 10221 20060 39944 40157 52001 333 91004 91104=
 28307 42998 03301 10228 20085 30025 40159 57003 333 91003 91103=
 28402 42998 02901 10221 20080 39990 40157 57004 333 91002 91103=
 28502 42998 20502 10232 20020 30063 40160 57004 80001 333 91003
 91103=
 22550 82997 11901 10204 20083 30149 40159 57017 80001=
 22778 42998 22502 10183 20056 30119 40185 57005 80001=
 22889 42598 21901 10194 20036 30101 40182 57003 82200=
 22762 NIL=
 22638 NIL=
 22671 42999 12502 10189 20055 30091 40166 57011 80008=
 22456 42998 72705 10209 20030 30055 40137 57017 80001=
 22583 42998 22503 10180 20046 30069 40145 58019 80001=
 22749 42/98 /3001 10204 20082 30068 40185 57006=
 22951 42998 20701 10209 20064 39925 40189 58001 80001=
 22887 42699 32901 10188 20081 30121 40187 52003 82531=
 22876 42997 00101 10197 20033 30116 40185 57003=
 22481 42998 62503 10168 20057 30079 40129 57021 80009=
 22854 42999 13601 10205 20023 39915 40187 57004 80001=
 22781 NIL=
 22676 42998 03002 10179 20040 30097 40170 57009=
 22648 42998 22703 10212 20078 30136 40180 57013 80001=
 22559 82998 22202 10202 20062 30150 40165 57016 80001=
 22869 42997 12101 10197 20088 30051 40191 57003 80001=
 22768 NIL=
 22798 42598 12301 10173 20056 30071 40178 57005 81100=
 22375 46/// /2201 10124 30117 40132 57017=
 23207 41599 82805 10087 20037 30086 40108 57011 70282 8157/ 333 91010
 91112=
 23215 42598 82506 10070 20028 39984 40071 58019 889// 333 88625
 91110=
 23219 NIL=
 27095 66/// /3301 10167 20113 39961 40178 54001 60002 333 20084=
 22408 12999 22702 10195 20063 30038 40179 57003 60002 80001 333  
 20058 30006=
 22511 12998 02702 10203 20040 30064 40178 57003 60002 333   20062
 30005=
 22529 12999 02702 10226 20052 30161 40167 57005 60002 333   20057
 31007=
 22602 12999 03002 10193 20016 39976 40189 57002 60002 333   20059
 30006=
 22621 12998 02804 10213 20024 30049 40180 57004 60002 333   20080
 30///=
 22619 12982 03002 10202 20086 30031 40181 57004 60002 333   20093
 30009=
 22721 12998 01301 10185 20080 30094 40187 57005 60002 333   20085
 30010=
 22727 12970 02801 10213 20095 30150 40195 57003 60002 333   20092
 31///=
 22717 12998 03002 10209 20067 30016 40198 57002 60002 333   20074
 30///=
 22802 12999 13102 10219 20068 30183 40205 57002 60002 80001 333  
 20076 30009=
 22820 12969 02702 10213 20096 30066 40194 57003 60002 333   20078
 30009=
 22831 12998 02401 10210 20091 30142 40194 57004 60002 333   20061
 30009=
 22805 12998 03201 10133 20065 30190 40209 54000 60002 333   20070
 30008=
 22912 11999 23201 10198 20112 30186 40200 57001 60002 70240 80001
 333   20042 30007=
 
