12:31:00 MSK 15.02.2023
010 111/=о000=0931
 уйту01 бтул 150900
 22686 42598 73502 11096 21116 30165 40270 52019 86501 333 86622=
 22695 42/// /3602 11082 21109 30090 40251 51022=
 22996 41998 73501 11083 21097 30034 40229 52017 70272 86031=
 23220 41496 72103 11089 21105 30071 40219 52012 78587 86930=
 23226 41459 82003 11110 21123 39990 40216 52015 78587 8595/ 333 85913=
 23305 42/// /2202 11073 21083 30231 40260 51016=
 23320 86/// /2404 11076 21107 30163 40239 52016=
 23324 41958 82303 11079 21098 30150 40230 52013 77172 8802/=
 23405 42972 52802 11098 21106 30163 40269 52019 82031=
 23410 86/// /2602 11099 21117 30142 40244 52019=
 23411 42/// /3102 11079 21096 30159 40252 52019=
 23412 41699 63001 11087 21103 30145 40247 52019 70272 82530=
 23416 NIL=
 23418 41460 81901 11083 21111 30172 40250 52018 77172
 8652/ 333 86614=
 23503 42/// /2901 11072 21111 30209 40261 52018=
 23507 86/// /0401 11087 21096 39938 40264 52016=
 23509 41397 83202 11077 21093 30179 40261 52022 77072 886// 333
 88707=
 23514 41397 83101 11084 21095 30047 40253 52019 77772 886// 333 88708=
 23518 41497 82402 11090 21104 30162 40259 52017 77872 8677/ 333 86713=
 23606 42562 80000 11065 21093 30073 40252 52015 
 85501 333 85630=
 23701 42499 72601 11107 21120 30128 40265 53018 86510 333 86615=
 23704 86/// /3101 11117 21117 39926 40039 55004=
 23707 81996 50701 11096 21109 30112 40251 52016 71041 80005=
 23708 42/// /3601 11113 21129 30099 40258 51018=
 23709 42/// /3602 11094 21114 30053 40256 52017=
 23711 41395 83601 11093 21106 30077 40256 52015 71022 886// 333 88709=
 23803 41997 80401 11053 21074 30062 40249 53016 77172 8802/=
 23804 42997 63501 11088 21102 30092 40244 52017 80031=
 23807 41997 80101 11078 21092 30070 40239 52017 70272 85075=
 23808 86/// /0000 11073 21082 30063 40238 52014=
 23812 42/// /0101 11041 21076 30076 40244 51012=
 23904 42568 83401 11065 21087 30068 40231 52014 887// 333 86624=
 23905 42599 73601 11053 21068 39993 40228 52013 87500=
 23909 41895 80802 11058 21067 39975 40228 52013 72842 8802/=
 23912 42998 80301 11029 21060 30034 40231 52013 80005=
 23913 42999 61601 11057 21090 39999 40236 52007 86030=
 23914 82998 70501 11044 21053 39964 40228 52013 80005=
 28013 41597 70403 11048 21061 39983 40221 52010 70241 83510=
 28016 42597 80202 11045 21054 39986 40219 51010 86502 333 93502=
 28029 42599 71003 11036 21094 39992 40217 52011 82510=
 28116 41499 60802 11035 21063 39969 40205 52008 70172 82770=
 28128 42999 80603 11045 21091 30051 40209 52005 80009=
 28134 42598 80702 11045 21107 39856 40216 52007 82515=
 28138 42999 80603 11096 21125 39643 40237 52009 80005=
 28216 42699 30502 11043 21090 39889 40195 52007 81505=
 28222 42998 81103 11026 21113 30007 40205 52005 80001 333 93500=
 28224 42970 61003 11048 21121 39982 40202 52006 80005=
 28234 42898 51202 11046 21127 39927 40214 52007 85030=
 28238 42899 60901 11048 21126 39906 40218 52003 83021=
 28313 42998 20000 11035 21079 39996 40193 52004 80001 333 93500=
 28319 42598 60401 11056 21108 30023 40192 52003 82531=
 28321 42899 60000 11034 21090 39984 40192 52005 82031=
 28324 42997 53201 11057 21112 30066 40191 54000 80005 333 93500=
 28326 42998 60903 11047 21121 30006 40198 52005 80001=
 28413 42999 70202 11072 21116 30063 40190 52003 80005=
 28428 42999 70602 11059 21133 39997 40188 52002 80001=
 28429 42998 50902 11066 21125 39768 40193 52006 80001=
 22983 42598 60502 11047 21083 30126 40235 52015 82865 333 91004
 91104=
 27083 41999 70901 11081 21093 39992 40224 52016 70272 87010 333 91003
 91104=
 27097 42572 60201 11085 21090 39950 40224 52013 83531 333 91002
 91103=
 27185 42698 60102 11061 21093 30025 40215 52011 83505 333 91004
 91104=
 27199 42998 73602 11056 21085 30003 40207 52010 85031 333 91004
 91104=
 27281 42482 50202 11065 21095 39996 40211 52012 84505 333 91004
 91104=
 27283 41457 80203 11081 21094 30035 40198 52008 77172 8357/ 333 91004
 91105=
 27295 42998 50102 11049 21088 39935 40194 51006 80005 333 91004
 91105=
 27296 42980 80203 11062 21086 39968 40194 52006 8807/ 333 91004
 91105=
 27385 425// 50302 11075 21102 30055 40189 52006 81501 333 91006
 91106=
 27393 42598 70802 11062 21086 30015 40192 52007 83540 333 91004
 91105=
 27480 42998 30203 11061 21104 30052 40185 52005 80001 333 91004
 91106=
 28007 41520 73502 11093 21109 39947 40222 52011 71042 87500 333 87628
 91003 91103=
 28009 42998 50601 11031 21074 30000 40215 52008 85030 333 91003
 91102=
 28105 42998 60201 11071 21092 30000 40206 52007 86030 333 91003
 91103=
 28202 41681 81001 11046 21070 39966 40194 52006 70272 885// 333 91003
 91104=
 28302 41998 80601 11054 21075 39954 40190 52009 70272 8807/ 333 91003
 91104=
 28307 42998 73601 11056 21089 30032 40181 52005 80031 333 91003
 91104=
 28402 41567 70301 11078 21089 39994 40180 52005 77172 83570 333 91002
 91103=
 28502 42998 80601 11080 21100 30062 40170 50003 80006 333 91002 91102
 93514=
 22550 81997 21401 11080 21091 30264 40274 52010 70241 80001=
 22778 42598 60000 11063 21085 30191 40263 52020 82570=
 22889 42/// /2601 11054 21086 30152 40242 51017=
 22762 42997 03001 11085 21093 30241 40282 52015=
 22638 46/// /1901 11122 21143 30041 40282 52006=
 22671 42998 20000 11069 21078 30192 40275 52015 80002=
 22456 42997 72201 11048 21054 30173 40264 52007 81031=
 22583 42598 70000 11092 21104 30190 40275 52018 87500=
 22749 NIL=
 22951 42598 60902 11066 21097 39979 40273 52013 86200=
 22887 41496 83602 11060 21075 30172 40245 52019 71082 8693/
 333 85712=
 22876 42597 80603 11048 21067 30175 40250 52018 889// 333 88923=
 22481 42998 62201 11098 21101 30211 40267 52011 82031=
 22854 42598 20402 11053 21098 39975 40275 52010 82530=
 22781 NIL=
 22676 42998 03202 11106 21121 30192 40274 52015=
 22648 NIL=
 22559 42597 41701 11076 21085 30260 40277 51011 82501=
 22869 42497 83604 11053 21068 30104 40258 52017 886// 333 85711=
 22768 42597 20403 11061 21106 30216 40268 52012 82501=
 22798 42597 72501 11093 21104 30136 40255 52018 85570=
 22375 46/// /1903 11095 30234 40250 52005=
 23207 42599 80000 11120 21135 30230 40254 52012 82541=
 23215 NIL=
 23219 NIL=
 27095 86/// /3401 11082 21087 39994 40234 52013=
 22408 41156 82302 11045 21050 30082 40237 52007 71022 886// 333  
 88702 93500=
 22511 41114 82402 11022 21029 30111 40235 52006 71022 886// 333  
 88703=
 22529 42599 81903 11033 21065 30244 40251 52001 8853/ 333   87627=
 22602 42477 82301 11019 21025 30013 40244 52004 885// 333   88610=
 22621 83568 /1804 11035 21042 30108 40252 57001=
 22619 41970 81902 11017 21034 30086 40249 52001 72272 8807/=
 22721 42398 81201 11094 21106 30168 40272 52002 886// 333   88707=
 22727 86969 /1701 11063 21080 30225 40275 52002=
 22717 83/70 /1801 11015 21040 30067 40265 52004=
 22802 42599 71001 10000 21019 30238 40262 52005 86530 333   86622=
 22820 42960 70701 11043 21077 30131 40273 52001 87030=
 22831 42998 21401 11097 21115 30226 40285 52006 80001=
 22805 42598 81304 10006 21002 30242 40262 52001 885//=
 22912 42999 71301 11023 21054 30259 40275 52003 87030=
 
