06:31:00 MSK 31.01.2023
020 123456/=о000=0331
 уйту01 бтул 310300
 22686 11496 81505 11053 21071 39802 49902 57016 69962 77173 8552/ 333 21053 47051 91110 555 53014 7996/=
 22695 11396 81404 11061 21083 39752 49906 57015 60022 77173 8872/ 333
 21062 47048 87707 91110 555 53012 7002/=
 22996 11496 81804 11058 21059 39789 49977 57014 69932 78582 8597/ 333 21074 47051 55000 555 53009 7995/ 91209=
 23220 11496 80704 11092 21113 39895 40040 52002 69932 77173 8872/ 333 21118 47072 55000 555 53005 7002/=
 23226 11560 81706 11085 21100 39819 40039 52004 69932 77172 885// 333 
 21119 47040 88621 555 53008 7001/=
 23305 11562 81503 11057 21072 39912 49940 57012 69932 77173 885// 333
 21070 47035 88628 91110 555 53010 7996/=
 23320 76/// /1702 11102 21134 39953 40028 50001 333 21105 60002 555 53008 7000/=
 23324 12681 71702 11108 21141 39951 40031 54000 60002 82570 333 21108
 49048 55000 555 53006 7999/=
 23405 41497 81505 11059 21086 39839 49939 57015 60002 73632 885// 
 333
 21064 47048 55000 88616 91010 91111 555 53011 7992/=
 23410 76/// /1406 11067 21092 39898 49996 57007 333 21081 60002 91112 555 7000/=
 23411 11499 81706 11062 21086 39880 49970 57008 69902 73632 8772/ 333
 21080 48049 91114 555 53014 7992/=
 23412 11498 81705 11066 21087 39893 49991 57005 69932 77172 8872/ 333 21077 47052 55000 555 53009 7995/=
 23416 NIL=
 23418 11546 81305 11065 21093 39930 40004 57009 69922 77172 
 8552/ 333 21073 47064 55000 85623 555 53008 7994/=
 23501 NIL=
 23503 11498 81805 11056 21088 39914 49965 57014 69902 77073 885// 333 21058 47054 88615 91110 555 53011 7990/ 91211=
 23507 86/// /1704 11074 21076 39626 49939 57018 333 21076 91111 555 53011=
 23509 11998 61604 11060 21085 39892 49971 58014 69922 73632
 8001/ 333 21061 555 51062 53010 7992/ 91210=
 23514 11497 81705 11071 21087 39793 49992 57010 69922 77173 8677/ 333 21085 47072 55000 86713 555 53010 7995/=
 23518 11696 81805 11069 21091 39932 40025 57008 69922 77073
 885// 333 21074 48073 55000 88644 555 51073 7998/ 91209=
 23606 11558 81507 11068 21092 39815 9989 57013 
 69932 78583 889 333 21069 47061 55000 86926 91011 
 91112 555 53012 7997/=
 23612 11469 81705 11076 21098 39892 40028 57008 69932 78582 889// 
 333 21083 47071 84915 84643 555 53009 7996/=
 23701 NIL=
 23704 76/// /1705 11065 21072 39926 40039 55004 333 21065 60002 91111 555 51058 7000/=
 23707 61597 81704 11065 21085 39824 49958 57014 69902 77173 8752/ 333 21065 47038 55000 91110 555 53011 7991/=
 23708 11568 81506 11078 21105 39840 49992 57014 69902 77173 8872/ 333
 21078 48048 85520 91010 91111 555 53011 7992/=
 23709 11497 81804 11091 21102 39827 40025 58021 69922 78582 889// 333
 21092 47045 88914 555 53008 7994/=
 23711 11497 81704 11098 21121 39864 40039 57007 69942 78582 8697/ 333 21098 47062 55000 86915 555 53008 7999/=
 23803 11699 81804 11085 20113 39845 40029 57008 69922 73683 884// 333
 21086 47049 55000 555 53008 7994/=
 23804 61496 81704 11068 21086 39823 49970 57016 69922 77172 8752/ 333 21069 47042 55000 87612 555 53009 7997/=
 23807 11496 81806 11066 21082 39814 49978 57016 69902 77173 8802/ 333
 21073 48033 55000 88512 91110 555 53011 7991/=
 23808 66/// /1305 11084 21101 39837 40009 58016 60002 333 21085 555 7000/=
 23812 11496 71702 11122 21143 39897 40067 58010 69922 78582 87900 333
 21122 47069 87916 934// 555 53008 7996/=
 23904 11458 81603 11068 21079 39841 40001 57016 69922 77072 887// 333
 21082 47043 86710 555 53008 7995/=
 23905 12599 81402 11087 21101 39791 40024 57019 69932 885// 333 21100
 47047 555 53007 7996/=
 23909 11497 81504 11102 21117 39799 40052 57016 69902 77172 8752/ 333
 21135 47046 55000=
 23912 11897 81804 11107 21123 39879 40079 58010 69932 77172 86021 333
 21118 47066 555 53010 7998/=
 23913 11999 31602 11163 21183 39863 40107 58005 69922 70171 83030 333
 21164 47059 55000 555 53005 7996/=
 23914 11497 81703 11107 21121 39813 40080 57012 69992 77172 8802/ 333
 21125 47055 55000 93402=
 28013 11897 81504 11099 21117 39824 40063 57017 69922 77172 8802/ 333
 21141 47043 555 53009 7994/=
 28016 12598 81603 11081 21098 39829 40061 57016 69932 885// 333 21145
 47039 93501 555 53006 7997/=
 28029 11896 61704 11081 21098 39863 40089 57011 69922 77171 86020 333
 21122 47057 55000 555 53007 7995/=
 28116 11496 81703 11068 21081 39832 40068 57013 69922 77172 8872/ 333
 21134 47051 55000=
 28128 11896 81803 11066 21081 39937 40095 57008 69982 77172 8807/ 333
 21135 47051 55001 555 53006 7001/=
 28134 11596 82001 11076 21093 39747 40108 57005 60012 77072 885// 333
 21114 47065 555 53006 7002/=
 28138 11596 81902 11095 21108 39537 40125 54000 60012 78582 883// 333
 21127 47057 55010=
 28216 11896 81705 11055 21063 39783 40086 57005 69932 77173 8802/ 333
 21106 47043 91010 91111 555 53011 7001/=
 28222 11897 81703 11064 21078 39902 40101 57006 69942 77172 8802/ 333
 21110 47049 555 53008 7999/=
 28224 11558 81803 11061 21078 39888 40107 57003 69992 77172 8802/ 333
 21105 47050 55000=
 28234 11596 81804 11068 21090 39835 40121 57003 60012 77172 885// 333
 21100 47049 555 53008 7001/=
 28238 11596 82104 11066 21089 39818 40130 57003 69982 77172 885// 333
 21100 47054 55017 555 53006 7001/=
 28313 11596 81806 11055 21074 39901 40097 57002 69962 77172 8802/ 333
 21103 47048 91010 91110 93401 555 53010 7002/=
 28319 11496 82002 11062 21082 39946 40114 57001 60012 77177 8802/ 333
 21088 47053=
 28321 11896 82005 11058 21075 39895 40104 54001 69942 77172 8802/ 333
 21105=
 28324 11896 81903 11057 21092 39991 40115 54001 60022 77172 8802/ 333
 21079 47049 555 53008 7002/=
 28326 12598 72104 11063 21089 39934 40126 52001 69972 87500 333 21092
 47043 55011 555 53009 7999/=
 28413 11496 81703 11058 21083 39986 40111 57002 69982 77373 8872/ 333
 21063 47042 91110 555 53010 7002/=
 28428 11596 81904 11074 21101 39950 40141 54000 60032 77373 8802/ 333
 21092 48042 91111 555 53011 7004/=
 28429 11595 82105 11081 21094 39722 40148 57002 60052 77373 8802/ 333
 21094 47043 91111 555 53011 7006/=
 22983 11459 81702 11050 21068 39846 49951 57008 69942 77172 8677/ 333
 21055 47043 55000 91004 91108 555 53008 7994/=
 27083 11458 81905 11057 21075 39747 49972 57012 69932 77173 8872/ 333
 21073 47041 91008 91110 555 53010 7993/=
 27097 11497 81704 11060 21066 39731 49996 57011 69942 77173 8672/ 333
 21078 47048 91007 91109 555 53010 7996/=
 27185 12598 81803 11048 21064 39814 40000 57006 60012 8552/ 333 21070
 47052 91006 91109 555 53009 7001/=
 27199 11998 81903 11043 21057 39819 40018 57009 69962 73673 8807/ 333
 21078 47057 55000 91006 91106 555 53007 7998/=
 27281 11484 81805 11048 21063 39792 40001 57003 69992 70272 885// 333
 21067 47044 91009 91108 555 53009 7001/=
 27283 11497 82004 11044 21060 39844 40001 57006 69992 70272 885// 333
 21069 47051 91007 91108 555 53008 7001/=
 27295 12597 81703 11043 21057 39773 40026 57005 60022 884// 333 21077
 43061 91007 91108 555 53009 7003/=
 27296 11997 81904 11035 21058 39807 40027 57009 69952 77173 8807/ 333
 21085 47054 55000 91007 91109 555 53009 7995/=
 27385 114// 81904 11041 21067 39898 40031 57002 69992 73873 8675/ 333
 21085 47051 91008 91108 555 53008 7001/=
 27393 11497 81907 11029 21043 39876 40048 57004 60022 77173 8672/ 333
 21072 47066 55005 91010 91110 555 53010 7002/=
 27480 11498 82004 11044 21084 39906 40036 57002 69972 70272 885// 333
 21054 47041 91007 91109 555 53009 7997/=
 28007 11497 81803 11060 21073 39753 40019 57014 69942 77172 8802/ 333
 21091 47054 55000 88513 91006 91107 555 53007 7998/=
 28009 11497 81804 11058 21081 39821 40034 57017 69902 78582 889// 333
 21107 48048 91008 91108 555 53008 7990/=
 28105 12998 81803 11047 21067 39823 40025 57014 69922 8802/ 333 21089
 47054 91007 91108 555 53008 7995/=
 28202 11996 82006 11041 21060 39818 40041 57012 69932 77172 8807/ 333
 21119 47057 91009 91110 555 53010 7993/=
 28302 11597 81705 11039 21058 39825 40056 57006 60012 77173 8657/ 333
 21092 47056 91008 91110 555 53010 7002/=
 28307 11497 81504 11029 21053 39907 40052 57004 69992 77173 885// 333
 21065 47051 91009 91109 555 53009 7001/=
 28402 11450 81906 11038 21055 39886 40067 57005 60012 77173 8662/ 333
 21068 47053 91009 91110 555 53010 7003/=
 28502 11997 81805 11043 21070 39979 40084 57006 69922 70273 8807/ 333
 21047 48032 55000 91007 91109 555 53010 7001/=
 22550 11469 81604 11016 21028 39769 49779 57007 60022 73673 885// 333
 21033 47035 55000 88616 91110 555 53011 7002/=
 22778 11596 81606 11039 21054 39810 49879 57012 60062 78583 889// 333
 21045 47043 55000 91111 555 53012 7006/=
 22889 11496 81504 11049 21064 39860 49947 56013 69952 77172 8872/ 333
 21054 47027 88512 555 53010 7995/=
 22762 11395 81503 11027 21027 39799 49837 57007 60002 77373 8672/ 333
 21038 47038 555 53009 7995/ 91210=
 22638 46/// /1903 11005 21009 39536 49755 57004=
 22671 11496 81603 11040 21046 39757 49835 57014 69972 77173 8872/ 333
 21043 47042 55000 86710 555 53011 7001/=
 22456 11495 81403 11039 21048 39698 49784 57018 60022 77372 8872/ 333
 21041 47043 555 53009 7003/=
 22583 11550 81403 11054 21065 39796 49876 58021 60022 78588 889//
 333 21056 47059 55000 555 53008 7003/=
 22749 NIL=
 22951 11497 82304 11021 21027 39577 49854 53002 60032 77172 8772/ 333
 21037 47047 555 53009 7005/=
 22887 11496 81406 11042 21068 39852 49922 57011 69982 78583 
 8495/ 333 21044 47026 55000 91011 91111 555 53011 7001/=
 22876 11496 81806 11034 21053 39830 49903 57013 69992 78583 889// 333
 21045 47024 88918 91010 91110 555 51041 53012 7999/ 91212=
 22481 11595 81306 11052 21052 39794 49847 57023 60012 78583 889// 333
 21052 48046 91112 555 53012 7001/=
 22854 12298 82004 11019 21024 39551 49835 53002 60052 886// 333 21040
 48052 55000 88705 91110 93401 555 53011 7007/=
 22781 NIL=
 22676 11496 81505 11043 21065 39783 49860 57016 60012 77187 8872/ 333
 21046 47029 91111 555 53013 7002/=
 22648 NIL=
 22559 11597 81703 11022 21031 39782 49798 57007 60062 73673 8657/ 333
 21035 48037 55000 86627 91110 555 53011 7006/ 91211=
 22869 11397 81804 11026 21034 39737 49884 57008 60052 77173 887// 333
 21043 47045 86707 91110 555 53011 7005/ 91211=
 22768 11496 81906 11021 21032 39799 49848 57008 60022 78583 889// 333
 21034 47031 55000 85910 91110 555 53012 7002/=
 22798 11496 81404 11059 21074 39830 49946 57014 69902 78583 889// 333
 21059 47037 86913 555 53009 7994/=
 22375 46/// /1509 11048 39810 49825 57021=
 23207 11495 81404 11053 21068 39891 49914 57017 69932 77772 886// 333
 21063 47036 55000 555 53007 7996/=
 23215 NIL=
 23219 NIL=
 27095 76/// /1504 11056 21058 39773 40005 57013 333 21076 60002 555 53010 7000/=
 22408 21227 83502 11033 21037 39576 49722 52004 77372 8872/ 333  
 21033 55000 60062 88503 93402 555   7010/=
 22511 21224 83301 11029 21034 39590 49708 52002 77372 8872/ 333  
 21029 60052 88705 93400 555   7010/=
 22529 22598 81804 10005 21009 39724 49731 54000 885// 333   21019
 60012 88627 555   7002/=
 22602 21359 81901 11009 21016 39485 49703 54000 77072 8872/ 333  
 21018 55000 60052 88507 555   7007/=
 22621 73468 /1704 10002 21009 39589 49724 57004 333   21023 55000
 60032 555   7007/=
 22619 21496 71503 11002 21009 39561 49715 57006 78582 87900 333  
 21016 55000 60032 555   7007/=
 22721 21397 81401 10000 21003 39643 49738 57005 78582 889// 333  
 21016 60032 86707 93795 555   7012/=
 22727 76336 /1405 10001 21005 39699 49745 57014 333   21009 60022
 555   7004/=
 22717 73/55 /2102 11002 21006 39538 49725 57008 333   21002 60052
 555   7011/=
 22802 21496 72202 10006 21003 39712 49735 52009 78582 87900 333  
 20005 55000 60022 555   7011/=
 22820 21495 81805 10001 21011 39617 49749 57014 77372 8752/ 333  
 21004 55000 60012 87611 555   7003/=
 22831 22497 72002 10004 21015 39736 49790 57004 87900 333   21016
 55000 60052 87915 555   7012/=
 22805 215// 82508 10009 20003 39727 49746 52001 70262 885// 333  
 20007 55000 69972 91011 91113 555   7006/=
 22912 21342 82007 10003 21006 39749 49764 57011 77176 8872/ 333  
 20001 60032 86707 91012 91113 555   7019/=
 
