15:31:00 MSK 26.01.2023
020 123456/=о000=1231
 унту01 бтул 261200
 22686 41598 72604 11008 21025 39929 40029 51028 72687 84980 333 84921
 555 1/103=
 22695 42/// /2905 11020 21049 39855 40008 53030 333 91112 555 1/102=
 22996 42/// /2402 11008 21008 39894 40080 52007 555 1/101=
 23220 41496 82303 11085 21097 39711 49853 52012 77172 887// 555 1/107=
 23226 41459 82305 11102 21115 39630 49848 52009 77072 885// 333 88618 
 555 1/110=
 23305 41999 72706 11015 21032 39902 49929 52024 73683 87070 333 91111
 555 1/104=
 23320 86/// /2405 11053 21071 39819 49891 52013=
 23324 42481 82304 11056 21069 39804 49881 51010 886// 333 88712 555
 1/106=
 23405 41458 82703 11023 21035 39859 49958 52027 78582
 8695/ 333 86912 555 1/103=
 23410 86/// /2305 11041 21053 39804 49901 52014 555 51055 53010=
 23411 41499 82705 11021 21029 39827 49915 52017 70272 8271/ 555
 1/103=
 23412 41497 82706 11030 21045 39808 49904 52014 77172 8377/ 333 91010 91110 555 1/104=
 23416 NIL=
 23418 41917 82403 11035 21056 39851 49925 52019 77472
 8802/ 555 1/105=
 23501 NIL=
 23503 41497 83004 11020 21033 39902 49952 53019 77172 8802/ 333 88517 555 1/103=
 23507 86/// /2904 11029 21037 39677 49987 53027 333 91110=
 23509 41598 82502 11021 21042 39893 49970 52027 72272 885// 333 88625
 555 1/103=
 23514 41397 82603 11037 21040 39749 49946 52024 78587 8695/ 333 85707 555 1/105=
 23518 NIL=
 23606 41462 72702 11021 21037 39806 49977 52034
 72687 84930 333 84917 555 1/104=
 23612 NIL=
 23701 41561 72503 10003 21008 39877 40006 520// 78587 83980 555 1/102=
 23704 86/// /2803 10003 20003 39926 40039 55004 555 53012=
 23707 81496 82504 10002 21001 39891 40022 52019 77173 8752/ 333 87618 555 1/100=
 23708 41465 72404 11001 21013 39869 40018 53021 78587 87900 333 86713 555 1/101=
 23709 41496 82504 11003 21009 39814 40005 53032 78582 889// 333 88913
 93601 91112 555 1/101=
 23711 41497 82502 11005 21015 39803 49971 52017 78582 889// 333 88913 555 1/102=
 23803 41599 82802 11006 21037 39846 40025 52013 72683 889// 555 1/102=
 23804 81497 82602 10004 21011 39892 40036 52017 72687 8595/ 333 85915 555 1/101=
 23807 42/// /2406 11002 21002 39897 40058 52014 333 91112 555 1/100=
 23808 86/// /2205 11007 21015 39882 40050 53010 333 91111=
 23812 42/// /2503 11013 21020 39839 40000 52012 555 1/102=
 23904 41370 82403 11007 21014 39920 40077 53009 72683 883// 333 85709
 555 1/101=
 23905 41596 82304 11015 21024 39839 40067 52009 77175 885// 333 91111
 93401 555 1/102=
 23909 41497 82405 11019 21029 39820 40065 52008 77176 8772/ 333 91110
 93401=
 23912 41495 82304 11021 21026 39854 40047 52010 77775 886// 333 93401
 555 1/102=
 23913 41496 83102 11029 21047 39814 40044 53003 75675 886// 333 93401
 555 1/103=
 23914 81496 82504 11024 21033 39797 40054 52008 77775 886// 333 91111
 93404=
 28013 41598 82405 11018 21044 39841 40073 52004 70283 889// 333 91111
 93401 555 1/103=
 28016 41499 82404 11019 21042 39865 40093 52008 70283 889// 333 91110
 555 1/102=
 28029 41598 82205 11037 21046 39869 40091 52007 70273 8552/ 333 91112
 555 1/104=
 28116 41498 82504 11032 21047 39873 40106 52004 70273 8872/=
 28128 41598 82306 11038 21050 39959 40115 52004 73673 8802/ 333 91113
 555 1/104=
 28134 41598 82202 11052 21060 39756 40113 52007 72272 885// 555
 1/105=
 28138 41596 82305 11069 21079 39529 40110 52009 78583 883// 333 91010
 91113=
 28216 41497 82404 11043 21054 39834 40138 51011 75675 886// 333 93401
 91112 555 1/105=
 28222 41598 82303 11040 21057 39928 40126 51006 70273 8662/ 555
 1/105=
 28224 41346 82303 11048 21059 39922 40140 52006 77775 886// 333 91112
 93400=
 28234 41596 82304 11053 21072 39851 40136 53003 77087 885// 555
 1/105=
 28238 41498 82304 11059 21080 39826 40137 53009 77173 8872/ 333 91114
 555 1/107=
 28313 41596 82103 11038 21052 39955 40151 53006 77172 885// 555
 1/104=
 28319 41598 82304 11057 21071 39999 40168 53001 73673 885// 333
 91110=
 28321 41497 82303 11047 21056 39941 40149 53004 75675 886// 333
 91110=
 28324 41897 82305 11045 21073 30036 40160 55000 77173 8802/ 333 91111
 555 1/105=
 28326 41598 72304 11060 21084 39964 40156 52005 70232 87500 333 91110
 555 1/106=
 28413 41598 82202 11064 21085 30051 40177 52003 77072 8257/ 555
 1/106=
 28428 41597 82103 11072 21100 39995 40187 55001 77173 8802/ 333 91110
 555 1/107=
 28429 41595 82304 11089 21101 39756 40185 55001 77373 8802/ 333 91110
 555 1/108=
 22983 41598 82503 10002 21010 39976 40081 52011 70273 8653/ 333 91005
 91108 93403 555 1/100=
 27083 41499 82502 11006 21027 39876 40099 52006 70273 885// 333 91002
 91108 93402 555 1/100=
 27097 41450 82302 11017 21021 39846 40110 52001 77173 8772/ 333 91004
 91108 93401 555 1/102=
 27185 41598 82302 11011 21028 39944 40130 53001 70272 885// 333 91005
 91108 555 1/102=
 27199 41497 82502 11018 21028 39932 40131 52001 77176 8672/ 333 91005
 91107 93401 555 1/102=
 27281 41221 82403 11017 21021 39930 40140 57003 77372 8872/ 333 91006
 91107 93401 555 1/102=
 27283 41460 82503 11016 21025 39970 40128 58004 78586 889// 333 91005
 91106 93401 555 1/102=
 27295 42598 82103 11027 21035 39890 40146 57002 885// 333 91005 91108
 93401 555 1/102=
 27296 42575 82503 11024 21042 39918 40139 57001 8802/ 333 91005 91107
 555 1/103=
 27385 415// 82403 11015 21032 30029 40159 57002 76676 8357/ 333 91006
 91107 93401 555 1/101=
 27393 41496 82406 11026 21035 39985 40158 57001 75652 886// 333 91008
 91110 93400 555 1/103=
 27480 42398 82302 11018 21028 30043 40173 57002 886// 333 91005 91106
 555 1/102=
 28007 41499 82603 11019 21037 39848 40113 53005 70276 885// 333 88613
 91006 91108 93401 555 1/102=
 28009 41498 82403 11019 21039 39894 40106 52004 72475 886// 333 91004
 91108 93401 555 1/103=
 28105 41498 82403 11022 21033 39923 40125 52005 70252 888// 333 91005
 91109 93402 555 1/101=
 28202 41560 82602 11029 21045 39908 40133 53002 75175 886// 333 91004
 91107 93401 555 1/103=
 28302 41596 82303 11033 21043 39918 40151 52001 75675 886// 333 91005
 91108 93401 555 1/103=
 28307 41496 82102 11028 21043 30019 40166 54000 71072 886// 333 91005
 91106 555 1/103=
 28402 41322 82204 11045 21050 39987 40170 53004 75675 886// 333 91008
 91108 93402 555 1/104=
 28502 41598 82403 11044 21068 30083 40190 52001 70276 8802/ 333 91005
 91108 93400 555 1/105=
 22550 82597 82803 11020 21038 30047 40057 52015 885// 333 88620  93402 555 1/102=
 22778 41498 82903 10011 20005 39990 40059 52017 72085 886// 555
 1/100=
 22889 41497 82403 10007 21003 39985 40071 53015 70372 885// 333 88615
 555 1/100=
 22762 42/// /2901 11001 21001 30026 40065 52016 555 1/100=
 22638 46/// /3301 11034 21041 39857 40085 52009=
 22671 42/// /2802 11020 21028 39962 40041 52022 555 1/103=
 22456 NIL=
 22583 42598 72703 11026 21043 39926 40007 52027 87500 555 1/103=
 22749 42/// /2702 10014 20004 39950 40074 50003 555 1/100=
 22951 42/// /2602 11000 21002 39816 40098 54000 555 1/000=
 22887 41599 82202 10016 21009 39998 40068 52011 70282 8655/ 
 333 86624 555 1/100=
 22876 42/// /2504 10014 20001 39994 40066 53014 333 91111 555 1/100=
 22481 41496 82705 11027 21027 39940 49994 52019 78583 889// 333 91010
 91111 555 1/103=
 22854 42/// /2302 10001 21000 39794 40083 50003 555 1/100=
 22781 NIL=
 22676 41498 72904 11013 21041 39966 40044 52029 70286 87900 333 91110 555 1/102=
 22648 42698 63002 11006 21011 30030 40077 52008 82531 555 1/102=
 22559 42/// /2704 11018 21039 30042 40058 52016 333 91110 555 1/102=
 22869 42/// /2402 10005 21003 39941 40089 51005 555 1/100=
 22768 41497 82303 10014 20008 30018 40068 52011 78082 889// 333 86912 555 1/100=
 22798 42/// /2402 10007 20000 39924 40036 52020 555 1/100=
 22375 46/// /2807 11022 39967 49982 52021=
 23207 41499 82705 11024 21033 39895 49917 52021 73683 86605 333 91111
 555 1/104=
 23215 NIL=
 23219 NIL=
 27095 86/// /2302 11013 21016 39882 40113 53002=
 22408 42699 73203 11057 21071 39950 40103 52013 85531 333   85643
 555   1/108=
 22511 42598 23001 11038 21060 39973 40096 52011 81502 555   1/108=
 22529 42599 12901 11028 21055 30073 40080 52013 81500 555   1/106=
 22602 41999 22802 11021 21042 39878 40106 52014 70171 8203/ 555  
 1/105=
 22621 83/70 /2702 11028 21044 39947 40088 52009 555   1////=
 22619 41482 23004 11034 21047 39927 40089 52010 70261 82500 555  
 1/107=
 22721 41698 73001 10002 21016 39989 40088 52012 70282 84580 555  
 1/000=
 22727 86337 /2902 10024 20010 30039 40087 52005 555   1////=
 22717 83/61 /3002 10015 20010 39902 40095 52007 555   1////=
 22802 41371 83102 10023 20014 30080 40103 52003 70252 886// 333  
 88709 555   1/000=
 22820 41358 82502 10019 20009 39953 40089 52003 71052 886// 333  
 88707 555   1/100=
 22831 41233 82402 10014 20004 30030 40085 52002 71052 8872/ 333  
 88705 555   1/100=
 22805 42497 83003 10017 20017 30089 40109 57001 886// 555   12001=
 22912 41258 82402 10013 20007 30089 40104 57001 76065 8872/ 333  
 86705 555   1/000=
 
