15:31:00 MSK 07.02.2023
020 123456/=о000=1231
 унту01 бтул 071200
 22686 41497 82104 11080 21099 30179 40284 58019 77072 8657/ 333 86614 555 1/108=
 22695 NIL=
 22996 42/// /2502 11075 21087 30154 40351 54001 555 1/107=
 23220 41599 81403 11171 21191 30120 40274 57017 70272 82530 555 1/119=
 23226 41433 81707 11177 21196 30035 40269 57016 77372 885// 333 88612 
 91010 91110 555 1/117=
 23305 41670 82605 11108 21128 30192 40218 57025 77073 8353/ 91111 555
 1/111=
 23320 86/// /2205 11134 21163 30193 40271 58023=
 23324 42983 72103 11150 21169 30182 40266 58023 82046 555 1/118=
 23405 41467 81704 11111 21124 30137 40241 57028
 70272 8657/ 333 86618 555 1/111=
 23410 86/// /1607 11155 21176 30157 40261 57027 333 91011 91111 555 51161 53011=
 23411 41998 82106 11130 21139 30147 40242 58031 77073 8802/ 555
 1/113=
 23412 41499 81604 11154 21173 30151 40256 57031 70272 8675/ 555 1/116=
 23416 NIL=
 23418 41460 81504 11144 21164 30209 40288 57018 77172
 8551/ 333 85619 555 1/115=
 23501 NIL=
 23503 42998 81903 11130 21154 30212 40266 57027 8807/ 555 1/113=
 23507 86/// /2202 11115 21123 39945 40274 56021=
 23509 42998 71902 11121 21142 30199 40283 57021 87070 555 1/112=
 23514 41697 82003 11134 21149 30078 40290 58023 70272 8657/ 333 86647 555 1/113=
 23518 42/// /1703 11162 21179 30213 40313 58022 555 1/119=
 23606 42462 82003 11130 21150 30116 40301 57002 
 86501 333 86613 555 1/115=
 23612 NIL=
 23701 41459 72103 11103 21119 30167 40304 58020 77172 85570 333 85615
 555 1/109=
 23704 86/// /2103 11101 21108 39926 40039 55004 555 53006=
 23707 81596 82002 11096 21109 30175 40315 57016 77177 8652/ 333 86622 555 1/108=
 23708 41467 82204 11107 21130 30170 40330 57011 77172 885// 333 88618
 555 1/110=
 23709 41998 61901 11152 21179 30128 40337 56013 70272 82031 555 1/118=
 23711 41997 71702 11144 21162 30147 40330 58015 77072 84025 555 1/119=
 23803 41999 21303 11149 21180 30153 40348 58015 70281 80009 555 1/117=
 23804 41596 82401 11091 21112 30179 40332 57004 77172 8652/ 333 86620 555 1/108=
 23807 42/// /2603 11088 21094 30173 40344 57007 555 1/108=
 23808 86/// /1904 11102 21118 30169 40348 57012=
 23812 42/// /1901 11141 21164 30174 40350 58008 555 1/119=
 23904 41469 81901 11109 21121 30192 40359 57005 72272 885// 333 88616
 555 1/109=
 23905 41597 81902 11114 21133 30115 40358 57008 77172 8551/ 555
 1/112=
 23909 41497 82202 11134 21152 30103 40368 57002 77071 8257/=
 23912 41897 80000 11151 21171 30159 40368 57002 77172 85025 333 93500
 555 1/119=
 23913 42999 61501 11212 21241 30122 40377 57003 82032 555 1/128=
 23914 81898 71802 11159 21179 30090 40369 57001 70371 83074=
 28013 41898 62401 11132 21153 30120 40369 57002 70272 86070 555
 1/118=
 28016 42899 82301 11118 21158 30131 40374 55001 83049 555 1/118=
 28029 42999 02701 11160 21179 30132 40371 52002 555 1/121=
 28116 41598 41701 11127 21147 30126 40374 57002 70171 81506=
 28128 42999 00000 11175 21204 30210 40379 52001 555 1/123=
 28134 42998 23001 11147 21173 39988 40368 52005 80001 555 1/123=
 28138 42999 00000 11125 21147 39741 40348 52002=
 28216 42999 02702 11120 21151 30057 40377 52002 555 1/117=
 28222 42898 23102 11153 21177 30163 40376 52002 80040 555 1/117=
 28224 41959 00201 11130 21162 30141 40371 52003 70270=
 28234 41997 00000 11136 21180 30063 40364 54001 70171 555 1/120=
 28238 41999 20801 11122 21151 30029 40355 55000 70171 80001 555
 1/120=
 28313 42998 03401 11114 21151 30170 40377 50001 555 1/118=
 28319 42998 02501 11131 21168 30200 40378 52003=
 28321 42999 03101 11122 21157 30155 40374 53003=
 28324 42997 03001 11122 21176 30241 40372 52002 555 1/122=
 28326 42998 23101 11126 21166 30163 40364 52001 80001 555 1/120=
 28413 42999 00000 11112 21157 30244 40376 52002 555 1/119=
 28428 42997 03301 11092 21143 30163 40359 52004 555 1/116=
 28429 42998 21901 11109 21150 39915 40355 53004 80001 555 1/116=
 22983 41569 82403 11078 21101 30239 40350 57005 77172 8653/ 333 91006
 91106 555 1/107=
 27083 41599 72401 11064 21098 30124 40358 57002 70272 87500 333 91003
 91105 555 1/105=
 27097 41498 72201 11067 21086 30091 40367 57002 72681 87900 333 91003
 91105 555 1/106=
 27185 41597 81901 11055 21087 30180 40373 57005 77022 885// 333 91003
 91105 555 1/105=
 27199 41697 72201 11111 21135 30174 40386 57004 77171 85501 333 91002
 91103 555 1/112=
 27281 41456 82803 11060 21088 30161 40380 57004 78587 889// 333 91005
 91106 555 1/106=
 27283 41498 31901 11081 21109 30206 40372 58006 70271 81501 333 91003
 91103 555 1/111=
 27295 42598 82302 11083 21118 30121 40389 57002 885// 333 91003 91103
 555 1/111=
 27296 41967 01701 11094 21141 30152 40385 57001 70240 333 91001 91102
 555 1/117=
 27385 419// 20000 11129 21178 30253 40393 57008 70241 80001 333 91000
 91101 555 1/116=
 27393 42998 01501 11122 21148 30211 40396 58003 333 91002 91102 555
 1/119=
 27480 42998 10000 11092 21140 30259 40396 57004 80001 333 91000 91101
 555 1/118=
 28007 41599 71902 11109 21128 30097 40377 57003 70287 85503 333 91002
 91104 93533 555 1/111=
 28009 41950 80000 11126 21167 30152 40379 54000 77071 85011 333 91001
 91101 555 1/115=
 28105 42998 62301 11104 21139 30169 40383 54000 86040 333 91002 91103
 555 1/111=
 28202 42980 32301 11127 21160 30145 40384 58001 80001 333 91001 91102
 555 1/119=
 28302 42998 11801 11094 21143 30140 40384 54000 80001 333 91001 91102
 555 1/116=
 28307 42998 50000 11127 21178 30237 40393 52002 80001 333 91000 91103
 555 1/115=
 28402 42978 21601 11113 21139 30193 40386 52001 80005 333 91001 91102
 555 1/117=
 28502 42998 22704 11171 21202 30273 40387 52001 80001 333 91004 91105
 555 1/117=
 22550 81496 82004 11041 21061 30212 40222 57025 78583 889// 333 88613
 555 1/104=
 22778 41598 82304 11071 21094 30240 40312 57019 70272 8257/ 555
 1/106=
 22889 41497 82104 11076 21095 30248 40339 58009 70272 885// 333 88616
 555 1/107=
 22762 42/// /2002 11064 21082 30255 40296 57015 555 1/106=
 22638 46/// /2202 11052 21060 30026 40260 57017=
 22671 42/// /2104 11073 21080 30176 40259 58016 555 1/107=
 22456 NIL=
 22583 41598 72001 11081 21107 30160 40244 57019 70288 875// 555 1/108=
 22749 42/// /2205 11061 21077 30180 40311 57010 333 91110 555 1/106=
 22951 42/// /2502 11078 21089 30049 40347 56008 555 1/107=
 22887 41596 81703 11081 21108 30264 40339 57007 
 78581 8695/ 333 86926 555 1/109=
 22876 42/// /2103 11076 21098 30250 40327 58014 555 1/107=
 22481 42/// /1908 11070 21073 30137 40192 58031 333 91010 91113 555
 1/107=
 22854 42/// /2205 11078 21085 30024 40328 58008 555 1/106=
 22781 NIL=
 22676 41597 82204 11077 21103 30199 40281 57013 77072 885// 333 91112
 555 1/108=
 22648 42498 82004 11043 21051 30226 40274 57018 889// 333 88615 555
 1/104=
 22559 42/// /2004 11054 21070 30222 40239 58027 555 1/105=
 22869 42/// /2204 11073 21088 30186 40343 57013 555 1/106=
 22768 41597 82305 11071 21099 30263 40316 57010 70272 885// 333 88622
 555 1/107=
 22798 42/// /0000 11088 21102 30198 40318 57008 555 1/107=
 22375 46/// /2108 11058 30139 40154 57025 333 91114=
 23207 41495 82006 11080 21102 30147 40171 57033 77373 8372/ 333 91111
 91112 555 1/108=
 23215 42/// /1806 11155 21174 30113 40209 57036 333 91010 91111 555
 1/116=
 23219 NIL=
 27095 86/// /1902 11069 21084 30133 40375 57003=
 22408 42283 82305 11004 21008 30039 40191 57010 886// 333   88703
 93500 555   1/100=
 22511 41364 82204 11012 21025 30083 40206 57010 77772 887// 333  
 88707 555   1/101=
 22529 41599 82305 11016 21036 30206 40213 57012 73683 8653/ 333  
 86622 91010 91110 555   1/103=
 22602 42474 82304 11019 21027 30011 40242 57003 885// 333   88611
 555   1/101=
 22621 83469 /2104 11023 21036 30096 40239 57008 555   1////=
 22619 41481 72404 11017 21036 30085 40248 57004 70232 87500 333  
 87619 91111 555   1/101=
 22721 41398 81601 11030 21037 30173 40275 57012 70272 887// 333  
 86709 93401 555   1/103=
 22727 86470 /2003 11018 21035 30248 40297 57011 555   1////=
 22717 83/67 /2202 11019 21029 30099 40298 57004 555   1////=
 22802 42599 71701 11006 21027 30282 40306 57005 83531 555   1/100=
 22820 42970 82305 11020 21044 30159 40300 57010 8807/ 333   91010
 91110 555   1/102=
 22831 42298 82202 11047 21060 30261 40319 57009 886// 333   88705
 555   1/104=
 22805 42598 82106 11003 21018 30297 40317 56008 885// 333   91110
 555   1/000=
 22912 41456 82105 11024 21040 30319 40335 57006 77173 8802/ 333  
 88514 91110 555   1/102=
 
