21:31:00 MSK 09.08.2023
020 123456/=о000=1831
 унту01 бтул 091800
 22686 81998 00000 10172 20167 30117 40211 53004 71200=
 22695 42/// /0501 10202 20122 30055 40199 52002=
 22996 82998 50701 10207 20176 30029 40202 52007 80001=
 23220 42599 73302 10122 20104 30066 40203 52005 86530=
 23226 42960 60102 10122 20097 30003 40210 52010 86040=
 23305 42999 60103 10193 20148 30187 40213 53005 86030=
 23320 66/// /2901 10120 20110 30141 40211 54000 60002 333 10163=
 23324 42580 80401 10119 20110 30140 40215 52005 885// 333 88630=
 23405 42965 00000 10156 20149 30118 40213 53004=
 23410 66/// /0000 10138 20129 30116 40209 50004 60002 333 10203=
 23411 42599 70403 10179 20125 30125 40209 52003 87500=
 23412 41599 80000 10142 20135 30118 40211 52005 70282 8335/=
 23416 NIL=
 23418 42965 81003 10175 20102 30132 40201 52003 8805/=
 23501 NIL=
 23503 42998 30000 10128 20118 30161 40209 52003 82031=
 23507 86/// /0000 10187 20144 39919 40212 52005=
 23509 42998 10000 10154 20138 30133 40208 53003 80001=
 23514 42997 63001 10152 20124 30018 40205 52001 82089=
 23518 42997 80501 10174 20114 30113 40199 52004 8805/ 555 53007=
 23606 42960 20000 10137 20137 30047 40207 52002 80001=
 23612 NIL=
 23701 82977 10000 10157 20147 30090 40214 52004 81030=
 23704 66/// /0000 10161 20161 30004 40115 58296 60002 333 10266=
 23707 82998 52902 10178 20159 30083 40208 52004 80005=
 23708 42984 20000 10164 20136 30067 40209 52002 80001=
 23709 82998 10000 10153 20097 30022 40207 52003 80001=
 23711 42998 53001 10151 20128 30036 40198 52002 80035=
 23803 42999 50000 10178 20118 30032 40202 53003 80001=
 23804 81997 10000 10175 20169 30071 40208 53006 71100 80005=
 23807 41997 10201 10197 20174 30057 40209 52005 71100 80001=
 23808 86/// /0000 10156 20147 30050 40210 52004=
 23812 42997 00000 10139 20103 30040 40196 52001=
 23904 42968 22901 10161 20161 30061 40210 52009 80001=
 23905 82999 03201 10168 20146 39990 40206 52006 555 50197=
 23909 82998 12901 10147 20140 39970 40204 52004 80001 555 50199=
 23912 82998 23001 10138 20117 30009 40194 52002 80001 555 50201=
 23913 82999 52701 10128 20103 39973 40193 52007 80031 555 50180=
 23914 82898 23002 10176 20117 39949 40192 52002 81041 555 50202=
 28013 82998 23202 10198 20123 39978 40195 52005 80001 555 50207=
 28016 82/// /3402 10185 20161 39987 40198 52005 555 50212=
 28029 82999 20000 10187 20133 39975 40182 52003 80001 555 50215=
 28116 82999 20201 10178 20147 39976 40194 52005 80005 555 50206=
 28128 82998 83602 10197 20150 30041 40185 52005 80001 555 50222=
 28134 82998 80000 10158 20146 39851 40185 52003 80005 555 50192=
 28138 43/// /3302 10187 20127 39639 40171 52002 555 50205=
 28216 82699 43602 10212 20133 39911 40189 52002 81505 555 50210=
 28222 42/// /0000 10191 20154 30001 40184 52005 555 50212=
 28224 82969 30000 10180 20151 39982 40183 52005 80005 555 50213=
 28234 82998 30000 10187 20137 39915 40177 52006 80001 555 50213=
 28238 82599 82302 10180 20144 39886 40170 52006 81531 555 50201=
 28313 42/// /0000 10181 20126 30009 40191 52010 555 50212=
 28319 82898 20401 10199 20130 30030 40184 52007 82050 555 50221=
 28321 82999 03502 10220 20128 39992 40182 52006 555 50224=
 28324 42/// /2301 10183 20123 30068 40182 52009 555 50218=
 28326 82898 30000 10172 20139 30000 40177 52008 82031 555 50213=
 28413 82599 11401 10200 20144 30068 40183 54000 81500 555 50223=
 28428 82999 03002 10179 20137 30001 40176 52008 555 50217=
 28429 42/// /0000 10171 20149 39788 40177 52007 555 50204=
 22983 42998 20000 10180 20177 30105 40204 52006 80001 333 91001
 91104=
 27083 42999 03601 10181 20170 39990 40200 52008 333 91001 91105=
 27097 42998 00000 10168 20167 39958 40206 52008 333 91000 91101=
 27185 42/// /0000 10181 20173 30024 40198 52006 333 91000 91102=
 27199 42998 20000 10174 20143 30016 40203 52007 80001 333 91000
 91104=
 27281 42982 00901 10193 20167 39999 40194 52007 333 91002 91103=
 27283 42997 01001 10192 20174 30045 40193 52007 333 91002 91103=
 27295 42997 00301 10196 20140 39963 40200 52007 333 91002 91102=
 27296 42998 00000 10186 20133 39995 40201 52007 333 91000 91105=
 27385 429// 00501 10180 20154 30071 40193 52009 333 91001 91103=
 27393 42998 00701 10202 20145 30040 40201 52007 333 91001 91104=
 27480 42998 01102 10206 20143 30067 40188 52010 333 91002 91104=
 28007 42999 20000 10215 20136 39959 40204 52007 80001 333 91000
 91101=
 28009 42998 30000 10172 20150 30007 40207 52005 80001 333 91000
 91101=
 28105 42998 20000 10183 20162 30021 40203 52008 80001 333 91000
 91102=
 28202 42997 63201 10196 20145 39991 40199 52008 82031 333 91001
 91102=
 28302 42997 23601 10204 20150 39982 40197 52008 80001 333 91002
 91103=
 28307 42998 10000 10185 20140 30059 40195 52008 80001 333 91000
 91103=
 28402 42984 10000 10199 20155 30025 40193 52009 80001 333 91001
 91102=
 28502 42997 80601 10215 20140 30090 40187 52011 80001 333 91002
 91105=
 22550 82997 01001 10169 20155 30189 40199 52004=
 22778 42998 20801 10187 20162 30137 40202 52004 80001=
 22889 41996 00000 10167 20165 30127 40209 52007 71000=
 22762 82997 00000 10156 20154 30166 40203 52002=
 22638 46/// /1101 10205 20151 39960 40172 52004=
 22671 42998 10000 10177 20163 30126 40200 52005 80000=
 22456 42998 00000 10185 20167 30118 40200 52008=
 22583 42998 22301 10177 20153 30134 40211 53006 80001=
 22749 42998 11201 10195 20158 30058 40175 52005 81030=
 22951 42998 01302 10183 20147 39916 40182 52002=
 22887 41996 30000 10188 20185 30134 40200 53003 71111 80001 =
 22876 41997 80000 10166 20166 30135 40205 52004 71110 80009=
 22481 42998 02701 10186 20185 30161 40211 52006=
 22854 42899 10901 10193 20145 39911 40183 52003 81040=
 22781 NIL=
 22676 41998 00000 10183 20163 30129 40203 52006 71100=
 22648 42998 00000 10201 20156 30141 40185 52004=
 22559 82998 01801 10185 20149 30187 40202 52005=
 22869 42997 20401 10191 20163 30055 40195 52003 80001=
 22768 42997 30801 10173 20158 30149 40197 52001 80001=
 22798 42998 03501 10164 20150 30104 40211 52004=
 22375 46/// /0603 10174 20154 30200 40215 52007=
 23207 NIL=
 23215 42498 80601 10128 20120 30129 40215 52006 8850/=
 23219 NIL=
 27095 NIL=
 22408 12683 60401 10213 20190 30025 40164 52006 60002 83830 333  
 10252=
 22511 12698 71501 10212 20178 30048 40161 52006 60002 84530 333  
 10262=
 22529 12599 21102 10214 20163 30163 40169 52004 60002 82800 333  
 10253=
 22602 11478 60000 10182 20172 39947 40159 52003 69902 70282 83930
 333   10218 86915=
 22621 62898 81002 10215 20177 30037 40167 52006 60002 885// 333  
 10269 88657=
 22619 12482 61103 10200 20183 30008 40157 52001 60002 86500 333  
 10251=
 22721 12998 70000 10207 20183 30069 40161 52001 60002 87070 333  
 10244=
 22727 12970 80602 10210 20180 30108 40153 57003 60002 8807/ 333  
 10235=
 22717 12598 70801 10198 20189 39956 40137 5//// 60032 86330 333  
 10214 84622=
 22802 12599 70601 10194 20170 30126 40148 57001 60002 82931 333  
 10240=
 22820 12666 81002 10191 20173 30023 40151 57003 69912 8645/ 333  
 10214=
 22831 12998 60000 10219 20184 30105 40156 57001 60002 86030 333  
 10273=
 22805 12598 60000 10186 20167 30126 40149 57003 69922 84430 333  
 10226=
 22912 11535 82801 10178 20170 30127 40141 57004 60102 79598 8802/
 333   10253 88524=
 
