00:31:00 MSK 03.05.2023
020 123456/=о000=2131
 уйту01 бтул 022100
 22686 82998 11501 11014 21030 30098 40200 57004 81030=
 22695 42998 21101 10040 21052 30041 40193 58001 82030=
 22996 42/// /0000 10027 20020 30037 40223 52003=
 23220 42999 02003 11006 21030 30055 40198 52019=
 23226 42660 22307 10010 21022 39970 40185 52019 82500 333 91111=
 23305 42/// /1803 10034 21035 30159 40187 52003=
 23320 86/// /2203 10009 21039 30142 40216 52011=
 23324 42983 11902 10003 21028 30130 40208 52010 80001=
 23405 42997 21403 10027 21035 30097 40196 54000 82030=
 23410 86/// /1704 10009 21044 30110 40207 51008=
 23411 42999 52204 10028 21036 30111 40200 51002 80001=
 23412 42999 01903 10023 21037 30109 40206 52005=
 23416 NIL=
 23418 42965 11602 10019 21031 30149 40223 52009 81030=
 23503 42/// /1902 11001 21049 30163 40214 52003=
 23507 86/// /2002 10027 21040 39898 40209 57002=
 23509 42/// /0000 11029 21040 30142 40222 52003=
 23514 42997 22202 10030 21036 30027 40223 52003 80001=
 23518 42/// /2001 11026 21030 30142 40236 52010=
 23606 42960 21902 10007 21026 30059 40227 52002 80001=
 23704 86/// /1301 11015 21015 39926 40039 55004=
 23701 42/// /0000 11026 21030 30094 40226 54001=
 23707 82998 31001 10037 21019 30086 40219 57002 82041=
 23708 42/// /0000 11010 21023 30081 40234 54000=
 23709 41998 80000 11005 21017 30044 40239 54001 71022 80005=
 23711 42498 80000 11007 21017 30064 40236 51003 8555/ 333 85614=
 23803 42999 70000 10002 21017 30061 40244 58002 82081=
 23804 82997 40000 10001 21009 30079 40226 52001 80001=
 23807 NIL=
 23808 86/// /1401 10018 20009 30067 40236 53003=
 23812 42597 70000 10026 20005 30071 40234 52002 85530=
 23904 42976 60000 10001 20001 30075 40234 53004 80006=
 23905 42899 80000 10023 20009 30006 40234 52003 86075=
 23909 41596 80402 10057 20050 39988 40231 52009 76286 8652/=
 23912 41496 83601 10064 20059 30029 40219 55011 78082 8695/=
 23913 41593 43301 10059 20050 39996 40223 50007 74484 82030=
 23914 81498 83002 10068 20063 39970 40224 57006 70282 889//=
 28013 41598 80202 10072 20059 39997 40224 51008 70282 889//=
 28016 42/// /0201 10079 20078 30004 40224 53005=
 28029 42899 33302 10085 20075 39992 40207 57005 83010=
 28116 41599 40201 10085 20079 39981 40206 57006 70181 82930=
 28128 42899 83503 10103 20080 30056 40206 52002 85031 333 91110=
 28134 42898 80000 10108 20092 39852 40192 57003 86019=
 28138 43/// /0000 10099 20051 39655 40206 57001=
 28216 42899 70403 10113 20093 39904 40192 58006 87010=
 28222 42/// /3101 10113 20101 30008 40197 55001=
 28224 42963 83402 10132 20117 39984 40188 52005 80007=
 28234 42898 21503 10170 21036 39924 40189 54001 82040=
 28238 42999 32301 10080 20000 39913 40211 53006 80004=
 28313 42/// /3602 10127 20103 30005 40190 50001=
 28319 42898 20301 10135 20111 30029 40186 52007 82050=
 28321 41899 73603 10130 20110 39993 40189 52005 70382 85071=
 28324 42/// /0301 10136 21003 30068 40184 52009=
 28326 42998 22001 10144 21019 30009 40189 52001 80001=
 28413 42899 60000 10134 20091 30065 40183 54001 83031=
 28428 42999 21702 10142 21020 30017 40194 52005 80001=
 28429 42/// /0000 10151 21011 39812 40207 52003=
 22983 42984 50000 11003 21006 30110 40217 54000 80005 333 91001
 91101=
 27083 42984 30000 10022 20008 39996 40220 52001 80009 333 91000
 91102=
 27097 42/// /0201 10016 20011 39963 40227 54000 333 91001 91102=
 27185 42/// /0000 10029 20023 30037 40221 57003 333 91000 91101=
 27199 42998 60000 10074 20049 30022 40217 57004 80005 333 91000
 91102=
 27281 42984 60000 10043 20033 30012 40218 57005 80005 333 91000
 91105=
 27283 42997 83502 10046 20038 30061 40216 58007 80005 333 91002
 91102=
 27295 42/// /0101 10070 20046 39964 40213 58008 333 91002 91102=
 27296 42997 53602 10069 20044 39992 40206 57011 85030 333 91003
 91104=
 27385 429// 60000 10064 20044 30082 40209 57009 82031 333 91000
 91103=
 27393 42598 60401 10075 20065 30047 40215 58006 82571 333 91002
 91105=
 27480 42998 80101 10077 20055 30084 40211 57008 83034 333 91002
 91103=
 28007 42999 63601 10064 20015 39965 40224 54000 80009 333 91001
 91102=
 28009 41498 80101 10070 20059 30017 40225 57002 72582 889// 333 91002
 91103=
 28105 42598 80401 10074 20060 30022 40218 58003 885// 333 91001
 91102=
 28202 42597 80303 10072 20060 39985 40204 58015 889// 333 91007
 91107=
 28302 41597 83401 10084 20075 39981 40205 55007 72582 889// 333 91003
 91105=
 28307 41498 83301 10086 20072 30065 40206 55004 76162 885// 333 91002
 91105=
 28402 41583 83402 10098 20093 30023 40198 57009 70262 8561/ 333 91004
 91104=
 28502 42997 63103 10098 20081 30087 40188 57008 80001 333 91004
 91104=
 22550 82970 81303 10065 20000 30098 40108 57029 82047=
 22778 42998 21403 10044 21032 30119 40188 57005 82071=
 22889 42/// /1001 11008 21010 30131 40219 54000=
 22762 42598 61503 10098 21018 30118 40156 57009 82570=
 22638 46/// /1603 10083 20036 39847 40065 57029=
 22671 42/// /1703 10077 21013 30076 40153 57011=
 22456 41497 81101 10019 20019 30035 40123 58015 76162 8872/=
 22583 42598 71601 10048 21029 30093 40173 58008 86570=
 22749 NIL=
 22951 42/// /2003 10072 21025 39881 40157 57013=
 22887 42997 21402 10018 21007 30133 40204 57004 80001=
 22876 42997 01703 10048 21023 30125 40198 57005=
 22481 42/// /1202 10060 21019 30092 40144 58015=
 22854 42/// /1604 10082 21022 39861 40143 58016=
 22781 NIL=
 22676 42898 71403 10067 21028 30098 40174 58006 87030=
 22648 NIL=
 22559 42/// /1502 10059 21015 30108 40124 58020=
 22869 42998 00701 10054 21029 30041 40188 57006=
 22768 42697 51703 10079 21018 30116 40165 57007 82530=
 22798 42998 00601 10010 21026 30103 40217 57002=
 22375 NIL=
 23207 NIL=
 23215 NIL=
 23219 NIL=
 27095 86/// /0000 10008 20008 30007 40239 54001=
 22408 41358 80503 10019 20010 39922 40070 57014 76162 8872/ 333  
 88507=
 22511 41324 80303 10005 20000 39931 40052 57025 77376 8672/=
 22529 41598 80301 10019 20011 30054 40061 57029 70262 885// 333  
 88626=
 22602 41359 80202 10013 20010 39793 40016 57030 76162 8872/ 333  
 88509=
 22621 83961 /0301 10032 20028 39907 40045 57031=
 22619 42998 81102 10025 20012 39870 40027 57036 8807/=
 22721 42997 71201 10036 20011 39945 40042 57029 87030=
 22727 86970 /1602 10068 20018 39997 40044 57024 333   91111=
 22717 83/70 /2203 10057 20035 39848 40037 57014 333   91110=
 22802 41498 82004 10048 20030 30007 40030 57014 70282 8692/ 333  
 86917=
 22820 42998 62202 10109 20001 39912 40043 57025 86030 555   50074=
 22831 42997 71303 10113 20010 30023 40076 57025 87030=
 22805 414// 72006 10029 20020 30025 40044 57010 72582 85930 333  
 91110=
 22912 41657 82605 10063 20045 30055 40070 52008 76162 8802/ 333  
 88535 91111=
 
