09:31:00 MSK 21.09.2023
020 123456/=о000=0631
 унту01 бтул 210600
 22686 82598 82305 10118 20091 39935 40030 51009 885// 333 88623 91110=
 22695 42698 82504 10110 20082 39870 40016 52010 885//=
 22996 81597 82203 10139 20139 39921 40097 52013 72582 889// 333 20134=
 23220 41599 82507 10111 20099 39725 49862 52003 70262 885// 333 88627 91013 91114=
 23226 41460 82510 10105 20101 39644 49845 53002 72162 8795/ 333 87915 
 91015 91116=
 23305 41570 72407 10118 20079 39892 49918 53019 78082 86930 333 91012
 91116=
 23320 66/// /2407 10115 20095 39834 49903 51010 60002 333 20112 91013 91113=
 23324 41581 72407 10117 20082 39810 49882 52007 70262 82940 333 91013
 91114=
 23405 42570 82504 10116 20079 39854 49948 52013 8555/ 333
 85626 91010 91111=
 23410 66/// /2208 10121 20067 39820 49911 53013 60002 333 20109 91014 91115=
 23411 41599 82507 10118 20072 39836 49920 52018 70262 885// 333
 91012 91115=
 23412 41699 72607 10123 20075 39823 49914 52016 70262 83530 333 91012 91115=
 23416 NIL=
 23418 41665 72105 10122 20082 39883 49952 52021 
 70282 87900 333 85642 91010 91111=
 23501 NIL=
 23503 41598 72605 10130 20070 39914 49961 52015 70262 86930 333 85928
 91111=
 23507 86/// /2703 10098 20086 39698 49994 52016 333 20096 91111=
 23509 41598 72503 10128 20070 39917 49990 53013 70282 86904 333 85931=
 23514 41597 82405 10117 20089 39791 49977 52013 70282 85935 333 85926 91010 91111=
 23518 41698 82404 10121 20096 39898 49985 53027 70262 889// 333 20112
 85649 91111 555 53012=
 23606 41462 72504 10128 20095 39848 40009 52019 70282 86901 333 20106 84917  91113=
 23701 42599 72404 10121 20092 39919 40042 52011 86931 333 96920=
 23704 66/// /2404 10120 20109 39842 49952 55021 60002 333 20112=
 23707 81498 82405 10124 20098 39932 40058 52012 70282 8395/=
 23708 41498 72504 10129 20089 39917 40059 52015 70381 86901 333 20117 85618 91111=
 23709 81598 52504 10126 20094 39872 40055 52018 70281 85900 333 20124=
 23711 41498 72503 10138 20096 39868 40028 53022 70282 86905 333 20120 85713=
 23803 41497 82903 10126 20106 39892 40063 53015 76086 8872/ 333 20126=
 23804 81597 72702 10128 20114 39930 40068 52013 70282 86930 333 20121 86923=
 23807 81596 72403 10130 20130 39929 40082 52011 78082 86530 333 20129 86623=
 23808 86/// /2303 10134 20125 39922 40082 51015 333 20134=
 23812 41496 82403 10136 20120 39897 40050 53010 78082 889// 333 91110=
 23904 41468 82304 10138 20135 39949 40098 52012 72162 8752/ 333 20138
 87613=
 23905 81599 82204 10140 20119 39878 40094 52010 72522 889// 333 20138
 91110=
 23909 82598 82305 10164 20100 39864 40095 52005 85331 333 91112=
 23912 81598 82103 10143 20101 39905 40087 54001 70282 8255/=
 23913 82599 73302 10141 20072 39874 40091 56006 87900=
 23914 82498 82406 10152 20095 39849 40092 52001 885// 333 91011
 91111=
 28013 82598 82204 10151 20085 39886 40105 52005 889// 333 91112=
 28016 82599 72203 10160 20104 39905 40117 52002 86530=
 28029 82699 82106 10148 20085 39915 40124 57006 885// 333 91111=
 28116 82899 72304 10167 20094 39913 40131 57004 86055=
 28128 82899 82203 10151 20103 30001 40147 57007 81089=
 28134 82598 82103 10147 20074 39814 40148 57006 83181=
 28138 42599 32204 10126 20053 39615 40159 57007 83100=
 28216 82999 62105 10165 20083 39877 40159 58007 80005=
 28222 82998 82103 10163 20079 39971 40156 57008 80001=
 28224 82870 52104 10171 20077 39967 40169 57005 84031=
 28234 82999 01904 10143 20043 39907 40174 57008=
 28238 82899 12004 10159 20056 39886 40174 57010 81030=
 28313 82998 62004 10163 20073 39994 40176 58008 80001=
 28319 82898 22303 10159 20076 30042 40198 57003 82050=
 28321 82999 22004 10165 20083 39983 40177 57005 80001=
 28324 82999 22002 10171 20062 30077 40192 57005 80009=
 28326 82998 22304 10149 20060 30010 40188 57007 80001=
 28413 82999 22203 10169 20062 30084 40201 57003 80001=
 28428 82999 02204 10170 20044 30035 40212 57008=
 28429 82998 02304 10158 20061 39819 40212 57006=
 22983 41474 82902 10147 20138 39992 40092 52014 78082 8693/ 333 91004
 91106=
 27083 41599 82303 10145 20123 39898 40110 52011 70262 888// 333 20136
 91005 91107=
 27097 42598 82203 10156 20126 39875 40123 52008 8793/ 333 91006
 91108=
 27185 41598 82101 10145 20121 39966 40141 52007 70282 883// 333 20128
 91004 91106=
 27199 41998 82302 10147 20111 39960 40148 52006 70281 8805/ 333 20135
 91004 91106=
 27281 41982 82404 10163 20110 39955 40151 52009 70281 85075 333 91006
 91107=
 27283 41566 82404 10166 20108 30001 40149 52003 70281 83531 333 91007
 91107=
 27295 42998 62003 10157 20094 39920 40160 52001 80005 333 91008
 91108=
 27296 42580 62202 10158 20093 39949 40155 52002 83540 333 91005
 91107=
 27385 425// 72303 10167 20099 30050 40175 52007 85530 333 91005
 91107=
 27393 42598 82304 10168 20096 30011 40173 57001 83571 333 91006
 91107=
 27480 42598 82202 10172 20107 30063 40185 52007 82531 333 91004
 91104=
 28007 42699 82303 10153 20107 39879 40127 52008 8655/ 333 91007
 91107=
 28009 41498 82205 10152 20090 39930 40130 52004 72582 8294/ 333 91008
 91108=
 28105 41598 82202 10137 20116 39959 40144 53008 72581 883// 333 91004
 91109=
 28202 42580 82501 10160 20093 39943 40153 53005 889// 333 91004
 91108=
 28302 42998 82102 10164 20089 39951 40168 57001 85031 333 91005
 91107=
 28307 42598 81903 10180 20088 30042 40179 57002 85532 333 20120 91006
 91107=
 28402 42998 72105 10189 20093 30015 40184 57002 82079 333 91009
 91109=
 28502 42998 82007 10184 20081 30103 40201 57004 80001 333 91010
 91110=
 22550 82597 72703 10086 20051 30030 40040 52034 87900 333 20083 87622
 91110=
 22778 42498 62603 10123 20095 30004 40070 52014 82509 333 20094=
 22889 41498 72603 10149 20127 30003 40085 52009 70186 87500 333
 87616=
 22762 82597 82402 10118 20096 30026 40063 52018 885//=
 22638 46/// /2502 10103 20084 39853 40071 52028=
 22671 41498 83003 10098 20082 39948 40024 53023 70282 8697/ 333 20098
 86918=
 22456 41597 83001 10071 20071 39933 40018 52041 70282 885// 333
 20069=
 22583 41598 62605 10119 20075 39915 49991 52016 70282 83571
 333 20103 91110=
 22749 42598 72303 10116 20106 39967 40087 52021 87500 333 87622=
 22951 42498 72502 10130 20117 39840 40109 52018 87100=
 22887 41599 72403 10130 20115 30021 40088 52017 70282 86531
 333 20130 86622=
 22876 41597 62702 10134 20097 30014 40085 52013 70282 84401=
 22481 42/// /2504 10082 20062 39930 49981 52039 333 20078 91111=
 22854 42399 82504 10106 20097 39820 40098 52020 886// 333 88709
 91110=
 22781 NIL=
 22676 42498 72504 10125 20089 39951 40024 52012 87900 333 91110=
 22648 42598 72504 10122 20111 30025 40069 52028 86930 333 86832=
 22559 81598 72805 10095 20045 30027 40043 52032 70282 82931 333 20088
 91010 91110=
 22869 41497 62502 10135 20114 39962 40103 52017 70282 82804 333
 20116=
 22768 42697 62506 10127 20091 30026 40074 52016 82531 333 20098
 91110=
 22798 41598 82303 10123 20100 39956 40063 52011 70282 889//=
 22375 NIL=
 23207 41499 82407 10093 20064 39869 49891 52020 70282 886// 333 20090
 91014 91115=
 23215 41498 72608 10095 20091 39768 49852 53007 70262 87900 333 87914
 91012 91117=
 23219 NIL=
 27095 66/// /2303 10159 20124 39910 40127 52009 60002 333 20143=
 22408 11299 82801 10040 20034 39919 40066 52025 69912 70252 886//
 333   20027 31003 88704=
 22511 12598 82602 10050 20023 39946 40065 52025 60002 83531 333  
 20041 31003=
 22529 12599 72803 10077 20035 30055 40062 52031 69902 87500 333  
 20056 32005 87626=
 22602 11459 80000 10078 20067 39843 40062 52014 69952 78082 889//
 333   20064 88913 31007=
 22621 12598 82902 10090 20067 39935 40070 52027 60032 86502 333  
 20075 31/// 86630=
 22619 12998 82701 10104 20089 39915 40068 52026 60002 8807/ 333  
 20097 31008=
 22721 12998 83001 10108 20089 39985 40080 52026 60002 8805/ 333  
 20091 31006=
 22727 12370 81902 10121 20113 30044 40090 52020 60002 886// 333  
 20104 31/// 88722=
 22717 11497 81701 10116 20114 39891 40081 52011 69962 76100 8802/
 333   20087 31/// 88514=
 22802 11599 82102 10148 20143 30057 40079 52008 69982 70281 885//
 333   20092 32008 88620=
 22820 12470 82502 10126 20112 39961 40091 52019 60002 8655/ 333  
 20105 31008 86613=
 22831 12998 62301 10126 20121 30043 40096 52019 69972 86030 333  
 20053 32005=
 22805 11598 72104 10150 20145 30068 40087 52013 69912 70281 86531
 333   20129 31011=
 22912 11956 82204 10158 20148 30087 40101 52015 69932 76161 8807/
 333   20118 32010=
 
