00:31:00 MSK 14.05.2023
020 123456/=о000=2131
 уйту01 бтул 132100
 22686 82598 73402 10026 21009 30164 40265 51008 87500 333 87621=
 22695 42998 03405 10007 21029 30090 40245 52009=
 22996 42/// /0102 10084 20051 30022 40205 52011=
 23220 42598 72602 11059 21079 30067 40214 52012 82530=
 23226 42960 80000 11068 21088 39994 40216 52017 85041=
 23305 42/// /3602 11002 21042 30230 40258 52003=
 23320 86/// /0101 11045 21067 30158 40233 51013=
 23324 42980 53302 11052 21070 30154 40233 51011 80001=
 23405 42961 23602 11014 21039 30155 40257 52007 80001=
 23410 86/// /3104 11012 21048 30138 40237 51012=
 23411 42/// /0302 11012 21047 30157 40248 52006=
 23412 42599 83503 11010 21054 30142 40241 52011 885// 333 88626=
 23416 NIL=
 23418 42565 83402 10005 21053 30156 40231 52007 885//
 333 88630=
 23503 NIL=
 23507 86/// /0102 11000 21016 39937 40251 52008=
 23509 42/// /3401 11001 21015 30163 40243 52007=
 23514 41597 60102 11007 21025 30037 40237 52009 70282 86500 333 86621=
 23518 42/// /3502 11003 21022 30127 40220 52012=
 23606 41460 83502 10016 20014 30067 40235 52010 70262 885// 333 88616=
 23704 86/// /0102 10058 20052 39926 40039 55004=
 23701 42/// /0202 10044 20009 30115 40244 52015=
 23707 82598 80304 10068 20034 30096 40227 52014 8355/=
 23708 42/// /0104 10052 20017 30077 40225 52013=
 23709 42998 83604 10047 20010 30025 40216 52013 8807/ 333 91110=
 23711 42398 83602 10032 20021 30042 40211 52015 889// 333 86708=
 23803 42699 83502 10050 20012 30037 40216 51012 884// 333 88647=
 23804 42597 80102 10071 20028 30075 40219 52015 8495/=
 23807 42/// /3602 10075 20050 30057 40216 52011=
 23808 86/// /3304 10068 20015 30045 40211 52017=
 23812 81497 80202 10045 20023 30033 40194 52013 70282 889//=
 23904 42574 83602 10078 20048 30050 40204 52011 8237/=
 23905 42599 80103 10078 20031 39973 40196 52012 885//=
 23909 41598 83602 10069 20026 39946 40187 52012 70282 8635/=
 23912 41598 80202 10054 20042 39990 40179 52010 72582 8795/=
 23913 42599 83102 10050 20027 39944 40170 52009 889//=
 23914 82498 80103 10055 20037 39924 40178 52011 885//=
 28013 42599 83403 10056 20019 39951 40179 52011 885//=
 28016 42/// /0102 10064 20025 39958 40180 52011=
 28029 42599 83602 10078 20040 39941 40156 52008 8657/=
 28116 42999 00203 10067 20021 39942 40169 52012=
 28128 42899 10103 10088 20037 30006 40156 52010 81030=
 28134 42998 00000 10058 20031 39807 40152 52010=
 28138 43/// /3602 10077 20046 39583 40134 52012=
 28216 42699 23402 10079 20072 39865 40156 52006 82500=
 28222 42/// /0302 10088 20062 39960 40150 52007=
 28224 41463 80102 10094 20080 39938 40145 52009 78082 889//=
 28234 41497 83501 10100 20051 39868 40137 52012 78082 8495/=
 28238 42599 63503 10110 20039 39833 40125 52011 85530=
 28313 42/// /0000 10063 20055 39965 40154 52005=
 28319 42597 20401 10084 20072 39988 40147 52004 82400=
 28321 42899 23502 10093 20076 39948 40146 52006 82060=
 28324 42/// /3301 10100 20067 30024 40141 52005=
 28326 41598 63001 10096 20081 39953 40134 52005 70282 86300=
 28413 41599 80101 10118 20075 30024 40142 52004 70282 8653/=
 28428 42597 81801 10106 20064 39955 40134 50003 889//=
 28429 42/// /2301 10078 20027 39738 40140 52005=
 22983 42484 80101 10087 20041 30123 40227 52009 84935 333 91003
 91104=
 27083 42584 63403 10069 20051 39989 40208 52011 86800 333 91005
 91107=
 27097 42/// /3503 10081 20075 39940 40197 52010 333 91006 91107=
 27185 42/// /3503 10089 20079 30015 40195 52010 333 91007 91107=
 27199 41496 83602 10098 20089 39986 40178 52009 76162 8672/ 333 91004
 91106=
 27281 41456 83506 10091 20081 39990 40192 52006 76186 8872/ 333 91009
 91109=
 27283 41497 80103 10092 20084 30031 40183 52009 70282 889// 333 91004
 91108=
 27295 42/// /3602 10093 20079 39929 40175 52006 333 91004 91106=
 27296 41597 83602 10093 20078 39956 40168 52007 78082 889// 333 91003
 91103=
 27385 419// 53402 10080 20072 30051 40177 52005 71122 82031 333 91004
 91104=
 27393 41497 80401 10093 20082 30002 40168 52002 76062 8672/ 333 91003
 91104=
 27480 41598 30000 10066 20065 30056 40183 52007 71111 81501 333 91000
 91103=
 28007 42699 80103 10093 20054 39931 40186 52011 885// 333 88633 91005
 91107=
 28009 42698 60102 10098 20030 39977 40182 52012 86500 333 91004
 91106=
 28105 42598 80202 10103 20061 39981 40175 52011 888// 333 91004
 91106=
 28202 42597 80302 10109 20053 39946 40160 52009 82931 333 91004
 91105=
 28302 41597 80402 10107 20070 39934 40155 53005 78022 889// 333 91003
 91104=
 28307 41498 82902 10099 20071 30020 40160 57001 72582 889// 333 91004
 91105=
 28402 41463 82801 10095 20078 39981 40155 52001 76162 8762/ 333 91002
 91103=
 28502 41597 82902 10111 20061 30051 40151 55001 70282 84463 333 91003
 91106=
 22550 82969 00000 10012 20007 30267 40277 54000=
 22778 42998 10102 10041 20013 30187 40257 52008 80001=
 22889 42/// /3403 10086 20042 30145 40230 52010=
 22762 42997 00000 10016 20016 30227 40267 52007=
 22638 NIL=
 22671 42/// /0000 11020 21023 30192 40273 52003=
 22456 42997 00000 11031 21031 30186 40276 57002=
 22583 42598 73401 10005 21027 30189 40271 52005 875//=
 22749 NIL=
 22951 42/// /0000 10074 20039 39989 40268 54001=
 22887 42697 83302 10090 20055 30164 40233 52008 885// 333 
 88648=
 22876 42697 73302 10081 20034 30172 40244 52006 87500 333 87640=
 22481 43/// /0000 10003 21020 30218 40272 5////=
 22854 42/// /0000 10084 20027 39984 40269 54000=
 22781 NIL=
 22676 42498 70301 10006 21018 30192 40271 52004 87500=
 22648 NIL=
 22559 42/// /0000 10044 20006 30260 40277 52004=
 22869 42698 73303 10083 20045 30109 40256 52002 87500 333 87639=
 22768 42597 70103 10086 20039 30209 40258 52002 87500 333 87621=
 22798 42598 63503 10051 20010 30126 40239 52015 83530=
 22375 46/// /2402 11014 30254 40270 57004=
 23207 NIL=
 23215 NIL=
 23219 NIL=
 27095 86/// /3503 10080 20076 39982 40206 52011=
 22408 42984 61201 10061 20023 30102 40251 57005 8607/=
 22511 42684 71602 10084 20024 30135 40255 57004 82575=
 22529 42998 01901 10028 20023 30266 40273 57005=
 22602 42977 50801 10056 20019 30037 40262 57001 8503/=
 22621 83/70 /1701 10069 20026 30135 40274 57003=
 22619 42998 61601 10033 20014 30111 40271 57004 80005=
 22721 42998 83001 10051 20028 30179 40278 52001 80002=
 22727 86/70 /0201 10064 20041 30231 40279 52003=
 22717 83/70 /1701 10086 20037 30084 40276 52005=
 22802 42598 70902 10083 20042 30245 40268 52007 82532=
 22820 42998 21702 10059 20026 30142 40279 52001 80001 555   50127=
 22831 42997 20000 10038 20022 30222 40278 52002 82030=
 22805 425// 31201 10102 20029 30252 40272 53005 82501=
 22912 42984 30000 10057 20031 30260 40275 52011 80001=
 
