00:31:00 MSK 30.10.2023
020 123456/=о000=2131
 уйту01 бтул 292100
 22686 41497 81101 11046 21068 39972 40074 53006 77172 8657/ 333 86616=
 22695 41496 81103 11051 21079 39908 40064 52004 77172 8652/=
 22996 41496 80301 11033 21033 39862 40049 52014 77172 8672/ 333 85712=
 23220 42999 01206 11097 21111 30068 40217 57002=
 23226 42960 00801 11146 21159 39996 40225 57002=
 23305 42/// /1002 11113 21127 30096 40125 54001=
 23320 86/// /1204 11075 21109 30092 40168 54001=
 23324 42981 11104 11091 21112 30107 40188 56002 80001=
 23405 41996 81104 11074 21087 30008 40110 57001 77173 8802/ 333 91110=
 23410 86/// /0602 11142 21162 30057 40160 54000=
 23411 42/// /0802 11122 21132 30053 40147 54001=
 23412 42999 20903 11140 21157 30056 40159 54000 80001=
 23416 NIL=
 23418 42965 61401 11078 21092 30073 40150 57001 86030=
 23503 42/// /1303 11069 21095 30071 40123 57002=
 23507 86/// /1502 11072 21078 39777 40095 52002=
 23509 NIL=
 23514 41597 81303 11071 21110 39926 40128 57001 77172 8657/ 333 86633=
 23518 42/// /1204 11069 21110 30054 40149 54000=
 23606 41530 81105 10072 21089 39932 40109 53002 77372 8552/ 333 85627=
 23704 86/// /0802 11048 21054 39379 49492 54001=
 23701 42/// /1002 11050 21070 39953 40085 52003=
 23707 81597 80802 11043 21053 39934 40068 52006 77177 8652/ 333 86625=
 23708 42/// /0802 11054 21074 39932 40084 52006=
 23709 41698 80802 11054 21102 39899 40096 52005 70272 885// 333 88641=
 23711 42998 81004 11062 21108 39948 40122 53002 8805/=
 23803 41599 81003 11048 21097 39906 40089 53007 70282 889// 333 88929=
 23804 81596 80702 11039 21054 39917 40064 52007 78582 8497/=
 23807 42/// /0502 11036 21036 39897 40061 52010=
 23808 86/// /0101 11041 21046 39898 40068 52008=
 23812 42997 81202 11056 21106 39941 40107 57001 8807/=
 23904 41576 83501 11032 21043 39896 40055 52011 70272 8652/ 333 86632=
 23905 42899 80701 11027 21073 39827 40056 52008 8802/=
 23909 42498 80805 11033 21080 39813 40060 52008 8457/=
 23912 41898 80903 11044 21090 39888 40083 55001 77172 8807/=
 23913 41599 71102 11063 21107 39862 40097 57003 70282 87900 333
 91111=
 23914 81498 80804 11043 21083 39813 40073 52003 77187 8552/=
 28013 42598 80604 11031 21082 39821 40054 52008 885// 333 91110=
 28016 42/// /0803 11025 21060 39819 40044 52009=
 28029 41495 80604 11040 21058 39824 40046 52004 77172 8872/=
 28116 41496 80603 11036 21053 39798 40030 52008 77172 8872/=
 28128 41595 80503 11028 21036 39873 40027 52007 77372 8802/=
 28134 41598 80803 11037 21066 39679 40032 52001 70272 8651/ 333 91010
 91113=
 28138 43/// /0606 11060 21077 39477 40052 57002 333 91010 91113=
 28216 41596 80403 11029 21040 39706 40004 52014 77172 8872/=
 28222 42/// /0301 11021 21049 39822 40017 52008=
 28224 41466 80803 11019 21041 39788 40001 52010 77172 8872/ 333
 91111=
 28234 41598 81103 11028 21064 39742 40021 53009 70273 885// 333
 91111=
 28238 41599 80804 11029 21062 39725 40029 57005 70272 86520 333
 91111=
 28313 42/// /0302 11017 21030 39801 49992 52015=
 28319 41496 80502 11003 21009 39813 49975 52016 77172 8802/ 333
 93402=
 28321 41596 80403 11018 21024 39789 49992 52002 77172 8802/=
 28324 42/// /0703 10003 21020 39858 49977 52015=
 28326 41498 80903 11008 21033 39805 49990 52010 70272 8802/=
 28413 41496 83602 10004 21011 39853 49974 53021 77076 886//=
 28428 41596 80603 10011 20001 39775 49957 53014 76162 8802/=
 28429 42/// /0901 11003 21014 39564 49971 53011=
 22983 41569 80000 11028 21041 39954 40060 52012 77172 885// 333 91001
 91101=
 27083 41457 83301 11030 21038 39824 40049 52015 77172 8872/ 333 91003
 91103=
 27097 42/// /3302 11029 21029 39784 40047 52016 333 91003 91103=
 27185 42/// /3102 11020 21027 39865 40049 52018 333 91005 91105=
 27199 41496 83502 11019 21029 39840 40038 52019 77172 8672/ 333 91004
 91104=
 27281 42484 83103 11017 21036 39848 40056 52022 885// 333 91005
 91106=
 27283 41496 83303 11018 21022 39889 40045 52022 76686 8872/ 333 91004
 91104=
 27295 42/// /3102 11022 21033 39785 40038 52022 333 91004 91105=
 27296 41496 83502 11022 21035 39813 40031 52021 77172 8872/ 333 91004
 91104=
 27385 414// 83102 11011 21022 39920 40049 52026 77172 8577/ 333 91004
 91105=
 27393 41496 83602 11016 21023 39859 40030 52024 77172 8672/ 333 91004
 91105=
 27480 41498 82902 11013 21039 39931 40060 52027 70282 886// 333 91005
 91106=
 28007 42999 80102 11029 21052 39778 40042 52015 8801/ 333 91004
 91104=
 28009 42598 80301 11016 21070 39829 40040 52014 885// 333 91003
 91103=
 28105 41598 80101 11021 21048 39839 40032 52018 70272 885// 333 91002
 91104=
 28202 41697 80202 11015 21048 39798 40019 52018 70272 885// 333 91003
 91104=
 28302 41596 83602 11020 21029 39784 40013 52021 78582 8597/ 333 91005
 91105=
 28307 41497 83004 11010 21023 39878 40022 52027 77172 885// 333 91007
 91107=
 28402 41433 83203 11010 21012 39830 40008 52026 77372 8872/ 333 91005
 91105=
 28502 41596 83106 10001 21015 39901 40004 52028 77372 8802/ 333 91008
 91108=
 22550 82968 52101 11070 21073 30052 40062 52010 85030=
 22778 NIL=
 22889 42/// /0000 11033 21039 39974 40061 53010=
 22762 NIL=
 22638 46/// /2701 11055 21073 39860 40090 52014=
 22671 NIL=
 22456 41596 80000 11051 21051 39962 40051 52006 78582 889//=
 22583 41597 81302 11050 21067 39990 40072 53003 78588 889//=
 22749 NIL=
 22951 42/// /2901 11055 21070 39818 40106 52021=
 22887 42497 80000 11024 21036 39988 40058 52013 885// 333 
 85711=
 22876 42497 82501 11030 21035 39991 40065 52010 889// 333 88917=
 22481 42/// /1303 11057 21066 30012 40066 52002=
 22854 NIL=
 22781 NIL=
 22676 41496 81302 11046 21056 39981 40060 52006 77172 8872/=
 22648 NIL=
 22559 42/// /2201 11085 21092 30054 40072 52014=
 22869 41996 82901 11037 21046 39933 40083 52017 77377 8002/=
 22768 41597 83002 11037 21050 30025 40075 52019 70272 885// 333
 88621=
 22798 41996 80601 11040 21047 39953 40067 52007 77177 8802/=
 22375 46/// /1604 11053 21063 30040 40056 52001=
 23207 NIL=
 23215 NIL=
 23219 NIL=
 27095 86/// /3501 11030 21030 39825 40056 52014=
 22408 41559 73501 11108 21120 39920 40076 52001 78581 83330 333  
 93501=
 22511 42984 70000 11077 21087 39954 40079 52006 87030 333   93502=
 22529 42598 82602 11036 21047 30072 40079 52012 885// 333   88625=
 22602 42474 81901 11059 21087 39849 40080 57001 885// 333   88615=
 22621 83/70 /2302 11064 21081 39948 40091 52012=
 22619 42598 22201 11076 21095 39928 40092 52008 82500=
 22721 42997 00000 11065 21079 39998 40099 52014=
 22727 86670 /2901 11029 21052 30055 40104 52010=
 22717 83/70 /2201 11098 21106 39904 40110 52008=
 22802 42998 00000 11086 21094 30081 40105 52005=
 22820 42598 82201 11041 21063 39967 40106 52011 885// 333   87628
 555   51032=
 22831 42497 70000 11046 21057 30046 40102 52012 87900 333   87917=
 22805 424// 80000 11015 21066 30078 40103 52003 889//=
 22912 42684 70000 11041 21051 30091 40107 52008 87500 333   87640=
 
