09:31:00 MSK 18.03.2023
020 123456/=о000=0631
 унту01 бтул 180600
 22686 42998 03501 11068 21112 30228 40333 52022 333 21169=
 22695 42/// /2502 11078 21121 30153 40314 52022 333 21133=
 22996 42999 02801 11028 21081 30152 40345 52025=
 23220 42599 70704 11192 21215 30069 40223 58006 85530=
 23226 41550 81807 11202 21221 39979 40214 58017 71011 8555/ 333 85632 
 91010 91110=
 23305 42999 22604 11063 21090 30226 40254 53022 80005=
 23320 66/// /2205 11113 21155 30145 40222 58007 60002 333 21266=
 23324 42982 62102 11137 21157 30128 40210 57015 86070=
 23405 42471 82803 11075 21085 30172 40276 52025
 885// 333 88613=
 23410 66/// /2104 11099 21125 30125 40227 55001 60002 333 21186=
 23411 41999 32804 11066 21095 30149 40242 53019 70270 82071=
 23412 42499 62804 11078 21105 30129 40230 53007 85701 333 84710=
 23416 NIL=
 23418 41565 52202 11083 21120 30171 40249 51002 72611
 82901=
 23501 NIL=
 23503 42598 83202 11076 21105 30222 40275 53021 8495/=
 23507 86/// /3103 11077 21099 39969 40295 52019=
 23509 42998 02904 11053 21101 30200 40282 52017=
 23514 42997 22803 11070 21104 30061 40266 52017 80002=
 23518 42698 82004 11107 21139 30174 40271 51010 8457/ 555 53010=
 23606 42962 02803 11062 21102 30108 40288 52020=
 23701 42999 12802 11064 21097 30188 40324 52022 80001=
 23704 66/// /2802 11071 21082 39926 40039 55004 60002 333 21141=
 23707 82999 22402 11071 21104 30189 40329 52022 80001=
 23708 42984 12802 11053 21101 30165 40321 52026 80001=
 23709 42998 02904 11055 21101 30107 40308 53020=
 23711 43/// ///// 1//// 2//// 3//// 4//// 5////=
 23803 42999 03103 11048 21106 30134 40321 52023=
 23804 82997 02901 11031 21091 30179 40329 52024=
 23807 42998 02802 11033 21072 30174 40342 52025=
 23808 86/// /2702 11051 21085 30156 40332 52025=
 23812 42/// /3302 11051 21137 30126 40295 51023=
 23904 42970 03302 11025 21072 30179 40341 52024=
 23905 42999 02902 11035 21071 30093 40329 52025=
 23909 42998 03201 11037 21081 30066 40320 52031=
 23912 42999 03303 11051 21112 30101 40301 51035 333 21073=
 23913 42599 43105 11051 21108 30045 40283 51035 84200 333 21067
 91110=
 23914 81999 03203 11052 21106 30033 40301 52036 70171 333 21066=
 28013 41999 03304 11046 21096 30075 40315 51035 70271=
 28016 42999 03403 11035 21083 30087 40322 52035 333 21053=
 28029 41699 33404 11038 21083 30063 40290 52043 70171 83100 333
 21045=
 28116 41999 23606 11040 21078 30073 40313 52040 70173 80005 333 21047
 91110=
 28128 41999 03504 11031 21062 30137 40296 52045 70173 333 21034
 91111=
 28134 41598 53402 11032 21062 39914 40276 52043 70172 85500 333 21041
 93710=
 28138 41599 63507 11031 21084 39664 40244 52044 72682 86100 333 21035
 91013 91112=
 28216 41599 53504 11031 21060 39996 40304 52042 70173 85900 333 21033
 91110=
 28222 42598 33602 11019 21056 30089 40289 52047 83200 333 21030
 93708=
 28224 41570 83604 11026 21061 30066 40286 52046 73683 889// 333 21027
 91111 93710=
 28234 41499 63405 11021 21030 39976 40212 51047 70272 83940 333 21023
 91010 91110=
 28238 41599 73505 11008 21049 39933 40242 51049 77072 87500 333 21015
 91113=
 28313 42598 83504 11018 21050 30102 40300 52043 889// 333 21021
 93703=
 28319 41599 60103 11010 21038 30118 40286 52037 70172 85550 333
 21015=
 28321 41599 63505 11024 21038 30080 40290 52044 70272 86900 333 21026
 91010 91110=
 28324 41599 80103 11009 21050 30160 40283 53041 70272 8557/ 333 21010
 93706=
 28326 41598 73602 11011 21032 30070 40260 52048 70282 87300 333 21014
 91110=
 28413 41599 80105 11006 21058 30169 40294 53041 70282 8753/ 333 21007
 91012 91112=
 28428 41599 70206 10002 21050 30074 40262 52043 70272 87900 333
 91112=
 28429 41598 83404 11010 21031 39829 40248 52037 72272 885// 333 21012
 91110=
 22983 42998 02901 11037 21077 30250 40360 52023 333 21093 91002
 91103=
 27083 42999 03101 11034 21082 30122 40353 52026 333 21079 91003
 91105=
 27097 42998 03102 11036 21066 30083 40355 52031 333 91004 91105=
 27185 42998 03403 11033 21081 30170 40361 52028 333 21069 91005
 91105=
 27199 42998 03301 11031 21067 30147 40352 52032 333 21058 91003
 91107=
 27281 42982 03603 11035 21081 30148 40364 52028 333 21067 91004
 91105=
 27283 42998 03404 11041 21080 30190 40355 52030 333 21074 91005
 91105=
 27295 42998 03302 11030 21065 30089 40351 52031 333 91004 91108=
 27296 42598 53502 11035 21067 30118 40344 52035 85500 333 21048 91004
 91106=
 27385 425// 20302 11038 21077 30219 40353 52031 82500 333 91004
 91106=
 27393 42598 30203 11024 21070 30164 40340 52031 82930 333 91008
 91109=
 27480 42998 00203 11025 21073 30218 40351 52026 333 91006 91106=
 28007 41999 03402 11041 21074 30074 40347 52033 70231 333 21061 91003
 91107=
 28009 41998 03302 11022 21072 30120 40337 52031 70281 333 91003
 91105=
 28105 42998 03601 11019 21059 30136 40342 52035 333 21050 91004
 91104=
 28202 42599 30403 11028 21070 30103 40333 52039 83900 333 21045 91006
 91109=
 28302 41598 60103 11029 21060 30090 40327 52037 70272 86200 333 21036
 91006 91108=
 28307 42498 53404 11017 21067 30181 40329 52030 85800 333 21026 91009
 91109=
 28402 41598 60104 11013 21048 30132 40316 52032 70272 83839 333 21022
 91007 91109=
 28502 41598 70105 11001 21040 30198 40304 51031 70272 87900 333 21003
 91008 91110=
 22550 82997 21202 11094 21115 30308 40319 52006 80001=
 22778 41998 10000 11089 21103 30282 40356 52017 70241 80001=
 22889 42998 02501 11045 21077 30266 40356 52023 333 21095=
 22762 42898 30000 11058 21059 30305 40346 52013 80030=
 22638 46/// /1802 11065 21104 30068 40305 57006=
 22671 42999 02601 11082 21092 30248 40332 52016=
 22456 42997 10000 11110 21144 30218 40312 52010 80001 333 21218=
 22583 42998 22803 11073 21103 30226 40310 52020 82070 
 333 21117=
 22749 42998 61601 11100 21114 30210 40343 52005 80005=
 22951 42898 82401 11069 21088 30070 40367 52009 8801/ 333 21160=
 22887 42999 00000 11033 21068 30282 40355 52022 
 333 21116=
 22876 42997 02402 11041 21080 30281 40356 52021 333 21090=
 22481 42998 02302 11096 21114 30243 40299 52023 333 21122=
 22854 42998 71001 11089 21114 30053 40360 52008 80009 333 21149=
 22781 NIL=
 22676 42998 10000 11092 21122 30256 40339 52019 333 21158=
 22648 41998 61303 11061 21100 30278 40327 52004 70382 82034=
 22559 42998 21601 11088 21109 30311 40329 52009 80030 333 21136=
 22869 42997 12201 11068 21091 30215 40372 52017 80001 333 21114=
 22768 42997 22003 11074 21103 30302 40355 52016 80001 333 21105=
 22798 42998 01901 11067 21099 30221 40339 52022 333 21137=
 22375 46/// /2704 11056 30268 40284 52018=
 23207 41499 62805 11071 21095 30221 40244 52029 72622 83940=
 23215 41492 82313 11075 21087 30050 40143 58032 73933 885// 333 88611
 91019 91119=
 23219 NIL=
 27095 66/// /3202 11032 21060 30123 40361 53027 60002 333 21076=
 22408 11499 81303 11063 21081 30062 40217 57024 69902 72682 889//
 333   21171 47061 88912 93500=
 22511 11557 81504 11053 21073 30102 40228 57024 69922 77187 8392/
 333   21150 47049 93500=
 22529 12599 61801 11073 21094 30274 40281 57013 60002 83532 333  
 21167 43021=
 22602 11459 81604 11028 21041 39986 40217 57023 69942 77173 885//
 333   21127 47059 88611=
 22621 12998 61402 11042 21096 30128 40273 57014 60002 80002 333  
 21099 47053=
 22619 12482 71503 11033 21092 30097 40261 57015 60002 81570 333  
 21086 43045=
 22721 12998 81301 11081 21097 30186 40290 57011 60002 8801/ 333  
 21100 47078=
 22727 12770 81404 11023 21088 30240 40289 57012 60002 884// 333  
 21083 44031 88650=
 22717 12598 81403 11023 21092 30067 40267 57019 60002 8655/ 333  
 21059 43063 86623=
 22802 12699 71704 10003 21040 30226 40250 57020 60002 83530 333  
 21061 43054=
 22820 12970 71904 11008 21107 30148 40289 57014 60002 87030 333  
 21032 43023=
 22831 12998 70901 11054 21082 30263 40321 57003 60002 83031 333  
 21133 43072=
 22805 12598 81708 10003 21028 30231 40251 57021 60002 885// 333  
 21013 44018 91011 91112=
 22912 12599 71403 11027 21100 30273 40289 57010 60002 82531 333  
 21108 43027=
 
