15:31:00 MSK 30.03.2023
020 123456/=о000=1231
 унту01 бтул 301200
 22686 42998 81403 10044 21082 30060 40158 57019 8807/ 333 91110 555 1/000=
 22695 42/// /1306 10055 21121 30002 40153 57020 333 91114 555 1/100=
 22996 42/// /1503 10105 21089 39990 40171 58018 555 1/007=
 23220 41599 51202 11076 21110 30172 40321 54000 70282 82501 555 1/108=
 23226 41660 72202 11068 21088 30097 40322 52005 70282 82930 555 1/104=
 23305 41699 71505 10018 21101 30182 40210 57027 70232 84530 333 91011
 91112 555 1/101=
 23320 NIL=
 23324 42984 81202 11030 21114 30227 40307 57016 80007 555 1/106=
 23405 41978 71407 10034 21097 30106 40205 57028 70232 
 82035 333 91012 91114 555 1/101=
 23410 86/// /1103 11015 21126 30180 40279 57025 555 51109 53007=
 23411 41999 81406 11005 21104 30157 40249 57027 73632 80007 333 91010
 91110 555 1/103=
 23412 42999 71305 11019 21115 30172 40271 57029 87030 555 1/103=
 23416 NIL=
 23418 42965 61103 11006 21115 30204 40279 57012 83031 555 1/104=
 23501 NIL=
 23503 42998 81605 10045 21137 30181 40231 57032 84035 333 91112 555 1/000=
 23507 86/// /1604 10038 21134 39886 40195 58028 333 91111=
 23509 42998 51303 10039 21122 30152 40230 57030 85020 333 91110 555
 1/100=
 23514 42997 71404 10032 21117 30053 40250 58031 84079 555 1/000=
 23518 42/// /1405 10014 21119 30188 40281 58027 555 1/101=
 23606 42962 61407 10052 21124 30060 40231 57032 
 80009 333 91111 555 1/000=
 23612 NIL=
 23701 42999 71402 10063 21090 30070 40198 5//// 82044 555 1/000=
 23704 86/// /1406 10071 21088 39926 40039 55004 555 53010=
 23707 82999 81305 10071 21096 30055 40186 57022 81035 333 91111 555 1/000=
 23708 42984 81306 10052 21095 30074 40223 58023 80005 333 91010 91111
 555 1/100=
 23709 42998 31302 10062 21114 30054 40245 58025 80009 555 1/000=
 23711 42998 31402 10047 21095 30100 40270 57021 80001 555 1/101=
 23803 42999 51305 10048 21115 30068 40247 58021 80001 333 91111 555 1/100=
 23804 82997 81304 10080 21105 30049 40192 57020 80005 555 1/000=
 23807 42/// /1506 10089 21095 30027 40185 58021 333 91010 91110 555 1/000=
 23808 86/// /1107 10079 21121 30050 40216 57024 333 91112=
 23812 42/// /1102 10055 21100 30115 40277 58021 555 1/001=
 23904 42970 81405 10093 21132 30043 40196 57016 82045 333 91010 91111
 555 1/000=
 23905 42999 51402 10083 21125 39998 40222 57020 80001 333 91110 555
 1/100=
 23909 42998 21104 10072 21117 30003 40245 57018 80001=
 23912 42999 21705 10060 21112 30087 40278 58019 80001 333 91110 555
 1/001=
 23913 42999 11504 10058 21116 30069 40298 57015 80001 555 1/003=
 23914 82999 21405 10053 21111 30019 40276 57020 80001 333 91110=
 28013 42999 31405 10071 21117 30028 40258 57013 80001 555 1/001=
 28016 42899 71403 10072 21104 30024 40248 57016 81044 333 91110 555
 1/000=
 28029 42999 21206 10063 21107 30059 40278 57019 80005 333 91111 555
 1/000=
 28116 42999 51304 10070 21104 30021 40250 57015 80001=
 28128 42999 11103 10072 21097 30118 40270 57018 80001 555 1/101=
 28134 42998 01303 10059 21120 39938 40289 57014 555 1/001=
 28138 42999 01105 10031 21131 39741 40313 57007 333 91110=
 28216 42999 21104 10077 21099 39952 40246 57012 80001 333 91111 555
 1/100=
 28222 42998 21305 10084 21109 30077 40270 57017 80001 333 91111 555
 1/000=
 28224 42970 21205 10078 21109 30054 40265 57014 80001 333 91112=
 28234 42999 01304 10076 21149 30013 40289 57013 333 91110 555 1/002=
 28238 42999 01205 10066 21142 39999 40302 57011 333 91010 91110 555
 1/000=
 28313 42998 61105 10090 21086 30055 40244 57012 80001 333 91010 91110
 555 1/006=
 28319 42899 31103 10092 21073 30083 40244 57009 81051=
 28321 42999 21204 10087 21092 30053 40253 57009 80001=
 28324 42999 51104 10097 21088 30131 40250 57009 80009 555 12011=
 28326 42998 21104 10090 21105 30086 40270 57013 80001 333 91111 555
 1/011=
 28413 42999 71103 10098 21091 30111 40231 58009 80009 555 1/013=
 28428 42999 21103 10091 21095 30070 40252 58007 80001 555 1/000=
 28429 42998 21104 10061 21091 39861 40271 57006 80001 333 91112 555
 1/000=
 22983 42598 81204 10088 21065 30042 40144 57025 84535 333 91007 91109
 555 1/000=
 27083 42599 61204 10088 21062 39931 40148 57023 83839 333 91007 91110
 555 1/100=
 27097 42598 71206 10072 21068 39913 40171 58015 82572 333 91009 91110
 555 1/000=
 27185 42698 81203 10068 21061 39978 40159 57016 83574 333 91006 91109
 555 1/000=
 27199 42598 81104 10063 21065 39986 40181 57015 86571 333 91008 91108
 555 1/000=
 27281 42982 81408 10071 21040 39947 40151 57010 86047 333 91011 91111
 555 1/006=
 27283 42598 81205 10076 21051 30012 40167 57014 8357/ 333 91006 91109
 555 13002=
 27295 42998 80803 10083 21075 39922 40169 57015 86075 333 91007 91108
 555 1/004=
 27296 42998 81103 10077 21085 39966 40180 57014 86031 333 91006 91108
 555 1/000=
 27385 425// 81004 10072 21033 30027 40154 57013 8555/ 333 91008 91109
 555 1/000=
 27393 42598 61104 10084 21085 30016 40184 57014 84531 333 91007 91110
 555 1/000=
 27480 42598 81005 10081 21014 30018 40144 57011 86501 333 91007 91110
 555 12005=
 28007 42599 81402 10079 21119 39940 40198 58015 85585 333 91003 91107
 555 1/100=
 28009 42998 81403 10089 21142 30013 40219 57013 80001 333 91005 91109
 555 1/000=
 28105 42998 71304 10078 21121 30002 40199 58013 87070 333 91009 91109
 555 1/100=
 28202 42983 81404 10060 21094 39988 40208 58014 80004 333 91008 91109
 555 1/000=
 28302 42998 81304 10087 21111 39975 40200 58014 80001 333 91008 91109
 555 1/001=
 28307 42598 80903 10081 21078 30037 40179 57012 82531 333 91007 91110
 555 1/000=
 28402 42998 81108 10082 21067 30016 40192 57011 86075 333 91011 91111
 555 11006=
 28502 42998 80905 10088 21078 30084 40185 57014 8807/ 333 91009 91111
 555 11008=
 22550 81596 81303 10006 21011 30074 40084 57002 77172 8652/ 333 86621 91110 555 1/100=
 22778 41998 81406 10020 21041 30070 40139 57007 70282 8807/ 333 91010
 91111 555 1/100=
 22889 42598 81004 10074 21045 30069 40154 58023 8354/ 555 1/100=
 22762 42898 81403 10052 21046 30068 40107 57011 8007/ 333 91110 555
 1/000=
 22638 46/// /2602 11024 21052 39870 40098 52012=
 22671 42/// /1803 10064 21036 30027 40104 57019 555 1/100=
 22456 42/// /1801 10020 21012 39995 40082 57005 555 1/000=
 22583 42998 81403 10044 21083 30063 40143 57019 8807/ 555 1/000=
 22749 41496 83104 10006 21006 39974 40099 52004 78582 889// 333 88913
 555 1/100=
 22951 41497 82002 10016 20008 39824 40105 58005 76176 8772/ 555
 1/001=
 22887 41697 80000 10048 21022 30078 40147 57016 78082 8495/ 
 555 1/000=
 22876 41496 80802 10008 20000 30075 40148 58011 78082 889// 333 88917
 555 1/100=
 22481 42/// /1307 10031 21085 30065 40117 57022 333 91010 91112 555
 1/100=
 22854 42/// /1702 10012 20004 39813 40101 57004 555 1////=
 22781 NIL=
 22676 42598 81406 10035 21041 30053 40130 57014 8457/ 333 91010 91111
 555 1/000=
 22648 41697 82402 10022 20012 30047 40093 52007 78582 889// 333 88641
 555 1/000=
 22559 42/// /1603 10006 21018 30082 40099 58006 555 1/000=
 22869 42/// /1405 10045 21028 39973 40120 57012 555 1/000=
 22768 42697 71504 10072 21031 30053 40102 57014 82530 555 1/000=
 22798 42998 81104 10073 21098 30060 40170 57022 8805/ 333 91110 555
 10000=
 22375 NIL=
 23207 42999 81406 10014 21103 30155 40177 57027 84045 333 91011 91113
 555 1/102=
 23215 42/// /1304 11050 21115 30190 40283 57020 555 1/105=
 23219 NIL=
 27095 86/// /1004 10081 21081 39963 40187 58013 333 91112=
 22408 41559 62404 11051 21095 39915 40068 52004 78583 86900 333  
 86927 555   1/103=
 22511 41598 62305 11043 21100 39954 40077 52005 72672 86900 333  
 91010 91110 93700 555   1/001=
 22529 42599 62504 11020 21078 30078 40085 52016 83532 555   1/100=
 22602 41479 62504 11039 21093 39861 40090 54000 73673 82530 333  
 91110 555   1/104=
 22621 83567 /2305 11044 21095 39956 40099 52009 555   1////=
 22619 41459 72703 11040 21077 39939 40101 52003 78582 87900 555  
 1/000=
 22721 42598 72802 11033 21085 30011 40111 52006 87500 333   87626
 93703 555   1/000=
 22727 86/69 /2802 11023 21079 30071 40120 52003 555   1////=
 22717 83/68 /2703 11042 21078 39926 40124 57002 555   1////=
 22802 42599 62302 11018 21091 30105 40129 57006 86500 333   86626
 555   1/000=
 22820 42570 72804 11025 21089 39982 40121 52004 85510 555   1/100=
 22831 42598 72602 11019 21062 30062 40118 52008 83930 555   1/100=
 22805 42598 12103 11022 21076 30119 40139 57004 81500 333   93700
 555   1/103=
 22912 42599 32704 11025 21086 30120 40135 54000 82501 555   1/102=
 
