09:31:00 MSK 16.10.2023
020 123456/=о000=0631
 унту01 бтул 160600
 22686 41497 62305 10052 20030 39846 49943 53022 72582 83930 333 91112=
 22695 42598 62105 10062 20019 39783 49931 52019 85530 333 91112=
 22996 42498 72002 10072 20072 39834 40014 51013 84931=
 23220 41497 81402 10006 20003 39782 49920 53009 70275 886// 333 88710=
 23226 41/08 91805 10007 20004 39705 49914 53005 74774=
 23305 41699 71904 10055 20046 39870 49897 53012 70286 84530=
 23320 66/// /2204 10051 20050 39861 49931 52016 60002 333 20011=
 23324 41374 82203 10044 20041 39853 49927 52017 70254 886// 333 88707=
 23405 42571 71903 10056 20039 39818 49914 52014 86530
 333 86625=
 23410 66/// /1804 10052 20044 39830 49923 52016 60002 333 20030=
 23411 42499 72105 10049 20045 39829 49915 52014 8770/=
 23412 41399 82305 10054 20044 39831 49924 52017 70242 887// 333 85707=
 23416 NIL=
 23418 42465 82304 10061 20042 39874 49945 52024 885// 
 333 88614=
 23501 NIL=
 23503 42598 72004 10062 20042 39884 49933 53014 86530 333 86622=
 23507 86/// /2303 10045 20044 39629 49928 53008=
 23509 42998 82702 10060 20031 39871 49936 52013 8802/=
 23514 42497 72104 10059 20046 39756 49945 52014 87900 333 87918=
 23518 42598 72104 10061 20049 39879 49967 53027 87500 333 87627 555
 53008=
 23606 42462 82003 10061 20042 39793 49958 52013 885// 333 88613=
 23701 42484 72204 10059 20048 39844 49969 53014 86980 333 86913=
 23704 66/// /2204 10060 20057 39699 49810 52015 60002 333 20055=
 23707 82598 82205 10065 20052 39850 49978 52016 885// 333 88621=
 23708 42484 82105 10065 20044 39848 49993 53015 8677/ 333 86710 91110=
 23709 82498 72003 10069 20045 39814 40000 52018 87300 333 20052 87913=
 23711 42498 72102 10066 20055 39830 49993 52022 87900 333 85917=
 23803 42599 82303 10074 20034 39832 40006 52016 85401=
 23804 41497 72203 10068 20054 39852 49992 52017 70282 86910 333 86917=
 23807 41496 72204 10070 20067 39849 40005 52013 71022 84931=
 23808 86/// /1804 10072 20057 39851 40013 52013=
 23812 42497 82602 10076 20055 39859 40015 52023 889//=
 23904 42370 81602 10071 20071 39868 40020 51011 887// 333 20033 86709=
 23905 42899 82102 10076 20068 39805 40025 52012 8801/=
 23909 42498 82302 10090 20074 39799 40034 52016 8657/=
 23912 41498 82102 10087 20080 39846 40030 51018 70282 83531=
 23913 41599 73601 10102 20079 39815 40034 51020 70282 87530=
 23914 81498 71901 10087 20078 39786 40033 52017 70162 85941=
 28013 42598 81903 10103 20088 39812 40033 52011 889//=
 28016 41498 82002 10104 20098 39823 40038 52014 72582 889// 333
 20100=
 28029 41497 82404 10115 20109 39835 40044 52012 76162 8872/=
 28116 41397 82501 10099 20094 39828 40049 52016 76162 8872/ 333
 20098=
 28128 41595 82001 10093 20091 39909 40057 52012 76164 8802/=
 28134 41496 82102 10109 20102 39722 40057 52010 76162 8872/=
 28138 41595 82105 10097 20091 39523 40067 52013 76162 887// 333
 91111=
 28216 41599 82104 10116 20097 39779 40063 52015 70262 887// 333 20110
 91110=
 28222 42598 82103 10115 20102 39878 40064 52013 8512/=
 28224 42567 81904 10122 20094 39868 40071 52012 889//=
 28234 42597 82006 10110 20088 39812 40079 53012 885// 333 91010
 91111=
 28238 41599 82105 10112 20087 39795 40086 52012 70282 884// 333
 20107=
 28313 42498 82104 10120 20091 39893 40077 53015 887//=
 28319 42598 22305 10128 20087 39937 40093 52013 82400=
 28321 42599 62105 10122 20094 39881 40075 52010 86200=
 28324 42598 62205 10138 20078 39974 40089 52014 86900 333 91110=
 28326 42598 72204 10121 20092 39913 40091 52014 87500 333 91110=
 28413 42599 22204 10134 20073 39978 40095 52012 81535 333 20110=
 28428 42597 22105 10131 20079 39938 40115 52009 82530 333 20088=
 28429 42598 72205 10107 20082 39723 40120 52008 87900 333 91010
 91110=
 22983 42498 62202 10066 20053 39903 40005 52016 83931 333 91004
 91105=
 27083 41599 72102 10069 20057 39803 40018 52015 70262 87500 333 91005
 91106=
 27097 42498 82003 10083 20078 39776 40028 53008 86539 333 20070 91005
 91105=
 27185 42698 81902 10091 20075 39857 40034 52009 8357/ 333 20083 91004
 91104=
 27199 41998 82302 10102 20088 39852 40041 52011 70262 8807/ 333 20093
 91003 91104=
 27281 42482 82203 10093 20078 39838 40037 52008 885// 333 20083 91004
 91105=
 27283 42498 82102 10098 20078 39889 40039 52007 889// 333 91005
 91105=
 27295 41569 81901 10093 20082 39806 40048 53008 78082 889// 333 91003
 91104=
 27296 41598 81702 10094 20072 39837 40046 52006 70262 8553/ 333 20087
 91003 91105=
 27385 415// 81801 10099 20095 39924 40048 52003 76062 8457/ 333 20094
 91003 91103=
 27393 41497 81903 10098 20087 39896 40060 52008 78082 8792/ 333 20095
 91003 91106=
 27480 41498 82001 10094 20090 39930 40054 52004 70282 889// 333 20093
 91002 91104=
 28007 42699 72102 10100 20085 39783 40034 52008 86530 333 20084 91004
 91104=
 28009 41498 82202 10106 20086 39840 40041 52013 70282 8695/ 333 20105
 91004 91105=
 28105 41498 82102 10096 20082 39858 40043 53012 70252 885// 333 20094
 91004 91105=
 28202 41570 82104 10090 20078 39838 40052 52010 70282 8697/ 333 20089
 91005 91106=
 28302 41596 82003 10105 20097 39840 40059 51012 76162 8802/ 333 20093
 91005 91106=
 28307 41998 81501 10110 20086 39922 40060 52008 76186 8807/ 333 20110
 91003 91105=
 28402 42598 72004 10121 20082 39899 40070 52012 83570 333 20106 91007
 91110=
 28502 42998 82007 10132 20076 39984 40083 52010 80001 333 20105 91010
 91112=
 22550 82597 72005 10034 20000 39870 49880 52022 86530 333 20029 86624
 91112=
 22778 41598 62204 10054 20018 39894 49962 52021 70281 82570=
 22889 42498 62203 10072 20057 39915 49998 52016 86500 333 86616=
 22762 41598 52001 10045 20012 39904 49942 53020 70282 85900=
 22638 46/// /2203 10017 21002 39675 49895 52014=
 22671 41598 62502 10039 21002 39834 49911 51027 72582 86900 333 20033
 85925 91110=
 22456 41597 82203 10028 21001 39768 49852 52019 70282 885// 333 20022
 91111=
 22583 41598 62302 10047 20020 39828 49906 52026 70288 86500=
 22749 42598 42204 10031 20007 39817 49939 52012 84500 333 20019=
 22951 42598 82303 10039 20009 39702 49977 52015 881//=
 22887 42599 61703 10065 20049 39917 49984 52015 81531=
 22876 42597 32003 10062 20043 39909 49980 51019 82501=
 22481 41598 72006 10030 20008 39825 49876 52027 72522 87900 333 20020
 91011 91111=
 22854 41399 82204 10025 20017 39678 49960 52017 72582 889// 333 20020
 85708=
 22781 NIL=
 22676 41598 62304 10039 20011 39852 49928 52031 72582 86900 333
 91112=
 22648 42698 72205 10036 20003 39870 49915 52012 87900 333 87638=
 22559 41598 62104 10028 21000 39882 49898 52021 72582 84930 333
 91110=
 22869 42597 72403 10054 20024 39839 49983 52013 86930 333 20043
 85922=
 22768 42697 62205 10050 20014 39905 49954 52019 84530 333 20037=
 22798 42598 82104 10060 20048 39870 49979 52018 885//=
 22375 NIL=
 23207 41497 81904 10048 20040 39851 49873 52013 78082 8795/=
 23215 41094 82003 10025 20025 39817 49904 53011 71042 886// 333
 88701=
 23219 NIL=
 27095 66/// /2102 10079 20079 39814 40035 51009 60002 333 20063=
 22408 11399 82704 10014 20004 39691 49836 52020 69992 70252 886//
 333   20010 88709=
 22511 11480 82403 10018 20006 39724 49842 52018 69982 72586 8491/
 333   20012=
 22529 12599 72204 10033 20007 39852 49859 52021 69902 87500 333  
 20029 87626 91111=
 22602 11458 82404 10017 20007 39650 49870 52012 60012 78582 889//
 333   20013 88911 91110=
 22621 12598 72205 10030 21001 39738 49873 52015 60202 87900 333  
 20021 87925=
 22619 11480 72303 10025 20002 39729 49884 52012 60032 72582 87500
 333   20021 87519 91111=
 22721 12698 62901 10023 20000 39809 49905 52012 60002 84530 333  
 20013=
 22727 12970 32203 10035 20007 39882 49929 52011 60002 83010 333  
 20024=
 22717 12398 72302 10018 20007 39733 49926 52008 69902 86630 333  
 20007 85708=
 22802 12699 72203 10030 20012 39914 49937 52008 60002 86530 333  
 20021 86636=
 22820 12570 72503 10030 20007 39800 49934 52008 60002 87500 333  
 20011 87620=
 22831 12598 72403 10042 20012 39883 49937 52006 69932 87900 333  
 20029 87920=
 22805 12598 32509 10045 20029 39924 49948 52010 60002 83500 333  
 20043 91012 91113=
 22912 12599 32503 10053 20018 39940 49955 52012 69902 82530 333  
 20040=
 
