15:31:00 MSK 16.02.2023
020 123456/=о000=1231
 унту01 бтул 161200
 22686 42498 81704 11082 21095 30201 40306 58006 885// 333 88611 555 1/107=
 22695 42/// /2003 11085 21105 30134 40295 57004 555 1/107=
 22996 NIL=
 23220 41495 82008 11077 21087 30053 40200 52008 77373 8872/ 333 91011 91114 555 1/108=
 23226 41/06 92313 11084 21095 39957 40180 52009 73933 333 91017 91119 
 92992 555 1/109=
 23305 41999 62005 11057 21088 30222 40251 52004 70232 86070 333 91110
 555 1/105=
 23320 86/// /2306 11072 21096 30174 40250 52005 333 91010 91114=
 23324 41449 82206 11070 21086 30154 40234 52006 77173 8272/ 333 91011
 91111 555 1/107=
 23405 42970 61902 11069 21098 30171 40275 54000
 86030 555 1/108=
 23410 86/// /1906 11076 21103 30159 40260 52005 333 91111 555 51103 53012=
 23411 41999 82206 11085 21105 30168 40261 5//// 70273 8807/ 555 1/109=
 23412 41499 82203 11072 21102 30160 40261 52003 72272 8275/ 91110 555 1/107
 
  =
 23416 NIL=
 23418 42965 71803 11071 21105 30211 40287 54000
 87030 555 1/108=
 23501 NIL=
 23503 42998 82002 11083 21112 30234 40287 57003 83031 555 1/112=
 23507 86/// /2402 11099 21103 39973 40301 57003=
 23509 42498 82003 11084 21107 30220 40302 58003 885// 333 88610 555
 1/108=
 23514 42397 82103 11095 21104 30094 40303 53004 8675/ 333 85708 555 1/109=
 23518 NIL=
 23606 41360 82102 11089 21104 30128 40311 54000 
 70272 887// 333 86708 555 1/108=
 23612 NIL=
 23701 41460 82301 11074 21087 30178 40315 58009 77172 8802/ 333 88512
 93400 555 1/107=
 23704 86/// /0000 11061 21061 39926 40039 55004 555 53002=
 23707 81597 70201 11067 21076 30170 40309 57004 70272 85501 333 85623 555 1/109=
 23708 42984 80801 11082 21105 30164 40322 57004 80001 555 1/114=
 23709 42998 70000 11132 21156 30121 40328 57005 80001 555 1/116=
 23711 41498 61401 11108 21123 30141 40321 58002 70272 86500 333 85710 555 1/114=
 23803 42999 61701 11101 21139 30139 40330 58002 80001 555 1/115=
 23804 81997 40000 11087 21119 30159 40312 53004 70271 80005 555 1/114=
 23807 42/// /3502 11082 21086 30144 40314 52005 555 1/107=
 23808 86/// /1401 11061 21088 30139 40315 57004=
 23812 42/// /0000 11111 21128 30153 40326 57002 555 1/121=
 23904 42970 01402 11044 21101 30142 40305 57003 555 1/109=
 23905 42999 01301 11060 21110 30073 40310 57001 555 1/112=
 23909 42998 01001 11097 21112 30061 40321 52001=
 23912 42999 00000 11066 21115 30121 40323 54001 333 93509 555 1/121=
 23913 42999 01501 11132 21153 30085 40331 54001 555 1/119=
 23914 82999 01101 11092 21114 30052 40323 52002=
 28013 42998 21001 11079 21123 30076 40319 52003 80001 555 1/118=
 28016 42999 01201 11088 21133 30082 40321 52004 555 1/116=
 28029 42999 03101 11065 21128 30086 40315 52002 555 1/110=
 28116 42999 00402 11096 21143 30074 40318 52004=
 28128 42999 10101 11089 21153 30157 40319 52002 80001 555 1/113=
 28134 42998 00000 11071 21118 39950 40317 52004 555 1/115=
 28138 42999 00402 11079 21120 39726 40321 52002=
 28216 42999 00801 11064 21131 39996 40308 52005 555 1/110=
 28222 42997 00000 11063 21132 30111 40315 52004 555 1/115=
 28224 42970 21002 11057 21138 30087 40310 52003 80005=
 28234 42997 03301 11052 21144 30024 40314 52003 555 1/109=
 28238 42999 00000 11057 21139 39999 40316 54001 555 1/110=
 28313 42998 00501 11064 21128 30103 40304 51004 555 1/114=
 28319 42898 20502 11047 21123 30128 40299 52002 82050=
 28321 42999 23503 11061 21135 30092 40304 52002 80001=
 28324 42997 21601 11063 21150 30173 40300 54000 80001 555 1/110=
 28326 42998 20501 11061 21139 30113 40308 52002 80001 555 1/112=
 28413 42599 20101 11061 21114 30162 40290 52011 82530 555 1/109=
 28428 42999 80301 11035 21126 30099 40291 54001 80001 555 1/110=
 28429 42998 60802 11050 21112 39869 40296 54001 80001 555 1/108=
 22983 41598 80401 11055 21088 30193 40303 57002 70272 8553/ 333 91002
 91104 555 1/105=
 27083 41599 20901 11047 21104 30059 40289 52001 70272 82500 333 91002
 91104 555 1/107=
 27097 41598 10701 11049 21092 30022 40295 52001 70171 81100 333 91003
 91105 555 1/105=
 27185 42698 50202 11038 21099 30095 40285 52002 85500 333 91004 91105
 555 1/104=
 27199 42998 00901 11060 21114 30090 40296 52004 333 91003 91105 555
 1/106=
 27281 42982 20902 11048 21111 30065 40281 52003 82030 333 91004 91106
 555 1/105=
 27283 42998 00703 11063 21115 30113 40277 52003 333 91004 91105 555
 1/108=
 27295 42998 00503 11059 21103 30022 40285 52002 333 91005 91106 555
 1/108=
 27296 42998 00602 11073 21121 30060 40288 52003 333 91004 91105 555
 1/107=
 27385 429// 50602 11052 21101 30137 40271 52001 82031 333 91005 91105
 555 1/106=
 27393 42598 80703 11061 21100 30108 40287 52003 8545/ 333 91004 91105
 555 1/106=
 27480 42598 80303 11053 21097 30132 40265 52006 885// 333 91005 91105
 555 1/104=
 28007 42999 00501 11065 21127 30031 40305 52001 333 91002 91103 555
 1/112=
 28009 42998 30501 11069 21127 30093 40313 52002 80001 333 91002 91103
 555 1/110=
 28105 42998 00201 11057 21115 30092 40300 52003 333 91002 91103 555
 1/111=
 28202 42999 01401 11067 21123 30065 40297 52003 333 91003 91104 555
 1/111=
 28302 42998 80402 11058 21104 30054 40293 53007 85031 333 91003 91104
 555 1/108=
 28307 42998 30402 11040 21083 30123 40272 52004 82031 333 91004 91105
 555 1/105=
 28402 41998 80603 11049 21084 30090 40276 52009 70272 8807/ 333 91005
 91105 555 1/105=
 28502 42998 80703 11039 21079 30158 40265 53010 80001 333 91004 91108
 555 1/104=
 22550 82997 11303 11088 21117 30237 40247 57005 81030 555 1/110=
 22778 41598 81703 11079 21099 30233 40306 57008 70282 8657/ 555
 1/107=
 22889 41497 80601 11073 21093 30220 40311 54000 70272 885// 333 88615
 555 1/106=
 22762 42/// /1502 11071 21078 30250 40291 57010 555 1/106=
 22638 46/// /1803 11114 21131 30004 40243 57008=
 22671 42/// /1903 11091 21094 30199 40282 57011 555 1/108=
 22456 42/// /1802 11052 21095 30139 40230 57004 555 1/105=
 22583 42598 51702 11094 21117 30199 40284 57006 85500 
 555 1/115=
 22749 42/// /1804 11080 21097 30147 40278 57011 555 1/107=
 22951 42/// /1802 11076 21094 39996 40292 57010 555 1/105=
 22887 41499 80601 11058 21084 30231 40304 57003 70285 8655/
 333 86617 93400 555 1/106=
 22876 42/// /0601 11068 21082 30229 40305 57006 555 1/105=
 22481 42/// /2007 11071 21108 30191 40246 57004 333 91011 91112 555
 1/106=
 22854 42/// /1903 11083 21091 39985 40289 57009 555 1/107=
 22781 NIL=
 22676 41898 81703 11080 21100 30212 40293 57009 70272 8805/ 555
 1/107=
 22648 41498 81604 11089 21090 30220 40269 58011 70272 886// 333 88712
 555 1/108=
 22559 42/// /1803 11106 21120 30251 40269 57007 555 1/110=
 22869 42/// /1002 11079 21095 30149 40305 57007 555 1/107=
 22768 41597 81803 11067 21091 30242 40294 57009 70272 885// 333 88627
 555 1/106=
 22798 42/// /0000 11059 21079 30191 40309 57005 555 1/105=
 22375 46/// /2007 11055 30191 40206 57004=
 23207 41599 72204 11041 21085 30191 40214 54000 70232 83531 333 91112
 555 1/105=
 23215 42/// /2312 11056 21074 30104 40196 51006 333 91014 91115 555
 1/106=
 23219 NIL=
 27095 86/// /0602 11049 21096 30069 40307 54001=
 22408 41599 82006 10004 21026 39980 40130 57016 72272 885// 333  
 88623 91010 91113 555   1/101=
 22511 41498 81804 10008 21014 30022 40144 57014 70282 889// 555  
 1/000=
 22529 42599 71906 11018 21079 30188 40195 57012 87500 333   87629
 91110 555   1/102=
 22602 41476 81905 11002 21017 39923 40150 57014 70272 885// 333  
 88614 91010 91110 555   1/000=
 22621 83568 /1705 11039 21076 30052 40196 57012 555   1////=
 22619 42482 81503 11039 21071 30026 40190 57012 885// 333   88615
 91110 555   1/103=
 22721 42699 81203 11074 21092 30122 40225 57013 885// 333   88649
 555   1/106=
 22727 86670 /1305 11082 21112 30183 40233 57009 333   91110 555  
 1////=
 22717 83/57 /1703 11045 21078 30009 40209 57010 555   1////=
 22802 41441 81405 11018 21030 30172 40196 57007 78587 889// 333  
 86912 93401 555   1/101=
 22820 42969 61003 11065 21116 30090 40232 57011 86030 555   1/105=
 22831 42498 71502 11073 21098 30205 40263 57011 87900 333   87913
 555   1/106=
 22805 41596 81411 11014 21021 30177 40197 57003 77172 8652/ 333  
 91013 91113 555   1/101=
 22912 42999 71304 11059 21095 30214 40230 57015 87050 555   1/105=
 
