00:31:00 MSK 05.06.2023
020 123456/=о000=2131
 уйту01 бтул 042100
 22686 82998 61903 10061 20036 39993 40091 58003 86070=
 22695 42998 21601 10045 20019 39935 40085 53002 82030=
 22996 NIL=
 23220 42599 70906 10128 20080 39942 40077 57010 82530 333 91010=
 23226 42960 61403 10111 20070 39875 40081 57010 86070=
 23305 42/// /2304 10087 20067 30021 40047 53003 333 91111=
 23320 86/// /1301 10149 20106 39972 40041 56006=
 23324 42982 61403 10157 20118 39972 40044 57011 86040=
 23405 41569 62103 10074 20056 39966 40062 52009 70282 82930=
 23410 86/// /1604 10144 20128 39943 40034 55006=
 23411 42/// /2706 10088 20079 39965 40051 53019 333 91010 91116=
 23412 41398 82202 10145 20131 39944 40035 58004 78082 883// 333 86709=
 23416 NIL=
 23418 41557 72808 10147 20134 39983 40053 52009 78082
 87900 333 85920 91013 91114=
 23503 42/// /2403 10084 20063 30028 40076 51019 333 91114=
 23507 86/// /2001 10034 20033 39783 40089 54001=
 23509 42/// /2002 10068 20048 30018 40094 51014=
 23514 41597 82503 10078 20070 39896 40086 52027 78082 889// 333 86920
 91114 91806=
 23518 NIL=
 23606 41660 22202 10057 20057 39945 40108 52015 70281 82500=
 23704 86/// /2201 10054 20053 39926 40039 55004=
 23701 42/// /2202 10048 20039 39991 40118 52005=
 23707 82998 32001 10056 20043 39994 40124 52004 82041=
 23708 42/// /2103 10053 20041 39991 40138 52012=
 23709 82998 12202 10059 20046 39948 40137 51015=
 23711 41598 82702 10086 20063 39954 40119 52037 70282 8694/ 333 86920=
 23803 42999 02402 10043 20023 39968 40146 51015=
 23804 82997 02001 10061 20047 39995 40137 52008=
 23807 42/// /2303 10042 20042 39991 40151 52006=
 23808 NIL=
 23812 41597 82904 10095 20060 39971 40129 53035 70282 889// 333 91110=
 23904 42978 01701 10035 20035 30011 40167 52008=
 23905 82999 02302 10052 20047 39942 40166 52013=
 23909 82898 12403 10059 20054 39925 40166 52019 81070=
 23912 81596 83106 10099 20082 39955 40141 53033 78082 8695/ 333
 91113=
 23913 82599 82601 10158 20118 39894 40111 51021 889//=
 23914 81498 82905 10093 20076 39895 40144 52031 72522 889// 333 91010
 91113=
 28013 42598 52602 10064 20048 39939 40166 51027 85500 333 91110=
 28016 42/// /2701 10061 20057 39952 40173 51019=
 28029 81599 83003 10116 20097 39934 40145 52027 70282 8657/ 333
 91111=
 28116 81999 13002 10060 20053 39948 40175 52027 70181 80001 333
 91110=
 28128 81597 83003 10115 20089 30008 40156 52021 76162 885//=
 28134 82698 83301 10131 20120 39803 40139 52013 8351/=
 28138 43/// /2602 10130 20112 39585 40125 52007=
 28216 82699 13103 10084 20050 39888 40178 52024 81400 333 91110=
 28222 42/// /3004 10122 20105 39965 40152 51021 333 91010 91110=
 28224 82570 73004 10136 20103 39948 40151 52019 87500=
 28234 82498 63301 10147 20116 39873 40138 52013 86900=
 28238 81999 32002 10125 20140 39837 40127 52009 74041 80001=
 28313 42/// /3302 10099 20066 39992 40179 51023=
 28319 82898 23202 10105 20070 30016 40174 52017 82050=
 28321 82599 73103 10119 20093 39968 40164 52015 86980=
 28324 42/// /2904 10134 20089 30048 40164 52015=
 28326 82598 53203 10140 20105 39969 40147 52018 85500=
 28413 82999 23302 10106 20048 30063 40182 51022 80001=
 28428 82599 53303 10139 20079 39978 40155 52018 85900=
 28429 42/// /3202 10145 20120 39754 40146 53015=
 22983 42984 12501 10062 20035 30044 40147 52002 81030 333 91003
 91103=
 27083 42984 01901 10049 20026 39944 40164 52002 333 91002 91102=
 27097 42/// /0000 10033 20031 39919 40180 52005 333 91000 91102=
 27185 42/// /0000 10039 20036 30002 40185 52003 333 91000 91101=
 27199 42998 00000 10038 20031 39995 40192 52009 333 91001 91103=
 27281 42984 22301 10051 20035 39984 40190 52004 82030 333 91002
 91102=
 27283 42997 02101 10047 20046 30035 40190 52005 333 91001 91102=
 27295 42/// /0000 10044 20028 39948 40199 52009 333 91000 91102=
 27296 42998 01501 10051 20033 39976 40192 52011 333 91001 91101=
 27385 419// 00000 10038 20033 30072 40200 52009 71100 333 91000
 91101=
 27393 42998 02201 10055 20029 30034 40203 52014 333 91002 91103=
 27480 41998 21801 10054 20048 30077 40205 52008 71100 80001 333 91001
 91102=
 28007 42999 02602 10066 20044 39924 40182 52009 333 91003 91103=
 28009 42998 02601 10049 20038 39977 40186 52010 333 91001 91102=
 28105 42998 02201 10048 20037 39989 40187 52009 333 91002 91103=
 28202 42997 20000 10055 20040 39969 40189 52009 80001 333 91000
 91102=
 28302 42997 00000 10045 20035 39969 40196 52010 333 91000 91101=
 28307 42998 20000 10047 20031 30059 40202 52014 81031 333 91000
 91102=
 28402 42984 42203 10079 20051 30021 40197 52011 83071 333 91004
 91104=
 28502 42997 82502 10039 20023 30099 40202 51013 80001 333 91002
 91103=
 22550 81462 82404 10040 20028 30034 40044 57013 78082 887// 333 88712
 91111=
 22778 42498 82203 10075 20053 30042 40110 54000 8657/=
 22889 42/// /2301 10062 20037 30056 40141 54001=
 22762 NIL=
 22638 NIL=
 22671 42/// /2502 10047 20034 39985 40062 58004=
 22456 41497 82203 10028 20020 39917 40003 58017 76162 8872/=
 22583 41598 31801 10031 20024 39977 40057 58006 70208 83500=
 22749 NIL=
 22951 43/// /2201 10064 20059 39854 40130 5////=
 22887 42597 21902 10086 20058 30058 40126 57002 81530=
 22876 41496 72202 10080 20067 30051 40122 50001 78082 87900 333
 87919=
 22481 42/// /1905 10045 20017 39974 40026 57007 333 91111=
 22854 42/// /2202 10050 20048 39832 40116 54001=
 22781 NIL=
 22676 42898 62104 10056 20034 30002 40078 57003 82031=
 22648 NIL=
 22559 42/// /2404 10045 20025 30038 40054 57011=
 22869 41597 72402 10069 20062 39986 40132 54001 70282 86930 333
 86924=
 22768 41497 62903 10062 20053 30063 40112 52003 70282 85931 333
 84911=
 22798 42998 61601 10060 20041 30011 40122 54001 85031=
 22375 NIL=
 23207 NIL=
 23215 NIL=
 23219 NIL=
 27095 NIL=
 22408 42999 72803 10081 20041 39922 40067 57012 87070=
 22511 42598 72603 10089 20024 39948 40065 57012 83530=
 22529 42599 61101 10035 20028 30057 40064 57019 86500 333   86624=
 22602 42977 62703 10081 20037 39874 40094 57006 8603/=
 22621 83970 /2403 10078 20009 39941 40077 57009=
 22619 42498 62403 10076 20032 39932 40087 57005 82570=
 22721 42998 73001 10087 20025 39998 40094 57004 87070=
 22727 86870 /2403 10091 20065 30061 40108 57004=
 22717 83/70 /2302 10070 20052 39926 40115 57002=
 22802 42698 72401 10091 20071 30100 40123 57003 85531 333   85642=
 22820 42998 72403 10074 20059 39980 40114 57002 87030 555   50068=
 22831 42997 50000 10029 20020 30060 40115 57003 85030=
 22805 42598 82903 10066 20054 30109 40129 57001 885//=
 22912 41982 61001 10043 20036 30115 40130 54000 71211 86030=
 
