12:31:00 MSK 11.07.2023
010 111/=о000=0931
 уйту01 бтул 110900
 22686 82598 80103 10180 20080 30053 40147 56006 82231=
 22695 42598 70604 10165 20051 39990 40135 56001 83101=
 22996 81498 80405 10108 20108 39872 40050 58032 72998 889// 333 91010 91115=
 23220 42599 62803 10153 20063 30003 40137 52002 86800=
 23226 42560 73006 10125 20052 39937 40143 52006 87500 333 87626 91110=
 23305 42999 03503 10164 20056 30151 40177 58005=
 23320 86/// /3302 10183 20037 30085 40154 57002=
 23324 42985 03103 10169 20054 30082 40155 54000=
 23405 42980 33304 10174 20065 30069 40163 57008 80001=
 23410 86/// /3403 10177 20029 30067 40158 57002=
 23411 42999 30403 10179 20041 30079 40163 58004 80005=
 23412 42999 23203 10174 20057 30068 40160 58002 80001=
 23416 NIL=
 23418 42965 63103 10194 20072 30081 40150 57002 80003=
 23503 42998 70503 10195 20026 30110 40157 57003 80005=
 23507 86/// /0304 10170 20065 39858 40151 57004=
 23509 42598 60603 10196 20059 30072 40146 57005 8500/ 333 8/920=
 23514 42697 70703 10189 20061 39961 40146 57003 82105=
 23518 42698 80103 10190 20066 30054 40140 57002 82109=
 23606 42662 80404 10171 20090 39980 40137 52002 8351/=
 23701 42599 70404 10160 20085 30013 40136 56001 82930 333 91112=
 23704 86/// /0403 10154 20112 39926 40039 55004=
 23707 82598 80403 10151 20102 30004 40129 52014 8257/ 333 91110=
 23708 41565 80303 10144 20123 39973 40115 50005 78082 8497/=
 23709 81497 80504 10140 20107 39931 40114 53003 76162 885// 333 88617=
 23711 41497 80704 10137 20117 39966 40128 52008 78082 8597/ 333 85916=
 23803 41599 80504 10137 20124 39927 40098 57001 70262 889// 333 91110=
 23804 81596 80203 10123 20117 39964 40102 57001 78086 8692/ 333 86923=
 23807 41496 80407 10119 20115 39926 40080 58014 72998 8795/ 333 85615
 91014 91114=
 23808 NIL=
 23812 41497 81201 10142 20115 39950 40104 52010 70282 8792/=
 23904 41358 80304 10111 20106 39914 40064 58012 76062 8672/ 333 86708
 91010 91110=
 23905 81599 80204 10120 20109 39848 40065 57008 76162 885//=
 23909 82297 80203 10134 20122 39835 40067 57006 886//=
 23912 82498 80704 10206 20163 39888 40065 51007 84831=
 23913 82599 70903 10181 20127 39870 40084 51012 8593/ 333 91111=
 23914 82499 70503 10192 20165 39821 40059 57001 86505=
 28013 82598 80502 10157 20142 39836 40053 57005 889//=
 28016 82598 80603 10153 20140 39837 40048 58007 885//=
 28029 82699 80503 10250 20195 39831 40030 57006 8657/=
 28116 82498 70302 10189 20163 39819 40033 57009 85770=
 28128 82598 80202 10248 20199 39890 40029 57007 81979=
 28134 82898 81201 10297 20183 39722 40035 57002 84031=
 28138 42599 75004 10200 20149 39551 40732 52005 87500=
 28216 82899 60802 10308 20174 39741 40005 57009 82015=
 28222 82897 82701 10291 20197 39847 40021 57010 82071=
 28224 82870 51705 10366 20113 39825 40011 57008 82041 333 91110=
 28234 82899 81903 10351 20098 39786 40031 57002 8807/=
 28238 82599 81601 10334 20131 39769 40038 50001 84572 333 91111=
 28313 82998 71705 10357 20121 39830 49998 57010 80004 333 91110=
 28319 82898 61402 10369 20138 39860 40002 57004 86050=
 28321 82999 61704 10364 20119 39826 40003 58006 80005=
 28324 82598 71705 10367 20074 39902 40008 57005 83441 333 91112=
 28326 82598 61904 10377 20074 39857 40020 57004 83531 333 91111=
 28413 82699 61504 10380 20059 39885 49992 57007 82581 333 91010
 91110=
 28428 82599 81506 10371 20072 39855 40016 57007 82901 333 91112=
 28429 82598 81803 10364 20100 39667 40028 58005 86907=
 22983 41470 83602 10106 20088 39997 40099 57004 78082 889// 333 91004
 91108=
 27083 41599 80204 10105 20090 39828 40041 57059 70298 885// 333 91009
 91111=
 27097 41498 80303 10103 20102 39783 40033 58011 70298 889// 333 91007
 91114=
 27185 41598 80204 10112 20105 39840 40015 57011 72582 883// 333 91009
 91113=
 27199 42298 80503 10132 20117 39821 40007 57019 886// 333 91008
 91110=
 27281 41458 80305 10116 20107 39808 40005 57010 75152 886// 333 91008
 91110=
 27283 41457 80605 10124 20117 39854 40002 57013 78082 889// 333 91008
 91112=
 27295 41598 80304 10134 20120 39755 49991 57012 70252 885// 333 91008
 91110=
 27296 42468 80403 10147 20124 39793 49997 57012 8802/ 333 91006
 91108=
 27385 414// 80303 10144 20124 39864 49987 57006 70282 887// 333 91004
 91109=
 27393 42598 70503 10197 20161 39822 49979 57013 86430 333 91006
 91109=
 27480 42498 83202 10138 20121 39867 49988 52001 886// 333 91004
 91109=
 28007 41359 80505 10115 20103 39785 40034 58010 75122 886// 333 88709
 91009 91110=
 28009 41448 83602 10126 20114 39839 40038 57005 71082 886// 333 91007
 91107=
 28105 42498 80503 10135 20118 39835 40017 58012 885// 333 91008
 91108=
 28202 42682 80803 10201 20147 39797 40001 57010 83531 333 91006
 91108=
 28302 42598 80502 10262 20166 39774 49979 58010 8397/ 333 91006
 91107=
 28307 42998 80502 10264 20171 39830 49960 56015 84071 333 91005
 91105=
 28402 42998 81002 10297 20202 39803 49962 57010 8807/ 333 91003
 91107=
 28502 42998 61506 10368 20089 39861 49951 58009 81039 333 91010
 91110=
 22550 82697 23302 10181 20091 30172 40182 57015 82500=
 22778 42698 60405 10170 20074 30065 40130 57012 82571=
 22889 42/// /0203 10116 20093 30014 40097 58023=
 22762 82598 60101 10160 20074 30120 40157 57016 86800=
 22638 46/// /0701 10159 20082 39964 40179 54010=
 22671 42699 50603 10168 20069 30090 40165 57009 85100=
 22456 42998 00201 10195 20050 30099 40182 57013=
 22583 42698 50402 10198 20070 30088 40164 57009 82101=
 22749 NIL=
 22951 42498 80503 10121 20064 39866 40137 57014 889//=
 22887 41597 83502 10121 20080 30042 40109 57009 78082 8695/ 
 333 86930=
 22876 42597 70205 10140 20081 30047 40116 58014 84530 333 91010
 91110=
 22481 42/98 13202 10176 20066 30130 40180 57009 81101=
 22854 42599 70203 10116 20055 39872 40151 57009 87500 333 87632=
 22781 NIL=
 22676 42698 60404 10179 20066 30076 40150 57011 84231=
 22648 NIL=
 22559 82598 32602 10179 20067 30164 40180 58016 83200=
 22869 42697 70206 10148 20070 39975 40116 58025 84431 333 91010
 91112=
 22768 42597 70206 10160 20071 30093 40141 57017 87500 333 87626 91010
 91110=
 22798 42598 80206 10152 20090 30012 40119 58005 885// 333 91010
 91110=
 22375 46/// /2901 10143 30175 40190=
 23207 42999 12702 10137 20053 30161 40183 57009 80001=
 23215 NIL=
 23219 NIL=
 27095 86/// /0504 10106 20106 39824 40043 58022 333 91111=
 22408 42699 11703 10192 20078 30051 40192 57006 81100=
 22511 42998 12201 10193 20051 30076 40191 57008 80001=
 22529 42999 20802 10149 20079 30190 40197 57006 80002=
 22602 42599 30102 10180 20062 39972 40186 57009 82101=
 22621 83/70 /0801 10161 20077 30057 40190 57009=
 22619 42983 31202 10140 20084 30033 40186 57005 80005=
 22721 42998 20301 10176 20069 30087 40180 57008 80001=
 22727 86670 /3601 10152 20077 30134 40180 57008=
 22717 83/70 /0201 10165 20062 39992 40177 57009=
 22802 42699 20403 10188 20085 30155 40177 57014 81101=
 22820 42670 70703 10144 20074 30046 40177 57007 87500 333   87634=
 22831 42698 70201 10144 20068 30114 40167 57011 87500 333   87643=
 22805 42598 13202 10169 20107 30156 40175 57011 81100=
 22912 42599 63603 10167 20073 30149 40163 57011 83530=
 
