15:31:00 MSK 17.07.2023
020 123456/=о000=1231
 унту01 бтул 171200
 22686 82598 63501 10270 20107 39999 40090 57010 84201 555 10041=
 22695 42598 53004 10260 20066 39939 40078 57008 83101 555 10038=
 22996 82599 53603 10274 20113 39913 40081 57007 85200 555 10042=
 23220 41497 82003 10133 20120 39924 40058 52006 78098 889// 333 91111 555 12016=
 23226 41360 83304 10150 20141 39850 40052 52006 72598 8695/ 333 
 84708 91113 555 12019=
 23305 42799 43402 10256 20090 30048 40073 58004 83205 555 10037=
 23320 86/// /2902 10196 20137 30004 40072 52002=
 23324 41584 12403 10204 20141 39993 40065 53004 70298 81900 555 11026=
 23405 42774 52902 10243 20134 39987 40078 58002
 83101 555 10029=
 23410 86/// /3104 10225 20107 39980 40069 54001 555 50199 53010=
 23411 42599 53403 10242 20077 39990 40072 53003 85100 555 12028=
 23412 41699 33302 10228 20139 39983 40072 54000 70298 82101 91111 555 12029=
 23416 NIL=
 23418 42665 32905 10270 20077 30001 40067 57003
 83900 555 10041=
 23501 NIL=
 23503 42698 22802 10277 20059 30029 40074 57006 82109 555 10044=
 23507 86/// /3003 10254 20084 39797 40080 57005=
 23509 42598 33203 10275 20055 30004 40075 57006 83900 555 10040=
 23514 41697 53303 10261 20091 39893 40072 57006 70282 83201 555 10032=
 23518 42/// /3503 10247 20134 39986 40070 56010 555 1/026=
 23606 41662 52802 10270 20129 39921 40072 57007 70282 83231 555 10042=
 23612 NIL=
 23701 42699 63003 10271 20099 39969 40087 57006 82209 555 10043=
 23704 86/// /3102 10273 20144 39926 40039 55004 555 53005=
 23707 82599 60102 10260 20150 39961 40082 57006 85101 555 10027=
 23708 42598 60201 10273 20084 39944 40080 57009 82434 555 11030=
 23709 82698 31701 10282 20056 39903 40077 57010 82409 555 10043=
 23711 42598 63601 10285 20110 39918 40071 57009 83201 555 10040=
 23803 42699 60000 10295 20067 39919 40081 57010 83101 555 10035=
 23804 82597 71101 10278 20106 39949 40080 57010 82105 555 11035=
 23807 42/// /2901 10279 20103 39940 40086 57009 555 1/040=
 23808 86/// /2101 10280 20084 39932 40084 57010=
 23812 42597 40000 10277 20059 39929 40076 57012 82832 555 10034=
 23904 42670 60302 10271 20090 39941 40083 57008 84401 555 10042=
 23905 82599 50501 10280 20085 39871 40077 57009 85200 555 10041=
 23909 82598 71401 10263 20085 39857 40080 57009 81101=
 23912 82699 31202 10261 20095 39906 40081 57010 81101 555 10043=
 23913 82599 51202 10262 20059 39870 40079 57011 81103 555 10026=
 23914 82499 60201 10251 20093 39847 40082 57008 81402=
 28013 82698 30902 10253 20082 39868 40079 57009 82101 555 10041=
 28016 82599 80402 10253 20118 39874 40079 57008 84201 555 10036=
 28029 82699 61202 10258 20121 39871 40071 57009 84201 555 10040=
 28116 82599 40402 10245 20119 39864 40075 57007 82205=
 28128 82599 60302 10247 20142 39931 40071 57011 82831 555 10037=
 28134 82598 81102 10245 20120 39750 40070 57007 82285 555 10041=
 28138 42599 80602 10199 20121 39554 40079 57005 885//=
 28216 82599 60503 10243 20131 39790 40062 57006 86900 555 10036=
 28222 82598 80702 10247 20129 39889 40067 57009 86251 555 10029=
 28224 82670 70703 10239 20136 39867 40062 57007 86930=
 28234 82498 30702 10243 20126 39811 40065 57007 82940 555 10031=
 28238 82599 70905 10217 20134 39791 40070 56007 86541 555 10026=
 28313 42598 60503 10252 20141 39881 40057 57001 85901 333 91110 555
 10040=
 28319 81598 70604 10213 20160 39906 40056 58002 70282 87900=
 28321 82599 80602 10231 20147 39872 40059 57005 8693/=
 28324 81598 70603 10223 20142 39944 40055 55005 72582 85980 555
 10028=
 28326 82598 60804 10232 20128 39885 40057 57006 86530 333 91110 555
 10035=
 28413 82499 70602 10228 20134 39938 40050 55001 86739 555 10032=
 28428 82598 80604 10206 20145 39866 40037 58004 889// 333 91111 555
 10027=
 28429 81598 80804 10199 20162 39662 40042 55002 70298 889// 333 91111
 555 11026=
 22983 42698 33101 10279 20115 39995 40090 57009 83100 333 91002 91105
 555 10043=
 27083 42599 53402 10266 20114 39883 40085 57006 85200 333 91005 91106
 555 10036=
 27097 42598 50202 10251 20124 39848 40087 57005 84201 333 91005 91106
 555 11036=
 27185 42698 53503 10259 20111 39921 40089 57002 85200 333 91006 91107
 555 11032=
 27199 42698 43503 10255 20083 39901 40081 57004 82101 333 91007 91108
 555 10038=
 27281 42582 63403 10255 20118 39901 40090 57003 86201 333 91006 91108
 555 11034=
 27283 42598 30304 10257 20117 39942 40084 57003 82101 333 91006 91109
 555 11026=
 27295 42998 60303 10253 20074 39848 40077 57005 80005 333 91006 91110
 555 10042=
 27296 42698 80403 10245 20093 39879 40078 57003 83231 333 91006 91108
 555 10033=
 27385 425// 50302 10255 20109 39961 40079 57004 83530 333 91005 91107
 555 10031=
 27393 42598 50404 10242 20108 39922 40079 57002 84230 333 91008 91110
 555 10040=
 27480 42598 33602 10253 20128 39965 40082 57002 83100 333 91006 91108
 555 11028=
 28007 42699 20603 10253 20087 39843 40082 57006 82101 333 91005 91106
 555 10031=
 28009 42698 80201 10255 20076 39887 40079 57007 86101 333 91003 91105
 555 10032=
 28105 42598 60202 10264 20088 39902 40083 57006 84201 333 91005 91108
 555 10034=
 28202 42599 60502 10233 20110 39871 40074 57005 84931 333 91004 91107
 555 10027=
 28302 42698 63604 10243 20111 39858 40067 57002 86200 333 91008 91109
 555 10034=
 28307 42498 63205 10246 20114 39936 40067 52001 85231 333 91010 91111
 555 10040=
 28402 42698 63505 10245 20137 39892 40056 57002 85231 333 91008 91109
 555 10038=
 28502 42598 73604 10243 20128 39953 40048 57004 86430 333 91006 91110
 555 10032=
 22550 82697 32802 10270 20119 30070 40079 57010 81131 555 10036=
 22778 42598 62602 10276 20139 30036 40099 57006 83230 555 10045=
 22889 42698 22301 10284 20118 30012 40090 57011 82200 555 11046=
 22762 42698 32802 10277 20113 30058 40093 57012 83200 555 10036=
 22638 46/// /2402 10235 20134 39874 40082 57009=
 22671 42/// /2802 10273 20120 30010 40082 57010 555 1/039=
 22456 42598 62504 10275 20099 39985 40065 57007 86201 555 10044=
 22583 42598 62701 10260 20109 30010 40083 57008 83201 555 10032=
 22749 42698 22603 10258 20103 39980 40094 58013 82101 555 10037=
 22951 42598 32801 10258 20113 39852 40110 57011 82201 555 1/038=
 22887 42699 60101 10264 20177 30028 40092 57009 83231 
 555 10041=
 22876 42597 23002 10281 20109 30028 40094 57010 82100 555 11038=
 22481 42/// /2602 10267 20113 30022 40070 57010 333 91110 555 1/040=
 22854 42/// /2202 10261 20083 39837 40101 58011 555 1/045=
 22781 NIL=
 22676 42598 53503 10273 20117 30013 40084 57012 85800 555 10039=
 22648 42698 52403 10269 20097 30048 40090 57012 84201 555 16041=
 22559 82598 52503 10259 20114 30069 40084 57011 85200 555 10029=
 22869 42697 63002 10244 20149 39971 40107 57007 82231 555 11028=
 22768 42697 32402 10281 20118 30052 40097 57012 83500 555 10046=
 22798 42598 73501 10284 20120 39984 40085 57008 84201 555 10032=
 22375 46/// /2702 10264 20121 30048 40062 57009=
 23207 42599 62802 10256 20103 30043 40064 57007 85201 555 10039=
 23215 42598 52905 10187 20110 39985 40068 51011 85200 333 91112 555
 10024=
 23219 NIL=
 27095 NIL=
 22408 42699 41704 10231 20145 39901 40038 57013 83201 555   10032=
 22511 41598 71804 10204 20155 39939 40051 57011 70382 86901 333  
 86626 555   11027=
 22529 41599 71602 10226 20153 30064 40070 57008 70281 85932 333  
 85923 555   11025=
 22602 41499 62003 10201 20158 39849 40058 57009 70282 83901 555  
 11025=
 22621 83670 /1904 10214 20139 39940 40069 57016 555   1////=
 22619 41482 72103 10214 20155 39920 40067 57011 70282 87500 555  
 11024=
 22721 41798 82002 10227 20129 39989 40080 57011 70282 8655/ 333  
 86650 555   11029=
 22727 86770 /1903 10220 20156 30045 40089 57008 555   1////=
 22717 83/70 /2402 10201 20160 39905 40085 57007 555   1////=
 22802 41599 62604 10246 20148 30066 40087 57005 70282 85202 333  
 85831 555   10033=
 22820 41570 72402 10232 20148 39963 40089 57009 70282 84330 333  
 91110 555   11026=
 22831 42698 62201 10251 20127 30049 40100 57011 82231 555   10033=
 22805 41598 61802 10215 20176 30071 40089 57005 70382 85535 555  
 11036=
 22912 42599 82303 10210 20168 30089 40103 57007 8633/ 333   85630
 555   10026=
 
