18:31:00 MSK 08.08.2023
020 123456/=о000=1531
 уйту01 бтул 081500
 22686 62998 10602 10213 20136 30099 40192 57007 60002 80001 333 10214 555 50151 53005=
 22695 12999 30703 10206 20110 30039 40182 56003 60002 80004 333 10218
 555 50159 53006=
 22996 62598 80501 10176 20151 30000 40176 52004 60002 8657/ 333 10189 555 50166 53007=
 23220 12599 73403 10133 20089 30058 40194 52002 69902 86530 333 10155 555 50143 53009=
 23226 12560 60205 10142 20082 39991 40196 52002 69902 85530 333 10190 
 85631 555 50137 53010=
 23305 12999 23201 10169 20108 30194 40220 57007 60002 80001 333 10171
 555 50133 53006=
 23320 76/// /0201 10158 20103 30139 40209 54000 333 60002 555 50146 53006=
 23324 12683 71201 10154 20112 30133 40207 54000 60002 87500 333 10166
 87636 555 50144 53006=
 23405 12978 23001 10168 20117 30121 40215 57004 60002 
 80001 333 10173 555 50132 53006=
 23410 76/// /3503 10169 20092 30117 40209 56003 333 60002=
 23411 12999 23501 10167 20104 30130 40215 57004 60002 81031 333 10172
 555 50135 53010=
 23412 12699 60402 10166 20106 30119 40211 57002 60002 81501 333 10178 555 50142 53007=
 23416 NIL=
 23418 12965 20104 10178 20103 30131 40200 54000 60002
 80001 333 10194 555 50157 53009=
 23503 12998 30201 10163 20094 30165 40213 57004 60002 80001 333 10176 555 53007=
 23507 66/// /0701 10183 20108 39909 40202 57004 60002 333 10190 555 50136 53006=
 23509 12998 23601 10190 20110 30130 40204 57003 60002 80001 333 10200
 555 50164 53006=
 23514 12997 30202 10172 20109 30015 40201 57002 60002 80001 333 10181 555 50148 53007=
 23518 12998 30303 10181 20112 30102 40188 54001 60002 80001 333
 10202=
 23606 12962 50403 10188 20123 30036 40193 57002 60002 80001 333 10206 555 50158 53008=
 23701 62999 30503 10194 20130 30077 40198 54001 60002 80004 333
 10197 555 53008=
 23704 76/// /0402 10193 20142 30035 40145 51039 333 60002=
 23707 62999 50402 10193 20140 30060 40184 57001 60002 82044 333 10200 555 50163 53009=
 23708 12980 43502 10197 20132 30046 40186 54001 60002 80001 333 10204 555 50166 53008=
 23709 62998 23603 10207 20129 30001 40181 52005 60002 80001 333 10222 555 50171 53009=
 23711 12998 43502 10174 20134 30023 40183 52007 60002 80005 333 10215 555 50173 53008=
 23803 12999 00301 10218 20135 30004 40171 53007 60002 333 10244 555
 50183 53008=
 23804 62997 50602 10191 20138 30044 40181 57001 69902 80001 333 10202 555 50168 53007=
 23807 12597 80701 10178 20153 30031 40183 52001 69902 8655/ 333 10183
 86622 555 50165 53007=
 23808 NIL=
 23812 12697 30102 10231 20142 30011 40161 53006 60002 81101 333 10257
 555 50193 53009=
 23904 12570 13502 10188 20153 30029 40176 50002 60002 81500 333 10191
 555 50153 53007=
 23905 62999 03501 10209 20157 39955 40167 52004 60002 333 10212 555
 53007=
 23909 62498 20102 10221 20166 39930 40158 52005 60002 81501 333
 10230=
 23912 62998 10202 10249 20168 39967 40144 52003 60002 80001 333 10270
 555 53008=
 23913 62599 10701 10257 20092 39930 40140 52011 60002 81100 333 10279
 555 53007=
 23914 61499 23401 10240 20185 39906 40141 52009 60002 70181 81441 333
 10258=
 28013 62698 23403 10225 20164 39935 40148 52006 60002 82100 333 10235
 555 53007=
 28016 62999 13503 10216 20175 39944 40152 52006 69932 80001 333 10219
 555 53009=
 28029 62699 10000 10246 20172 39928 40129 52008 60002 81100 333 10255
 555 53007=
 28116 62999 00102 10213 20166 39932 40146 52006 60002 333 10221=
 28128 62999 13402 10233 20173 39990 40132 52006 60002 80001 333 10241
 555 53006=
 28134 62998 00000 10221 20146 39805 40129 52013 60002 333 10250 555
 53004=
 28138 12999 00302 10200 20147 39601 40129 52014 60002 333 10222=
 28216 62699 23402 10194 20141 39863 40141 53006 60002 82500 333 10194
 555 53009=
 28222 62598 53401 10227 20163 39947 40127 53006 60002 83201 333 10242
 555 53006=
 28224 61570 40103 10217 20167 39928 40125 52009 69932 70282 84500 333
 10225=
 28234 62998 00401 10231 20142 39864 40121 52012 69932 333 10249 555
 53008=
 28238 62599 10403 10212 20145 39839 40120 52012 60002 81100 333 10225
 91110 555 53010=
 28313 62598 53603 10199 20135 39958 40137 53006 60002 84530 333 10226
 555 53010=
 28319 62598 50102 10212 20137 39976 40128 52008 60002 85500 333
 10239=
 28321 62599 63503 10205 20144 39940 40129 53004 60002 86900 333
 10219=
 28324 62599 60103 10209 20135 30012 40124 52006 60002 85960 333 10224
 555 53010=
 28326 62598 20902 10219 20145 39942 40115 52011 60022 82500 333 10235
 555 53007=
 28413 62599 10103 10213 20119 30012 40126 53013 60002 81100 333 10251
 91110 555 53010=
 28428 61598 40202 10175 20149 39941 40115 53015 60122 72580 84900 333
 10236 555 53010=
 28429 62598 30202 10190 20154 39724 40108 52010 60012 82930 333 10207
 555 53011=
 22983 12598 80901 10198 20146 30076 40175 57004 60002 8655/ 333 10203
 91002 91104 555 50167 53007=
 27083 12599 80702 10179 20133 39961 40171 52006 60002 885// 333 10205
 91005 91106 555 50172 53007=
 27097 12598 80302 10177 20147 39923 40170 52005 60002 885// 333 10217
 91005 91105 555 50180 53007=
 27185 12698 30303 10221 20138 39983 40153 52006 60002 83100 333 10240
 91006 91107 555 50193 53009=
 27199 12598 80303 10196 20139 39974 40159 52008 60002 885// 333 10233
 91005 91107 555 50209 53008=
 27281 12982 00402 10232 20136 39952 40144 52003 60002 333 10254 91005
 91105 555 50212 53007=
 27283 12598 20405 10226 20139 30002 40149 53004 60002 82100 333 10253
 91008 91108 555 50196 53008=
 27295 12998 20203 10215 20119 39912 40145 52007 60002 82080 333 10249
 91006 91107 555 50220 53008=
 27296 12598 60404 10195 20126 39949 40153 52011 60002 83530 333 10242
 91006 91108 555 50187 53008=
 27385 129// 00302 10251 20128 30013 40132 52003 60002 333 10275 91005
 91107 555 50205 53007=
 27393 12598 20604 10216 20127 39986 40145 53010 60002 81140 333 10254
 91009 91109 555 50209 53009=
 27480 12998 00202 10259 20131 30011 40129 52001 60002 333 10295 91003
 91106 555 50214 53007=
 28007 12599 70202 10179 20136 39921 40168 52002 60002 87500 333 10196
 87631 91005 91106 555 50173 53008=
 28009 12698 30201 10199 20142 39966 40163 52001 60002 83500 333 10206
 91003 91105 555 50169 53006=
 28105 12598 80302 10186 20135 39980 40161 52004 60002 888// 333 10218
 91005 91107 555 50179 53008=
 28202 12680 80501 10182 20136 39945 40154 52006 60002 889// 333 10219
 91002 91107 555 50180 53009=
 28302 12598 80302 10188 20128 39932 40146 52007 60002 884// 333 10234
 91005 91108 555 50197 53009=
 28307 12498 10101 10234 20115 39998 40132 52008 60002 81100 333 10268
 91004 91107 555 50211 53008=
 28402 12698 10203 10219 20136 39964 40131 52011 60002 81100 333 10261
 91007 91108 555 50208 53009=
 28502 12698 20104 10251 20103 30021 40117 52004 60002 82400 333 10274
 91006 91108 555 50218 53009=
 22550 12997 01202 10228 20125 30160 40169 57008 60002 333 10232 555
 50172 53007=
 22778 12998 11302 10222 20125 30108 40173 57009 60002 80001 333 10224
 555 50187 53006=
 22889 12498 70503 10202 20150 30097 40178 57004 60002 87500 333 10215
 87618 555 50161 53005=
 22762 62998 01302 10227 20130 30135 40171 57003 60002 333 10244 555
 50195 53006=
 22638 46/// /1401 10249 20138 39919 40127 52001=
 22671 12999 11702 10213 20134 30106 40180 57009 60002 81000 333 10220
 555 50159 53006=
 22456 12998 01202 10219 20131 30093 40174 57008 60002 333 10232 555
 50168 53007=
 22583 12998 20000 10219 20111 30119 40195 57009 60002 80001
 333 10228 555 50162 53003=
 22749 NIL=
 22951 12598 21703 10254 20129 39880 40139 57002 60002 82100 333 10265
 555 50221 53010=
 22887 12699 51002 10200 20154 30109 40175 57005 60002 82531 
 333 10215 555 50179 53008 =
 22876 12997 10903 10208 20137 30108 40178 57005 60002 80002 333 10219
 555 50172 53007=
 22481 12998 01002 10203 20128 30148 40198 57012 69902 333 10203 555
 50144 53006=
 22854 12599 21103 10249 20138 39876 40142 57002 60002 82800 333 10262
 555 50220 53009=
 22781 NIL=
 22676 12998 11302 10215 20134 30109 40181 57010 60002 80001 333 10216
 555 50144 53005=
 22648 NIL=
 22559 62998 01002 10231 20118 30158 40173 57008 60002 333 10236 555
 50171 53006=
 22869 12999 00803 10232 20124 30025 40162 54000 60002 333 10252 555
 50207 53007=
 22768 12997 10703 10231 20128 30119 40165 57002 60002 80001 333 10246
 555 50202 53008=
 22798 12998 60701 10203 20136 30080 40185 54001 60002 80001 333 10218
 555 50173 53007=
 22375 46/// /1503 10203 20138 30181 40196 57011=
 23207 12999 21402 10179 20100 30193 40214 57006 60002 80001 333 10191
 555 50131 53004=
 23215 NIL=
 23219 NIL=
 27095 NIL=
 22408 22799 21005 10261 20189 39965 40101 57005 82200 333   60002
 91110=
 22511 22598 30904 10265 20190 39990 40100 57005 83900 333   60002=
 22529 22599 11003 10239 20182 30119 40125 57010 81200 333   60002=
 22602 22599 31303 10265 20158 39871 40076 57002 82130 333   60002=
 22621 73/70 /1102 10259 20173 39982 40109 57004 333   60002=
 22619 22582 31203 10232 20187 39952 40098 57001 83200 333   60002=
 22721 22698 21301 10246 20179 30019 40109 57001 82400 333   60002=
 22727 76/70 /1405 10256 20167 30060 40104 57001 333   60002 91111=
 22717 NIL=
 22802 21699 71303 10197 20191 30065 40087 52007 70298 86931 333  
 60132 86647=
 22820 22570 51205 10256 20162 39973 40098 52001 82830 333   60002
 91112=
 22831 22698 21303 10269 20149 30065 40115 52001 81230 333   60002=
 22805 22598 81205 10190 20178 30062 40081 52008 885// 333   69962
 91111=
 22912 21699 81002 10203 20191 30079 40093 52012 72162 885// 333  
 60022 88647=
 
