00:31:00 MSK 28.02.2023
020 123456/=о000=2131
 уйту01 бтул 272100
 22686 42998 81503 11147 21165 39844 49948 58063 8805/=
 22695 42998 41601 11159 21185 39785 49946 57053 84030=
 22996 42/// /2404 11082 21083 39851 40042 57016=
 23220 41496 81110 11155 21188 39760 49908 57043 77173 8872/ 333 91013 91113=
 23226 41960 81206 11121 21156 39692 49913 57052 70272 8802/ 333 
 91111=
 23305 42/// /1803 11203 21223 39891 49921 57043=
 23320 86/// /2202 11166 21191 39837 49913 57025=
 23324 41957 80902 11148 21169 39832 49912 57032 77172 8802/=
 23405 42997 21201 11204 21216 39830 49935 57039 82030=
 23410 86/// /2701 11234 21264 39825 49929 56029=
 23411 42/// /2402 11234 21256 39838 49934 56035=
 23412 42999 13002 11225 21251 39826 49930 57028 80001=
 23416 NIL=
 23418 42965 00000 11204 21223 39859 49938 57026=
 23503 42/// /2002 11285 21316 39890 49945 56035=
 23507 86/// /1802 11205 21222 39627 49957 57041=
 23509 42/// /1802 11213 21233 39871 49955 57031=
 23514 41997 02402 11175 21192 39741 49949 57028 70271=
 23518 42/// /0000 11178 21193 39844 49941 57013=
 23606 41960 32503 11159 21172 39788 49969 57021 
 70271 80001=
 23704 86/// /2402 11110 21114 39926 40039 55004=
 23701 41972 72202 11139 21152 39846 49981 57032 70272 87010=
 23707 81598 82403 11116 21129 39855 49992 57026 77177 8552/ 333 85624=
 23708 42/// /1902 11123 21140 39839 49994 58018=
 23709 43/// /2502 11128 21155 39790 49991 5////=
 23711 41497 82602 11125 21143 33879 49964 52001 77172 8562/ 333 85714=
 23803 41997 62602 11112 21138 39819 40005 58005 77173 84025=
 23804 11496 82601 11091 21111 39854 40003 58021 78582 8595/ 333 85918=
 23807 42/// /2504 11096 21099 39860 40026 57015=
 23808 86/// /2303 11089 21104 39846 40019 58009=
 23812 41596 82905 11085 21108 39809 49975 52010 78582 889//=
 23904 41456 82703 11087 21105 39878 40040 58008 78582 883// 333 88914=
 23905 41596 82703 11088 21106 39794 40027 57004 77172 8802/=
 23909 41497 82503 11087 21103 39771 40022 54000 78583 8637/ 333
 91110=
 23912 42/// /2705 11072 21093 39801 49996 51016 333 91112=
 23913 41596 82702 11045 21074 39750 49980 53020 78582 889// 333
 91110=
 23914 81495 82605 11074 21090 39741 40002 52013 77387 8872/ 333
 91112=
 28013 41397 82503 11077 21104 39788 40024 51004 77187 8872/ 333
 91111=
 28016 42/// /2604 11070 21103 39806 40037 54000 333 91110=
 28029 41599 62504 11057 21082 39800 40022 52015 333 91111=
 28116 41496 82703 11063 21088 39808 40042 52003 77173 8872/=
 28128 41596 82903 11045 21080 39885 40040 52010 77073 8802/ 333
 91113=
 28134 41596 82302 11046 21058 39673 40027 52007 77072 8452/=
 28138 43/// /2308 11036 21047 39443 40012 57009 333 91013 91115=
 28216 41594 82805 11032 21040 39748 40048 54001 77573 8872/ 333
 91111=
 28222 42/// /3202 11039 21048 39845 40041 50006=
 28224 41417 82204 11018 21033 39828 40042 57007 78683 883// 333
 91111=
 28234 41596 82204 11023 21047 39761 40040 57007 77173 885// 333
 91111=
 28238 41496 82305 11023 21052 39738 40043 57009 77173 8802/ 333
 91114=
 28313 42/// /2104 11018 21033 39861 40054 57011=
 28319 41496 82405 11016 21045 39911 40076 52012 77172 8802/ 333
 91112=
 28321 42899 82305 11018 21035 39847 40051 58011 8802/ 333 91111=
 28324 42/// /2306 11012 21052 39944 40066 58012 333 91010 91111=
 28326 41598 72206 11016 21049 39873 40060 57010 73632 87500 333 91010
 91111=
 28413 41596 82203 11016 21051 39962 40085 57013 77072 885//=
 28428 42598 82305 11017 21061 39904 40090 57014 889// 333 91110=
 28429 42/// /2304 11035 21058 39674 40091 58012 333 91110=
 22983 41982 62403 11103 21117 39934 40042 57029 70272 83035 333 91005
 91106=
 27083 41459 82803 11085 21110 39831 40060 57013 77172 887// 333 91006
 91107=
 27097 42/// /2705 11075 21095 39800 40069 58008 333 91009 91109=
 27185 42/// /2502 11063 21086 39900 40089 51008 333 91006 91109=
 27199 41998 83001 11059 21081 39882 40083 57001 77172 8802/ 333 91003
 91107=
 27281 41984 82904 11061 21094 39887 40100 57007 70272 8805/ 333 91007
 91110=
 27283 41497 83004 11059 21084 39945 40107 54000 70272 885// 333 91006
 91109=
 27295 42/// /2504 11062 21080 39837 40096 54000 333 91006 91107=
 27296 41997 82803 11057 21083 39860 40083 52001 70272 8807/ 333 91007
 91108=
 27385 414// 82803 11048 21081 39977 40108 52001 70273 887// 333 91006
 91107=
 27393 41598 82805 11044 21061 39921 40095 53007 70273 8555/ 333 91006
 91109=
 27480 41498 82801 11042 21081 39989 40120 52002 70282 885// 333 91003
 91107=
 28007 41497 82903 11073 21097 39796 40064 57004 77173 8802/ 333 88513
 91006 91111=
 28009 41496 82603 11068 21098 39841 40056 57005 78582 8695/ 333 91005
 91107=
 28105 41998 82702 11063 21083 39865 40070 54001 70272 8802/ 333 91004
 91107=
 28202 41596 82903 11052 21073 39841 40066 51001 78582 889// 333 91005
 91109=
 28302 41596 82803 11044 21060 39844 40077 52003 77173 885// 333 91005
 91108 93400=
 28307 41498 82603 11031 21056 39946 40092 57003 70272 885// 333 91005
 91107=
 28402 41463 82603 11020 21039 39906 40086 57008 77173 8662/ 333 91007
 91107=
 28502 41596 82507 11018 21051 39997 40101 57010 78582 889// 333 91009
 91110=
 22550 81323 82505 11027 21035 39857 49867 57074 77373 8872/ 333 88709 91010 91112=
 22778 41995 81603 11102 21115 39900 49972 57071 77371 8807/=
 22889 42/// /2304 11101 21114 39941 40031 58030=
 22762 42/// /2103 11058 21060 39898 49938 56076=
 22638 46/// /2704 11036 21046 39739 49965 57041=
 22671 42/// /2103 11080 21083 39815 49895 56079=
 22456 42/// /2402 11054 21061 39748 49836 56072=
 22583 42998 81601 11158 21176 39816 49900 57074 8807/=
 22749 NIL=
 22951 42/// /2603 11069 21082 39756 40044 58051 333 91110=
 22887 42997 62004 11108 21121 39945 40018 57050 82031=
 22876 42/// /2105 11090 21106 39919 49993 58064 333 91110=
 22481 42/// /1707 11105 21114 39799 49853 56077 333 91011 91111=
 22854 42/// /2206 11066 21077 39710 40003 58064 333 91011 91113=
 22781 NIL=
 22676 NIL=
 22648 NIL=
 22559 42/// /2405 11041 21052 39864 49880 56075 333 91010 91110=
 22869 42/// /2205 11078 21097 39871 40024 58056=
 22768 41497 82207 11057 21080 39913 49963 57073 77173 885// 333 88612
 91010 91110=
 22798 42/// /2102 11131 21142 39881 49999 58032=
 22375 46/// /1906 11097 39806 49821 57067=
 23207 NIL=
 23215 NIL=
 23219 NIL=
 27095 86/// /2603 11069 21077 39837 40072 58009=
 22408 41859 63107 11010 21044 39838 49987 52003 73783 8003/ 333  
 91012 91121=
 22511 41530 73106 11011 21038 39855 49976 57011 73983 87900 333  
 91012 91122=
 22529 41598 82607 10006 21023 39915 49922 57048 70232 885// 333  
 88627 91012 91115=
 22602 41474 82704 10003 21017 39784 40008 57035 73632 885// 333  
 88612=
 22621 83668 /2506 11003 21026 39827 49965 57046 333   91011 91112=
 22619 42498 82605 11011 21028 39830 49989 57037 885// 333   88617
 91011 91115=
 22721 41497 82803 11023 21040 39903 40002 57036 78582 889// 333  
 85915 91111=
 22727 86457 /2504 11023 21038 39987 40035 57041 333   91111=
 22717 83/66 /2504 11018 21024 39855 40049 57052 333   91111=
 22802 42398 82603 10007 21013 30057 40080 57042 886// 333   88712=
 22820 41496 82508 11025 21045 39898 40035 57044 77173 884// 333  
 88613 91013 91116 555   51080=
 22831 41397 82604 11031 21050 39976 40032 57048 72682 889// 333  
 88909=
 22805 415// 82709 11001 21010 30076 40096 57040 73632 885// 333  
 91012 91113=
 22912 41484 82607 11009 21024 30077 40092 57042 73632 885// 333  
 88618 91011 91112=
 
