12:31:00 MSK 14.02.2023
010 111/=о000=0931
 уйту01 бтул 140900
 22686 41497 81503 11053 21066 39978 40080 52021 77072 8557/ 333 85612=
 22695 42/// /1602 11056 21077 39917 40073 52020=
 22996 41597 71802 11054 21079 39912 40106 52018 78582 82971=
 23220 42999 81101 11124 21160 39972 40121 52014 88010=
 23226 42960 80000 11141 21161 39902 40129 52014 8801/=
 23305 42/// /1902 11055 21072 30053 40081 52024=
 23320 86/// /1702 11089 21136 30044 40120 52013=
 23324 41978 81802 11085 21109 30040 40120 52012 70272 8807/=
 23405 42968 71503 11065 21081 39983 40085 52024
 86039=
 23410 86/// /1506 11091 21124 30006 40106 52017=
 23411 42/// /2004 11075 21097 30001 40093 52019=
 23412 41998 71803 11089 21116 30005 40105 52017 77172 87030=
 23416 NIL=
 23418 41465 71402 11078 21109 30030 40106 52018 70272
 85530 333 85615=
 23503 42/// /1803 11067 21097 30045 40097 52020=
 23507 86/// /2102 11073 21076 39770 40088 53021=
 23509 41497 81703 11070 21098 30020 40100 52019 77172 885// 333
 88619=
 23514 41497 81803 11089 21113 39901 40104 52016 78587 8697/ 333 84710=
 23518 41996 81905 11085 21114 30030 40125 52015 77172 8807/=
 23606 41460 81803 11078 21105 39928 40106 52021
 78587 8593/ 333 85913=
 23701 41456 81803 11058 21069 39962 40095 52015 72222 8471/=
 23704 86/// /1702 11061 21071 39926 40039 55004=
 23707 81597 81901 11058 21084 39962 40097 52021 77172 8452/=
 23708 42/// /1804 11063 21095 39960 40113 52020=
 23709 42/// /1702 11072 21108 39926 40125 52019=
 23711 41498 71903 11082 21111 39955 40130 52018 78582 84970=
 23803 41699 81703 11074 21116 39947 40133 52019 70272 885// 333 88637=
 23804 81596 81902 11061 21083 39954 40102 52020 78582 84915=
 23807 41996 81703 11064 21076 39942 40108 52019 77172 8802/=
 23808 86/// /1703 11057 21086 39947 40120 52018=
 23812 42/// /2003 11100 21124 39977 40131 52016=
 23904 41570 81702 11060 21082 39958 40119 52020 70272 883// 333 85920=
 23905 42599 81902 11048 21090 39893 40125 52016 8802/=
 23909 41598 81804 11053 21080 39890 40141 52017 72222 84501=
 23912 41595 81903 11053 21070 39960 40157 52012 78682 8695/=
 23913 41997 73401 11042 21080 39932 40167 52013 77172 87020=
 23914 81497 82003 11049 21071 39894 40157 52016 78082 85975=
 28013 41597 81704 11040 21075 39913 40148 52018 78582 85931=
 28016 41499 71804 11038 21086 39917 40147 51015 70282 87900=
 28029 41598 71703 11038 21065 39942 40166 52013 78587 83989=
 28116 41497 71702 11034 21068 39917 40151 52014 77172 87500=
 28128 41598 81603 11029 21059 30011 40168 52011 72272 885//=
 28134 41598 81701 11037 21068 39820 40178 52011 70272 885//=
 28138 42599 81801 11054 21066 39607 40189 52010 885//=
 28216 41598 81604 11038 21065 39851 40155 52010 77172 8872/=
 28222 41597 81603 11031 21061 39973 40172 52010 72272 8312/=
 28224 41562 81604 11030 21063 39953 40170 52008 77072 885//=
 28234 41897 81802 11030 21063 39900 40184 52005 77172 8802/=
 28238 42599 81102 11029 21061 39880 40189 52003 885//=
 28313 41598 81503 11034 21065 39960 40156 52008 77172 885//=
 28319 42598 61702 11024 21065 39995 40161 52005 84550=
 28321 41599 81703 11035 21061 39954 40162 51006 70272 8802/=
 28324 41698 71803 11022 21071 30042 40165 52005 72272 84549=
 28326 41598 82005 11018 21054 39986 40176 52002 70272 885//=
 28413 41497 81603 11028 21063 30029 40154 52005 77172 8677/=
 28428 41597 71804 11030 21069 39988 40177 52006 78587 87900=
 28429 41596 71803 11031 21060 39765 40185 52004 78682 87900=
 22983 41569 81801 11047 21072 39986 40094 52020 72272 8655/ 333 91002
 91103=
 27083 41559 61601 11069 21094 39868 40096 52016 77172 83511 333 91001
 91102=
 27097 41563 81404 11065 21082 39839 40108 52016 77082 8257/ 333 91006
 91106=
 27185 42598 81303 11062 21090 39911 40100 52015 8552/ 333 91004
 91105=
 27199 41597 81503 11048 21075 39910 40112 52011 77172 8657/ 333 91006
 91106=
 27281 41456 81403 11063 21088 39880 40093 52014 77172 8672/ 333 91004
 91106=
 27283 42498 81704 11049 21085 39930 40089 52011 8657/ 333 91007
 91108=
 27295 41574 81303 11051 21087 39851 40107 52014 78582 889// 333 91005
 91107=
 27296 41970 61602 11055 21096 39890 40114 52014 70272 86030 333 91004
 91108=
 27385 424// 81503 11049 21085 39965 40096 52015 887// 333 91004
 91106=
 27393 42498 81806 11054 21092 39944 40119 52007 86931 333 91008
 91108=
 27480 42598 81403 11051 21090 39961 40092 52014 885// 333 91006
 91106=
 28007 41958 81702 11050 21078 39854 40122 52014 77172 8802/ 333 91005
 91105=
 28009 41456 81603 11041 21089 39921 40135 52015 78583 86901 333 91007
 91109=
 28105 41998 81702 11045 21095 39919 40123 52015 73673 8802/ 333 91005
 91107=
 28202 41971 81804 11047 21086 39902 40128 52012 70272 8805/ 333 91006
 91109=
 28302 41598 81402 11044 21070 39893 40127 52007 78582 8697/ 333 91003
 91106=
 28307 41498 81303 11050 21100 39968 40116 52008 72687 86931 333 91007
 91109=
 28402 41545 81705 11045 21082 39940 40123 52008 77172 84521 333 91007
 91109=
 28502 41998 81505 11041 21082 30019 40125 52008 72272 85071 333 91007
 91107=
 22550 81697 73507 11006 21059 30113 40124 52035 73632 87500 333 87637
 91013 91114=
 22778 41598 80000 11048 21062 30014 40084 52024 70282 8357/=
 22889 42/// /1603 11051 21074 30006 40095 52021=
 22762 41497 82902 11019 21031 30055 40095 51033 70272 8657/=
 22638 46/// /3504 11020 21047 39954 40183 52037=
 22671 41496 82702 11028 21033 39983 40062 52019 78582 8695/ 333
 86916=
 22456 41597 70202 11034 21068 30027 40116 52043 70273 87500 333
 91116=
 22583 41497 81301 11044 21057 39984 40066 52029 78588 889//=
 22749 NIL=
 22951 41497 83504 11022 21029 39824 40109 52035 77172 8771/=
 22887 41699 81502 11051 21068 30013 40085 52020 
 70282 85531 333 85640=
 22876 41597 82501 11041 21060 30010 40084 53023 70282 884// 333
 88621=
 22481 41596 73402 11034 21034 30019 40073 52052 78582 86970=
 22854 41498 83503 11031 21048 39828 40121 52043 77173 8677/ 333 86710
 91113 92980=
 22781 NIL=
 22676 41498 82702 11022 21046 39989 40067 52021 72687 889// 333
 93400=
 22648 NIL=
 22559 41698 83405 11019 21063 30090 40107 52031 73632 8353/ 333
 91114=
 22869 41497 73101 11027 21033 39937 40087 52027 78582 87900 333
 86917=
 22768 41497 83604 11016 21039 30042 40092 52035 72682 889// 333
 86913=
 22798 41597 81401 11056 21076 39978 40093 52020 77872 885//=
 22375 46/// /0309 11057 30086 40102 52058 333 91118=
 23207 41499 82502 11061 21082 30049 40072 52027 70282 886//=
 23215 NIL=
 23219 NIL=
 27095 86/// /1303 11062 21078 39884 40119 52016=
 22408 42999 62801 11032 21067 30079 40233 52015 82031=
 22511 42998 53102 11016 21064 30104 40228 52021 81012=
 22529 42999 23305 11010 21042 30188 40195 52031 80002 333   91111=
 22602 42989 53102 11031 21066 30008 40240 52021 83032=
 22621 83/70 /3303 11009 21060 30067 40209 52025=
 22619 42982 33204 11025 21064 30049 40212 52025 80001=
 22721 41998 53202 11003 21056 30100 40200 52029 70331 80006=
 22727 86/70 /3503 10001 21052 30154 40203 52034=
 22717 83/69 /3403 11002 21055 30027 40224 52028=
 22802 42999 23003 10005 21050 30218 40242 52035 80001=
 22820 42970 53403 11005 21061 30064 40203 52035 82031=
 22831 41698 63303 11009 21045 30117 40173 52046 70232 85530 333  
 85645=
 22805 42998 43402 10010 21027 30223 40243 52049 81031=
 22912 42999 50104 10007 21052 30195 40210 52044 81035 333   91111=
 
