06:31:00 MSK 15.03.2023
020 123456/=о000=0331
 уйту01 бтул 150300
 22686 11497 81904 10019 20010 39889 49988 52020 60022 76076 885// 333 21030 43061 55071 88611 555 53018 7002/=
 22695 11598 82105 10010 21005 39830 49981 52020 69982 70272 885// 333
 21033 43051 88622 555 53020 7998/=
 22996 12598 82104 10013 20008 39901 40090 52013 60012 8692/ 333 21031
 44061 55059 555 53013 7001/=
 23220 11999 81808 11021 21095 39859 40000 57012 60002 73732 88070 333 21086 47077 55072 91012 91117 555 53017 7997/=
 23226 12960 82110 11046 21112 39782 49998 57004 69992 8802/ 333 21086 
 48043 91014 91116 555 53021 7002/=
 23305 11499 81905 11016 21041 39907 49935 56002 60002 73632 885// 333
 21026 47032 88617 91111 555 53014 7996/=
 23320 76/// /2206 11033 21083 39935 40008 57004 333 21038 60002 91115 555 53015 7000/=
 23324 12982 72106 11036 21073 39926 40004 56003 60002 87070 333 21054
 49044 55020 91012 91114 555 53014 7994/=
 23405 11430 81803 11018 21026 39853 49952 53002
 69942 78583 8595/ 333 21034 47054 55064 85917
 91110 555 53017 7994/=
 23410 76/// /1608 11038 21067 39889 49986 55003 333 21043 60002 91013 91116 555 7000/=
 23411 11499 82008 11026 21044 39874 49963 57006 69902 70272 8772/ 333
 21036 48048 91011 91114 555 53018 7992/=
 23412 12999 82006 11031 21061 39885 49982 57004 69922 8805/ 333 21039 47057 55045 91010 91115 555 53015 7992/=
 23416 NIL=
 23418 11565 81507 11029 21056 39935 40009 57007 69922 73673 885//
 333 21037 43060 55049 88629 91012 91112 555 53014 7992/=
 23501 NIL=
 23503 11498 82004 11020 21040 39930 49979 54000 69992 77072 8672/ 333
 21031 48056 86710 91110 555 53018 7999/=
 23507 86/// /2203 11023 21023 39672 49981 53011 333 21043 555 53015=
 23509 11498 81803 11017 21027 39919 49997 53002 60012 72272 8652/ 333
 21027 48059 86617 91111 555 53015 7001/=
 23514 11497 81904 11032 21039 39813 40009 57005 60012 77173 8677/ 333 21040 47069 55061 86713 91110 555 53012 7001/=
 23518 11496 81907 11041 21053 39949 40042 57007 60012 77173
 8872/ 333 21048 3/112 48067 55052 86712 91010 91113 555 51035 7001/ 91216=
 23606 11450 82004 11017 21034 39845 49673 57001 
 60022 77172 8802/ 333 21030 47065 55076 88511 555 
 53011 7002/=
 23612 11498 81805 11038 21059 39912 40048 57005 69982 77172 885// 
 333 21046 47066 88611 91010 91112 555 53013 7001/=
 23701 11479 82104 10003 21001 39892 40020 52013 60032 72522 8597/ 333
 21029 43055 85918 91110 93400 555 53014 7003/=
 23704 76/// /2104 10002 20002 39926 40039 55004 333 21028 60002 555 51017 7000/=
 23707 61498 82105 10011 20003 39903 40034 52013 60012 72272 889// 333
 21029 43049 55069 85913 91110 555 53017 7001/=
 23708 11480 81905 11005 21017 39902 40051 53007 60012 70272 886// 333
 21032 48052 88710 91110 555 53015 7001/ 91215=
 23709 12498 81803 11019 21035 39874 40068 52004 60002 886// 333 21037 43046 88710 555 53012 7000/ 91214=
 23711 11498 81804 11032 21050 39896 40067 56002 69962 70282 8697/ 333 21041 47067 55079 86916 555 53010 7996/=
 23803 11499 82005 11010 21033 39904 40085 53006 60012 73673 886// 333 21034 47053 55089 88713 555 53013 7001/=
 23804 61396 82004 10006 20001 39910 40055 52013 60022 77172 8772/ 333 21028 47054 55078 86709 555 53013 7002/=
 23807 11396 82105 10008 20005 39911 40072 52012 69992 75152 886// 333
 21034 43037 55081 88709 555 53019 7999/=
 23808 66/// /1805 11003 21010 39917 40085 52010 60002 333 21031 91111 555 7000/=
 23812 11496 82003 11037 21058 39939 40104 57003 60012 78583 889// 333
 21045 47076 555 53009 7001/=
 23904 12470 82004 10008 21001 39941 40098 52011 60022 885// 333 21032
 47048 88611 555 53013 7002/=
 23905 11599 82003 11008 21015 39879 40108 52008 69932 70232 885// 333
 21034 47057 555 53012 7993/=
 23909 11397 82004 11022 21033 39877 40124 52004 69972 75675 886// 333
 21036 43060 55103 93400=
 23912 11494 81905 11038 21046 39941 40137 55003 60052 77573 8802/ 333
 21047 47072 91110 555 53010 7005/=
 23913 11597 81702 11037 21063 39919 40153 57010 69932 78587 889// 333
 21091 47070 55074 555 53007 7993/=
 23914 11497 81904 11036 21046 39880 40142 57002 60012 72687 8692/ 333
 21056 47065 55109 91111=
 28013 11698 81804 11027 21052 39905 40139 53002 60012 73673 8352/ 333
 21040 47053 91110 555 53010 7001/=
 28016 12599 82003 11017 21034 39917 40146 52003 60042 889// 333 21037
 47058 555 53010 7004/=
 28029 11496 81906 11030 21041 39945 40168 52003 69962 77172 8472/ 333
 21040 43061 55110 91110 555 53010 7996/=
 28116 11499 82003 11023 21039 39928 40162 52001 69982 72272 8872/ 333
 21039 47071 55083=
 28128 11598 82102 11024 21038 30028 40184 52001 60012 77072 8802/ 333
 21080 47052 55100 555 53012 7001/=
 28134 11498 81901 11043 21057 39836 40195 57001 60012 72272 8672/ 333
 21054 47071 555 53006 7001/=
 28138 11598 82205 11062 21073 39622 40206 57008 69952 72682 883// 333
 21099 44085 55086=
 28216 11596 82104 11024 21033 39889 40192 52002 60022 77373 8872/ 333
 21042 47039 91110 555 53011 7002/=
 28222 11597 81903 11029 21038 39995 40194 54001 60012 78583 889// 333
 21038 47046 91110 555 53010 7001/=
 28224 11459 82003 11024 21044 39986 40203 57002 60022 78582 889// 333
 21039 47045 55102=
 28234 11597 82004 11039 21063 39929 40215 57004 69982 77172 885// 333
 21055 47041 555 53009 7998/=
 28238 11599 82004 11041 21068 39911 40223 56009 69952 77172 885// 333
 21087 47058 55086 555 53007 7995/=
 28313 11596 82004 11017 21028 30008 40203 52005 60042 77372 8802/ 333
 21039 47045 91110 555 53011 7004/=
 28319 11496 82304 11015 21024 30056 40223 53004 60032 77172 8802/ 333
 21026 47049 91110=
 28321 11597 82004 11024 21030 39999 40206 58006 60012 77172 8802/ 333
 21040 48047=
 28324 11896 82204 11014 21029 30095 40218 54000 69932 77372 8802/ 333
 21034 44037 555 53008 7993/=
 28326 11597 72104 11027 21050 30033 40224 54000 69962 78582 87300 333
 21044 47024 55104 555 53009 7996/=
 28413 11599 82003 11002 21046 30100 40224 50001 69992 72682 885// 333
 21019 43033 91110 555 53010 7999/=
 28428 11595 82005 11025 21056 30059 40248 51003 69902 77372 8802/ 333
 21059 48043 555 53009 7990/=
 28429 11595 82204 11042 21054 39825 40250 50001 69942 77372 8802/ 333
 21073 43050 91110 555 53010 7994/=
 22983 12598 82102 10023 20007 39958 40061 52010 60012 8655/ 333 21025
 43054 55057 91006 91107 555 53011 7002/=
 27083 11459 82005 10012 21003 39871 40092 52013 60012 76062 887// 333
 21030 43047 91008 91110 555 53013 7002/=
 27097 11498 81805 10006 21001 39854 40116 52011 60032 72582 8697/ 333
 21034 43059 91007 91110 555 53012 7003/=
 27185 12698 81903 10020 21021 39944 40127 52008 60002 885// 333 21026
 43059 91007 91107 555 53012 7000/=
 27199 11598 82103 10011 21030 39947 40145 52009 60032 70282 86375 333
 21023 43064 55075 91007 91108 555 53012 7003/=
 27281 11459 81905 10017 21018 39930 40137 52009 60022 76162 8257/ 333
 21024 43043 91007 91109 555 53014 7003/=
 27283 12498 82205 10022 21031 39985 40143 54000 60012 885// 333 21025
 43059 91009 91109 555 53011 7002/=
 27295 11596 81904 10008 21030 39909 40162 52012 60022 78082 889// 333
 21031 43072 91007 91108 555 53011 7002/=
 27296 11598 82003 10004 21034 39940 40159 52010 60022 70272 885// 333
 21030 43067 55081 91006 91108 555 53011 7002/=
 27385 124// 82105 10022 21036 30039 40168 52008 69922 887// 333 21012
 47064 91009 91109 555 53012 7999/=
 27393 11497 82307 10024 21039 30008 40179 52008 60022 76176 8577/ 333
 21026 43091 55075 91010 91112 555 53013 7002/=
 27480 12598 72104 10022 21035 30053 40182 52014 69902 86501 333 21002
 43057 91008 91109 555 53012 7001/=
 28007 11499 82103 11002 21021 39871 40134 52013 60022 70283 883// 333
 21037 43064 55074 88912 91007 91109 93401 555 53011 7002/=
 28009 11498 82205 10001 21029 39932 40143 52011 69962 70283 889// 333
 21031 44063 91009 91110 555 53011 7996/=
 28105 11498 82104 11001 21017 39947 40148 52010 60032 70272 885// 333
 21031 43070 91007 91109 555 53012 7003/=
 28202 11972 82206 11002 21027 39942 40165 52011 60042 72272 8807/ 333
 21036 43076 91010 91110 555 53016 7004/=
 28302 11598 81803 11007 21024 39954 40186 52008 60042 70272 8557/ 333
 21035 43080 91007 91108 555 53013 7004/=
 28307 11498 81803 10021 21043 30045 40190 52009 69932 70272 83531 333
 21019 43058 91006 91107 555 53013 7993/=
 28402 11598 82108 10016 21039 30018 40198 52007 69912 73673 8557/ 333
 21026 48052 91012 91112 555 53016 7991/=
 28502 12998 82108 10013 21034 30117 40222 52011 60002 8805/ 333 21014
 44025 55093 91011 91115 555 53015 7000/=
 22550 11371 81903 10039 20033 39902 49912 52023 69932 72522 886// 333
 21028 43054 55003 88708 555 53009 7002/=
 22778 12598 82004 10029 20013 39939 40007 52019 60052 885// 333 21028
 43052 55026 555 53012 7006/=
 22889 11496 81902 10020 20015 39970 40056 50010 60012 75052 886// 333
 21025 43035 88712 555 53013 7001/=
 22762 12397 81602 10032 20028 39931 49969 52014 69932 886// 333 21023
 47058 555 53010 7993/ 91212=
 22638 46/// /2102 10030 20029 39682 49902 52011=
 22671 12397 82003 10027 20027 39869 49946 52022 60032 889// 333 21033
 3/104 43065 55047 85708 555 53011 7003/=
 22456 NIL=
 22583 11498 71802 10013 20007 39862 49941 52020 60032 70288 875// 
 333 21031 43074 55070 555 53011 7003/=
 22749 NIL=
 22951 11497 82304 10016 20009 39716 49993 52001 60032 76162 8872/ 333
 21003 43068 555 53011 7008/=
 22887 11397 81305 10021 20016 39967 40036 52003 60012 78082 889// 
 333 21020 43033 55049 84708 555 53014 7002/=
 22876 12497 82004 10030 20023 39954 40025 52013 69952 889// 333 21020
 43022 88916 91110 555 51009 53016 7997/ 91216=
 22481 12598 82005 10017 20017 39853 49905 52021 69942 885// 333 21036
 44062 91110 555 53014 7994/=
 22854 11297 81905 10019 20011 39695 49980 52/// 60032 76162 8872/ 333
 21011 44071 55000 87705 91010 91112 555 53012 7008/=
 22781 NIL=
 22676 11496 81905 10030 20018 39893 49969 52023 60022 78082 889// 333
 21028 43035 555 53014 7002/=
 22648 NIL=
 22559 11597 81904 10035 20028 39910 49926 52022 60022 76162 8652/ 333
 21031 43058 55000 86620 555 53011 7003/=
 22869 12398 81904 10027 20018 39875 40021 52005 60012 886// 333 21023
 43053 86707 555 53011 7004/ 91215=
 22768 11597 82005 10030 20019 39935 49984 52008 69982 72582 889// 333
 21018 43038 55006 85631 91110 555 53013 7001/=
 22798 11496 82003 10015 20010 39920 40032 52015 60012 76162 885// 333
 21025 43042 91110 555 53019 7001/=
 22375 46/// /2205 10000 39866 49881 52018=
 23207 12599 81805 11021 21043 39883 49906 52002 60002 8755/ 333 21040
 47037 55052 555 53011 7992/=
 23215 NIL=
 23219 NIL=
 27095 76/// /2004 10009 20008 39893 40122 52012 333 21033 60002 555 53012 7000/=
 22408 21559 80000 11023 21030 39702 49850 52009 78582 883// 333  
 21024 55000 69902 88922 555   7003/=
 22511 21346 81501 10003 21003 39728 49846 52004 77187 8692/ 333  
 20000 69952 555   7002/=
 22529 21497 81804 10034 20027 39868 49875 52008 75152 886// 333  
 20003 69902 88714 555   7001/=
 22602 21358 80501 10002 21007 39617 49837 57006 78082 889// 333  
 20001 55000 60032 88909 555   7005/=
 22621 73239 /1704 10029 20023 39735 49870 52004 333   20013 55000
 60012 555   7004/=
 22619 21496 81603 10031 20024 39711 49865 52004 71022 886// 333  
 20030 55000 69932 88710 555   7002/=
 22721 21295 81301 10021 20020 39797 49893 52007 78085 889// 333  
 20018 69992 86705 555   7006/=
 22727 76469 /1404 10032 20020 39859 49906 52004 333   20032 69912
 555   7002/=
 22717 73/10 /1703 10026 20024 39697 49886 54000 333   20026 60022
 555   7010/=
 22802 21296 81803 10023 20017 39858 49881 52002 71052 886// 333  
 20023 55000 69992 88704 555   7007/=
 22820 22498 82005 10039 20018 39773 49905 57001 885// 333   20037
 55003 69902 88611 91111 555   7003/=
 22831 21496 82102 10029 20017 39884 49938 52005 78082 889// 333  
 20028 55000 60022 88910 555   7009/=
 22805 214// 81706 10015 20015 39870 49890 54000 71052 886// 333  
 20012 55000 69942 91110 555   7002/=
 22912 21457 81904 10034 20025 39900 49915 52002 76162 8802/ 333  
 20033 60062 88518 555   7017/=
 
