03:31:00 MSK 15.06.2023
020 123456/=о000=0031
 унту01 бтул 150000
 22686 81998 20000 10026 20018 30090 40190 52008 71100 82030 555 10004=
 22695 42598 60000 10064 20042 30024 40175 52007 82530 555 10009=
 22996 42/// /3601 10087 20081 39985 40166 52006 555 1/012=
 23220 43/// /2802 10022 20010 39904 40043 52017 555 1/003=
 23226 41460 83207 10015 21007 39828 40041 52018 70282 889// 333
 88917 91012 91114 555 11003=
 23305 42/// /2605 10051 20027 30118 40145 54001 555 1/005=
 23320 86/// /2904 10037 21010 30032 40104 52007=
 23324 42683 73004 10036 20005 30015 40091 52009 87500 333 87635 91111
 555 11004=
 23405 42970 73002 10047 20022 30060 40159 54000 85031 
 555 11006=
 23410 86/// /2604 10038 20010 30024 40120 52003 555 53019=
 23411 42/// /2802 10036 20015 30047 40135 54001 555 1/004=
 23412 42699 72903 10041 20015 30028 40124 52002 82530 333 91110 555 11004=
 23416 NIL=
 23418 42665 53003 10046 20013 30061 40134 52004 83530
 333 83638 91110 555 11003=
 23503 42/// /2401 10009 20002 30107 40157 52003 555 1/123=
 23507 86/// /3501 10022 20016 39865 40175 50001=
 23509 42/// /2902 10045 20013 30085 40163 52005 555 1/004=
 23514 41997 62902 10036 20012 39958 40153 52005 70282 80001 555 11004=
 23518 NIL=
 23606 42962 33302 10052 20020 39999 40163 52006 81031 555 11008=
 23612 NIL=
 23701 42/// /2801 10068 20048 30055 40183 52006 555 1/008=
 23704 86/// /0000 10025 20025 39926 40039 55004 555 53008=
 23707 82998 30301 10062 20037 30047 40178 52007 81041 555 10007=
 23708 42/// /2901 10044 20014 30029 40177 52004 555 1/006=
 23709 82998 32201 10050 20008 39978 40169 52005 80001 555 11005=
 23711 42998 22801 10058 20029 39984 40151 52007 80001 555 11010=
 23803 429// 835// 1//// 2//// 3//// 4//// 5//// 80001 555 10008=
 23804 82997 50000 10073 20060 30033 40176 52007 82044 555 11009=
 23807 42/// /3603 10101 20062 30020 40177 52009 555 1/010=
 23808 86/// /0000 10061 20042 30013 40179 52010=
 23812 42597 23401 10073 20018 39992 40151 52006 82500 555 11006=
 23904 42570 20000 10069 20069 30019 40173 52009 82500 555 10008=
 23905 82599 23601 10106 20057 39948 40168 52008 82500 555 10010=
 23909 82598 33201 10098 20051 39927 40165 52012 82371=
 23912 82998 60701 10070 20047 39967 40156 51012 80001 555 10008=
 23913 82999 63001 10037 20028 39924 40151 52011 82041 555 10000=
 23914 82999 33102 10103 20040 39904 40153 52014 80001=
 27095 86/// /0000 10085 20085 39956 40180 52004=
 28013 82698 23402 10106 20043 39934 40158 52011 82500 555 10010=
 28016 42/// /3502 10118 20075 39942 40158 52009 555 1/012=
 28029 82899 23301 10131 20083 39926 40136 52006 82071 555 11013=
 28116 82599 63402 10127 20080 39929 40151 52005 85905=
 28128 82899 83301 10124 20089 39994 40142 52002 87031 555 10012=
 28134 82698 70000 10103 20078 39801 40140 52002 87500 555 10011=
 28138 43/// /0201 10105 20042 39586 40132 57006=
 28216 82699 72802 10119 20054 39865 40152 57003 83505 555 10011=
 28222 42/// /0000 10102 20072 39954 40143 54001 555 1/010=
 28224 82770 61601 10118 20059 39937 40142 57005 83041=
 28234 82899 61601 10119 20038 39872 40140 57003 83031 555 10009=
 28238 82898 42101 10078 20034 39847 40143 57004 83021 555 10007=
 28313 42/// /0000 10086 20063 39971 40158 57003 555 1/010=
 28319 82599 50000 10082 20058 30001 40160 57002 82550=
 28321 82899 62301 10114 20073 39953 40149 57004 83031=
 28324 42/// /0000 10083 20043 30037 40155 57002 555 1/009=
 28326 82898 50000 10070 20051 39966 40149 57004 85030 555 10009=
 28413 82599 10000 10103 20041 30043 40162 54001 81500 555 10007=
 28428 82599 70702 10091 20061 39972 40152 58007 86931 555 10011=
 28429 42/// /0301 10075 20058 39761 40163 57004 555 1/009=
 22983 42998 20000 10067 20053 30075 40179 52007 82030 333 91001 91102
 555 11007=
 27083 42599 30000 10094 20083 39953 40170 52003 83800 333 91000 91101
 555 10011=
 27097 42/// /0000 10092 20086 39917 40172 52002 333 91000 91102 555
 1/010=
 27185 42/// /0000 10079 20075 39993 40173 54001 333 91000 91101 555
 1/011=
 27199 42998 10000 10098 20072 39976 40168 52001 80001 333 91001 91102
 555 10009=
 27281 41982 20000 10091 20075 39972 40174 57003 71100 80002 333 91000
 91102 555 10011=
 27283 42998 13101 10069 20063 30017 40170 58003 81030 333 91001 91103
 555 10008=
 27295 42/// /0000 10084 20049 39928 40174 57002 333 91000 91102 555
 1/009=
 27296 42998 00000 10094 20049 39954 40166 57001 333 91001 91102 555
 10010=
 27385 419// 10000 10055 20051 30049 40176 57004 71100 80001 333 91000
 91101 555 10007=
 27393 42998 12201 10089 20051 30007 40174 58005 81035 333 91003 91103
 555 10010=
 27480 41998 00000 10062 20062 30052 40179 57005 71100 333 91000 91101
 555 10008=
 28007 42599 23202 10123 20059 39914 40166 52003 82400 333 91002 91103
 555 10010=
 28009 42998 20000 10087 20073 39963 40168 52005 82030 333 91000 91101
 555 10009=
 28105 42598 20000 10088 20060 39971 40166 52002 82800 333 91000 91102
 555 10009=
 28202 42580 83001 10113 20055 39946 40160 54000 82934 333 91001 91105
 555 10011=
 28302 42998 00000 10078 20053 39943 40167 57003 333 91000 91101 555
 10010=
 28307 42998 00000 10065 20039 30031 40173 57003 333 91000 91102 555
 10006=
 28402 42998 22301 10113 20051 39994 40168 57002 81035 333 91002 91103
 555 10008=
 28502 42998 82601 10058 20026 30068 40171 52002 80001 333 91002 91103
 555 10008=
 22550 82997 61201 10072 20057 30173 40183 57001 80001 555 10007=
 22778 42998 30201 10042 20038 30124 40193 52005 83070 555 10007=
 22889 42/// /0000 10056 20056 30097 40183 52009 555 1/009=
 22762 82/// /0000 10043 20043 30155 40194 52003 555 1/006=
 22638 NIL=
 22671 42/// /0000 10031 20023 30105 40184 51005 555 1/005=
 22456 42997 20000 10035 20027 30088 40176 57004 80001 555 11006=
 22583 42598 70000 10078 20048 30095 40174 58004 87500
 555 11009=
 22749 42/// /0000 10056 20052 30075 40199 52002 555 1/007=
 22951 42/// /0000 10053 20048 39926 40205 52003 555 1/006=
 22887 42999 30000 10072 20061 30114 40183 52007 80001 555 10007=
 22876 42997 22501 10055 20050 30117 40189 52007 80001 555 11008=
 22481 42/// /2301 10071 20026 30118 40170 54001 555 1/007=
 22854 42/// /0402 10098 20048 39920 40202 52003 555 1/008=
 22781 NIL=
 22676 41998 11501 10040 20037 30107 40185 52005 71100 80001 555
 10006=
 22648 41998 31301 10060 20059 30153 40199 52001 71100 80001 555
 10007=
 22559 42/// /0000 10065 20052 30173 40189 54001 555 1/007=
 22869 42997 20701 10082 20069 30053 40199 52004 80001 555 11010=
 22768 42997 10000 10063 20059 30145 40194 52005 80001 555 10008=
 22798 42998 20000 10034 20020 30071 40183 52006 80001 555 10007=
 22375 NIL=
 23207 NIL=
 23215 42698 72604 10027 20008 30006 40094 52004 87500 333 87633 555
 11004=
 23219 NIL=
 22408 42999 12702 10072 20032 30042 40190 52003 80001 555   10006=
 22511 42998 02101 10065 20047 30070 40190 52002 555   10006=
 22529 42599 11902 10068 20055 30173 40180 57003 81500 555   11007=
 22602 42979 00000 10066 20045 39980 40203 52001 555   10006=
 22621 83/70 /2102 10082 20039 30056 40193 57001 555   1////=
 22619 42983 13002 10101 20059 30039 40194 52002 80005 555   10009=
 22721 42998 33001 10088 20057 30102 40199 54000 80001 555   11010=
 22727 86/70 /0000 10095 20078 30157 40204 52004 555   1////=
 22717 83/70 /2601 10082 20057 30020 40210 52004 555   1////=
 22802 42999 20000 10090 20071 30184 40207 52002 80001 555   10009=
 22820 42968 12501 10082 20058 30071 40205 52003 80001 555   10009=
 22831 42998 10000 10069 20060 30146 40201 52005 80001 555   10010=
 22805 42998 03501 10109 20042 30190 40209 52008 555   10008=
 22912 41975 21001 10046 20040 30188 40203 52003 71200 80001 555  
 10007=
 
