00:31:00 MSK 24.04.2023
020 123456/=о000=2131
 уйту01 бтул 232100
 22686 42998 01601 11062 21071 30052 40154 52005=
 22695 42998 02501 11038 21072 39984 40140 52006=
 22996 41997 82802 10048 20021 39961 40144 51008 76162 8802/=
 23220 41599 52504 11081 21093 39888 40033 52003 70232 82530=
 23226 42960 52908 11089 21104 39811 40031 52009 85070 333 91111=
 23305 42/// /2103 11053 21100 30080 40108 54001=
 23320 86/// /2602 11048 21081 30004 40078 52008=
 23324 42981 22803 11051 21080 39989 40068 53008 82070=
 23405 42997 02402 11058 21125 30022 40124 52005=
 23410 86/// /2604 11042 21093 39992 40090 52007=
 23411 42999 12703 11050 21105 30013 40104 52007 81010=
 23412 42699 62803 11052 21098 39996 40095 52008 82530=
 23416 NIL=
 23418 42965 02702 11053 21118 30033 40108 52010=
 23503 NIL=
 23507 86/// /3101 11062 21111 39824 40143 52006=
 23509 42/// /1801 11066 21102 30054 40135 52008=
 23514 42997 02602 11063 21121 39926 40128 52008=
 23518 42/// /2802 11055 21106 30023 40117 52009=
 23606 42960 02601 11047 21073 39969 40139 52007=
 23704 86/// /0000 11053 21065 39926 40039 55004=
 23701 42/// /0000 11054 21075 30024 40157 53009=
 23707 82998 20000 11031 21075 30015 40150 52010 82041=
 23708 42/// /3001 11038 21077 30001 40153 53009=
 23709 42698 80000 11028 21079 39956 40152 53009 885// 333 88647=
 23711 42998 32801 11040 21092 39964 40137 52005 80005=
 23803 42999 30000 11043 21101 39975 40159 51009 80001=
 23804 42997 33601 11032 21069 39999 40147 52010 80005=
 23807 NIL=
 23808 86/// /1402 11042 21070 39982 40153 52009=
 23812 42997 60000 11042 21073 39980 40146 52009 86030=
 23904 42975 80000 10018 21016 39992 40149 53007 86031=
 23905 43/// /0000 11004 21044 39923 40152 52011=
 23909 42598 70901 10008 21089 39908 40154 52015 85530=
 23912 42998 01201 11037 21077 39956 40152 52016=
 23913 42999 20000 11052 21063 39919 40154 52023 80001=
 23914 82998 63301 11007 21101 39892 40151 52018 80005=
 28013 42598 60302 10019 21081 39919 40150 52014 85570=
 28016 42/// /0000 10024 21027 39925 40149 53010=
 28029 42899 83501 10036 21065 39923 40141 52018 8805/=
 28116 42499 80000 10030 21026 39918 40147 52012 885//=
 28128 42899 23501 10017 21030 39990 40144 52016 82030=
 28134 42898 80000 10030 21013 39792 40141 52018 8807/=
 28138 43/// /3202 10031 21008 39575 40136 52019=
 28216 42999 83301 10085 21033 39855 40145 51014 80005=
 28222 42/// /0000 10014 20001 39949 40144 50016=
 28224 42970 00000 10023 21010 39934 40147 52021=
 28234 42998 00000 10041 21019 39866 40141 52020=
 28238 42999 02302 10014 21026 39840 40143 53021=
 28313 42/// /0000 10046 21004 39962 40152 51019=
 28319 42598 30000 10065 20013 39991 40151 52021 83500=
 28321 42999 33301 10085 21009 39947 40146 51022 80002=
 28324 42/// /0000 10043 21027 30027 40147 51024=
 28326 42998 30000 10014 21030 39958 40145 52024 80001=
 28413 42599 20000 10102 21024 30034 40153 52019 82500=
 28428 42999 22901 10067 21041 39967 40149 53020 80001=
 28429 42/// /0000 10030 21027 39746 40155 53022=
 22983 41482 80000 10026 20019 30047 40152 52006 70282 889// 333 91001
 91103=
 27083 41584 70000 10030 20011 39929 40150 52006 70262 87500 333 91000
 91102=
 27097 42/// /3601 10053 20020 39895 40154 52010 333 91001 91103=
 27185 42/// /0000 10054 20014 39966 40148 52008 333 91000 91102=
 27199 42998 20000 10073 20002 39955 40148 52006 81039 333 91001
 91102=
 27281 42984 31701 10100 20007 39941 40142 52006 83070 333 91002
 91103=
 27283 42997 81801 10105 20007 39990 40141 52002 8807/ 333 91003
 91103=
 27295 42/// /0000 10095 21000 39902 40147 52015 333 91000 91102=
 27296 42997 81501 10095 21005 39932 40144 52004 8805/ 333 91002
 91103=
 27385 429// 00000 10049 20000 30024 40151 52009 333 91000 91101=
 27393 42598 20000 10061 20004 39988 40157 52009 82500 333 91000
 91102=
 27480 42998 31802 10073 20002 30032 40159 52009 82031 333 91003
 91103=
 28007 42999 73001 10070 21028 39895 40152 52008 87030 333 91001
 91103=
 28009 42698 80000 10062 21041 39947 40154 52010 885// 333 91001
 91102=
 28105 42598 70000 10067 21013 39957 40153 53011 87500 333 91000
 91103=
 28202 42997 63401 10083 21027 39931 40147 51008 85031 333 91001
 91103=
 28302 42997 50000 10081 21004 39927 40150 52009 85030 333 91000
 91102=
 28307 42998 30000 10067 21011 30015 40157 53013 80001 333 91000
 91104=
 28402 42984 01901 10081 21006 39982 40157 52013 333 91003 91104=
 28502 42997 22203 10081 21022 30060 40162 52011 80001 333 91004
 91105=
 22550 82970 71401 11043 21073 30133 40143 57002 87030=
 22778 42998 20801 11040 21056 30081 40152 52004 82030=
 22889 42/// /2901 11022 21030 30067 40155 52011=
 22762 42997 30000 11039 21047 30110 40150 54001 80001=
 22638 46/// /1401 10002 21073 39898 40125 57011=
 22671 42/// /0000 11073 21074 30067 40149 52004=
 22456 42/// /2301 11046 21119 30041 40131 57004=
 22583 42998 02501 11042 21099 30052 40134 52001=
 22749 NIL=
 22951 42/// /1501 10027 21004 39853 40133 57007=
 22887 42997 63001 11010 21023 30085 40156 52013 82031=
 22876 42997 82601 11011 21033 30079 40152 52005 8805/=
 22481 42/// /2202 11055 21121 30071 40125 52002=
 22854 42/// /1001 11007 21022 39847 40138 58007=
 22781 NIL=
 22676 42998 20801 11053 21066 30073 40152 52006 80001=
 22648 NIL=
 22559 42/// /0000 11037 21062 30130 40147 54000=
 22869 42998 60701 10016 21001 39999 40148 57002 80030=
 22768 42997 60000 11022 21037 30094 40145 52002 80008=
 22798 42998 20000 11034 21071 30039 40154 53012 82031=
 22375 NIL=
 23207 NIL=
 23215 NIL=
 23219 NIL=
 27095 86/// /0000 10037 21003 39936 40163 53009=
 22408 42984 80601 11005 21092 39959 40110 57011 8805/=
 22511 NIL=
 22529 42598 81402 11006 21091 30118 40125 57013 885// 333   88625=
 22602 41458 80802 10000 21006 39865 40091 57021 77172 885// 333  
 88610=
 22621 83670 /0501 10004 21089 39973 40113 57018=
 22619 42798 81202 11003 21017 39941 40101 57024 885// 333   88655=
 22721 42997 21201 10010 21036 30008 40106 57023 82030=
 22727 86970 /1501 11003 21028 30058 40106 57021=
 22717 83/70 /1302 10022 21022 39900 40093 57020=
 22802 42998 21102 10034 20000 30061 40084 57012 80002=
 22820 42998 31202 10017 21036 39970 40106 57017 83030 555   50035=
 22831 42997 50701 10001 21022 30063 40119 57007 82031=
 22805 425// 51205 10030 20010 30064 40084 58017 82531=
 22912 42984 21102 10024 20003 30080 40095 57011 80001=
 
