03:31:00 MSK 27.12.2023
020 123456/=о000=0031
 унту01 бтул 270000
 22686 41496 82302 11054 21063 39777 49877 56010 77172 8557/ 333 85613 555 1/107=
 22695 41597 81801 11073 21089 39712 49866 57005 77172 8552/ 555 1/106=
 22996 41497 82201 11080 21080 39726 49914 52005 78582 889// 333 88917 555 1/108=
 23220 41497 80912 11014 21039 39808 49949 57018 72273 8372/ 333 91015 91118 555 1/103=
 23226 42960 50911 11024 21068 39755 49969 57017 80005 333 91016 91119 
 555 1/105=
 23305 42/// /0303 11067 21078 39882 49910 57012 555 1/107=
 23320 86/// /1004 11030 21061 39863 49936 56005=
 23324 42579 80903 11024 21055 39871 49948 57008 885// 333 88621 91110
 555 1/104=
 23405 41996 81002 11056 21067 39800 49900 57006
 77172 8802/ 555 1/106=
 23410 86/// /0604 11048 21085 39819 49916 55001 333 91113 555 53014=
 23411 42999 80902 11045 21079 39822 49919 53009 8805/ 333 91113 555
 1/106=
 23412 42999 80902 11045 21079 39822 49919 53009 8805/ 333 91113 555
 1/106=
 23416 NIL=
 23418 42965 70000 11052 21069 39835 49908 52003 87030
 555 1/107=
 23503 NIL=
 23507 86/// /0901 11079 21081 39574 49887 55001=
 23509 42/// /0000 11053 21064 39817 49896 53006 555 1////=
 23514 41997 70701 11090 21096 39705 49904 52002 70282 85071 555 1/107=
 23518 42/// /0802 11073 21099 39810 49903 55002 555 1/112=
 23606 41558 81002 11073 21073 39723 49890 52007 78582 889// 333 85931 555 1/109=
 23612 NIL=
 23701 42/// /2201 11118 21128 39759 49891 53005 555 1/010=
 23704 86/// /1401 11145 21149 39233 49348 58243 555 53003=
 23707 81598 82801 11092 21101 39757 49891 52011 77177 8652/ 333 86624 555 1/118=
 23708 42/// /2602 11070 21084 39740 49890 52011 555 1/107=
 23709 41598 83101 11074 21090 39691 49885 52008 70272 8657/ 333 86629
 555 1/108=
 23711 41998 80101 11063 21077 39712 49881 53007 72287 8802/ 555 1/107=
 23803 41599 83002 11060 21078 39710 49891 53009 70272 886// 333 88722 555 1/105=
 23804 81597 82501 11063 21074 39748 49894 52011 70272 8652/ 333 86621 555 1/109=
 23807 42/// /2504 11064 21064 39741 49903 51011 555 1/107=
 23808 86/// /2403 11064 21064 39731 49900 51009=
 23812 41496 80000 11066 21074 39708 49870 52007 77172 8572/ 555 1/106=
 23904 41372 80000 11079 21082 39751 49910 52010 70282 886// 333 88707
 555 1/110=
 23905 41596 82701 11064 21074 39670 49898 52007 77172 885// 555
 1/107=
 23909 41497 82703 11067 21077 39643 49890 52009 77187 8752/=
 23912 41496 83202 11053 21060 39675 49867 52011 77172 8802/ 555
 1/105=
 23913 41997 80000 11049 21053 39629 49856 52008 77172 8802/ 555
 1/105=
 23914 81495 83004 11054 21063 39610 49866 52007 78687 889//=
 27095 86/// /0000 11094 21094 39705 49939 52017=
 28013 41597 82704 11065 21083 39652 49883 50007 78582 889// 555
 1/107=
 28016 42/// /2803 11076 21085 39674 49901 52009 555 1/108=
 28029 41895 82703 11058 21069 39654 49873 52014 77372 8802/ 555
 1/103=
 28116 41899 72804 11082 21103 39670 49903 52007 70172 87070=
 28128 41896 82804 11059 21085 39738 49892 52008 77173 8807/ 555
 1/107=
 28134 41495 82702 11068 21078 39526 49878 52011 77372 8872/ 555
 1/106=
 28138 43/// /2505 11075 21083 39299 49867 52010 333 91110=
 28216 41895 82702 11060 21069 39613 49911 52007 77372 8802/ 555
 1/106=
 28222 42/// /2701 11066 21094 39703 49899 52010 555 1/110=
 28224 41570 72903 11059 21086 39688 49902 52005 77172 84510=
 28234 41598 82703 11062 21100 39615 49894 51012 70272 885// 555
 1/105=
 28238 41496 82504 11066 21086 39584 49888 52010 77173 8802/ 333 91110
 555 1/107=
 28313 42/// /2301 11048 21063 39724 49916 52008 555 1/105=
 28319 41496 82504 11045 21060 39762 49925 52005 77172 8802/=
 28321 41596 82502 11049 21061 39708 49912 52008 77172 8802/=
 28324 42/// /2503 11043 21059 39796 49917 52005 555 1/105=
 28326 41596 82403 11046 21061 39719 49905 52006 77172 8802/ 555
 1/104=
 28413 41596 82703 11038 21070 39811 49933 51008 77072 885// 555
 1/105=
 28428 41596 82504 11046 21068 39746 49931 52005 77173 8802/ 555
 1/104=
 28429 42/// /2504 11059 21069 39513 49926 52007 555 1/105=
 22983 41950 20000 11179 21197 39810 49921 52006 71011 80001 333 91001
 91102 555 1/122=
 27083 42584 80000 11107 21120 39697 49925 52015 885// 333 91000 91101
 555 1/110=
 27097 42/// /1901 11083 21086 39665 49931 52018 333 91001 91102 555
 1/108=
 27185 42/// /1901 11050 21058 39744 49928 52015 333 91002 91103 555
 1/105=
 27199 41997 82501 11054 21062 39730 49928 52014 77172 8802/ 333 91003
 91104 555 1/106=
 27281 41956 82401 11058 21066 39727 49935 52011 77072 8807/ 333 91001
 91103 555 1/107=
 27283 42997 82602 11050 21062 39776 49933 52014 8807/ 333 91004 91106
 555 1/106=
 27295 42/// /2102 11056 21070 39684 49937 52013 333 91003 91104 555
 1/105=
 27296 41997 82502 11053 21067 39711 49930 52011 77172 8807/ 333 91003
 91104 555 1/105=
 27385 425// 82001 11050 21064 39815 49945 52013 8255/ 333 91001 91102
 555 1/107=
 27393 42598 82304 11051 21066 39771 49943 52010 8657/ 333 91005 91106
 555 1/106=
 27480 42598 81701 11055 21072 39819 49949 52011 885// 333 91002 91103
 555 1/107=
 28007 42999 32602 11095 21110 39657 49924 52008 80001 333 91003 91104
 555 1/115=
 28009 41696 82501 11100 21116 39704 49919 52008 71082 85501 333 91002
 91103 555 1/119=
 28105 41497 82401 11073 21084 39730 49925 52011 77172 8872/ 333 91002
 91102 555 1/107=
 28202 41596 82901 11055 21069 39697 49920 52011 77176 885// 333 91002
 91104 93401 555 1/105=
 28302 41597 82502 11060 21073 39700 49930 51010 77172 885// 333 91003
 91105 555 1/106=
 28307 41997 82201 11047 21064 39799 49944 52012 77172 8807/ 333 91003
 91104 555 1/106=
 28402 41563 82302 11052 21062 39763 49943 52009 77172 8357/ 333 91003
 91104 555 1/105=
 28502 42997 72602 11055 21074 39847 49952 53012 87030 333 91003 91105
 555 1/107=
 22550 81570 70901 11062 21062 39904 49914 54000 70282 86530 333 86626
 555 1/107=
 22778 41396 82601 11072 21083 39834 49904 57002 78582 889// 333 85708
 555 1/107=
 22889 42/// /2501 11087 21090 39827 49915 53008 555 1/110=
 22762 41497 80000 11103 21110 39872 49912 54001 70272 8662/ 555
 1/111=
 22638 46/// /3001 11062 21085 39704 49931 52007=
 22671 42/// /3101 11055 21062 39813 49892 57016 555 1/106=
 22456 41596 70000 11082 21100 39835 49924 57005 78582 87900 555
 1/110=
 22583 41596 80301 11064 21073 39796 49877 57015 78587 889//
 555 1/106=
 22749 42/// /0000 11060 21063 39796 49922 52004 555 1////=
 22951 NIL=
 22887 42597 71801 11116 21122 39835 49907 51001 8653/ 
 333 86620 555 1/115=
 22876 41597 22701 11090 21094 39833 49907 57002 70271 82500 555
 1/113=
 22481 42/// /3602 11057 21071 39848 49901 56026 555 1/106=
 22854 42/// /2501 11063 21067 39637 49928 52005 555 1/107=
 22781 NIL=
 22676 41896 72903 11055 21066 39809 49886 57011 77172 87010 555
 1/106=
 22648 41497 83002 11047 21048 39875 49922 52003 77177 8377/ 555
 1/105=
 22559 42/// /2901 11079 21087 39901 49918 57003 555 1/107=
 22869 41997 62702 11065 21073 39765 49915 52004 77177 80010 555
 1/108=
 22768 41596 70000 11091 21103 39854 49905 57001 77172 83570 555
 1/109=
 22798 41597 72201 11075 21078 39784 49898 53007 70281 84530 555
 1/109=
 22375 46/// /0106 11060 21069 39908 49923 57028=
 23207 NIL=
 23215 42998 80704 11065 21078 39869 49959 56010 8805/ 333 91110 555
 1/108=
 23219 NIL=
 22408 41358 83301 11063 21068 39791 49942 52011 77172 8872/ 333  
 88506 93401 555   1/107=
 22511 41436 80000 11064 21073 39815 49937 52010 77172 8772/ 333  
 87710 555   1/107=
 22529 42598 82801 11055 21066 39924 49931 52009 889// 333   88929
 555   1/107=
 22602 41458 82501 11075 21084 39713 49942 52009 77172 885// 333  
 88614 555   1/108=
 22621 83764 /2401 11076 21083 39796 49938 52008 555   1////=
 22619 41996 80000 11072 21079 39773 49934 52008 77072 8802/ 555  
 1/108=
 22721 41797 80000 11065 21072 39837 49937 52007 70282 885// 333  
 88650 555   1/108=
 22727 86769 /2901 11066 21071 39892 49941 52008 555   1////=
 22717 83/66 /0000 11130 21144 39743 49949 52007 555   1////=
 22802 42698 70000 11072 21077 39920 49944 52006 83530 555   1/110=
 22820 43664 /2501 11069 21079 39802 49941 52008 555   1/109=
 22831 42697 70000 11075 21086 39879 49935 52006 86530 333   86646
 555   1/108=
 22805 425// 73601 11025 21034 39918 49943 52006 86531 555   1/105=
 22912 41984 20000 11148 21163 39927 49943 52009 70272 80001 555  
 1/116=
 
