03:31:00 MSK 06.04.2023
020 123456/=о000=0031
 унту01 бтул 060000
 22686 42598 83603 11039 21088 30210 40313 52012 8457/ 333 84624 555 1/105=
 22695 42598 60104 11040 21098 30135 40294 52017 86500 333 86622 555
 1/104=
 22996 42998 30202 11021 21067 30066 40257 52007 80004 555 1/106=
 23220 41598 33106 11234 21261 30097 40254 52062 78202 82500 333 91116
 555 1/123=
 23226 41957 63609 11249 21274 30026 40266 52052 73873 85015 333 91013 
 91121 92980 555 1/126=
 23305 42/// /3402 11154 21169 30316 40346 52022 555 1/120=
 23320 86/// /3503 11198 21239 30222 40303 51035=
 23324 41981 03502 11227 21260 30221 40307 51045 70231 555 1/125=
 23405 41997 63503 11140 21160 30235 40343 52024
 70282 86030 555 1/116=
 23410 86/// /3303 11188 21221 30211 40317 52029 555 53015=
 23411 42/// /3604 11165 21179 30233 40331 51025 555 1/116=
 23412 42999 00104 11180 21201 30214 40320 52025 333 91111 555 1/120=
 23416 NIL=
 23418 41565 13405 11152 21186 30224 40303 52027 70132 81500 
 333 91113 555 1/115=
 23503 42/// /0204 11113 21166 30273 40326 52028 555 1/113=
 23507 86/// /0404 11104 21139 39994 40324 52023=
 23509 42/// /3502 11084 21132 30228 40310 52026 555 1/108=
 23514 41997 33603 11122 21152 30093 40303 52027 70281 83030 333 91111  555 1/115=
 23518 42/// /3605 11119 21154 30181 40279 51045 333 91113 555
 1/112=
 23606 41560 83503 11072 21115 30119 40293 52029 70281 885// 333 88623 91110 555 1/107=
 23612 NIL=
 23701 NIL=
 23704 86/// /0103 11023 21053 39926 40039 55004 555 53013=
 23707 82998 60204 11019 21058 30137 40273 52015 86040 555 1/104=
 23708 42/// /0104 11020 21064 30114 40267 52018 555 1/103=
 23709 42598 83606 11018 21073 30057 40255 52019 885// 333 88625 555
 1/103=
 23711 42998 33404 11073 21121 30079 40256 53032 80005 333 91110 555 1/102=
 23803 42999 00103 11024 21073 30070 40255 53015 555 1/106=
 23804 82997 73401 11018 21060 30115 40264 52013 84031 555 1/105=
 23807 42/// /3503 11024 21049 30099 40265 52011 555 1/105=
 23808 86/// /2902 11026 21064 30082 40255 52011=
 23812 42997 60103 11023 21063 30059 40225 52014 82032 555 1/105=
 23904 42982 83601 11024 21057 30094 40255 52009 8805/ 555 1/101=
 23905 42999 23402 11022 21067 30009 40242 52011 80001 555 1/106=
 23909 42898 83503 11016 21044 39977 40227 52012 81041 333 91110=
 23912 42998 80102 11017 21052 30014 40210 52013 80005 555 1/105=
 23913 42999 10201 11012 21060 39962 40194 52013 80030 555 1/105=
 23914 82998 03503 11009 21051 39945 40206 52012 333 91113=
 27095 86/// /3401 11016 21050 30029 40263 51010=
 28013 42898 23404 11008 21060 39978 40212 52011 82070 333 91110 555
 1/104=
 28016 42/// /3503 10002 21037 39986 40213 52010 555 1/102=
 28029 42899 53403 10010 21030 39961 40182 52015 85030 555 1/101=
 28116 42899 23604 10013 21029 39967 40199 52013 81032=
 28128 42899 23403 10030 21020 30028 40181 52018 82030 333 91111 555
 1/000=
 28134 42998 23302 10013 21019 39817 40168 52010 80001 555 1/103=
 28138 43/// /3602 10037 21025 39585 40146 52002=
 28216 42699 13606 10036 21020 39885 40181 52011 81500 333 91110 555
 11001=
 28222 42/// /3402 10029 21017 39980 40174 52015 555 1/001=
 28224 42970 50104 10046 21013 39952 40163 52010 80001=
 28234 42897 60000 10004 21033 39878 40157 52005 86070 555 11101=
 28238 42599 82201 10003 21032 39846 40151 52003 83521 555 1/100=
 28313 42/// /3503 10056 21003 39982 40172 53009 555 1/002=
 28319 42598 63601 10028 21002 30001 40164 52005 84550=
 28321 42899 53403 10061 21005 39965 40166 53009 82031=
 28324 42/// /0000 11000 21031 30039 40161 52004 555 1/100=
 28326 42898 50000 10021 21023 39967 40154 52008 82031 555 1/000=
 28413 42599 61901 10028 21012 30042 40164 52006 81585 555 11001=
 28428 42999 20301 10028 21035 39965 40149 52007 80001 555 1/100=
 28429 42/// /0401 10019 21032 39739 40150 52006 555 1/100=
 22983 42984 60000 11024 21065 30169 40277 52009 82035 333 91002 91102
 555 1/108=
 27083 42584 53502 11013 21066 30032 40259 52007 82570 333 91004 91105
 555 12101=
 27097 42/// /3502 11012 21050 39986 40254 52014 333 91004 91106 555
 1/104=
 27185 42/// /3501 10000 21044 30063 40250 52009 333 91002 91106 555
 1/103=
 27199 42998 03602 10019 21045 30036 40235 52011 333 91005 91108 555
 11000=
 27281 42984 23503 11004 21030 30037 40248 52010 80005 333 91004 91107
 555 14101=
 27283 42997 03604 10002 21030 30081 40240 52010 333 91005 91107 555
 14101=
 27295 42/// /3503 10020 21034 39973 40227 52011 333 91007 91108 555
 1/000=
 27296 42997 03604 10021 21037 30001 40221 52012 333 91006 91108 555
 1/101=
 27385 429// 23603 10037 21006 30091 40220 52009 80001 333 91006 91107
 555 11001=
 27393 42598 60303 10042 21011 30042 40213 52013 86530 333 91005 91107
 555 1/100=
 27480 42998 03602 10031 21006 30092 40220 52011 333 91004 91105 555
 12003=
 28007 42999 00104 11010 21062 39974 40241 52009 333 91006 91108 555
 1/103=
 28009 42998 03603 10001 21065 30017 40230 52007 333 91007 91106 555
 14101=
 28105 42998 00102 10007 21052 30028 40230 52010 333 91004 91106 555
 1/102=
 28202 42697 10303 10024 21035 39989 40211 52015 81500 333 91007 91108
 555 1/100=
 28302 42997 00103 10040 21022 39972 40200 52014 333 91006 91107 555
 1/000=
 28307 42998 23204 10060 21016 30053 40196 52008 80001 333 91007 91108
 555 11003=
 28402 42984 63603 10048 21016 30008 40186 52011 83035 333 91004 91105
 555 11002=
 28502 42997 03203 10057 21007 30072 40175 52006 333 91005 91106 555
 11002=
 22550 82671 80701 11015 21072 30339 40349 52018 885// 333 88645 555
 1/104=
 22778 42998 70302 11016 21062 30239 40310 52013 86071 555 1/103=
 22889 42/// /3604 11012 21054 30190 40279 52009 555 1/103=
 22762 42997 33301 11020 21052 30286 40326 52014 80009 555 1/103=
 22638 46/// /0300 11102 21111 30109 40349 52011=
 22671 42/// /0203 11060 21118 30255 40338 52020 555 1/110=
 22456 NIL=
 22583 42998 63501 11108 21133 30255 40341 52021 80001 555 1/111=
 22749 42/// /0000 11060 21074 30201 40332 52010 555 1/108=
 22951 42/// /0101 11034 21050 30031 40323 52006 555 1/107=
 22887 42997 52902 11019 21050 30210 40282 52011 80001 
 555 1/103=
 22876 42/// /3001 11024 21050 30222 40297 52012 555 1/103=
 22481 42/// /0000 11191 21202 30303 40361 52016 555 1/124=
 22854 42/// /3601 11028 21065 30027 40326 52006 555 1////=
 22781 NIL=
 22676 42998 13502 11060 21118 30249 40330 52021 80001 555 1/107=
 22648 42998 63301 11040 21057 30293 40341 52013 82031 555 1/108=
 22559 NIL=
 22869 42998 60000 11022 21055 30155 40308 52008 80031 555 1/106=
 22768 42697 30301 11020 21058 30264 40315 52014 81531 555 1/104=
 22798 42998 83203 11026 21058 30166 40283 52013 85031 555 1/106=
 22375 46/// /1301 11180 30343 40360 52013=
 23207 NIL=
 23215 42998 03501 11220 21244 30229 40329 52028 555 1/126=
 23219 NIL=
 22408 42982 80000 11087 21095 30182 40341 52005 80005 555   1/114=
 22511 42984 70000 11078 21092 30211 40339 52007 80001 555   1/113=
 22529 42598 70000 11075 21085 30337 40344 52014 86530 333   86624
 555   1/109=
 22602 42978 00000 11115 21135 30103 40345 52007 555   1/119=
 22621 83961 /0000 11061 21073 30197 40344 52008 555   1////=
 22619 42998 02801 11079 21099 30171 40340 52008 555   1/109=
 22721 42997 33001 11062 21085 30236 40340 52010 83030 555   1/109=
 22727 86/70 /0000 11049 21077 30281 40331 52008 555   1////=
 22717 83/70 /0401 11072 21105 30129 40333 52005 555   1////=
 22802 82998 00501 11031 21071 30294 40318 52005 555   1/109=
 22820 22998 50000 11054 21089 30187 40330 52008 80001 555   1/106=
 22831 42997 30000 11053 21076 30271 40329 52011 80001 555   1/111=
 22805 429// 20603 10005 21035 30294 40314 52006 80001 555   1/102=
 22912 42984 00201 11044 21055 30297 40313 52004 555   1/105=
 
