03:31:00 MSK 10.12.2023
020 123456/=о000=0031
 унту01 бтул 100000
 22686 42598 80000 11264 21292 30382 40497 57004 8657/ 333 86626 555 1/123=
 22695 42998 00000 11236 21273 30312 40487 57005 555 1/121=
 22996 41998 80000 11192 21206 30279 40486 58004 70272 8807/ 555 1/116=
 23220 43/// /1801 11141 21157 30314 40468 52008 555 1/112=
 23226 42560 80201 11131 21144 30236 40469 52008 885// 333 88622
 555 1/112=
 23305 42/// /1902 11280 21309 30469 40501 54001 555 1/131=
 23320 86/// /2102 11142 21150 30399 40479 52008=
 23324 42579 81502 11133 21150 30392 40477 52007 885// 333 88624 555
 1/113=
 23405 42997 00000 11296 21320 30390 40506 57001 555 
 1/134=
 23410 86/// /3002 11142 21168 30376 40483 51007 555 53005=
 23411 NIL=
 23412 41999 83303 11143 21167 30380 40486 53007 70272 8805/ 555 1/115=
 23416 NIL=
 23418 41665 80000 11149 21162 30404 40485 53004 72272
 885// 333 88643 555 1/115=
 23503 42/// /2001 11230 21262 30448 40505 52002 555 1/120=
 23507 NIL=
 23509 NIL=
 23514 41597 82901 11179 21199 30277 40496 52002 77172 8672/ 333 86630
 555 1/117=
 23518 NIL=
 23606 41660 80000 11172 21195 30312 40497 52001 70272 885// 333 88635 555 1/115=
 23612 NIL=
 23701 NIL=
 23704 86/// /0000 11179 21189 39047 49161 52010 555 53004=
 23707 81597 80501 11177 21197 30342 40489 57003 77176 8652/ 333 86624  93628 555 1/117=
 23708 42/// /1801 11172 21195 30332 40498 54001 555 1/116=
 23709 41597 82401 11171 21199 30281 40495 57002 77172 885// 333 88630 555 1/116=
 23711 41597 81401 11161 21180 30300 40487 53004 77172 8652/ 333 86624 555 1/116=
 23803 41697 80000 11183 21216 30304 40505 53001 77172 8552/ 333 85636 555 1/117=
 23804 41596 81701 11179 21199 30328 40490 57003 77172 8552/ 333 85626 555 1/116=
 23807 42/// /1501 11193 21203 30316 40496 54001 555 1/117=
 23808 86/// /1301 11195 21206 30319 40507 54001=
 23812 41497 80000 11197 21224 30310 40492 53002 70272 8277/ 333 934//
 555 1/118=
 23904 42575 81501 11200 21220 30325 40501 57002 885// 333 88620 555
 1/119=
 23905 41896 80000 11206 21228 30249 40505 57002 77172 8802/ 555
 1/120=
 23909 41497 83301 11199 21221 30225 40500 57002 77172 8652/ 333
 93605=
 23912 41598 80000 11197 21219 30278 40493 54000 77172 8452/ 555
 1/119=
 23913 41997 83601 11210 21247 30237 40495 52002 77172 8802/ 555
 1/120=
 23914 81497 83102 11195 21217 30204 40491 54000 77172 8802/=
 27095 NIL=
 28013 41897 82802 11198 21227 30237 40496 57002 77172 8802/ 555
 1/119=
 28016 42/// /0000 11203 21220 30247 40500 57003 555 1/120=
 28029 42899 50000 11268 21296 30239 40492 54000 85020 555 1/131=
 28116 41496 83101 11212 21236 30235 40495 57004 77172 8872/=
 28128 41998 00000 11275 21304 30318 40496 57002 77671 555 1/133=
 28134 41998 50000 11292 21322 30088 40496 57002 77651 80005 555
 1/131=
 28138 43/// /0000 11250 21284 39832 40477 57001=
 28216 41899 12901 11240 21270 30159 40498 57002 70171 81020 555
 1/131=
 28222 42/// /0000 11326 21363 30271 40501 57002 555 1/135=
 28224 41560 61301 11306 21337 30249 40499 57002 70271 82515 333
 93604=
 28234 42997 01401 11318 21362 30171 40499 57002 555 1/133=
 28238 41899 82202 11274 21310 30138 40488 50000 70272 8802/ 555
 1/126=
 28313 42/// /3601 11228 21258 30277 40495 57005 555 1/123=
 28319 41896 80000 11237 21263 30308 40495 57004 77177 8802/=
 28321 41899 60000 11261 21291 30263 40497 58002 70372 86070=
 28324 42/// /0801 11280 21313 30357 40497 58003 555 1/133=
 28326 42998 20000 11368 21406 30280 40504 57001 80001 555 1/141=
 28413 41898 80000 11236 21270 30351 40491 57005 70272 8805/ 555
 1/123=
 28428 41596 80000 11255 21287 30279 40492 57002 77172 8802/ 555
 1/127=
 28429 42/// /0000 11284 21315 30020 40497 50001 555 1/128=
 22983 41979 80901 11189 21210 30363 40481 57007 77872 8805/ 333 91001
 91103 555 1/117=
 27083 42584 80000 11194 21217 30230 40479 57005 885// 333 91000 91102
 555 1/118=
 27097 42/// /1001 11204 21218 30191 40485 57006 333 91003 91103 555
 1/120=
 27185 42/// /1001 11206 21230 30273 40480 57004 333 91002 91102 555
 1/118=
 27199 41996 80801 11213 21237 30265 40488 57004 77172 8802/ 333 91002
 91103 555 1/120=
 27281 42984 81002 11223 21247 30239 40474 57004 8805/ 333 91003 91104
 555 1/122=
 27283 42497 80902 11218 21242 30306 40482 57002 885// 333 91003 91104
 555 1/121=
 27295 42/// /0602 11212 21240 30198 40482 57007 333 91003 91104 555
 1/119=
 27296 41997 81101 11215 21245 30240 40486 57003 70272 8802/ 333 91002
 91103 555 1/120=
 27385 429// 00000 11327 21360 30329 40482 57003 333 91000 91103 555
 1/137=
 27393 42598 70902 11229 21256 30297 40491 57002 86530 333 91003 91104
 555 1/122=
 27480 42998 00402 11278 21314 30320 40469 57004 333 91003 91103 555
 1/131=
 28007 42999 80000 11228 21261 30202 40499 57004 80005 333 91000 91102
 1/123=
 28009 41997 80000 11221 21258 30266 40505 57004 77172 8802/ 333 91000
 91101 555 1/121=
 28105 42998 80000 11220 21252 30274 40493 57004 8802/ 333 91000 91101
 555 1/121=
 28202 41596 81201 11222 21252 30245 40496 58002 77172 885// 333 91002
 91103 555 1/121=
 28302 41997 80000 11206 21238 30232 40490 57004 77122 8802/ 333 91000
 91102 555 1/120=
 28307 42498 80000 11229 21259 30319 40486 57003 885// 333 91000 91102
 555 1/122=
 28402 41965 80802 11229 21254 30282 40486 57002 77172 8807/ 333 91003
 91104 555 1/122=
 28502 42997 00000 11324 21366 30367 40490 57004 333 91000 91102 555
 1/131=
 22550 81969 01304 11224 21250 30393 40404 57004 70230 555 1/124=
 22778 42998 21202 11223 21249 30390 40469 57008 80001 555 1/126=
 22889 42/// /1002 11202 21219 30386 40484 57003 555 1/119=
 22762 42997 61302 11245 21271 30406 40451 57004 8003/ 555 1/128=
 22638 46/// /1302 11218 21242 30103 40354 57009=
 22671 42/// /1602 11232 21259 30370 40460 57002 555 1/127=
 22456 42997 31702 11213 21255 30312 40408 57005 80001 555 1/125=
 22583 42998 00000 11289 21319 30400 40494 57001 
 555 1/135=
 22749 42/// /0000 11254 21277 30246 40389 57014 555 1/127=
 22951 42/// /1202 11224 21246 30091 40408 57009 555 1/122=
 22887 41597 80000 11195 21214 30400 40479 57010 78582 8695/
 333 86932 555 1/118=
 22876 42997 80601 11216 21234 30392 40474 57007 8805/ 555 1/120=
 22481 43/// /1202 11253 21279 30402 40463 57002 555 1/129=
 22854 42/// /1202 11215 21238 30085 40409 57010 555 1/124=
 22781 NIL=
 22676 42998 01601 11261 21291 30385 40475 57003 555 1/131=
 22648 42998 01302 11219 21239 30341 40393 57008 555 1/125=
 22559 NIL=
 22869 42998 00801 11235 21264 30290 40459 57007 555 1/126=
 22768 42997 00901 11272 21302 30388 40446 57005 555 1/132=
 22798 41497 80000 11187 21205 30364 40490 57005 77872 885// 555
 1/118=
 22375 46/// /1907 11205 21236 30409 40426 57005=
 23207 NIL=
 23215 42598 82802 11134 21157 30382 40480 51006 885// 333 88630 555
 1/113=
 23219 NIL=
 22408 41559 81303 11151 21166 30128 40290 57009 78582 889// 333  
 88920 93505 555   1/113=
 22511 41361 81302 11151 21169 30163 40294 57009 77072 8371/ 333  
 93506 555   1/115=
 22529 41598 61502 11207 21232 30332 40340 57006 70272 86500 333  
 86621 555   1/123=
 22602 41458 81101 11130 21146 30032 40274 57009 77172 885// 333  
 88615 93503 555   1/112=
 22621 83244 /1203 11186 21205 30172 40326 57004 555   1////=
 22619 42498 81105 11160 21177 30129 40302 57008 885// 333   88613
 555   1/112=
 22721 41396 81202 11177 21196 30215 40323 57008 77172 8872/ 333  
 86709 555   1/117=
 22727 86325 /1406 11094 21106 30251 40302 57009 333   91112 555  
 1////=
 22717 83/56 /1101 11157 21177 30073 40287 57009 555   1////=
 22802 41496 80806 11126 21141 30233 40258 57010 78583 889// 333  
 88911 555   1/108=
 22820 42998 81204 11181 21210 30158 40308 57011 8805/ 333   91110
 555   1/117=
 22831 42997 51002 11202 21229 30284 40345 57009 80001 555   1/119=
 22805 815// 81412 11064 21070 30223 40249 57012 73632 885// 333  
 91016 91116 555   1/105=
 22912 42984 61105 11153 21175 30267 40283 57009 86030 555   1/115=
 
