21:31:00 MSK 07.05.2023
020 123456/=о000=1831
 унту01 бтул 071800
 22686 82998 13203 11009 21091 30101 40202 52016 80005 333 91110=
 22695 42/// /3305 11015 21110 30023 40179 52013 333 91111=
 22996 41598 52902 11018 21039 30026 40215 52014 70282 83930=
 23220 41598 80803 11027 21056 39915 40058 57022 70282 885// 333 91110=
 23226 41960 80507 11042 21068 39855 40072 57023 70282 8802/ 333 91012 
 91112=
 23305 42999 73606 11033 21081 30148 40177 58005 87070 333 91011 91113=
 23320 66/// /3403 11021 21036 39992 40065 57009 60002 333 11001=
 23324 41332 80303 11026 21033 39989 40067 57011 77372 8872/ 333 86707=
 23405 41665 83306 11034 21090 30070 40173 52001 70272 
 8655/ 333 86634 91012 91115=
 23410 66/// /3206 11069 21085 39998 40097 57005 60002 333 11033 91111=
 23411 41498 83607 11057 21079 30039 40130 58001 77173 8872/ 333
 91012 91114=
 23412 41396 83605 11067 21083 30005 40105 58005 77172 8677/ 333 86707 91112=
 23416 NIL=
 23418 41450 83406 11058 21084 30016 40091 51001 77176
 8652/ 333 86615 91010 91110 93403=
 23501 NIL=
 23503 41997 83504 11043 21063 30085 40136 58002 77172 8802/ 333 91111=
 23507 86/// /3505 11045 21085 39857 40175 52006 333 91112=
 23509 41495 83205 11046 21063 30060 40140 51002 77373 8872/ 333 86710
 91111=
 23514 41395 83304 11059 21066 39910 40112 57001 77373 8772/ 333 87706 91110=
 23518 41496 83305 11050 21059 39980 40073 57006 78582 889// 333 84713
 555 53010=
 23606 41460 83104 11049 21053 39966 40136 52004 78582 889// 333 85913=
 23612 NIL=
 23701 41480 73402 11030 21065 30047 40179 52011 70287 83540=
 23704 66/// /3001 11030 21032 39926 40039 55004 60002 333 11016=
 23707 81498 62803 11032 21039 30040 40176 52005 70282 82944=
 23708 41483 82803 11028 21048 30013 40165 52008 77172 885// 333 88616=
 23709 41496 82704 11034 21055 39948 40144 52004 78582 889// 333 85711=
 23711 41497 83002 11045 21068 39938 40111 52002 78582 8697/ 333 86919=
 23803 41497 83005 11026 21059 39980 40163 51012 78582 889// 333 88918=
 23804 81997 62702 11033 21040 30030 40178 52004 72682 83031=
 23807 41597 72504 11025 21034 30032 40197 51006 70182 82530=
 23808 86/// /2604 11021 21038 30012 40183 51015=
 23812 41496 83004 11032 21044 39953 40118 52010 78582 889//=
 23904 41479 83003 11021 21035 30046 40206 52016 72782 883// 333 88919=
 23905 41599 82802 11023 21043 39954 40185 52019 70282 885// 333 91110
 555 50002=
 23909 41496 82803 11022 21032 39920 40169 52027 78582 8637/ 333
 91111=
 23912 41597 83106 11013 21024 39936 40129 53011 78582 86901 333 91010
 91114 555 50044=
 23913 41597 82901 10009 21027 39882 40111 58007 78587 889// 555
 50057=
 23914 81498 72907 11012 21028 39875 40134 52012 72682 87900 333 91012
 91115=
 28013 41398 82804 11014 21032 39932 40166 52029 72682 889// 333 91111
 555 50024=
 28016 42/// /3005 11016 21021 39953 40181 52022 333 91011 91111 555
 50020=
 28029 43/// /2506 10010 21018 39934 40154 52006 333 91113 555 50046=
 28116 41499 72603 11007 21021 39953 40186 52019 70182 87900 333
 91114=
 28128 41499 62504 10011 21022 30026 40180 52015 70382 86700 333 91115
 555 50049=
 28134 41595 82102 11004 21020 39818 40172 52011 78581 889// 555
 50051=
 28138 43/// /2405 10006 21091 39593 40162 52014 333 91114=
 28216 41699 72703 11001 21040 39906 40207 52015 70182 87400 333 91110
 555 50032=
 28222 42/// /2604 10012 21032 39991 40187 52015 333 91113 555 50061=
 28224 42570 62804 10024 21054 39979 40192 52015 86600 333 91010
 91114=
 28234 42598 62704 10025 21093 39905 40184 53012 86400 333 91114 555
 50084=
 28238 42599 32709 10031 21081 39876 40179 52020 83400 333 91014 91114
 555 50073=
 28313 42/// /2502 10005 21030 30024 40218 51019 333 91110 555 50044=
 28319 42598 22704 10026 21061 30052 40216 52013 82500 333 91111=
 28321 41599 62704 10011 21027 30004 40209 52016 72682 86900 333
 91110=
 28324 42/// /2703 10030 21074 30091 40212 51017 333 91112 555 50060=
 28326 NIL=
 28413 42599 22502 10031 21046 30105 40228 51013 82400 333 91110 555
 50056=
 28428 42599 12803 10021 21085 30036 40222 51024 81500 333 91112 555
 50073=
 28429 42/// /2703 10026 21065 39800 40213 52021 333 91110 555 50066=
 22983 41574 32502 11019 21021 30108 40215 52006 71211 81431 333 91002
 91106=
 27083 41584 62402 11012 21022 39996 40222 52006 70272 86500 333 91003
 91105=
 27097 41498 62403 11009 21017 39963 40229 51008 70282 86900 333 91005
 91109=
 27185 42/// /2101 10002 21038 30059 40246 52008 333 91003 91106=
 27199 42598 52602 11002 21027 30042 40242 52017 85500 333 91002
 91108=
 27281 42484 72802 10014 21041 30044 40254 52010 87570 333 91003
 91106=
 27283 42497 52802 10002 21047 30091 40250 52015 82530 333 91003
 91110=
 27295 41597 83002 10013 21051 39995 40250 52018 70282 885// 333 91005
 91109=
 27296 41597 83203 10007 21041 30021 40241 52035 70282 885// 333 91005
 91110=
 27385 415// 73001 10028 21046 30124 40254 52009 70282 84530 333 91002
 91107=
 27393 42598 53004 10026 21047 30074 40246 52014 85900 333 91006
 91106=
 27480 42598 80000 10028 21033 30131 40261 52008 885// 333 91000
 91106=
 28007 41499 83105 11017 21056 39958 40225 52019 70282 883// 333 88912
 91009 91112=
 28009 41496 82904 11011 21050 39999 40213 52024 78782 889// 333 91008
 91110=
 28105 41598 73002 11007 21047 30027 40230 52022 70272 87800 333 91006
 91108=
 28202 41597 83106 11004 21029 39998 40223 52014 72682 889// 333 91012
 91112=
 28302 41597 82903 10016 21038 30001 40232 51012 70282 8497/ 333 91006
 91108=
 28307 41498 22801 10015 21050 30099 40245 52009 70281 82500 333 91003
 91109=
 28402 41984 12602 10022 21041 30059 40240 52008 70282 81030 333 91005
 91108=
 28502 42997 12603 10002 21041 30145 40250 51014 80001 333 91003
 91109=
 22550 81697 53102 10027 21006 30237 40247 54000 70282 83580=
 22778 42598 73202 10026 21065 30149 40219 52007 83571=
 22889 41496 22901 11050 21050 30121 40210 54000 71070 82400=
 22762 41596 72902 10017 20000 30197 40237 53006 76062 83570=
 22638 NIL=
 22671 41598 20101 11000 21057 30144 40224 52006 70181 82400=
 22456 41597 83201 10026 21014 30149 40237 57002 70282 885//=
 22583 42598 73402 11013 21072 30129 40211 52006 875//=
 22749 42598 23102 10039 21033 30136 40262 52007 82500=
 22951 12898 63001 10021 21051 39981 40266 52008 86030=
 22887 42597 82701 11003 21018 30138 40209 52003 8355/=
 22876 42597 82601 10030 21056 30141 40214 52007 885// 333 88625=
 22481 42998 40000 11019 21059 30171 40225 54000 83031=
 22854 42899 32901 10024 21053 39969 40261 52006 83030=
 22781 NIL=
 22676 42598 63405 10004 21075 30139 40218 52010 82430 333 91112=
 22648 42698 33002 10039 21027 30215 40262 52006 82430=
 22559 41598 63002 10029 21011 30227 40244 52005 70282 82530 333 91110=
 22869 41997 72902 10027 21051 30092 40242 52004 70282 80030=
 22768 41597 62903 10026 21002 30185 40235 52002 70282 85930 333
 84627=
 22798 42998 60000 11032 21038 30073 40188 53006 82031=
 22375 NIL=
 23207 NIL=
 23215 42398 80108 11072 21094 30033 40125 57011 886// 333 88707 91014
 91114=
 23219 NIL=
 27095 66/// /2602 11011 21017 30002 40235 51011 60002 333 11001 91111=
 22408 12999 62601 10046 21059 30101 40251 57004 60002 83039 333  
 10099=
 22511 22998 22201 10048 21052 30132 40253 57004 60002 82030 333  
 10118=
 22529 12599 21801 10016 21042 30254 40261 57004 60002 82500 333  
 10092=
 22602 12980 32701 10059 21050 30035 40260 52002 60002 82031 333  
 10104=
 22621 12898 61801 10043 21045 30123 40263 57003 60002 86030 333  
 10092=
 22619 12482 41402 10043 21071 30098 40258 57007 60002 82550 333  
 10095=
 22721 12999 71301 10043 21029 30169 40268 54000 69902 87030 333  
 10100=
 22727 12970 81501 10043 21009 30224 40272 54000 60002 8803/ 333  
 10102=
 22717 12598 52401 10064 21039 30079 40272 57001 60002 85500 333  
 10106 85631=
 22802 12699 72101 10087 21038 30255 40278 57002 60002 82531 333  
 10125=
 22820 12970 71801 10054 21015 30137 40274 57001 69902 87030 333  
 10087=
 22831 12998 22901 10034 21040 30219 40275 52006 60002 82030 333  
 10103=
 22805 12598 71701 10061 21020 30257 40277 56002 60002 87500 333  
 10072=
 22912 12599 62201 10059 21028 30271 40286 54000 69902 83530 333  
 10105=
 
