21:31:00 MSK 07.09.2023
020 123456/=о000=1831
 унту01 бтул 071800
 22686 81396 83504 10087 20079 30001 40097 54000 75165 886// 333 88708=
 22695 42/// /3604 10089 20073 39925 40072 52004 333 91110=
 22996 82/// /3201 10075 20075 39896 40076 54000=
 23220 42999 10503 10071 20038 39982 40120 52009 81030=
 23226 42960 21502 10095 20056 39915 40123 52015 82070=
 23305 41984 83604 10096 20091 30112 40138 52020 70262 8807/ 333 91111=
 23320 66/// /1401 10088 20074 30036 40107 52012 60002 333 10223=
 23324 41984 20000 10103 20088 30037 40111 52015 70281 82070=
 23405 41296 80107 10095 20089 30023 40119 52018 71062 886// 333 88706
 91011 91113=
 23410 66/// /0801 10112 20104 30015 40107 52016 60002 333 10201=
 23411 41498 83603 10141 20135 30027 40112 52020 76162 8772/=
 23412 42999 20602 10127 20116 30016 40108 52016 82030=
 23416 NIL=
 23418 42965 51101 10137 20109 30033 40103 52019 85030=
 23501 NIL=
 23503 42998 60202 10133 20122 30054 40102 52020 83031=
 23507 86/// /0103 10092 20092 39801 40101 52020 333 91111=
 23509 42998 53401 10133 20125 30012 40086 52017 85070=
 23514 42597 80901 10127 20114 39905 40092 52017 8255/=
 23518 82997 51002 10146 20098 30011 40098 52018 85070 555 53008=
 23606 41960 81001 10135 20135 39919 40077 52022 70282 8805/=
 23612 NIL=
 23701 41413 80801 10097 20092 39950 40075 52013 75385 886// 333 88711=
 23704 66/// /0000 10093 20093 39706 49816 57012 60002 333 10099=
 23707 81998 63001 10082 20080 39943 40071 52006 70282 86070=
 23708 41906 91601 10085 20074 39933 40078 52014 74754=
 23709 81498 80000 10105 20092 39893 40078 51020 70282 889// 333 85918=
 23711 41598 81101 10135 20130 39920 40081 52018 72582 8697/ 333 86920=
 23803 41599 70000 10096 20073 39902 40075 51012 70252 87900=
 23804 81397 80000 10086 20083 39933 40073 52006 70282 889// 333 84707=
 23807 82997 20101 10085 20083 39922 40078 52006 80030=
 23808 86/// /3301 10086 20080 39915 40077 52006=
 23812 41597 70000 10127 20120 39925 40080 52014 70298 81530=
 23904 41470 80000 10084 20084 39924 40076 51002 70282 883// 333 86612=
 23905 82599 53201 10075 20072 39854 40075 52005 85500 555 50108=
 23909 81598 83502 10102 20096 39833 40068 52005 72582 883//=
 23912 81598 81302 10143 20118 39885 40067 52007 72582 84901 555
 50150=
 23913 82999 10000 10099 20093 39865 40086 51009 80001 555 50125=
 23914 81498 81402 10138 20125 39822 40065 52007 72582 889//=
 28013 81598 62701 10112 20099 39843 40064 52007 70282 86500 555
 50137=
 28016 82/// /3101 10109 20106 39853 40068 53010 555 50136=
 28029 81597 81201 10141 20129 39853 40061 52005 78082 889// 555
 50141=
 28116 81496 80000 10107 20104 39846 40066 52008 71086 885//=
 28128 81597 83001 10120 20117 39918 40064 52001 76098 8802/ 555
 50146=
 28134 81698 80000 10130 20123 39735 40068 52005 70282 885// 555
 50122=
 28138 43/// /0902 10126 20085 39535 40074 57002=
 28216 81698 82401 10110 20102 39784 40069 51006 70282 885// 555
 50130=
 28222 42/// /0000 10125 20122 39878 40063 54000 555 50148=
 28224 81540 80000 10121 20118 39861 40064 54000 78082 889//=
 28234 81597 81101 10132 20119 39801 40065 50002 76062 885// 555
 50139=
 28238 81599 20501 10123 20108 39781 40069 50004 70181 82400 555
 50117=
 28313 42/// /0000 10110 20102 39886 40070 52002 555 50131=
 28319 81598 70000 10102 20099 39915 40072 53002 70382 86530=
 28321 81597 80000 10115 20111 39872 40066 50001 76162 8552/=
 28324 42/// /2901 10114 20101 39951 40067 50000 555 50141=
 28326 81598 62802 10124 20120 39884 40062 52001 70262 86500 555
 50128=
 28413 82499 32902 10115 20080 39958 40075 52006 83500 555 50144=
 28428 81598 82901 10114 20098 39891 40068 54001 72582 889// 555
 50133=
 28429 42/// /0000 10127 20122 39669 40060 50000 555 50133=
 22983 41463 83001 10077 20073 39986 40088 57008 78082 889// 333 91002
 91105=
 27083 41457 83101 10069 20064 39870 40087 57008 76162 8872/ 333 91002
 91106=
 27097 41497 82802 10068 20067 39837 40092 57004 76186 8872/ 333 91004
 91107=
 27185 42/// /2801 10070 20066 39929 40108 57008 333 91003 91105=
 27199 41498 73001 10077 20068 39908 40100 54000 70286 85770 333 91003
 91105=
 27281 41484 63001 10060 20051 39917 40120 57011 70282 81931 333 91002
 91106=
 27283 42497 83003 10072 20059 39958 40110 58005 8697/ 333 91005
 91108=
 27295 41597 82702 10074 20047 39864 40110 57001 70282 884// 333 91004
 91106=
 27296 41597 83002 10077 20057 39889 40101 52002 70282 889// 333 91004
 91109=
 27385 414// 72801 10070 20059 39998 40124 57001 70282 87700 333 91002
 91105=
 27393 41598 63003 10081 20058 39944 40110 52004 70282 85540 333 91005
 91108=
 27480 41598 52801 10062 20058 30009 40136 54000 70282 81501 333 91002
 91106=
 28007 42499 83002 10076 20064 39831 40085 52002 86350 333 86917 91003
 91105=
 28009 41498 83002 10085 20073 39880 40084 52006 72582 889// 333 91003
 91104=
 28105 42998 62601 10073 20064 39900 40088 52002 86030 333 91003
 91103=
 28202 42997 03002 10070 20054 39872 40088 52005 333 91004 91105=
 28302 42997 53103 10080 20056 39870 40092 52006 85030 333 91005
 91107=
 28307 42498 82802 10085 20052 39967 40107 51005 885// 333 91007
 91107=
 28402 41582 82802 10080 20068 39926 40100 52008 70282 8457/ 333 91004
 91105=
 28502 42697 83106 10099 20062 30001 40101 52008 885// 333 91008
 91109=
 22550 82671 73502 10102 20069 30187 40197 52003 87500 333 87648=
 22778 41496 83203 10083 20072 30049 40117 57009 78082 889//=
 22889 41496 82802 10078 20078 30002 40086 57004 76162 8872/ 333
 88512=
 22762 NIL=
 22638 46/// /2700 10040 20039 39992 40217 52001=
 22671 41498 83604 10093 20074 30073 40153 52006 70282 8797/ 333
 87919=
 22456 42997 03401 10059 20058 30110 40197 52007=
 22583 41598 73501 10090 20078 30057 40135 52009 70288 875//=
 22749 41598 23401 10088 20062 30069 40192 52003 70281 82500=
 22951 42898 53302 10083 20061 39908 40184 54000 85070=
 22887 41397 83104 10082 20080 30027 40095 57006 78082 889//
 333 85707 91112=
 22876 41496 83002 10084 20076 30034 40105 57009 78088 889// 333 88916
 91111=
 22481 42/// /3402 10077 20058 30118 40170 51012=
 22854 41899 33202 10077 20060 39903 40187 53002 70181 83030=
 22781 NIL=
 22676 41598 73406 10090 20070 30050 40125 58001 70282 87500 333 91010
 91110=
 22648 42998 13302 10068 20067 30158 40203 52005 81030=
 22559 81998 23303 10094 20060 30176 40192 52005 70281 82030 333 91110=
 22869 41597 83202 10081 20073 30002 40147 58008 78082 889// 333
 86920=
 22768 41497 83303 10091 20076 30099 40148 57006 78082 8695/ 333
 85914=
 22798 41496 83101 10083 20081 39967 40076 54000 78082 889//=
 22375 NIL=
 23207 NIL=
 23215 41993 03602 10126 20126 30027 40112 52014 74542=
 23219 NIL=
 27095 66/// /2901 10069 20069 39876 40099 57002 60002 333 10089=
 22408 12984 63401 10078 20070 30060 40207 57004 60002 82039 333  
 10168=
 22511 12684 71801 10093 20083 30089 40207 57005 60002 82531 333  
 10166=
 22529 12598 40000 10065 20058 30203 40210 52001 60002 81532 333  
 10169=
 22602 12476 72502 10119 20081 39993 40212 57006 60002 86530 333  
 10172 86617=
 22621 12998 80000 10101 20090 30074 40210 57005 60002 8805/ 333  
 10166=
 22619 12498 52502 10114 20084 30054 40209 57007 60002 85500 333  
 10169=
 22721 12997 83001 10113 20090 30117 40213 57003 60002 8805/ 333  
 10162=
 22727 12970 20000 10113 20097 30171 40218 57004 60002 80001 333  
 10174=
 22717 12998 72801 10113 20087 30034 40226 57004 60002 84035 333  
 10160=
 22802 12598 72201 10114 20105 30208 40231 57008 60002 82530 333  
 10179=
 22820 12698 62302 10107 20082 30086 40219 57005 60002 82530 333  
 10156=
 22831 12997 63101 10089 20077 30155 40209 57002 60002 86030 333  
 10167=
 22805 125// 72903 10150 20106 30210 40234 57007 60002 87500 333  
 10181=
 22912 12584 72602 10130 20093 30213 40228 57009 60002 83330 333  
 10172=
 
