21:31:00 MSK 09.02.2023
020 123456/=о000=1831
 унту01 бтул 091800
 22686 41597 82205 11004 21033 30011 40112 58021 77073 8652/ 333 86621
 91110=
 22695 42498 82404 11016 21046 39946 40100 57017 885// 333 88617 91111=
 22996 41597 82405 11031 21045 30023 40213 57016 77173 8452/ 333 91112=
 23220 41496 82006 11034 21039 39874 40016 57008 77173 887//=
 23226 41450 82207 11036 21041 39791 40007 57011 77172 886// 333 86712 
 91010 91111 93402=
 23305 41984 82305 11011 21037 30015 40040 57012 73632 8807/ 333 91110=
 23320 66/// /2305 11022 21057 39976 40049 53002 60002 333 11021 91010 91111=
 23324 42580 82305 11023 21049 39958 40035 57004 885// 333 88623 91110=
 23405 42597 82204 11015 21032 39958 40058 57015
 8355/=
 23410 66/// /1904 11026 21041 39952 40050 52003 60002 333 11019=
 23411 42999 82105 11024 21031 39954 40043 58010 8801/ 333 91110=
 23412 41497 82303 11024 21038 39952 40049 52001 77172 8557/=
 23416 NIL=
 23418 42565 82203 11022 21051 30002 40076 53007 885//
 333 88621=
 23501 NIL=
 23503 42498 82402 11020 21045 30027 40078 57004 885// 333 88616=
 23507 86/// /2605 11032 21037 39777 40091 58010 333 91111=
 23509 42/// /2304 11021 21043 30014 40093 56013=
 23514 41397 82503 11034 21044 39895 40094 52001 77073 887// 333 86709  91110=
 23518 42997 82202 11033 21047 30005 40098 50005 8807/ 555 53008=
 23606 42360 82404 11031 21048 39938 40112 58011 
 887// 333 86709 91111=
 23612 NIL=
 23701 41460 82404 11021 21038 30001 40132 58019 77073 8802/ 333 88517
 91110=
 23704 66/// /2404 11021 21028 39926 40039 55004 60002 333 11021 91110=
 23707 81498 82306 11022 21037 30016 40151 57014 73633 885// 333 88619 91112=
 23708 41484 82406 11028 21049 30002 40154 58014 73632 886// 333 86618
 91110=
 23709 42598 82504 11032 21057 39954 40150 58010 883// 333 85921 91111=
 23711 42498 82502 11033 21053 39952 40124 56001 885// 333 86712=
 23803 41599 82704 11030 21060 39986 40170 58014 73632 889// 333 88930=
 23804 82497 82402 11024 21042 30022 40170 57012 885// 333 88613=
 23807 41496 82407 11028 21044 30026 40191 56014 78583 889// 333 85911
 91010 91114=
 23808 86/// /2306 11030 21047 30017 40189 57014 333 91110=
 23812 42497 82703 11036 21058 39986 40151 57004 885// 333 88619 934//=
 23904 41378 82403 11031 21040 30050 40211 57012 70232 886// 333 88709=
 23905 41599 82404 11034 21047 39966 40198 57013 70232 885// 555
 51040=
 23909 41498 82504 11037 21051 39946 40196 57001 73632 885// 333
 91110=
 23912 42/// /2402 11044 21055 39984 40181 55000 555 51055=
 23913 42999 82801 11042 21067 39944 40179 55003 8803/ 555 51058=
 23914 82498 82806 11046 21058 39920 40183 57001 885// 333 91010
 91110=
 28013 41898 62605 11038 21062 39964 40201 55003 73632 86070 333 91111
 555 51047=
 28016 42/// /2604 11035 21063 39986 40218 58017 333 91112 555 51046=
 28029 42599 82404 11053 21068 39976 40202 54000 8352/ 333 93401 555
 51054=
 28116 42499 82705 11042 21061 39987 40224 57006 885//=
 28128 42599 82302 11094 21105 30065 40226 57001 885// 555 51060=
 28134 42598 82901 11061 21074 39851 40214 57001 8651/ 555 51066=
 28138 43/// /2606 11069 21080 39606 40191 57015 333 91010 91111=
 28216 41899 82606 11046 21064 39934 40241 58016 73632 8802/ 333 91010
 91112 555 51062=
 28222 42/// /2101 11085 21097 30027 40231 55005 555 51057=
 28224 42570 72603 11053 21074 30011 40232 57013 87500=
 28234 42898 72804 11062 21086 39933 40222 56010 87080 555 51067=
 28238 41599 82606 11055 21081 39897 40210 58014 70232 885// 555
 51067=
 28313 42/// /2403 11041 21062 30057 40255 58014 555 51056=
 28319 42598 82504 11047 21065 30104 40273 57007 885//=
 28321 42899 62604 11049 21068 30036 40246 58015 86030 333 91111=
 28324 42/// /2704 11041 21076 30136 40261 57008 333 91110 555 51061=
 28326 42598 52402 11069 21084 30041 40235 57011 82530 555 51067=
 28413 42598 82603 11045 21071 30160 40286 58006 885// 555 51056=
 28428 42598 72804 11051 21077 30078 40270 54001 87900 555 51078=
 28429 42/// /2503 11069 21079 39832 40261 57007 555 51097=
 22983 41584 82405 11024 21041 30102 40209 57018 73832 885// 333 91011
 91111=
 27083 41584 82504 11038 21051 30004 40233 57018 73632 885// 333 91006
 91111=
 27097 41598 82303 11032 21038 39978 40247 56018 73632 885// 333 91006
 91110=
 27185 42/// /2203 11028 21046 30081 40270 58015 333 91007 91109=
 27199 41598 82504 11022 21040 30065 40267 57016 73632 885// 333 91006
 91108=
 27281 42484 82703 11028 21043 30070 40284 57011 886// 333 91006
 91109=
 27283 41497 82704 11019 21041 30107 40267 57012 70232 887// 333 91006
 91110=
 27295 42597 82304 11027 21048 30024 40284 57011 885// 333 91007
 91111=
 27296 42997 82704 11024 21050 30052 40276 57010 8807/ 333 91008
 91108=
 27385 414// 82404 11024 21049 30165 40298 57013 73832 887// 333 91006
 91108=
 27393 41498 82507 11030 21047 30118 40294 58008 73632 8662/ 333 91011
 91112=
 27480 42598 82202 11031 21052 30179 40312 57012 885// 333 91004
 91106=
 28007 41499 82504 11033 21051 39974 40243 57015 73632 885// 333 88615
 91008 91111=
 28009 41598 82505 11031 21058 30024 40239 57008 73632 885// 333 91009
 91111=
 28105 41598 82505 11025 21045 30049 40254 57021 70232 885// 333 91008
 91112=
 28202 42597 82703 11030 21048 30035 40263 58015 885// 333 91006
 91107=
 28302 42597 82603 11034 21053 30048 40284 58006 885// 333 91006
 91108=
 28307 42498 82402 11036 21056 30151 40300 58009 885// 333 91006
 91110=
 28402 41481 82604 11041 21051 30115 40300 58006 73632 886// 333 91008
 91109=
 28502 41597 82605 11043 21060 30202 40310 57008 73673 8802/ 333 91007
 91110=
 22550 82571 82305 10013 21029 30047 40057 57009 885// 333 88623
 91111=
 22778 41598 82306 10004 21033 30080 40150 57018 70272 885// 333 91010
 91111=
 22889 41498 82306 11020 21033 30105 40194 57021 73632 886// 333 88711
 91010 91113=
 22762 42398 82003 10007 21026 30084 40123 56011 8577/ 333 91111=
 22638 46/// /2203 11010 21035 39861 40088 57006=
 22671 41496 82204 10003 21008 39997 40076 58021 77172 8802/ 333 88519
 91111=
 22456 41496 82404 10006 21020 39939 40026 56010 78582 889// 333
 91112=
 22583 42598 72202 10000 21028 39982 40063 57020 875//=
 22749 41598 22306 11009 21046 30015 40141 57010 73631 82900 333 91010
 91113=
 22951 41498 82503 11017 21038 39903 40190 57019 73673 8573/ 333
 91112=
 22887 41597 82005 11008 21033 30116 40187 57021 70282 8755/ 
 333 87620 91111=
 22876 41597 82306 11003 21028 30095 40169 57026 73633 889// 333 88920
 91012 91114=
 22481 41598 82107 10002 21006 39967 40019 57020 72683 889// 333 91010
 91113=
 22854 41498 62205 11023 21040 39868 40162 57018 70132 83630 333 91010
 91113=
 22781 NIL=
 22676 41598 82306 10004 21029 30021 40099 57021 70273 885// 333 91010
 91113=
 22648 42/// /2405 10008 21028 30055 40102 57016 333 91114=
 22559 41697 82406 10010 21031 30054 40070 56012 70276 885// 333 88640
 91010 91112=
 22869 41498 82206 11007 21031 30042 40193 56018 73632 885// 333 88615
 91010 91114=
 22768 41697 52206 11001 21036 30094 40144 57019 73632 85500 333 91010
 91113=
 22798 41497 82205 11017 21031 30040 40154 58020 73673 885// 333
 91112=
 22375 46/// /2309 10008 39970 49985 54010 333 91116=
 23207 NIL=
 23215 41498 82008 11025 21040 39899 49988 57017 73632 885// 333 88613
 91012 91115=
 23219 NIL=
 27095 66/// /2304 11029 21034 30013 40248 57018 60002 333 11024 91110=
 22408 11483 82206 10003 21019 39840 49988 57011 69982 72682 889//
 333   10016 88919 91011 91112=
 22511 11584 72205 10011 21023 39885 40005 57012 69902 70287 87900
 333   10018 87622 91010 91116=
 22529 11598 82307 10017 21024 30032 40039 57002 69962 70282 889//
 333   10025 91011 91115=
 22602 12475 82306 10005 20021 39808 40032 57015 60002 885// 333  
 10008 88619 91011 91113=
 22621 11498 82107 10008 21026 39915 40054 57009 60012 736// 885//
 333   10016 88619 91012 91113=
 22619 12498 82205 10004 21028 39904 40063 57011 69902 885// 333  
 10015 88616 91011 91113=
 22721 12597 82601 10002 21024 39992 40091 57013 69912 885// 333  
 10014 88623=
 22727 12570 82206 10001 21036 30070 40118 57015 884// 333   10018
 88623 91013 91114=
 22717 12598 72104 11005 21029 39917 40112 57007 69902 86530 333  
 10007 86620 91112=
 22802 12598 82204 10012 21027 30089 40113 57013 69912 885// 333  
 10017 88624 91110=
 22820 12598 82308 11006 21049 39985 40123 57016 69902 8255/ 333  
 10014 91015 91116=
 22831 12997 62204 11008 21040 30090 40146 57013 69932 86030 333  
 10012 91110=
 22805 125// 82311 10008 21019 30107 40127 56009 60002 885// 333  
 10014 91016 91117=
 22912 12984 82106 11002 21046 30143 40158 57018 69932 8805/ 333  
 10012 91010 91114=
 
