15:31:00 MSK 07.06.2023
020 123456/=о000=1231
 унту01 бтул 071200
 22686 82598 83404 10096 21012 30067 40164 52004 8418/ 333 84825 555 11015=
 22695 42598 63304 10095 21038 39997 40146 51001 86100 333 86823 91111
 555 10016=
 22996 41598 62904 10147 20029 39962 40143 53009 70282 86908 555 11021=
 23220 42599 72504 10094 20014 39956 40093 52015 84530 555 12012=
 23226 42660 82706 10094 21008 39880 40088 52017 8546/ 333 85640 91113 
 555 11012=
 23305 41699 73107 10069 20001 30120 40148 53015 70282 87500 333 91012
 91112 555 11011=
 23320 86/// /3104 10093 21003 30046 40116 52017=
 23324 41589 72803 10094 20018 30037 40112 52015 70281 82970 555 11015=
 23405 41571 73203 10071 20025 30052 40149 52011 72782 
 83930 333 91111 555 11014=
 23410 86/// /2505 10068 20019 30032 40127 52018 333 91111 555 50076 53014=
 23411 41499 73105 10084 21014 30046 40133 52008 70282 8692/ 333
 91111 555 11012=
 23412 41599 63105 10085 20014 30034 40128 52015 70281 83330 333 91111 555 11017=
 23416 NIL=
 23418 42565 72105 10089 20022 30060 40132 52014 85900
 333 85930 555 10016=
 23501 NIL=
 23503 41598 73303 10092 21011 30095 40143 52008 70282 85930 555 12014=
 23507 86/// /3402 10080 21008 39849 40152 52006=
 23509 42598 63005 10096 21021 30068 40144 52008 86500 333 85620 555
 11014=
 23514 41597 83302 10079 20007 39949 40141 52012 72522 889// 333 85929 555 11013=
 23518 NIL=
 23606 42662 73504 10105 21011 39977 40138 52009 85530 333 85647 555 11020=
 23612 NIL=
 23701 41699 73403 10100 21008 30028 40154 52005 70282 82570 555 10019=
 23704 86/// /3503 10120 20003 39926 40039 55004 555 53008=
 23707 81499 73302 10121 20008 30015 40142 57002 70282 82940 555 11015=
 23708 42598 73403 10130 20005 39998 40141 52003 82530 555 11021=
 23709 41698 73503 10127 21002 39947 40131 52004 70282 86460 555 10022=
 23711 42698 63302 10130 20016 39959 40121 52007 86900 333 84839 555 11021=
 23803 42699 63104 10143 20027 39962 40133 52004 85160 555 11016=
 23804 81597 73302 10123 20026 30003 40142 54000 70282 86931 333 86932 555 11017=
 23807 42/// /1102 10127 20060 39990 40145 52002 555 1/021=
 23808 86/// /3001 10100 20071 39984 40147 51009 333 91112=
 23812 41597 73502 10146 20012 39955 40109 53003 70282 87900 555 11019=
 23904 41570 73603 10152 20046 39991 40140 52003 70282 83340 555 11025=
 23905 81599 83101 10121 20068 39919 40138 52005 70382 889// 333 91111
 555 11018=
 23909 82598 53303 10157 20023 39889 40122 52004 82430=
 23912 81598 82402 10154 20058 39927 40109 50002 70281 85931 333 91111
 555 10025=
 23913 82599 73105 10165 20015 39879 40095 52002 87900 555 10016=
 23914 81499 63502 10153 20061 39869 40113 52006 70182 86960 333
 91110=
 28013 82599 73204 10161 20019 39897 40115 52003 87900 555 10027=
 28016 81599 73103 10156 20051 39908 40121 50004 70282 87900 333 91110
 555 10025=
 28029 81699 63102 10167 20055 39897 40104 52004 70282 82570 333 91110
 555 10029=
 28116 82599 73104 10154 20063 39901 40120 52006 83339=
 28128 81599 53505 10155 20074 39968 40113 52006 70382 82930 333 91010
 555 11020=
 28134 82598 83102 10164 20068 39770 40101 52004 8455/ 555 10026=
 28138 41599 70101 10126 20086 39561 40101 52005 70282 87300=
 28216 81599 63005 10145 20076 39842 40125 53008 70182 85960 333 91112
 555 10029=
 28222 82598 82902 10191 20063 39926 40108 52003 85201 555 10026=
 28224 81670 83302 10168 20060 39912 40113 52005 72582 889// 333
 91110=
 28234 81498 72803 10164 20080 39842 40105 52002 70182 86903 555
 11023=
 28238 81599 80601 10126 20091 39820 40110 51005 70262 8252/ 555
 11019=
 28313 41598 63003 10194 20068 39938 40118 52003 70282 83230 555
 10033=
 28319 81598 61901 10178 20088 39972 40125 52007 70282 84550=
 28321 81599 73403 10189 20065 39924 40115 52004 70182 85970=
 28324 82599 83003 10185 20055 30004 40118 52003 86989 555 10027=
 28326 81598 50901 10178 20088 39935 40111 52003 70282 82330 333 91110
 555 11028=
 28413 82599 73003 10190 20048 30015 40130 52005 86331 333 91110 555
 10029=
 28428 82599 63503 10200 20055 39945 40118 53006 86900 333 91113 555
 10036=
 28429 82598 73305 10147 20081 39733 40124 53009 87900 333 91011 91111
 555 10020=
 22983 42698 53401 10149 20018 30044 40144 57004 82230 333 91003 91107
 555 11024=
 27083 42599 63402 10131 20037 39931 40144 54000 86900 333 91004 91109
 555 10019=
 27097 42598 72601 10154 20057 39896 40146 50000 84330 333 91003 91108
 555 11028=
 27185 42698 62802 10170 20023 39976 40150 58001 86801 333 91004 91107
 555 10026=
 27199 42598 63102 10167 20012 39960 40147 52001 84330 333 91005 91108
 555 10028=
 27281 42582 63601 10172 20022 39955 40151 57006 85205 333 91002 91105
 555 10036=
 27283 42498 63104 10164 20026 30004 40152 58001 85530 333 91006 91107
 555 10024=
 27295 42598 72703 10163 21005 39912 40152 52002 86475 333 91006 91109
 555 10029=
 27296 42698 63303 10164 20022 39937 40144 52003 83230 333 91005 91109
 555 10025=
 27385 425// 63102 10190 20029 30030 40151 57003 83530 333 91005 91108
 555 10035=
 27393 41598 53004 10177 20018 39989 40150 52002 70282 83930 333 91007
 91111 555 10032=
 27480 42698 53102 10193 20059 30035 40156 57003 83201 333 91004 91107
 555 10029=
 28007 41599 52802 10156 20044 39894 40143 50001 72522 82330 333 91004
 91109 555 10027=
 28009 41698 63304 10153 20046 39938 40138 52005 70282 84530 333 91007
 91107 555 11022=
 28105 41598 73303 10139 20043 39957 40148 52010 70282 87200 333 91008
 91108 555 10023=
 28202 41582 73405 10154 20039 39928 40139 52003 70282 85930 333 91009
 91110 555 10027=
 28302 42598 63501 10176 20052 39922 40138 52005 86900 333 91004 91110
 555 10029=
 28307 41498 53004 10190 20017 30009 40145 58002 70282 84230 333 91008
 91108 555 10034=
 28402 41598 63103 10181 20061 39975 40145 52001 70282 83931 333 91006
 91110 555 10032=
 28502 42598 73104 10173 20068 30052 40151 53006 87900 333 91006 91114
 555 10025=
 22550 82697 73002 10110 20002 30167 40176 57001 85480 333 85645 555
 11017=
 22778 42598 70201 10121 20011 30092 40159 57005 85570 555 10023=
 22889 42598 63103 10151 20024 30066 40149 57003 86200 333 86821 555
 12031=
 22762 82598 63502 10128 20002 30131 40169 57005 85905 555 11027=
 22638 NIL=
 22671 NIL=
 22456 42597 83402 10091 21021 30090 40176 52001 885// 555 11012=
 22583 41598 73302 10087 20011 30087 40166 52004 70288 87800
 555 11016=
 22749 41598 81002 10128 20025 30036 40156 57003 70282 8255/ 555 10020=
 22951 41896 80501 10081 20069 39882 40157 56005 76162 8802/ 555
 1/011=
 22887 41699 60303 10142 20029 30084 40151 57003 
 70282 83531 555 10031=
 22876 42597 60102 10136 20020 30082 40152 57008 86100 333 86825 555
 11020=
 22481 42/// /3204 10082 21017 30117 40169 52006 333 91110 555 1/013=
 22854 42/// /1002 10105 20015 39876 40156 57006 555 1/015=
 22781 NIL=
 22676 42598 73504 10091 21007 30094 40170 52001 87800 555 11014=
 22648 42498 73603 10120 20022 30127 40172 54000 86930 555 11017=
 22559 42598 80401 10103 21007 30162 40178 54001 8493/ 555 11016=
 22869 42697 73402 10133 20011 30010 40153 57010 82170 555 11019=
 22768 42697 70403 10126 21008 30114 40162 57006 83530 555 10025=
 22798 42598 73101 10141 20005 30042 40150 52001 86930 555 10019=
 22375 NIL=
 23207 41599 83004 10064 21019 30121 40143 52014 71582 889// 333 91110
 555 11012=
 23215 41498 72806 10072 21012 30024 40111 52020 70282 87900 333 91010 91112 555 11010=
 23219 NIL=
 27095 86/// /3603 10146 20059 39935 40154 54001=
 22408 42699 61404 10137 21023 30030 40174 57009 85930 333   85947
 555   10032=
 22511 42598 72901 10131 21030 30060 40177 57005 87800 333   87831
 555   10026=
 22529 42599 33503 10121 21004 30182 40189 52004 82502 555   12022=
 22602 42499 50602 10131 21020 39957 40175 57002 83530 555   11019=
 22621 83/70 /0902 10109 20026 30048 40184 52005 555   1////=
 22619 42481 61202 10103 20049 30023 40178 52006 86500 555   10024=
 22721 41697 81201 10107 20084 30081 40177 52009 78082 889// 333  
 85641 555   11019=
 22727 86/70 /2202 10113 20070 30130 40177 5//// 555   1////=
 22717 83/70 /0201 10112 20076 39990 40178 52013 555   1////=
 22802 41699 72701 10126 20086 30160 40183 52010 72582 86931 333  
 84649 555   11019=
 22820 41570 70502 10110 20064 30044 40176 52016 70262 87330 333  
 87626 555   11020=
 22831 41698 70602 10084 20061 30116 40170 52013 72586 87900 333  
 87933 555   12014=
 22805 42598 43202 10112 20047 30166 40185 52007 82831 555   10036=
 22912 42599 73004 10138 20069 30159 40174 52015 83231 333   91110
 555   11019=
 
