12:31:00 MSK 07.11.2023
010 111/=о000=0931
 уйту01 бтул 070900
 22686 41396 81302 10041 20039 39874 49971 57012 76162 8872/ 333 85707=
 22695 41/93 91204 10032 20020 39819 49968 57014 74542=
 22996 41296 81803 10062 20062 39825 40005 52002 71052 886// 333 88706=
 23220 42497 82303 10011 20008 39891 40031 53005 886// 333 88713=
 23226 41227 82206 10001 21005 39811 40024 53005 75075 886// 333 86704=
 23305 41/04 90000 10015 20015 39980 40007 58002 74742=
 23320 86/// /2304 10018 20018 39968 40040 52005=
 23324 42481 82203 10016 20009 39959 40036 52006 886// 333 88710=
 23405 41/04 91403 10024 20024 39910 40007 58005 
 75054 333 96050=
 23410 86/// /1605 10014 20008 39933 40029 52003=
 23411 41/93 92003 10018 20018 39930 40018 57002 74542=
 23412 41/93 91703 10016 20015 39932 40028 52002 76164 333  96047=
 23416 NIL=
 23418 41247 81602 10021 20016 39968 40040 52002 75152
 886// 333 88705=
 23503 41296 81703 10028 20023 39971 40020 57003 71052 886// 333 88705=
 23507 86/// /1602 10019 20019 39699 40004 56007=
 23509 41296 81802 10029 20019 39947 40023 57005 71022 887// 333 88706=
 23514 41296 81703 10019 20019 39840 40034 57001 75052 886// 333 88704=
 23518 41396 81905 10015 20010 39967 40058 53002 75152 886// 333 88707=
 23606 41128 81504 10022 20022 39862 40026 57008 71052 886// 333 88702=
 23701 41/07 /1402 10032 20029 39876 40003 57014 76164=
 23704 86/// /1403 10034 20034 39705 49818 54001=
 23707 81396 81503 10040 20038 39865 49994 57010 76165 8872/ 333 85709=
 23708 41366 81504 10028 20017 39875 40022 56012 76162 8872/ 333 87707=
 23709 41297 81502 10021 20011 39850 40041 57015 76062 886// 333 86704=
 23711 41395 81502 10010 20007 39888 40056 57007 75152 886// 333 88707=
 23803 41494 81303 10021 20009 39868 40046 57014 71062 886// 333 88710=
 23804 81296 81703 10049 20046 39859 40001 57010 75165 886// 333 88705=
 23807 41396 81804 10051 20051 39849 40006 56006 72052 886// 333 88708=
 23808 86/// /1404 10043 20043 39866 40030 57009=
 23812 41497 81501 10019 20012 39910 40071 57011 70262 8672/=
 23904 41229 81703 10055 20055 39870 40023 57003 76162 8772/ 333 87705=
 23905 42898 81602 10047 20042 39816 40038 57008 8802/=
 23909 41497 81503 10043 20032 39819 40060 57010 70262 8771/=
 23912 41495 81704 10023 20016 39893 40084 57015 71052 886//=
 23913 42999 71501 10022 20003 39872 40099 57013 87030=
 23914 81496 81604 10026 20024 39831 40085 57012 71054 886//=
 28013 42598 61505 10045 20017 39840 40066 57013 83530 333 91110=
 28016 42598 81703 10054 20032 39848 40067 57010 84531=
 28029 42999 31603 10059 20025 39879 40094 57015 80001=
 28116 42699 51803 10057 20026 39851 40077 57012 82175=
 28128 42999 81602 10056 20025 39949 40100 57014 80001=
 28134 42998 81801 10052 20023 39767 40112 57014 80009=
 28138 42999 81802 10043 20016 39570 40129 57008 80005=
 28216 42999 71705 10072 20031 39798 40088 57013 80005 333 91110=
 28222 42598 81503 10063 20025 39915 40105 57012 82551=
 28224 42870 81503 10066 20025 39899 40107 57012 82089=
 28234 42897 71903 10087 20018 39850 40121 57012 83072=
 28238 42999 80701 10043 21003 39837 40137 57012 80001=
 28313 42598 71604 10061 20028 39909 40097 57010 81501=
 28319 42898 71701 10064 20031 39947 40107 57011 83051=
 28321 42899 61703 10063 20028 39902 40101 57012 82031=
 28324 42898 71603 10065 20026 39990 40108 57013 86089=
 28326 42598 71902 10074 20025 39939 40122 57012 82535=
 28413 42599 71602 10067 20021 39981 40100 57009 86571=
 28428 42599 81704 10079 20027 39941 40121 58010 85531=
 28429 42898 81703 10083 20015 39729 40130 57013 84025=
 22983 41480 81701 10066 20062 39881 49982 52001 72582 889// 333 91003
 91104=
 27083 41459 81703 10068 20063 39782 49997 52005 76162 8802/ 333 91005
 91107=
 27097 41422 81504 10061 20061 39762 40016 52004 75352 886// 333 91007
 91108=
 27185 41496 81702 10075 20075 39834 40011 52002 76162 8872/ 333 91005
 91107=
 27199 41398 81703 10064 20059 39840 40032 57001 70262 8775/ 333 91007
 91109=
 27281 41239 81803 10082 20080 39810 40009 52004 72165 886// 333 91004
 91107=
 27283 41415 81703 10072 20072 39869 40020 53001 71022 885// 333 91006
 91107=
 27295 41570 81502 10062 20053 39788 40033 57001 76162 8802/ 333 91005
 91107=
 27296 41457 81603 10058 20044 39827 40039 57002 71052 886// 333 91006
 91108=
 27385 414// 81702 10077 20074 39901 40025 57001 76062 887// 333 91004
 91106=
 27393 41497 81805 10063 20046 39884 40050 57003 70262 8775/ 333 91008
 91109=
 27480 41357 81802 10085 20083 39903 40027 52002 72085 886// 333 91004
 91106=
 28007 41420 81703 10052 20042 39783 40039 54000 76162 8872/ 333 88710
 91006 91107=
 28009 42998 81703 10063 20029 39847 40051 57002 8805/ 333 91005
 91109=
 28105 41459 81802 10058 20047 39855 40043 53001 75152 886// 333 91005
 91108=
 28202 42577 81905 10068 20034 39837 40052 57004 885// 333 91007
 91110=
 28302 42598 81603 10069 20037 39836 40058 56006 886// 333 91005
 91108=
 28307 42498 81402 10065 20042 39909 40049 57005 885// 333 91006
 91108=
 28402 41463 81604 10067 20047 39885 40060 57006 75022 886// 333 91006
 91109=
 28502 42698 81303 10076 20038 39964 40065 57011 885// 333 91004
 91107=
 22550 81496 80502 10016 20016 39914 49924 57016 76162 8872/ 333
 88712=
 22778 41396 81404 10054 20050 39875 49943 57006 75165 886// 333
 88709=
 22889 42/// /1503 10064 20060 39899 49983 57002=
 22762 41396 81302 10053 20053 39882 49920 57009 71062 8872/=
 22638 46/// /0202 10002 20001 39703 49925 57002=
 22671 41296 81402 10040 20039 39858 49934 57012 76166 8872/ 333
 86706=
 22456 41496 80501 10003 20003 39865 49990 57014 77187 8872/=
 22583 41/93 91302 10027 20026 39891 49970 57010 74544=
 22749 NIL=
 22951 41496 82103 10074 20069 39646 49915 53004 78182 889//=
 22887 41397 81403 10064 20062 39896 49964 57004 76166 8872/ 
 333 86709=
 22876 41497 81703 10066 20065 39886 49956 57004 70262 8761/ 333
 87710=
 22481 42/// /0402 10005 20003 39921 49974 57012=
 22854 41298 81703 10076 20076 39629 49905 56001 72162 8872/ 333
 87704=
 22781 NIL=
 22676 41496 81203 10038 20037 39867 49942 57013 76162 8872/=
 22648 NIL=
 22559 41496 80602 10022 20020 39912 49928 57014 76162 8872/ 333
 88517=
 22869 41297 81603 10078 20073 39797 49939 54000 70282 886// 333
 86706=
 22768 41597 81703 10077 20070 39869 49917 57004 70286 889// 333
 86621=
 22798 41495 81303 10045 20045 39873 49983 56012 71062 885//=
 22375 NIL=
 23207 41294 81201 11003 21004 39981 40003 52001 71052 886//=
 23215 NIL=
 23219 NIL=
 27095 86/// /1603 10060 20060 39804 40026 52002=
 22408 41156 83601 10005 20004 39847 49995 52007 71022 886// 333  
 88703 93400=
 22511 41233 83402 10005 21002 39865 49985 52004 71022 886// 333  
 88705=
 22529 41465 80103 10016 20013 39940 49947 57003 76162 8872/ 333  
 88516=
 22602 41377 83501 10010 20007 39755 49978 52006 72075 885// 333  
 88608=
 22621 83262 /3403 10004 20003 39816 49954 52003=
 22619 41458 83005 10003 20000 39796 49953 52007 77172 8872/ 333  
 87710=
 22721 41396 83002 10008 20005 39845 49942 52007 77172 8872/ 333  
 85706=
 22727 86270 /3002 10014 20008 39896 49943 52013=
 22717 83/70 /3001 10016 20016 39770 49964 52014=
 22802 41550 82701 10023 20020 39951 49974 52015 78082 889// 333  
 85629=
 22820 41263 82803 10008 20006 39811 49945 52014 72052 886// 333  
 88705=
 22831 41297 82701 10027 20021 39867 49921 52013 76062 8872/ 333  
 88703=
 22805 42598 83101 10039 20034 39950 49975 52015 885//=
 22912 42499 83102 10023 20015 39949 49964 52018 886// 333   88711=
 
