15:31:00 MSK 13.06.2023
020 123456/=о000=1231
 унту01 бтул 131200
 22686 82598 62306 10241 20067 30056 40148 57016 83201 333 91010 91113
 555 10035=
 22695 42598 72605 10225 20025 39992 40134 57019 86132 333 86832 91112
 555 11024=
 22996 82599 32503 10234 20057 30034 40207 57018 82101 555 10033=
 23220 41597 82203 10107 20088 39941 40077 57005 72085 885// 555 12012=
 23226 41258 82705 10088 20080 39868 40075 57006 72065 886// 333 88704 
 91110 555 11009=
 23305 41999 82707 10187 20089 30062 40088 56007 72162 8807/ 333 91011
 91112 555 11019=
 23320 86/// /2704 10198 20048 30014 40082 57015=
 23324 42584 72805 10185 20059 30004 40076 57013 82408 555 10025=
 23405 42573 72603 10214 20078 30006 40097 57016
 83930 333 91011 91110 555 11023=
 23410 86/// /2305 10195 20069 39992 40082 57014 333 91111 555 50116 53011=
 23411 42599 72505 10197 20088 30003 40086 58010 85920 333 91112
 555 11021=
 23412 42699 82705 10184 20071 39994 40085 57013 8287/ 555 10018=
 23416 NIL=
 23418 42665 72705 10215 20074 30030 40097 57010 87900 333 
 84940 91010 91111 555 11029=
 23501 NIL=
 23503 42598 82503 10206 20081 30064 40111 58007 8493/ 333 91111 555 11023=
 23507 86/// /2704 10226 20059 39833 40120 58008 333 91112=
 23509 42498 73103 10211 20077 30054 40127 57006 87900 333 87919 91111
 555 11020=
 23514 42697 82802 10192 20080 39937 40121 54000 889// 333 86635 91113 555 11016=
 23518 NIL=
 23606 42762 82604 10239 20070 39973 40126 57012 8693/ 333 84955 91110 555 11032=
 23612 NIL=
 23701 42799 72606 10232 20063 30038 40158 58015 82289 333 91012
 91112 555 10031=
 23704 86/// /2503 10225 20089 39926 40039 55004 333 91112 555 53012=
 23707 82699 62407 10233 20074 30045 40168 57018 84102 333 91010 91113 555 10027=
 23708 42582 72306 10224 20069 30035 40174 57012 82931 333 91113 555 11025=
 23709 41598 62605 10221 20059 39990 40169 57014 70282 84245 333 91111
 555 10024=
 23711 42598 82701 10207 20091 39985 40143 57007 8497/ 333 91111 555 11021=
 23803 43/// ///// 1//// 2//// 3//// 4//// 5//// 555 1////=
 23804 82597 62602 10248 20075 30044 40178 57015 82131 555 11022=
 23807 42/// /2505 10237 20073 30045 40195 57016 333 91113 555 1/035=
 23808 86/// /2901 10218 20095 30038 40195 57016 333 91112=
 23812 42597 62706 10218 20056 30013 40165 57018 83802 333 91010 91110
 555 11026=
 23904 42670 72504 10244 20059 30058 40203 57019 82201 555 10036=
 23905 82599 62603 10241 20071 39990 40201 57013 86400 555 10037=
 23909 81598 52203 10185 20118 39978 40209 57006 72998 83360 333
 91113=
 23912 82598 72904 10216 20093 30009 40188 57018 85930 555 10029=
 23913 82599 72904 10206 20055 39974 40189 57016 87200 333 91110 555
 10015=
 23914 81499 72504 10149 20112 39957 40202 57011 72522 86984 333
 91116=
 28013 82598 73105 10195 20076 39993 40211 55006 87900 333 91116 555
 10027=
 28016 82599 62703 10240 20071 30000 40208 57019 85201 555 10037=
 28029 82699 32205 10231 20075 39996 40201 57020 82170 333 91110 555
 11036=
 28116 82599 33004 10233 20072 30002 40217 57019 83200=
 28128 82599 32402 10227 20085 30076 40219 57019 82101 555 10038=
 28134 82598 33102 10217 20057 39885 40213 57017 81101 555 10043=
 28138 42599 62605 10200 20032 39678 40211 57015 86100 333 91111=
 28216 82599 22403 10219 20034 39953 40233 57020 81101 555 10045=
 28222 82598 72901 10229 20048 30043 40225 57020 87100 555 10031=
 28224 82670 22402 10221 20044 30030 40230 57022 82100=
 28234 82599 32903 10223 20021 39966 40227 57018 83200 555 50039=
 28238 82599 53003 10209 20037 39939 40226 57018 85100 333 91110 555
 10037=
 28313 82598 12401 10222 20031 30060 40240 57022 81100 555 10039=
 28319 82999 01202 10204 20035 30096 40250 57021=
 28321 82599 22101 10226 20035 30045 40236 57021 82100=
 28324 82599 12301 10219 20020 30130 40244 57021 81100 555 10047=
 28326 82598 63501 10224 20047 30059 40233 57020 83201 555 10039=
 28413 82999 03303 10209 20012 30133 40248 57024 555 10042=
 28428 82999 00902 10213 20011 30068 40242 57020 555 10042=
 28429 82698 20702 10192 20028 39850 40240 57017 81101 555 10037=
 22983 42998 62604 10230 20033 30110 40208 57018 81035 333 91008 91111
 555 11031=
 27083 42599 62304 10227 20044 30008 40216 57021 84101 333 91007 91109
 555 10037=
 27097 42598 62203 10224 20069 39983 40228 57019 85201 333 91007 91108
 555 11036=
 27185 42698 51802 10222 20058 30067 40239 57021 82101 333 91004 91105
 555 10032=
 27199 42598 52601 10217 20052 30057 40242 57021 83101 333 91004 91106
 555 10044=
 27281 42582 51803 10209 20040 30048 40243 57023 81101 333 91005 91106
 555 10040=
 27283 42598 32302 10217 20041 30098 40245 57022 82101 333 91003 91105
 555 10038=
 27295 42998 31401 10219 20015 30008 40245 57023 80002 333 91003 91106
 555 10043=
 27296 42698 22601 10215 20029 30037 40242 57023 82100 333 91003 91105
 555 10036=
 27385 429// 01102 10210 20036 30125 40246 57024 333 91006 91106 555
 10039=
 27393 42998 01202 10215 20027 30090 40251 57025 333 91004 91105 555
 10044=
 27480 42998 00802 10212 20060 30124 40245 57024 333 91004 91107 555
 10031=
 28007 42799 22303 10230 20038 39982 40227 57018 82200 333 91007 91108
 555 10040=
 28009 42698 82603 10220 20038 30028 40226 57017 86101 333 91005 91109
 555 10033=
 28105 42598 52303 10220 20045 30048 40236 57020 85200 333 91006 91109
 555 10036=
 28202 42682 33202 10217 20040 30032 40240 57021 83100 333 91004 91106
 555 10034=
 28302 42598 21902 10212 20023 30028 40244 57025 81201 333 91003 91105
 555 10038=
 28307 42998 50702 10219 20007 30110 40246 57027 80001 333 91006 91106
 555 10045=
 28402 42998 11202 10205 20029 30078 40247 57024 80005 333 91004 91107
 555 10042=
 28502 42998 20804 10209 21005 30146 40244 57022 80001 333 91006 91109
 555 10041=
 22550 82997 72604 10234 20036 30123 40132 57011 84082 333 91113 555
 10022=
 22778 42598 62506 10234 20034 30117 40182 57019 82171 333 91010 91112
 555 10037=
 22889 42598 62504 10232 20049 30122 40202 57016 82141 333 91111 555
 11039=
 22762 82998 62303 10237 20045 30132 40169 57016 80005 333 91110 555
 10033=
 22638 NIL=
 22671 42/// /2603 10230 20058 30065 40138 57015 555 1/027=
 22456 41597 72704 10212 20045 30032 40113 56007 78082 85531 333 91113
 555 11024=
 22583 42598 72405 10240 20046 30043 40118 57009 87500 333 91114 555 11029=
 22749 42998 42605 10227 20000 30065 40182 57022 80001 333 91010 91112
 555 10037=
 22951 42598 82303 10223 20031 39944 40208 57021 82101 555 1/037=
 22887 42699 61604 10242 20105 30139 40204 57018 83501 333 91110 555 10039=
 22876 42597 32204 10234 20043 30124 40192 57021 82109 333 91112 555
 11031=
 22481 42/// /2402 10213 20073 30054 40104 58009 333 91110 555 1/027=
 22854 42/// /2506 10226 20023 39923 40192 57021 333 91010 91113 555
 1/040=
 22781 NIL=
 22676 42598 62408 10237 20039 30074 40146 57015 83202 333 91014 91113
 555 10034=
 22648 42998 62607 10235 20018 30121 40164 57017 80001 333 91013 91115
 555 10035=
 22559 82598 72604 10239 20047 30123 40138 57015 83201 333 91010 91111
 555 11027=
 22869 42697 72305 10230 20049 30066 40204 57021 83105 333 91110 555
 11026=
 22768 42697 32506 10238 20044 30136 40182 57018 82801 333 91112 555
 10036=
 22798 42598 62307 10235 20045 30070 40174 57015 84209 333 91014 91116
 555 10026=
 22375 46/// /2301 10092 30094 40108 57005=
 23207 41599 82705 10154 20099 30062 40083 52014 71622 889// 333 91013
 91114 555 11015=
 23215 41696 82204 10151 20083 39972 40056 58028 78082 889// 333 85644
 555 11014=
 23219 NIL=
 27095 NIL=
 22408 41699 52705 10203 20052 39993 40133 52002 70281 84430 333  
 91011 91111 555   10032=
 22511 41561 82803 10142 20095 30029 40145 52012 78082 84976 333  
 91112 555   11014=
 22529 41599 72205 10219 20021 30124 40130 57011 72522 86902 333  
 86922 91112 555   12019=
 22602 42476 72504 10200 20032 39940 40152 57002 87900 333   87914
 91111 555   10021=
 22621 83970 /2307 10226 20017 30013 40143 57013 333   91012 91113
 555   1////=
 22619 42483 52305 10230 20017 30005 40153 57014 82501 333   91011
 91111 555   10032=
 22721 42999 52602 10246 21013 30074 40165 57013 80009 333   91110
 555   10039=
 22727 86/70 /2306 10223 20026 30142 40187 57017 333   91010 91111
 555   1////=
 22717 83/69 /2304 10224 20037 30007 40188 57015 333   91110 555  
 1////=
 22802 42999 21803 10234 20055 30175 40197 57018 80001 555   10041=
 22820 42970 12604 10230 20035 30064 40192 57016 80001 333   91011
 91111 555   10034=
 22831 42998 22203 10235 20041 30147 40198 57018 80001 555   10039=
 22805 42998 11606 10131 20052 30194 40213 57017 80001 333   91010
 91110 555   10038=
 22912 42999 02305 10222 20031 30205 40219 57017 555   10030=
 
