12:31:00 MSK 23.04.2023
010 111/=о000=0931
 уйту01 бтул 230900
 22686 42598 43203 10016 21077 30026 40125 52019 84100=
 22695 42698 43204 10005 21104 39953 40106 52020 84900 333 91110=
 22996 42599 63105 10112 21033 39914 40096 52023 83201 333 91010 91111=
 23220 41497 81407 10033 21006 39806 49944 57010 76062 887// 333 91113=
 23226 41460 81709 10017 20001 39736 49947 57009 77176 8555/ 333 
 85615 91012 91114=
 23305 42799 62808 11004 21070 30031 40059 52019 84230 333 91012 91112=
 23320 86/// /3005 11017 21030 39926 49999 53044 333 91011 91113=
 23324 41450 82906 11015 21026 39908 49985 53035 77176 8472/ 333 91011
 91111=
 23405 41678 32905 11001 21101 39976 40076 52022
 72681 83900 333 91011 91113=
 23410 86/// /2908 11016 21073 39928 40025 52038 333 91012 91114=
 23411 42599 63007 10004 21093 39955 40044 52027 8640/ 333 91012
 91113=
 23412 41599 63105 11010 21079 39935 40032 52037 70232 83330 333 91112=
 23416 NIL=
 23418 41565 73106 11011 21065 39969 40043 52047 70272 87500
 333 87630 91010 91111=
 23503 42498 63104 10001 21096 30018 40068 52027 85901 333 91112=
 23507 86/// /2905 11009 21087 39783 40094 52023 333 91112=
 23509 42498 63005 10005 21088 30001 40080 52031 86900 333 86919 91112=
 23514 41597 73205 11016 21072 39869 40066 52040 73683 87900 333 87933 91110=
 23518 41598 83206 11016 21037 39952 40044 52063 73683 889// 333
 85626 91010 91113=
 23606 42662 43404 10016 21090 39915 40080 52038 84400 333 84643 91110=
 23701 42699 33104 10024 21112 39982 40111 52028 82160 333 91112=
 23704 86/// /3304 10033 21086 39926 40039 55004 333 91110=
 23707 82598 43305 10045 21087 39973 40104 52028 84100 333 91110=
 23708 41584 83205 10048 21077 39947 40094 52035 70282 83201 333 91113=
 23709 41698 52907 10040 21065 39889 40079 52039 70282 85400 333 84641 91011 91112=
 23711 41598 43104 10027 21053 39893 40060 52058 70181 84900 333 91111=
 23803 41599 52906 10055 21049 39910 40087 53035 70282 85900 333 85924 91011 91111=
 23804 42597 63202 10061 21060 39956 40099 52028 84130=
 23807 42598 63304 10066 20017 39946 40104 52031 83130 333 91111=
 23808 86/// /3105 10072 21021 39927 40091 52033 333 91111=
 23812 41597 73105 10049 20001 39893 40052 53031 70282 87900 333 91014
 91114=
 23904 42570 63304 10111 21010 39937 40088 52024 84301 333 91110=
 23905 42599 63103 10114 21011 39858 40076 52024 86100 333 91110=
 23909 41598 63104 10106 21002 39834 40070 52024 72522 86300=
 23912 41598 82804 10065 20039 39876 40063 53024 72582 8595/ 333
 91113=
 23913 41597 82803 10099 21023 39824 40044 53005 76062 885// 333
 91113=
 23914 81497 82903 10065 20032 39815 40065 52019 78082 8692/ 333
 91112=
 28013 41598 83105 10109 21017 39840 40061 53010 78081 889// 333
 91111=
 28016 42599 72804 10134 20000 39848 40061 53002 87900 333 91112=
 28029 42699 82605 10147 21040 39843 40051 57005 82815 333 91111=
 28116 42599 42806 10160 21024 39847 40064 57003 83109 333 91010
 91112=
 28128 42999 82904 10158 21044 39919 40064 57007 80001=
 28134 42598 83203 10147 21049 39724 40055 57005 81109=
 28138 42599 22505 10127 21069 39510 40049 57004 81102=
 28216 42599 22905 10155 21055 39793 40075 52005 81205 333 91113=
 28222 42598 63303 10166 21041 39880 40063 58006 81101=
 28224 42670 22703 10164 21044 39865 40066 57007 82100=
 28234 42598 33004 10161 21080 39799 40061 57007 82201=
 28238 42599 33106 10153 21064 39771 40057 57003 83100 333 91010
 91111=
 28313 42598 12703 10169 21050 39900 40081 54001 81200=
 28319 42599 12404 10169 21016 39933 40087 58003 81100=
 28321 42699 12904 10170 21058 39883 40074 57003 81100 333 91110=
 28324 42599 33105 10168 21056 39967 40081 57005 83100=
 28326 42598 22903 10170 21048 39892 40067 57005 82100=
 28413 42599 12903 10172 21047 39980 40095 54000 81100 333 91111=
 28428 42599 63104 10167 21048 39910 40084 52003 86500 333 91111=
 28429 42698 52903 10153 21023 39686 40075 52003 85100 333 91110=
 22983 42698 63103 10093 21015 30014 40116 52019 82235 333 91005
 91108=
 27083 42599 62805 10125 21014 39884 40098 52018 83101 333 91009
 91110=
 27097 42598 72906 10145 20005 39844 40093 52012 84201 333 91011
 91112=
 27185 42698 22704 10166 21002 39932 40106 52010 82101 333 91009
 91112=
 27199 42598 52904 10171 20007 39909 40095 52002 85100 333 91008
 91111=
 27281 42582 22804 10165 21011 39917 40113 52007 81141 333 91008
 91110=
 27283 42598 22806 10173 21001 39958 40106 52002 82200 333 91012
 91112=
 27295 42998 52505 10173 21019 39868 40106 52001 80002 333 91008
 91111=
 27296 42698 33006 10173 21021 39892 40097 54000 83100 333 91011
 91111=
 27385 429// 12904 10176 21007 39996 40117 54000 81030 333 91009
 91110=
 27393 42598 22906 10167 21024 39951 40112 58001 82100 333 91009
 91111=
 27480 42998 02802 10182 21008 30006 40127 54000 333 91005 91108=
 28007 42699 63006 10143 21028 39835 40083 52010 86200 333 91009
 91112=
 28009 42698 62805 10160 21024 39876 40075 52001 86500 333 91010
 91112=
 28105 42598 62705 10173 21016 39896 40083 52001 86200 333 91010
 91111=
 28202 42699 63105 10160 21030 39878 40087 58001 86200 333 91009
 91112=
 28302 42998 02804 10164 21040 39882 40098 52001 333 91008 91114=
 28307 42998 02804 10175 21044 39978 40114 50001 333 91007 91109=
 28402 42998 02703 10169 21033 39940 40110 52002 333 91007 91109=
 28502 42998 02704 10175 21054 30018 40116 50002 333 91010 91112=
 22550 82597 42803 10019 21082 30134 40144 52012 83801=
 22778 42598 52704 10048 21069 30067 40135 52018 82101=
 22889 42/// /2703 10085 21026 30032 40116 51023 333 91110=
 22762 42598 63201 10032 21044 30105 40144 52011 83801=
 22638 46/// /0701 10017 21129 39925 40150 52003=
 22671 41497 72502 10014 21025 30052 40131 52011 78582 86930 333
 86911=
 22456 42598 32804 10014 21118 30033 40120 52009 83400 333 91112=
 22583 42698 62705 10006 21106 30031 40111 52015 86200 333 91110=
 22749 NIL=
 22951 42898 80000 10068 20001 39860 40136 52007 8807/=
 22887 42599 43004 10064 21007 30053 40122 52019 82501=
 22876 42597 33103 10071 21053 30057 40130 52019 83100=
 22481 42/// /2706 11005 21098 30050 40104 52015 333 91010 91113=
 22854 42898 83201 10023 21029 39859 40147 52011 8807/=
 22781 NIL=
 22676 42598 73104 10004 21045 30059 40137 52016 87800=
 22648 NIL=
 22559 41598 53004 10016 21072 30129 40146 52017 70282 83201=
 22869 42997 72702 10066 21016 39993 40139 52013 80050=
 22768 42697 62902 10053 21042 30092 40141 52011 83530=
 22798 42598 22801 10068 21090 30003 40114 52023 82100 333 91111=
 22375 NIL=
 23207 41499 62907 11007 21064 30026 40049 52016 72622 86900 333 91013
 91114=
 23215 NIL=
 23219 NIL=
 27095 86/// /2906 10143 21003 39880 40097 52014 333 91011 91111=
 22408 42699 22103 10017 21102 39994 40144 57007 82100=
 22511 42698 32702 10027 21112 30025 40146 57004 82101 333   93500=
 22529 42599 63403 10033 21094 30145 40152 52003 82832=
 22602 42999 20602 10020 21075 39920 40146 57005 80001=
 22621 83/70 /0302 10031 21131 30012 40151 52001=
 22619 42583 60902 10013 21036 39988 40148 52002 81531=
 22721 42598 73301 10032 21063 30049 40147 52002 87500 333   87630=
 22727 86/70 /0603 10052 21042 30094 40142 52001=
 22717 83/70 /0403 10047 21020 39938 40130 52001=
 22802 42999 30303 10093 20011 30099 40122 52006 80001=
 22820 42470 60904 10043 21017 30002 40138 52003 85530 333   85619=
 22831 42698 70903 10030 21017 30084 40139 52003 83530=
 22805 42998 63502 10076 20010 30106 40125 52015 80004=
 22912 42999 20902 10122 20030 30096 40111 52004 81031=
 
