06:31:00 MSK 03.05.2023
020 123456/=о000=0331
 уйту01 бтул 030300
 22686 62998 11502 10054 21016 30081 40180 58011 60002 80001 333 21021 55112 555 53007 7000/=
 22695 12999 21103 10055 21039 30026 40177 57009 60002 80001 333 20021
 555 53005 7000/=
 22996 12998 70000 10018 20018 30023 40210 57006 60002 82074 333 21002 32002 55066 555 53003 7000/ 91207=
 23220 12999 62003 10022 21023 30070 40212 52004 60002 86030 333 21010 43082 55000 555 53009 7001/=
 23226 12960 52208 10004 21032 39986 40204 52005 60002 80001 333 21009 
 49078 91010 91111 53011 7002/=
 23305 12999 71804 10049 21029 30147 40175 57006 60002 87070 333 20029
 3/101 43015 555 53008 7990/=
 23320 76/// /2304 10069 21037 30151 40223 54001 333 20001 60002 555 53008 7000/=
 23324 12984 22103 10035 21024 30142 40219 51001 60002 80002 333 21005
 42031 55028 555 53010 7990/=
 23405 12981 61404 10047 21033 30088 40187 57008 60002
 86030 333 20015 42020 55076 555 53006 7990/=
 23410 76/// /1605 10027 21034 30116 40212 52002 333 21009 60002 555 7000/=
 23411 12999 72205 10038 21026 30110 40199 58002 60002 87070 333
 20016 3/101 44024 555 53010 7990/ =
 23412 12999 51603 10039 21029 30113 40210 54000 60002 85030 333 20009 43040 55056 555 53006 7000/=
 23416 NIL=
 23418 12965 21402 10040 21015 30153 40227 58001 60002
 81031 333 21013 44042 55047 555 53009 7990/=
 23501 NIL=
 23503 12998 11903 10052 21033 30160 40210 57004 60002 80002 333 21018
 42022 555 53006 7995/=
 23507 66/// /1802 10030 21026 39893 40203 57006 60002 333 21009 555 53005 7000/=
 23509 12998 21802 10053 21016 30140 40218 58004 60002 80001 333 21039
 42006 555 53006 7990/=
 23514 12997 11902 10065 21025 30030 40224 57001 60002 81030 333 21008 43031 55071 555 53005 7990/=
 23518 12998 20000 10017 21020 30146 40239 58001 60002 80009 333 21041
 44037 55040 555 53006 7992/ 91210=
 23606 12962 31702 10065 21006 30057 40221 57004 60002 80001 333 21018 41005 55062 555 53004 7990/=
 23612 12998 52001 10048 21003 30101 40235 57003 60002 80001 333 21018 42014 555 53005 7998/=
 23701 12999 21601 10043 20002 30087 40216 57007 60002 80005 333 21035
 31103 41997 555 53007 7990/=
 23704 76/// /1401 10011 20011 39926 40039 55004 333 21032 60002 555 50044 7000/=
 23707 62998 51101 10042 21001 30076 40207 57007 60002 80001 333 20015 55092 555 53004 7990/=
 23708 12984 80000 10016 21002 30078 40229 57005 60002 80001 333 21023
 555 53003 7991/ 91210=
 23709 12998 80000 10014 21003 30041 40235 56007 60002 80005 333 21025 555 53001 7000/ 91209=
 23711 12998 60401 10035 20000 30061 40231 58009 60002 80005 333 21021
 55027 555 53002 7996/=
 23803 12999 80000 10019 20001 30054 40235 58007 60002 80007 333 21018
 32103 55054 555 53003 7000/=
 23804 62997 81901 10053 20011 30066 40210 57009 60002 80001 333 21011 55060 555 53003 7990/=
 23807 12998 51201 10042 20025 30053 40214 57008 60002 80009 333 20006
 32000 55082 555 53003 7000/=
 23808 66/// /1401 11003 21007 30056 40227 57008 60002 333 21028 555 7000/=
 23812 12997 80000 10037 20004 30065 40227 58010 60002 8807/ 333 21002
 41988 555 53003 7990/=
 23904 12970 80000 10007 20007 30059 40218 57008 60002 81035 333 21020
 555 53001 7990/=
 23905 12899 80301 10036 20016 39989 40216 57005 60002 8802/ 333 20009
 31002 555 53003 7990/=
 23909 12598 80202 10054 20049 39972 40215 57003 60072 885// 333 20048
 31006 55052=
 23912 11498 80202 10057 20052 30027 40218 55001 60052 70282 886// 333
 20054 31006 555 53007 7008/=
 23913 11596 83202 10066 20056 39988 40214 56005 69952 71084 889// 333
 20033 32004 55078 555 53005 7007/=
 23914 61496 83502 10059 20055 39960 40214 57001 60022 71022 8652/ 333
 20054 31006 55072=
 28013 11596 80102 10064 20054 39985 40213 55002 60052 71082 889// 333
 20061 31007 555 53007 7006/=
 28016 12498 80402 10074 20073 39989 40210 54001 60062 887// 333 20071
 31008 555 53006 7006/=
 28029 11396 80401 10079 20074 39986 40201 52002 60002 71022 886// 333
 20074 31007 55089 555 53006 7002/=
 28116 12499 80501 10084 20077 39976 40202 52001 69932 885// 333 20072
 31007 55056=
 28128 11493 81201 10094 20091 30051 40201 54000 69902 75054 886// 333
 20071 31007 55093 555 53010 7993/=
 28134 12998 80000 10122 20090 39862 40200 52006 60002 80005 333 20071
 31006 555 53006 7993/=
 28138 12999 61803 10140 21004 39668 40213 52010 60002 80001 333 20075
 32005 55125=
 28216 11/93 90903 10096 20092 39901 40191 54001 60002 74742 333 20088
 31007 555 53008 7003/=
 28222 11594 81501 10111 20107 30009 40197 54001 60002 71022 83105 333
 20102 31011 555 53005 7000/=
 28224 11970 71602 10150 20069 39989 40193 52001 60002 70242 80001 333
 20097 30010 55121=
 28234 12999 21802 10179 21005 39942 40206 52011 60002 80001 333 20149
 30010 555 53006 7000/=
 28238 12999 80000 10120 20023 39926 40220 52008 60002 80001 333 20042
 30002 55105 555 53007 7000/=
 28313 11997 60000 10113 20107 30003 40189 54000 60002 71022 80001 333
 20077 30007 555 53007 7000/=
 28319 12898 31803 10169 20064 30036 40192 52006 60002 83050 333 20074
 30007=
 28321 12599 81802 10126 20083 39995 40191 54000 69902 82231 333 20097
 30007=
 28324 12599 81502 10182 20042 30078 40193 52005 60002 81209 333 20061
 30006 555 53005 7000/=
 28326 12998 22106 10185 20051 30025 40202 52008 60002 80001 333 20114
 30007 55131 91010 91111 555 53011 7000/=
 28413 12899 81704 10178 20045 30069 40185 52003 60002 83035 333 20093
 30007 555 53008 7000/=
 28428 12999 22101 10172 20056 30039 40215 52014 60002 80001 333 20082
 30006 555 53008 7000/=
 28429 12998 02103 10182 20052 39831 40222 52009 60002 333 20143 30008
 555 53009 7000/=
 22983 12998 50000 10009 20001 30094 40200 57010 60002 82031 333 21018
 31000 55114 91001 91101 555 52104 53004 7000/=
 27083 12599 60000 10016 20008 39980 40204 57011 60002 85571 333 21002
 32003 91000 91101 555 53002 7000/=
 27097 12998 80000 10043 20031 39947 40208 57008 60002 85085 333 20008
 32003 91000 91101 555 52000 53002 7000/=
 27185 12698 80000 10031 20024 30027 40211 57002 60002 85504 333 20013
 31005 91000 91101 555 52001 53003 7000/=
 27199 12998 83301 10076 20060 30010 40204 57005 60002 86087 333 20050
 31005 55018 91002 91102 555 52003 53005 7990/=
 27281 12982 71401 10035 20028 30003 40210 57001 60002 83035 333 20021
 31004 91001 91101 555 52001 53005 7000/=
 27283 12498 80000 10055 20045 30054 40208 57002 60002 885// 333 20024
 31003 91001 91102 555 52001 53005 7993/=
 27295 12998 83501 10077 20050 39954 40200 57005 69902 8805/ 333 20061
 31007 91003 91103 555 53004 7990/=
 27296 11965 80000 10069 20052 39984 40199 57005 69932 76022 8802/ 333
 20060 31007 55002 91001 91102 555 52005 53004 7001/=
 27385 125// 70000 10074 20059 30076 40203 57004 60002 84530 333 20054
 31006 91000 91101 555 52003 53006 7000/=
 27393 11497 83401 10073 20067 30034 40202 57004 60032 76162 8672/ 333
 20070 32007 55000 91002 91103 555 52006 53005 7008/=
 27480 12598 80000 10069 20060 30082 40209 54000 60002 83539 333 20058
 31008 91000 91102 555 52003 53008 7000/=
 28007 12599 80302 10061 20032 39946 40205 57011 60002 885// 333 20046
 30004 55000 88623 91002 91103 555 52002 53004 7993/=
 28009 11441 80601 10070 20059 30002 40209 57006 60122 78082 889// 333
 20067 32007 91003 91103 555 52007 53004 7015/=
 28105 11598 80201 10076 20067 30002 40198 56011 69942 70262 885// 333
 20073 32008 91003 91103 555 52005 53003 7001/=
 28202 11558 83601 10078 20068 39978 40196 57004 60012 78022 889// 333
 20071 31007 91002 91103 555 52007 53007 7002/=
 28302 11593 80301 10083 20077 39967 40191 58005 69982 74454 886// 333
 20076 31009 91002 91104 555 52008 53005 7002/=
 28307 11298 83002 10079 20068 30054 40196 55003 60022 76162 886// 333
 20079 31008 91003 91104 555 52007 53005 7005/=
 28402 11/05 93401 10094 20092 30013 40188 57007 69932 74542 333 20090
 31010 91002 91104 555 53004 7996/=
 28502 12598 80101 10103 20091 30084 40185 55004 60002 885// 333 20091
 30008 55031 91002 91104 555 52007 53008 7003/=
 22550 12997 81203 10068 20002 30053 40063 57026 69902 8805/ 333 20062
 31003 55079 555 53009 7990/=
 22778 12998 51504 10060 21021 30088 40156 57018 60002 82071 333 20025
 32001 55129 555 53006 7000/=
 22889 12898 20902 10007 21000 30114 40201 57011 60002 81031 333 21024
 555 53004 7000/=
 22762 12998 61404 10078 21016 30072 40110 57026 60002 80085 333 20069
 41998 555 53007 7000/ 91210=
 22638 46/// /2202 10040 20030 39807 40028 57009=
 22671 12998 71503 10070 21015 30043 40120 57018 60002 82015 333 20060
 3/100 42003 55105 555 53007 7000/=
 22456 11597 81302 10051 20005 39989 40076 58027 69992 70262 885// 333
 20012 3/100 43010 555 53006 7999/=
 22583 12598 71402 10059 21025 30073 40153 57010 60002 85571
 333 20035 44028 55105 555 53006 7000/=
 22749 NIL=
 22951 12998 62005 10070 21022 39829 40105 57022 60002 80001 333 20058
 31003 555 53011 7000/=
 22887 12999 21503 10054 20002 30114 40184 57014 60002 80001 
 333 21003 31102 55139 555 53006 7000/=
 22876 12997 01704 10083 21028 30100 40171 57016 60002 333 21002 555
 50080 53006 7000/ 91209=
 22481 12998 71303 10057 21020 30071 40123 57014 60002 82032 333 20030
 3/100 44031 555 53008 7990/=
 22854 12899 71704 10073 21019 39809 40091 57023 60002 82036 333 20070
 31004 55107 555 53009 7000/=
 22781 NIL=
 22676 NIL=
 22648 NIL=
 22559 12598 81504 10078 21017 30059 40075 57027 60002 333 20060 55089
 555 53008 7994/=
 22869 12997 61102 10066 21027 30006 40152 57021 60002 80034 333 20036
 32002 555 53007 7000/ 91209=
 22768 NIL=
 22798 12998 31101 10042 21014 30090 40202 57009 60002 80009 333 21011
 31101 555 53004 7000/=
 22375 NIL=
 23207 12999 61802 10045 21021 30127 40149 57007 60002 86070 333 21025
 3/103 42006 55039 555 53010 7990/=
 23215 NIL=
 23219 NIL=
 27095 76/// /0000 10015 20015 39992 40222 57008 333 21010 60002 555 53003 7000/=
 22408 21224 83606 10004 21003 39893 40042 57012 77376 8872/ 333  
 20004 55068 60082 88505 91011 91111 555   7008/=
 22511 21427 80305 10002 21002 39885 40005 57025 77172 8772/ 333  
 20001 60162 91110 93702 555   7017/=
 22529 21463 81704 10059 20045 39996 40003 57022 76162 8872/ 333  
 20008 60012 88516 555   7003/=
 22602 21359 80202 10002 21001 39763 49986 57007 77176 8872/ 333  
 20001 55004 60182 88508 555   7023/=
 22621 73467 /1402 10033 20022 39865 40002 57008 333   20029 55053
 60032 555   7007/=
 22619 21481 71802 10030 20014 39839 49995 57011 70262 87500 333  
 20008 55027 60022 87619 555   7004/=
 22721 21599 71501 10036 20011 39920 40017 57007 70282 87500 333  
 20021 69992 87620 555   7001/=
 22727 76470 /1905 10035 20011 39983 40030 57008 333   20034 60012
 91110 555   7002/=
 22717 73/70 /2004 10013 20001 39820 40012 57014 333   20013 60012
 91110 555   7002/=
 22802 21458 82603 10028 20009 30006 40029 52008 78082 889// 333  
 20026 55016 60022 88915 555   7006/=
 22820 21470 82204 10028 20005 39900 40035 57008 70262 885// 333  
 20025 55055 60022 88618 91112 555   7003/=
 22831 21498 72303 10049 20028 30010 40064 52016 72582 87900 333  
 20048 55041 69962 87913 91110 555   7002/=
 22805 22598 72510 10023 20011 30030 40049 52010 86530 333   20019
 55026 60022 91013 91113 555   7003/=
 22912 21599 82206 10037 20010 30052 40067 57001 72582 883// 333  
 20034 60032 86623 91010 91112 555   7005/=
 
