06:31:00 MSK 17.01.2023
020 123456/=о000=0331
 уйту01 бтул 170300
 22686 11497 81905 11040 21063 30045 40147 51002 69902 77073 8652/ 333
 21052 47048 55000 86618 91110 555 53013 7990/=
 22695 11497 81904 11045 21073 39986 40143 52004 69932 77073 8752/ 333
 21057 47043 87613 91112 555 53012 7993/=
 22996 12598 81804 11067 21087 30044 40238 58002 69902 8457/ 333 21099
 47043 55000 555 53011 7990/=
 23220 12498 81803 11043 21074 30008 40153 52001 60012 885// 333 21049 47065 55000 555 53009 7004/=
 23226 11460 82007 11049 21062 39927 40147 58003 60022 77072 885// 333 
 21055 47037 88612 91110 555 53011 7002/=
 23305 11584 81905 11043 21063 30077 40105 51004 60002 73632 885// 333
 21043 47031 88623 91110 555 53013 7992/=
 23320 76/// /2206 11055 21093 30086 40161 52009 333 21055 60002 91011 91113 555 53014 7000/=
 23324 11578 82206 11050 21081 30076 40156 52007 60002 73632 885// 333
 21050 49042 55000 88623 91010 91112 555 53014 7993/=
 23405 11497 81903 11048 21072 30024 40126 52004
 69902 70273 885// 333 21048 47044 55000 88617
 91111 555 53011 7990/=
 23410 76/// /1906 11055 21080 30047 40146 52007 333 21056 60002 91010 91112 555 7000/=
 23411 11599 82106 11056 21061 30039 40130 52005 60002 73632
 885// 333 21056 48044 91114 555 53015 7000/ 91215=
 23412 11497 82205 11053 21076 30046 40145 52006 69922 77173 8477/ 333 21054 47051 55000 91011 91112 555 53013 7992/=
 23416 NIL=
 23418 11543 81706 11053 21082 30095 40171 52008 69952 77173 8652/
 333 21055 47059 55000 86622 91010 91111 555 53011 7995/=
 23501 NIL=
 23503 11498 82005 11043 21071 30093 40144 50001 69902 73673 885// 333 21049 47048 88613 91010 91111 555 53012 7990/ 91212=
 23507 86/// /2204 11060 21060 39828 40147 52004 333 21070 91111 555 53011=
 23509 12498 81905 11053 21069 30086 40167 52005 69902 885// 333 21053
 47053 88615 555 53011 7990/=
 23514 11396 82105 11063 21071 39966 40168 52007 69972 77173 8772/ 333 21063 47065 55000 87709 91010 91110 555 53011 7997/=
 23518 11596 82007 11083 21097 30108 40203 52008 69952 77173
 8852/ 333 21084 48060 55000 85620 91112 555 51058 7995/ 91214=
 23606 11360 82004 11070 21087 30009 40187 52005
 69922 70272 887// 333 21070 47055 55000 86708
 91111 555 53011 7992/=
 23612 11450 81906 11087 21107 30072 40210 52007 69932 77173 885// 
 333 21087 47059 88617 91011 91111 555 53013 7993/=
 23701 11482 82005 11055 21073 30045 40179 51/// 69912 73632 885// 333
 21/// 47043 88614 91110 555 53010 7994/=
 23704 76/// /1903 11062 21067 39926 40039 55004 333 21064 60002 91111 555 51051 7000/=
 23707 61598 81904 11064 21083 30062 40199 52005 60002 70232 885// 333 21068 47031 55000 88623 91110 555 53012 7000/=
 23708 11484 81806 11073 21094 30068 40223 52004 60002 73632 885// 333
 21081 48043 88615 91110 555 53013 7000/ 91213=
 23709 11397 81904 11079 21097 30036 40238 52007 69902 77172 887// 333
 21090 47040 86709 91110 555 53010 7990/=
 23711 11497 81903 11093 21112 30059 40237 52007 69922 78582 889// 333 21094 47068 55000 85713 555 53013 7992/=
 23803 11499 82003 11079 21106 30061 40249 53005 69902 70232 886// 333
 21098 47043 55000 555 53008 7990/=
 23804 61497 81902 11064 21080 30065 40216 52003 60002 73632 8755/ 333 21078 47039 55000 87612 555 53011 7990/=
 23807 11497 82007 11059 21070 30062 40229 51001 60002 73632 8655/ 333
 21087 48027 55000 86613 91010 91112 555 53012 7000/=
 23808 NIL=
 23812 12/// /2003 11110 21130 30101 40275 55001 60002 333 21128 555 53011 7000/ 91211=
 23904 11478 81705 11081 21106 30093 40258 52003 69902 73632 885// 333
 21111 47036 88618 555 53010 7990/=
 23905 12999 01702 11118 21145 30042 40284 52007 69902 333 21126 47037
 555 53009 7990/=
 23909 12998 31903 11134 21161 30042 40305 52002 69902 80001 333 21134
 47034 55039=
 23912 12898 61703 11139 21158 30114 40321 52003 69902 82031 333 21149
 47061 93400 555 53009 7994/=
 23913 12999 30000 11120 21156 30082 40327 55004 60002 80001 333 21211
 47057 55000 555 53009 7994/=
 23914 12998 51603 11159 21178 30047 40325 52002 60002 80005 333 21170
 47049 55008=
 28013 12998 21804 11141 21188 30066 40315 57003 60002 80001 333 21141
 47037 91112 555 53012 7990/=
 28016 12999 01702 11149 21194 30079 40324 54001 69902 333 21149 47035
 555 53008 7990/=
 28029 12999 01603 11150 21197 30110 40347 57001 60002 333 21150 47051
 55033 555 53009 7000/=
 28116 12999 01802 11158 21198 30088 40339 57001 60002 333 21158 47046
 55042=
 28128 12999 02001 11160 21210 30191 40358 57001 60002 333 21169 47041
 55056 555 53006 7990/=
 28134 12998 00000 11211 21231 39989 40379 54000 60002 333 21211 47057
 555 53005 7000/=
 28138 12999 02303 11157 21214 39759 40375 57002 60002 333 21168 47055
 55008=
 28216 12999 01102 11166 21216 30032 40357 57004 60002 333 21166 47035
 555 53009 7000/=
 28222 12998 01602 11158 21211 30154 40366 54001 60002 333 21158 47041
 555 53006 7000/=
 28224 12970 21502 11153 21219 30136 40368 57002 60002 80001 333 21160
 47043 55063=
 28234 12998 01702 11143 21229 30078 40380 57002 60002 333 21144 47048
 555 53009 7000/=
 28238 12999 00000 11237 21263 30059 40401 54001 60002 333 21241 47050
 55041 555 53004 7000/=
 28313 12998 21602 11183 21226 30154 40366 57004 60002 80001 333 21187
 47042 555 53006 7000/=
 28319 12999 01002 11176 21217 30193 40373 58005 60002 333 21176
 47050=
 28321 12999 21802 11173 21224 30145 40368 57004 60002 80001 333 21175
 47052=
 28324 12999 00000 11243 21277 30241 40378 57004 60002 333 21245 47045
 555 53003 7000/=
 28326 12998 31801 11145 21219 30179 40382 57004 60002 80001 333 21182
 47042 55055 555 53005 7000/=
 28413 12999 20901 11150 21221 30230 40364 57002 60002 80005 333 21150
 47039 555 53007 7000/=
 28428 12999 03301 11261 21298 30190 40401 55005 60002 333 21267 48032
 555 53003 7000/=
 28429 12998 02002 11115 21222 39953 40396 57003 60002 333 21129 47033
 555 53006 7000/=
 22983 12584 81802 11054 21077 30104 40213 52001 69902 8655/ 333 21065
 47038 55000 91005 91106 555 53008 7990/=
 27083 12584 82103 11073 21093 30004 40235 57002 60002 885// 333 21095
 47038 91004 91108 555 53008 7990/=
 27097 12498 71504 11130 21153 39993 40273 52007 60002 87500 333 21130
 47045 91007 91109 555 53011 7992/=
 27185 12598 81502 11132 21170 30075 40272 50004 60002 885// 333 21133
 47043 91004 91107 555 53008 7993/=
 27199 12998 21503 11147 21188 30084 40297 54000 69902 80001 333 21147
 47046 55014 91005 91106 555 53008 7990/=
 27281 12584 61505 11131 21161 30047 40269 52002 69902 83510 333 21131
 47039 91007 91109 555 53009 7990/=
 27283 12997 21703 11148 21187 30108 40277 52001 60002 80001 333 21148
 47041 91005 91107 555 53008 7992/=
 27295 12997 01403 11154 21193 30028 40300 57003 60002 333 21154 47059
 91006 91106 555 53008 7990/=
 27296 12998 01603 11154 21200 30068 40304 57002 60002 333 21155 47047
 55025 91006 91108 555 53008 7000/=
 27385 129// 01703 11156 21190 30152 40295 57001 60002 333 21159 43048
 91005 91106 555 53009 7990/=
 27393 11998 01905 11151 21197 30137 40323 54000 60002 70230 333 21152
 47064 55032 91007 91108 555 53011 7000/=
 27480 12998 01503 11153 21194 30153 40291 57001 60002 333 21153 47044
 91005 91105 555 53007 7000/=
 28007 12999 01703 11147 21185 30017 40299 50001 60002 333 21147 48049
 55024 91005 91106 555 53009 7990/=
 28009 12998 01903 11141 21195 30085 40311 52002 60002 333 21141 48046
 91005 91107 555 53008 7990/=
 28105 12998 01802 11148 21194 30092 40308 52001 60002 333 21148 47046
 91003 91106 555 53008 7000/=
 28202 12997 01703 11159 21206 30084 40325 52002 60002 333 21161 47051
 91004 91107 555 53010 7000/=
 28302 12997 01402 11160 21209 30086 40335 54000 60002 333 21160 47052
 91004 91104 555 53008 7000/=
 28307 12998 00000 11200 21230 30168 40328 52001 60002 333 21203 47046
 91000 91103 555 53006 7000/=
 28402 12984 21602 11151 21210 30143 40337 53002 60002 80001 333 21151
 47046 91003 91105 555 53006 7000/=
 28502 12997 20000 11194 21239 30232 40347 52002 60002 80001 333 21194
 48032 55071 91000 91104 555 53007 7000/=
 22550 11467 81805 11009 21028 30035 40045 52009 69982 73632 886// 333
 21014 47037 55000 88614 91113 555 53013 7003/=
 22778 11596 81604 11040 21053 30083 40154 52005 60012 78582 889// 333
 21047 47038 55000 555 53010 7001/=
 22889 12497 81503 11052 21069 30117 40206 50001 69902 885// 333 21068
 47028 88515 555 53011 7990/=
 22762 12497 81503 11035 21052 30077 40117 52009 60002 8657/ 333 21042
 47038 555 53012 7992/ 91212=
 22638 46/// /2004 10001 21012 39802 40026 52014=
 22671 11498 82005 11037 21050 30020 40100 52008 69952 73632 885// 333
 21042 47041 55000 88613 555 53012 7002/=
 22456 11495 81903 11021 21021 39943 40031 52009 60012 78682 889// 333
 21021 47043 91110 555 53011 7005/=
 22583 12584 71802 11041 21068 30024 40107 52008 69922 875// 
 333 21044 47059 55000 555 53009 7001/=
 22749 NIL=
 22951 11398 82304 11046 21058 39850 40138 52008 69932 73632 886// 333
 21054 47042 555 53013 7995/=
 22887 12697 81804 11042 21072 30119 40192 52004 60002 8255/ 333 21057 47023 
 55000 91011 91111 555 53011 7000/=
 22876 11597 81804 11042 21057 30099 40173 51005 60002 73632 889// 333
 21050 47020 88922 91110 555 51037 53012 7000/ 91214=
 22481 11598 81908 11034 21045 30012 40065 52010 69962 73632 885// 333
 21034 48042 91011 91113 555 53013 7001/=
 22854 12398 81905 11044 21054 39828 40123 52012 60002 886// 333 21048
 48047 55000 88709 91111 555 53013 7992/=
 22781 NIL=
 22676 11498 81804 11038 21068 30045 40124 52007 69902 70272 885// 333
 21045 47028 91111 555 53014 7990/=
 22648 NIL=
 22559 12598 81805 11021 21040 30048 40065 52007 69992 885// 333 21023
 44036 55000 88627 91010 91112 555 53012 7004/ 91212=
 22869 12598 81803 11041 21051 30013 40165 52005 60012 885// 333 21054
 47038 88624 555 53012 7001/ 91214=
 22768 12597 82106 11033 21062 30081 40132 52008 69922 885// 333 21044
 47029 55000 88623 91012 91112 555 53013 7992/=
 22798 12497 81904 11058 21075 30076 40192 50006 69902 885// 333 21063
 47032 88613 91110 555 53011 7990/=
 22375 46/// /1908 11024 30012 40027 52009 333 91114=
 23207 11597 82007 11032 21055 30046 40068 52005 69982 78583 889// 333
 21032 47033 55000 91010 91113 555 53013 7998/=
 23215 NIL=
 23219 NIL=
 27095 76/// /1605 11117 21144 30039 40283 53008 333 21117 60002 555 53010 7000/=
 22408 21584 82405 11006 21032 39790 49938 52039 70282 889// 333  
 21007 55000 69962 88923 91010 91111 555   7996/=
 22511 21520 82307 11006 21019 39830 49950 52037 78682 8793/ 333  
 21007 60022 87622 91011 91111 93702 555   7003/=
 22529 22598 81906 10016 21003 39977 49984 52015 885// 333   20010
 60002 88621 91010 91113 555   7990/=
 22602 21459 82404 11007 21047 39755 49979 52045 77172 8872/ 333  
 21007 55000 60022 88510 91112 555   7003/=
 22621 73/57 /2107 10008 21006 39850 49988 52023 333   20006 55000
 69932 91013 91114 555   7002/=
 22619 21498 32204 10010 21015 39837 49994 52029 70281 83500 333  
 20004 55000 69932 91111 555   7001/=
 22721 21497 81702 10013 20003 39922 40019 52021 78082 889// 333  
 20002 60022 85914 555   7004/=
 22727 76462 /1805 10012 21001 39997 40045 52022 333   20007 69932
 91110 555   7999/=
 22717 73/70 /2003 10010 20001 39838 40030 52028 333   20001 60042
 555   7008/=
 22802 22598 81902 10018 20000 30008 40031 52027 889// 333   20018
 55000 69932 555   7002/=
 22820 21698 62103 10012 21008 39913 40049 52020 70272 86500 333  
 20002 55000 69952 86640 555   7001/=
 22831 22497 72003 11006 21027 30025 40080 52018 87900 333   21013
 55000 60012 87912 555   7007/=
 22805 225// 81906 10020 20007 30016 40035 51018 885// 333   20019
 55000 60002 91111 555   7997/=
 22912 22484 81804 10011 21006 30052 40067 52018 885// 333   20009
 60002 88618 555   7004/=
 
