00:31:00 MSK 09.05.2023
020 123456/=о000=2131
 уйту01 бтул 082100
 22686 82598 82002 10048 21020 30117 40216 58005 8397/=
 22695 42998 82604 10048 21053 30050 40202 57009 8805/=
 22996 42/// /1702 11009 21020 30094 40284 52002=
 23220 43/// /2005 11029 21036 39969 40112 57017=
 23226 41319 81904 11040 21045 39884 40103 57025 77572 887// 333 
 85708=
 23305 42/// /2506 10031 21002 30121 40149 56016 333 91011 91114=
 23320 86/// /2405 10003 21012 30076 40149 56014 333 91110=
 23324 41356 82304 10001 21002 30057 40135 58015 77172 8872/ 333 86707=
 23405 42997 62203 10035 21021 30072 40171 57012 86030=
 23410 86/// /2003 10020 21026 30052 40149 57014=
 23411 42/// /2204 10030 21016 30062 40151 57017=
 23412 42599 72404 10024 21026 30052 40149 57015 85530 333 85627=
 23416 NIL=
 23418 42965 62304 10028 21049 30101 40174 57010 86030=
 23503 42/// /2203 10031 21037 30127 40177 57016=
 23507 86/// /2503 10034 21017 39883 40192 57017=
 23509 42/// /1802 10022 21040 30117 40195 57014=
 23514 41597 72402 10023 21020 39995 40192 57012 72622 86930 333 84926=
 23518 NIL=
 23606 42960 82202 10021 21040 30043 40210 57011 8805/=
 23704 86/// /2102 10014 21002 39926 40039 55004=
 23701 42/// /2202 10024 21033 30099 40229 57007=
 23707 82998 81902 10011 21009 30110 40244 57006 82045=
 23708 42/// /2003 11011 21029 30102 40255 52003=
 23709 42998 22103 11010 21043 30060 40256 57003 82030=
 23711 42598 52502 11004 21035 30064 40236 58001 81440=
 23803 42999 32203 11022 21068 30091 40275 58002 80001=
 23804 82997 21902 11007 21019 30112 40260 58004 82030=
 23807 42/// /1902 11021 21021 30110 40276 57003=
 23808 86/// /1002 11036 21055 30110 40284 54001=
 23812 42997 22603 11020 21055 30094 40260 52006 82032=
 23904 42980 01701 11043 21050 30130 40292 52001=
 23905 42999 02302 11046 21065 30056 40292 54000=
 23909 42998 12201 11041 21066 30040 40294 52005 80001=
 23912 42998 01201 11050 21069 30086 40285 52011=
 23913 42999 03101 11052 21086 30044 40282 52010=
 23914 82998 22803 11023 21072 30020 40284 52008 80001=
 28013 42999 02602 11024 21076 30054 40292 52009=
 28016 42/// /2401 11028 21050 30065 40296 52008=
 28029 42999 00000 11017 21072 30059 40284 52015=
 28116 42999 03101 11033 21068 30058 40296 52012=
 28128 42999 03402 10004 21064 30130 40286 52011=
 28134 42998 20000 11040 21073 39925 40288 52013 80001=
 28138 43/// /0000 11047 21093 39701 40287 52012=
 28216 42999 02601 11004 21074 39992 40296 52010=
 28222 42/// /2701 11028 21055 30087 40288 52018=
 28224 42967 00000 11012 21063 30069 40288 52013=
 28234 42998 00000 11017 21094 30001 40286 52017=
 28238 42999 02301 11037 21078 39974 40287 52015=
 28313 42/// /0000 11035 21058 30101 40300 52012=
 28319 42999 03601 11017 21042 30128 40297 52011=
 28321 42999 03402 10008 21051 30084 40291 52012=
 28324 42/// /0000 11016 21062 30167 40291 52012=
 28326 42998 00000 11044 21072 30093 40287 52013=
 28413 42999 02701 10015 21033 30170 40295 52010=
 28428 42999 03401 11025 21070 30100 40290 52011=
 28429 42/// /0000 11033 21071 39867 40292 52008=
 22983 42984 00000 11027 21033 30167 40275 54000 333 91000 91101=
 27083 42984 01901 11017 21035 30060 40289 52002 333 91001 91101=
 27097 42/// /1701 11037 21045 30032 40304 52005 333 91002 91102=
 27185 42/// /0000 11028 21036 30117 40307 52006 333 91000 91102=
 27199 42998 00000 11024 21044 30104 40307 52006 333 91001 91101=
 27281 42984 00000 11011 21029 30096 40308 52007 333 91000 91101=
 27283 42997 00000 11031 21041 30147 40308 52007 333 91000 91101=
 27295 42/// /0000 11019 21045 30051 40311 52006 333 91000 91102=
 27296 42998 00000 11021 21042 30081 40304 52007 333 91000 91101=
 27385 415// 22601 11017 21030 30176 40309 52008 71111 82500 333 91001
 91103=
 27393 42998 30000 10005 21042 30136 40310 52008 83030 333 91001
 91102=
 27480 42998 00000 11018 21042 30180 40313 52007 333 91000 91103=
 28007 42999 02602 11019 21069 30033 40302 52003 333 91003 91103=
 28009 42998 00000 11039 21056 30088 40306 52004 333 91000 91101=
 28105 42998 00000 11046 21063 30099 40307 52006 333 91000 91101=
 28202 42997 03101 11016 21066 30075 40303 52009 333 91001 91103=
 28302 42997 33601 10001 21054 30070 40304 52010 83030 333 91002
 91103=
 28307 42998 00000 11003 21030 30158 40306 52008 333 91000 91102=
 28402 42984 12301 10000 21022 30118 40301 52005 80005 333 91002
 91102=
 28502 42997 02401 11009 21041 30196 40303 52010 333 91002 91103=
 22550 82973 61901 11007 21028 30194 40204 57003 82031=
 22778 42998 72302 10066 21036 30170 40239 57005 85075=
 22889 42/// /0000 11024 21026 30180 40269 57002=
 22762 42597 82101 10076 21005 30188 40226 57009 885//=
 22638 NIL=
 22671 42/// /0000 10041 21004 30121 40199 57016=
 22456 42997 82601 10014 21024 30101 40189 57004 86031=
 22583 41598 82401 10038 21004 30108 40188 57012 70282 8657/=
 22749 NIL=
 22951 42/// /2601 10013 21035 39994 40280 52004=
 22887 42697 61802 10036 21027 30189 40259 57002 
 82501=
 22876 42997 22204 10056 21050 30179 40251 57003 82030=
 22481 42/// /2502 10035 21013 30123 40176 57007=
 22854 42/// /2403 10060 21033 39973 40261 52002=
 22781 NIL=
 22676 42898 72303 10061 21017 30130 40207 57017 87070=
 22648 NIL=
 22559 42/// /2301 10038 21028 30191 40208 54001=
 22869 42/// /2202 10037 21040 30117 40266 54000=
 22768 42597 81902 10072 21024 30191 40240 57004 8357/=
 22798 42998 30000 10005 21029 30130 40244 57006 83030=
 22375 46/// /2703 10012 30153 40168 57006=
 23207 NIL=
 23215 NIL=
 23219 NIL=
 27095 86/// /0000 11037 21037 30074 40311 52005=
 22408 42684 70000 10028 21009 30072 40222 54000 8253/=
 22511 42984 70000 10056 21010 30101 40221 57001 87030=
 22529 42598 22502 10070 21019 30210 40217 54000 82500=
 22602 42476 62502 10076 21005 30010 40233 57001 83530=
 22621 83970 /2403 10091 21023 30092 40229 54000=
 22619 42998 82503 10091 21032 30077 40234 57002 8807/=
 22721 42997 82902 10101 21028 30144 40241 54000 8805/=
 22727 86970 /2302 10089 21021 30212 40259 52002=
 22717 83/70 /2102 10074 21033 30069 40261 57002=
 22802 42598 72201 10057 21004 30244 40267 54000 84530=
 22820 42998 72404 10082 21043 30128 40263 57002 87030 555   50092=
 22831 42997 62501 10070 21025 30209 40264 52004 84031=
 22805 425// 82102 10036 21003 30250 40270 54000 885//=
 22912 42584 11701 11008 21018 30265 40281 54000 81500=
 
