15:31:00 MSK 15.10.2023
020 123456/=о000=1231
 унту01 бтул 151200
 22686 41598 52103 10086 20052 39812 49907 52015 70252 84202 555 11009=
 22695 42598 52103 10077 20049 39752 49898 52014 83930 555 1/007=
 22996 41296 82103 10122 20122 39775 49950 52002 75365 886// 333 85705 555 12011=
 23220 42598 81003 11012 21025 39861 40002 58012 8357/ 555 1/101=
 23226 42360 81403 11002 21020 39793 40006 58009 887// 333 86708 555
 1/100=
 23305 41458 81503 10011 20011 39865 49892 56014 77076 8802/ 333 91112
 555 1/100=
 23320 86/// /1002 10002 21011 39898 49970 58030=
 23324 42980 80903 11011 21031 39905 49981 58026 8807/ 555 1/101=
 23405 41264 81403 10022 20019 39800 49896 57006 72075 886// 333 88705
 91110 555 1/002=
 23410 NIL=
 23411 41499 81606 10011 20008 39830 49917 57026 70272 8772/ 333 91110
 555 12001=
 23412 41398 81307 10012 20008 39837 49932 57033 77175 8872/ 333 86707 91011 91111 555 12001=
 23416 NIL=
 23418 41456 81503 10021 20013 39869 49940 57028 76187 8672/ 333 86710
 555 11002=
 23501 NIL=
 23503 41297 81703 10034 20027 39862 49911 58008 76076 8872/ 333 86706 555 12003=
 23507 86/// /2301 10040 20040 39604 49904 52005=
 23509 41396 81602 10041 20036 39840 49915 56007 75165 886// 333 88707
 555 12004=
 23514 41296 81804 10026 20025 39736 49928 57011 75175 886// 333 88706 555 12003=
 23518 NIL=
 23606 41260 81803 10045 20043 39762 49927 56003 76162 8872/ 333 86704  91110 555 11005=
 23612 NIL=
 23701 41469 82001 10081 20076 39797 49920 53004 71182 885// 333 88614
 555 11007=
 23704 NIL=
 23707 81498 82303 10103 20099 39795 49920 52006 70262 8655/ 333 86619 555 12008=
 23708 41357 81702 10079 20068 39793 49935 53004 75185 886// 333 88707
 555 12007=
 23709 81396 81501 10055 20045 39761 49947 57004 78086 883// 333 86708 555 12005=
 23711 41397 81703 10040 20037 39794 49958 56004 75165 887// 333 86709 555 11004=
 23803 41495 81602 10048 20043 39779 49953 56002 76165 8802/ 555 11006=
 23804 41397 82002 10116 20111 39788 49925 53004 70262 8672/ 333 85708
 555 11009=
 23807 42/// /2103 10120 20120 39787 49939 50004 555 1/011=
 23808 NIL=
 23812 41496 81902 10048 20041 39819 49977 57008 78082 889// 555 11004=
 23904 41370 81902 10120 20120 39811 49959 50003 70282 883// 333 86709
 555 11011=
 23905 41498 82003 10104 20100 39751 49966 52002 72165 886// 555
 11009=
 23909 41295 82004 10092 20088 39750 49984 52004 76186 8872/=
 23912 41494 81804 10055 20051 39810 49997 57003 76065 8872/ 555
 11005=
 23913 NIL=
 23914 81495 81803 10059 20057 39750 49998 57002 71062 8802/=
 28013 41395 81903 10083 20073 39772 49994 54000 75185 886// 555
 11008=
 28016 41496 82103 10098 20096 39785 40000 52003 71082 889// 555
 12009=
 28029 41395 81905 10069 20066 39807 40020 57002 75065 886// 555
 12006=
 28116 41395 82202 10091 20088 39795 40016 52004 71065 886//=
 28128 NIL=
 28134 41595 82002 10058 20055 39700 40041 57001 71062 885// 555
 11006=
 28138 41594 82104 10044 20038 39502 40056 52001 78082 883//=
 28216 41895 82004 10092 20088 39751 40037 52002 71052 8801/ 555
 11009=
 28222 41596 81902 10081 20079 39854 40042 54000 71062 886// 555
 11007=
 28224 41458 81902 10087 20078 39843 40048 54000 71065 8802/=
 28234 41596 81804 10065 20054 39789 40059 54001 75865 885// 555
 11008=
 28238 41496 82003 10063 20049 39773 40068 54001 75165 886// 555
 11006=
 28313 NIL=
 28319 41598 82305 10111 20097 39909 40066 53001 70262 885//=
 28321 41598 81904 10085 20083 39852 40048 58003 76162 8802/=
 28324 41697 81802 10100 20084 39946 40062 57002 70282 884// 555
 11009=
 28326 NIL=
 28413 41599 72103 10119 20081 39955 40072 53003 70262 85530 555
 11011=
 28428 41597 82005 10087 20069 39911 40090 50001 70262 885// 555
 12008=
 28429 41497 82205 10067 20060 39695 40096 52002 76265 8872/ 333 91112
 555 11006=
 22983 41498 82301 10102 20091 39849 49949 52013 70282 8695/ 333 91002
 91108 555 12010=
 27083 41458 82003 10124 20118 39745 49955 52001 76162 8872/ 333 91005
 91107 555 12011=
 27097 NIL=
 27185 NIL=
 27199 41396 82203 10113 20107 39815 40002 52003 76152 887// 333 91008
 91110 555 12011=
 27281 41338 82104 10117 20112 39801 49997 52003 76365 8872/ 333 91006
 91109 555 11011=
 27283 41445 82103 10114 20110 39854 40002 53002 78082 889// 333 91005
 91109 555 11011=
 27295 NIL=
 27296 42468 82104 10116 20093 39806 40013 57001 8872/ 333 91008 91110
 555 11010=
 27385 424// 82104 10117 20098 39899 40022 57002 8575/ 333 91008 91110
 555 11011=
 27393 41597 82207 10116 20097 39869 40032 58002 78082 8697/ 333 91009
 91113 555 11011=
 27480 42498 82104 10116 20105 39909 40032 57004 885// 333 91006 91109
 555 12011=
 28007 41341 82103 10107 20098 39740 49989 52003 75165 886// 333 88709
 91007 91109 555 11010=
 28009 41438 82003 10105 20094 39797 49997 52003 75185 886// 333 91006
 91108 555 11010=
 28105 NIL=
 28202 NIL=
 28302 NIL=
 28307 NIL=
 28402 41462 82006 10115 20102 39876 40048 54000 76186 8662/ 333 91009
 91112 555 11012=
 28502 41598 72106 10142 20093 39966 40064 58003 72586 86930 333 91009
 91110 555 11012=
 22550 82497 81804 10094 20052 39813 49822 57003 885// 333 88618 91113
 555 12008=
 22778 42598 72003 10094 20047 39848 49914 52003 86570 555 12009=
 22889 41498 72302 10105 20085 39862 49944 51014 70162 83570 555
 12010=
 22762 82498 81702 10094 20048 39850 49887 50003 885// 555 11009=
 22638 NIL=
 22671 42/// /2204 10091 20047 39795 49870 52006 555 1/008=
 22456 42598 62002 10081 20047 39730 49813 51009 86500 555 11007=
 22583 41598 71801 10079 20063 39800 49877 52013 70285 87500 555
 11007=
 22749 42598 82106 10091 20048 39752 49870 58005 889// 333 88924 91011
 91112 555 12008=
 22951 42498 72203 10080 20036 39650 49919 57004 87100 333 91112 555
 1/008=
 22887 41599 82102 10107 20085 39866 49933 52009 70252 83531 555
 12011=
 22876 41497 72202 10101 20072 39861 49932 51006 70282 86930 333 86919
 555 12010=
 22481 41597 71605 10077 20061 39791 49841 52005 78082 87900 333 91110
 555 11007=
 22854 42599 72005 10075 20043 39625 49901 58003 87500 333 87625 91010
 91111 555 12007=
 22781 NIL=
 22676 42598 72104 10091 20044 39812 49886 52007 86830 333 91111 555
 12008=
 22648 42598 71906 10097 20053 39803 49847 52003 87900 333 87630 91012
 91115 555 11011=
 22559 41598 81804 10091 20048 39825 49841 54001 70282 8693/ 333 86624
 91110 555 12007=
 22869 42597 72203 10096 20053 39791 49932 58002 87800 333 87820 91110
 555 12009=
 22768 42597 72105 10094 20045 39851 49899 57001 86530 333 86621 91110
 555 11009=
 22798 41498 82501 10096 20083 39818 49925 52013 70262 8655/ 555
 11009=
 22375 NIL=
 23207 41495 81304 10004 20004 39847 49869 57015 75275 886// 333 91111
 555 1/100=
 23215 42998 81203 11013 21020 39874 49963 56021 86032 555 14101=
 23219 NIL=
 27095 86/// /2003 10118 20118 39765 49982 52002=
 22408 41359 83301 10035 20028 39572 49714 57012 76186 8872/ 333  
 88509 555   12004=
 22511 NIL=
 22529 41599 62007 10085 20052 39751 49757 57018 72582 84902 333  
 91012 91114 555   12007=
 22602 41477 72405 10037 20021 39536 49751 52023 72586 86930 333  
 86913 91010 91112 555   11006=
 22621 83770 /1905 10043 20029 39629 49762 57012 333   91113 555  
 1////=
 22619 41482 71902 10035 20025 39618 49770 52002 70281 87500 333  
 91111 555   11005=
 22721 41599 81702 10078 20038 39699 49792 57006 70281 889// 333  
 85626 91110 555   11008=
 22727 86569 /2007 10087 20055 39769 49814 57014 333   91013 91114
 555   1////=
 22717 83/70 /2303 10042 20039 39619 49808 52006 333   91115 555  
 1////=
 22802 41599 72504 10073 20031 39798 49820 52022 70282 86931 333  
 85932 91113 555   12008=
 22820 41667 62107 10084 20045 39693 49822 57012 70282 85930 333  
 91017 91117 555   12009=
 22831 42598 72003 10092 20046 39811 49863 57003 86530 333   86632
 91110 555   12008=
 22805 41498 72510 10078 20057 39807 49830 52007 72582 86931 333  
 91014 91122 555   12009=
 22912 41599 72108 10096 20047 39842 49856 57007 72582 85330 333  
 91015 91116 555   12008=
 
