03:31:00 MSK 12.09.2023
020 123456/=о000=0031
 унту01 бтул 120000
 22686 82398 81501 10101 20094 30116 40213 54000 886// 333 85708 555
 11010=
 22695 41496 80000 10092 20079 30054 40203 51002 75152 886// 555 11010=
 22996 82498 80000 10101 20101 30034 40215 51009 887// 555 11011=
 23220 43/// /2302 10110 20106 30050 40186 52010 555 1/011=
 23226 41460 83302 10100 20094 39979 40187 52011 70254 885// 333 88617 
 555 11010=
 23305 42/// /0000 10114 20114 30173 40200 52004 555 1/011=
 23320 86/// /2202 10094 20086 30139 40210 52008=
 23324 41276 82302 10107 20103 30130 40205 52008 70252 886// 333 88705
 555 11011=
 23405 41994 00000 10074 20070 30106 40203 52003
 71011 555 11007=
 23410 86/// /2001 10098 20091 30110 40204 53004 555 53005=
 23411 42/// /2102 10098 20098 30118 40205 52005 555 1/010=
 23412 42399 80000 10103 20101 30111 40205 52003 887// 333 84709 555 10011=
 23416 NIL=
 23418 41465 81802 10064 20055 30142 40215 52007 72841
 885// 333 88619 555 11007=
 23503 42/// /1802 10067 20062 30161 40211 52008 555 1/008=
 23507 86/// /0000 10049 20049 39908 40216 52005=
 23509 NIL=
 23514 41/91 92001 10068 20068 30023 40217 52006 74754 555 11008=
 23518 42/// /3301 10088 20084 30126 40216 53007 555 1/010=
 23606 41118 81901 10084 20084 30053 40216 52005 71042 886// 333 88703 555 11011=
 23612 NIL=
 23701 NIL=
 23704 86/// /1401 10094 20094 39710 49821 55034 555 53005=
 23707 81396 81901 10089 20088 30089 40219 52005 71010 886// 333 88708 555 10010=
 23708 42/// /0000 10088 20073 30079 40226 52006 555 1/010=
 23709 81/93 92601 10078 20069 30037 40226 52006 74542 555 11009=
 23711 41396 82501 10088 20081 30053 40219 52006 71022 886// 333 88707
 555 11011=
 23803 41493 80000 10088 20084 30054 40230 51007 75154 886// 555 11008=
 23804 42397 81201 10093 20086 30077 40219 52004 887// 333 86707 555 11010=
 23807 42/// /2901 10093 20093 30065 40223 52006 555 1/010=
 23808 86/// /0302 10096 20092 30060 40224 52009=
 23812 41393 80000 10070 20066 30061 40221 52007 74441 886// 555 11008=
 23904 41221 80000 10104 20104 30067 40220 52009 71022 886// 333 88704
 555 10011=
 23905 81493 83601 10096 20095 39997 40219 52007 74644 886// 555
 11011=
 23909 81/92 93501 10076 20074 39977 40218 52008 74544=
 23912 82998 00000 10030 20026 30028 40220 52006 555 10003=
 23913 81993 03301 10025 20025 30001 40231 53007 74440 555 10003=
 23914 82998 13201 10072 20062 39963 40216 52005 80001=
 27095 86/// /3601 10058 20079 30002 40219 52008=
 28013 81993 00201 10063 20054 39987 40215 52007 74640 555 10006=
 28016 82/// /3102 10045 20045 39993 40216 52007 555 1/006=
 28029 82999 03601 10089 20071 39988 40203 52004 555 11007=
 28116 81996 00301 10051 20049 39982 40210 52008 71000=
 28128 82599 80201 10102 20087 30051 40200 52007 81501 555 11008=
 28134 81992 00000 10038 20036 39859 40208 52006 74241 555 11002=
 28138 43/// /3603 10057 20049 39643 40202 52008=
 28216 81996 33502 10071 20065 39907 40199 52005 71000 80005 555
 10006=
 28222 42/// /0000 10065 20062 30007 40199 52006 555 1/005=
 28224 82870 50201 10095 20080 39981 40189 52004 85080=
 28234 82898 23401 10068 20057 39918 40192 52006 82030 555 10007=
 28238 82999 20000 10078 20062 39889 40186 52008 80001 555 10006=
 28313 NIL=
 28319 82598 60502 10112 20084 30023 40181 52003 84550=
 28321 82899 70103 10098 20080 39990 40188 52005 87070=
 28324 42/// /0301 10119 20084 30062 40179 52004 555 1/010=
 28326 82998 30000 10088 20079 39995 40177 52006 80001 555 11008=
 28413 82599 60000 10105 20078 30060 40179 53004 82531 555 11010=
 28428 81597 80401 10109 20089 39984 40163 52006 78082 889// 555
 11011=
 28429 42/// /0401 10093 20085 39762 40162 52007 555 1/009=
 22983 42584 80000 10095 20092 30117 40220 52006 885// 333 91001 91104
 555 11010=
 27083 42584 80301 10101 20091 39995 40212 52006 885// 333 91002 91103
 555 10011=
 27097 42/// /0201 10079 20079 39960 40217 53009 333 91002 91103 555
 1/009=
 27185 42/// /0301 10067 20066 30033 40215 52008 333 91001 91101 555
 1/008=
 27199 42998 00000 10061 20059 30015 40210 52006 333 91001 91104 555
 10005=
 27281 42984 00601 10085 20081 30004 40207 52003 333 91003 91104 555
 10007=
 27283 41993 03401 10042 20042 30054 40210 52005 74440 333 91001 91102
 555 10006=
 27295 42/// /0402 10089 20080 39958 40205 52006 333 91003 91105 555
 1/009=
 27296 41494 80000 10056 20045 39991 40207 52007 71011 886// 333 91001
 91104 555 10007=
 27385 419// 20401 10065 20064 30071 40198 52006 74641 82030 333 91001
 91102 555 10006=
 27393 41597 20802 10081 20075 30037 40205 52006 71200 81540 333 91003
 91103 555 11009=
 27480 41998 00000 10051 20051 30070 40197 52006 71100 333 91000 91103
 555 10006=
 28007 41/93 90102 10077 20069 39958 40216 52008 74722 333 91003 91103
 555 10009=
 28009 41496 80000 10081 20071 30009 40216 52007 71011 886// 333 91001
 91102 555 10009=
 28105 41996 80000 10057 20054 30019 40211 52006 71011 8801/ 333 91000
 91101 555 10008=
 28202 42997 00301 10077 20068 39986 40204 52006 333 91002 91102 555
 10006=
 28302 42997 00101 10072 20061 39976 40201 52008 333 91002 91103 555
 10005=
 28307 41994 02801 10065 20057 30054 40197 52007 71000 333 91001 91102
 555 10004=
 28402 41910 00000 10056 20053 30018 40196 52009 71000 333 91000 91102
 555 11005=
 28502 42997 00901 10067 20051 30084 40186 52009 333 91001 91102 555
 10005=
 22550 82771 71501 10146 20136 30164 40174 54000 87500 333 87655 555
 10013=
 22778 42498 81001 10097 20084 30142 40210 57004 885// 555 11010=
 22889 42/// /1101 10094 20094 30139 40223 53008 555 1/010=
 22762 82597 80000 10116 20110 30166 40204 52003 885// 555 11011=
 22638 46/// /1801 10136 20118 39953 40170 57003=
 22671 42697 80000 10127 20115 30119 40197 58009 885// 333 88636=
 22456 42997 21901 10136 20129 30084 40168 57006 82080 555 10012=
 22583 41596 70000 10100 20097 30124 40203 52001 71022 875//
 555 11011=
 22749 42/// /1902 10091 20091 30075 40197 52005 555 1/009=
 22951 42/// /2101 10099 20089 39937 40212 52002 555 1/011=
 22887 41396 81101 10098 20095  30147 40216 54000 75152 886// 
 333 88707 555 11010 =
 22876 42597 81201 10086 20086 30144 40216 55001 885// 333 88622 555
 11010=
 22481 42/// /1702 10123 20113 30134 40185 54001 555 1/011=
 22854 42/// /1901 10082 20082 39924 40207 52002 555 1/009=
 22781 NIL=
 22676 42598 81301 10107 20098 30125 40201 52002 885// 555 11011=
 22648 42798 81502 10141 20139 30142 40187 52003 885// 333 88655 555
 10014=
 22559 42/// /1601 10141 20129 30166 40182 54001 555 1/013=
 22869 42598 80000 10103 20095 30070 40215 54001 885// 333 88623 555
 11011=
 22768 42697 71602 10113 20100 30154 40202 54000 86530 555 10011=
 22798 42497 81501 10105 20099 30110 40220 53011 885// 555 11012=
 22375 46/// /1903 10131 20123 30155 40169 57005=
 23207 NIL=
 23215 41298 80602 10093 20093 30111 40198 52010 70252 886// 333 88704
 555 11009=
 23219 NIL=
 22408 41656 81802 10151 20149 39972 40114 57009 71022 885// 333  
 88637 555   11013=
 22511 42984 41802 10155 20141 30008 40123 57006 82031 555   10013=
 22529 42598 81903 10149 20133 30141 40147 57005 885// 333   88624
 555   10013=
 22602 42474 82002 10155 20141 39916 40130 57004 889// 333   88915
 555   11015=
 22621 83367 /1803 10152 20140 30015 40148 57004 555   1////=
 22619 42498 82202 10150 20142 39994 40146 57004 885// 333   88618
 555   11014=
 22721 42997 30000 10122 20116 30066 40161 57003 83030 555   11011=
 22727 86/70 /1101 10126 20121 30120 40166 57002 555   1////=
 22717 83/56 /1701 10120 20120 39967 40158 57005 555   1////=
 22802 41698 33601 10134 20134 30128 40151 57006 71242 83500 555  
 11013=
 22820 42998 02103 10145 20119 30035 40166 57002 555   11012=
 22831 42697 70000 10110 20105 30131 40185 52003 86530 333   86646
 555   10011=
 22805 429// 01603 10163 20156 30128 40152 57006 555   11014=
 22912 41909 01102 10101 20096 30151 40166 52001 74440 555   11009=
 
