21:31:00 MSK 14.10.2023
020 123456/=о000=1831
 унту01 бтул 141800
 22686 42598 81303 10018 21001 39908 40007 57022 8257/=
 22695 42/// /1602 10012 21010 39857 40008 57015=
 22996 NIL=
 23220 41598 83004 11005 21010 39832 49972 52012 72682 889// 333 85622=
 23226 41460 83205 11005 21014 39755 49967 52011 77187 885// 333 88611=
 23305 42584 81701 10011 20011 39988 40015 51004 885//=
 23320 66/// /3301 11019 21019 39943 40015 52020 60002 333 10008=
 23324 41375 82902 11028 21039 39935 40013 52018 70271 886// 333 88709=
 23405 41/93 99901 10018 20018 39920 40017 52002
 74554=
 23410 66/// /3501 11020 21027 39920 40017 52015 60002 333 10011=
 23411 41999 82402 10004 20004 39929 40018 52012 70252 8802/=
 23412 41599 80401 11002 21006 39922 40018 52013 70272 885// 333 88628=
 23416 NIL=
 23418 41265 82602 10002 21001 39949 40022 52017 72052
 886// 333 88706=
 23501 NIL=
 23503 41498 82101 10004 21002 39975 40024 52005 70262 885// 333 88616=
 23507 86/// /2301 10005 20005 39720 40027 50001=
 23509 42998 30000 10010 20007 39952 40030 52006 83030=
 23514 41397 82701 10000 21002 39834 40029 52006 72582 8695/ 333 85708=
 23518 42997 82202 11001 21005 39940 40031 51014 8807/ 555 53006=
 23606 41260 82402 10030 20025 39863 40031 52010 70262 886// 333 88706=
 23612 NIL=
 23701 41575 71601 10015 20010 39913 40041 57009 70282 86510 333 86623=
 23704 66/// /1602 10022 20022 39573 49685 56025 60002 333 10043=
 23707 81598 61402 10011 21001 39903 40034 57016 70282 86500 333 86632=
 23708 41584 81802 10015 20005 39908 40056 58004 70361 885// 333 88625=
 23709 81598 72101 10012 21002 39871 40062 51006 70282 87500 333 87627=
 23711 41498 82201 10026 20024 39877 40044 52009 70262 887// 333 86612=
 23803 41999 82702 10006 21005 39887 40066 54000 70276 8805/=
 23804 41597 81601 10019 20005 39898 40042 58017 70282 8455/=
 23807 41996 81502 10009 20009 39884 40044 58021 71011 8805/=
 23808 NIL=
 23812 41597 82702 10026 20014 39904 40064 52013 70282 8695/=
 23904 42977 81702 10019 20008 39903 40058 58020 8802/=
 23905 42599 81601 10000 21005 39846 40072 57011 889// 555 50023=
 23909 42498 22002 10001 21007 39843 40087 57002 82500=
 23912 41598 82302 10027 20013 39894 40084 52009 70282 83531 555
 50030=
 23913 41594 83002 10025 20016 39855 40082 52011 71082 889// 555
 50033=
 23914 81499 82502 10020 20010 39834 40089 52009 70282 889//=
 28013 42598 31802 11002 21016 39862 40092 54000 83500 555 50033=
 28016 42/// /1601 11001 21004 39870 40095 57006 555 50038=
 28029 41599 52102 10029 20010 39883 40100 52006 70282 85500 555
 50041=
 28116 42999 11901 10011 21005 39874 40104 57004 80005=
 28128 42999 00000 10011 21001 39960 40113 52003 555 50046=
 28134 41698 82001 10024 20016 39765 40113 52010 70282 86531 555
 50028=
 28138 43/// /2604 10013 20006 39549 40112 52010 333 91111=
 28216 42999 22103 10025 21006 39821 40116 57005 80005 555 50039=
 28222 42/// /2202 10032 21000 39924 40117 52004 555 50049=
 28224 42970 01801 10013 21003 39911 40124 52001=
 28234 42598 62302 10026 21005 39847 40124 52014 84570 555 50047=
 28238 42599 82504 10038 21000 39823 40123 51012 885// 555 50046=
 28313 42/// /1401 10012 21008 39932 40124 57005 555 50047=
 28319 42998 22001 10052 20017 39971 40132 58003 80001=
 28321 41999 21902 10018 20005 39922 40125 57004 70281 80001=
 28324 42/// /0301 11001 21017 30009 40130 57003 555 50056=
 28326 42598 51501 10000 21017 39945 40134 52008 85500 555 50056=
 28413 42599 62002 10063 20008 30013 40133 57004 82501 555 50072=
 28428 42599 61702 10011 21014 39961 40146 52004 82531 555 50063=
 28429 42/// /2303 10026 21000 39737 40146 51006 555 50049=
 22983 42484 81501 10061 20036 39905 40007 57033 889// 333 91003
 91105=
 27083 42584 81603 10066 20031 39806 40022 57028 885// 333 91006
 91106=
 27097 42498 81503 10063 20038 39789 40043 58027 889// 333 91006
 91107=
 27185 42/// /1602 10078 20035 39864 40042 58027 333 91005 91106=
 27199 42598 81902 10073 20030 39873 40065 57023 8457/ 333 91004
 91105=
 27281 41459 81705 10073 20058 39843 40044 57023 76062 8872/ 333 91007
 91110=
 27283 42497 81904 10084 20038 39904 40055 57023 885// 333 91007
 91108=
 27295 42597 81702 10073 20028 39828 40073 58019 885// 333 91005
 91105=
 27296 42597 81702 10070 20021 39865 40077 57019 8802/ 333 91004
 91106=
 27385 414// 81903 10081 20059 39948 40072 57016 76062 8677/ 333 91008
 91111=
 27393 42598 71907 10078 20031 39925 40091 57018 84570 333 91009
 91109=
 27480 41497 81903 10077 20069 39952 40077 57017 76162 8802/ 333 91008
 91107=
 28007 42699 31702 10044 20007 39811 40068 58021 83500 333 91004
 91105=
 28009 42698 81703 10039 21007 39877 40085 57014 885// 333 91004
 91104=
 28105 42598 81702 10060 20011 39884 40073 58021 885// 333 91005
 91106=
 28202 42597 82104 10048 20013 39871 40089 57016 889// 333 91006
 91106=
 28302 42997 81803 10066 20016 39874 40098 58015 8807/ 333 91005
 91106=
 28307 42498 81502 10080 20027 39956 40096 57017 885// 333 91004
 91104=
 28402 42984 82004 10081 20032 39932 40106 57015 8807/ 333 91007
 91107=
 28502 42697 82103 10069 20036 30020 40122 57011 885// 333 91004
 91105=
 22550 81457 81204 10035 20029 39868 49877 57049 76162 8872/ 333 88711
 91110=
 22778 41596 81305 10041 20031 39888 49955 57042 78082 8697/=
 22889 42498 80702 10028 20020 39929 40014 57032 885// 333 88617=
 22762 41497 81303 10052 20046 39879 49917 57042 70262 885// 333
 91110=
 22638 46/// /1503 10065 20061 39586 49800 57046=
 22671 41498 81404 10025 20005 39868 49945 58037 70282 8697/ 333
 85914=
 22456 41597 81204 10021 20016 39822 49907 57047 70282 885//=
 22583 42598 81301 10011 21002 39917 49997 57022 8657/=
 22749 41496 81804 10071 20065 39742 49861 57037 78085 889// 333
 88710=
 22951 41497 81803 10071 20066 39632 49901 57032 76162 8772/=
 22887 41596 81304 10056 20040 39924 49993 57034 76162 8802/ 
 333 88521=
 22876 41496 81203 10049 20047 39904 49974 58038 78082 889// 333
 88913=
 22481 42598 81405 10008 21005 39930 49983 57019 885//=
 22854 41297 81704 10062 20061 39613 49890 57034 76162 8772/ 333
 87703=
 22781 NIL=
 22676 41598 81304 10022 21002 39887 49963 57036 70282 889//=
 22648 41498 81505 10065 20064 39810 49854 57040 70282 889// 333 88910
 91111=
 22559 41597 81204 10034 20027 39882 49898 57048 78082 8697/ 333 86631
 91010 91110=
 22869 41397 81604 10066 20059 39799 49942 57039 78082 889// 333
 86708=
 22768 41497 81603 10063 20055 39865 49913 57045 78082 889// 333
 86914=
 22798 41998 21002 10011 20002 39911 40022 57027 70281 82030=
 22375 46/// /1506 10007 21006 39950 49965 54020=
 23207 NIL=
 23215 41598 62502 11023 21023 39923 40012 52012 70272 86500 333
 86620=
 23219 NIL=
 27095 66/// /1504 10056 20039 39835 40059 57026 60002 333 10062=
 22408 11259 81303 10049 20045 39617 49759 57028 60082 76165 8872/
 333   10049 88504=
 22511 11238 81901 10055 20049 39647 49762 57026 60092 76362 8872/
 333   10055 88704 91110=
 22529 11497 81303 10060 20053 39778 49784 57050 60072 76165 8872/
 333   10061 88514=
 22602 11359 82702 10069 20065 39551 49764 57012 60122 76186 8872/
 333   10070 88508=
 22621 11296 81103 10070 20067 39632 49764 57044 60142 751// 886//
 333   10071 88704=
 22619 11296 82901 10073 20070 39604 49754 57041 60132 76362 8872/
 333   10076 87705=
 22721 11296 81201 10096 20093 39679 49771 57042 60132 76162 8872/
 333   10096 86704=
 22727 12470 82104 10128 20121 39749 49793 57023 60072 884// 333  
 10130 88618=
 22717 11597 82303 10106 20098 39612 49796 52013 60062 78000 889//
 333   10133 85921 91112=
 22802 11698 72303 10089 20068 39802 49824 52048 60062 70282 83501
 333   10131 91110=
 22820 11598 82405 10135 20119 39677 49803 57014 60032 72186 8652/
 333   10138 86625 91011 91112=
 22831 11396 82002 10113 20105 39777 49829 57033 60112 78086 889//
 333   10113 88907=
 22805 115// 22508 10095 20075 39814 49838 52044 60042 70181 82430
 333   10122 91013 91118=
 22912 11584 82508 10105 20071 39835 49849 52022 60102 70262 883//
 333   10148 86631 91015 91117=
 
