21:31:00 MSK 28.06.2023
020 123456/=о000=1831
 унту01 бтул 281800
 22686 82998 20502 10127 20070 30019 40115 53005 81081=
 22695 42/// /0102 10110 20050 39959 40106 57004=
 22996 81598 60000 10148 20147 39910 40085 53003 70282 82481=
 23220 42999 03203 10054 20014 39951 40089 57009=
 23226 42960 10205 10039 20008 39889 49889 52011 81070=
 23305 42599 80103 10101 20087 30094 40121 53004 885//=
 23320 66/// /0402 10125 20041 30018 40088 52007 60002 333 10168=
 23324 42985 10502 10087 20037 30020 40095 53012 81070=
 23405 42565 70201 10115 20087 30019 40113 53004 82930=
 23410 66/// /3403 10111 20035 30009 40102 52009 60002 333 10149=
 23411 42599 70201 10116 20065 30022 40108 52005 87500=
 23412 42699 70103 10112 20041 30010 40103 52007 82530=
 23416 NIL=
 23418 42965 73503 10128 20063 30022 40092 52003 87030=
 23501 NIL=
 23503 42598 80000 10114 20080 30064 40112 52007 8595/=
 23507 86/// /3401 10110 20080 39816 40115 52005=
 23509 41598 83301 10122 20091 30034 40109 52006 70261 8652/ 333 86621=
 23514 42697 83401 10114 20068 39915 40104 52008 885// 333 88649=
 23518 42598 83403 10128 20068 39999 40086 52008 8497/ 555 53009=
 23606 42662 83601 10120 20088 39945 40104 52009 885// 333 88649=
 23612 NIL=
 23701 42999 30401 10099 20062 39988 40113 52010 80001=
 23704 66/// /0402 10142 20091 39926 40039 55004 60002 333 10192=
 23707 82999 60103 10131 20076 39966 40092 52005 80004=
 23708 42984 60101 10127 20076 39957 40100 52008 80001=
 23709 82698 70000 10130 20080 39916 40099 51005 86501 333 86642=
 23711 41698 83301 10120 20098 39929 40091 52011 70282 889// 333 85637=
 23803 42999 30601 10139 20071 39924 40095 53011 80001=
 23804 82997 20501 10164 20083 39950 40087 52007 81031=
 23807 81597 40302 10164 20130 39934 40086 53005 71198 81431=
 23808 86/// /3603 10167 20082 39928 40086 52011=
 23812 41597 50101 10120 20102 39929 40085 52008 70282 85900=
 23904 41945 50000 10135 20135 39939 40088 53003 71098 82031=
 23905 81599 52602 10148 20140 39867 40082 52002 70198 81903 333 91111
 555 50171=
 23909 81598 62801 10141 20130 39852 40084 52006 70298 83341=
 23912 81598 20302 10124 20102 39894 40077 53004 70292 81901 555
 50149=
 23913 81599 83401 10112 20100 39855 40074 53007 72598 889// 555
 50106=
 23914 81499 23501 10145 20134 39830 40072 52009 72598 81901=
 28013 81598 63602 10136 20118 39862 40081 53005 70282 83932 555
 50176=
 28016 82/// /0000 10158 20126 39869 40081 55004 555 50177=
 28029 82899 20000 10148 20115 39863 40070 52001 82070 555 50170=
 28116 81499 62501 10167 20104 39865 40081 52004 70182 85970=
 28128 81599 60000 10131 20124 39933 40079 52002 70262 82539 555
 50164=
 28134 82998 70000 10119 20107 39745 40079 52004 80004 555 50159=
 28138 43/// /2203 10135 20110 39541 40077 52004 333 91112=
 28216 81599 71302 10167 20116 39807 40087 50011 72998 87900 555
 50194=
 28222 42/// /0000 10157 20116 39896 40080 55001 555 50179=
 28224 81670 82202 10161 20133 39881 40081 52012 72582 889// 333
 91113=
 28234 81498 61901 10145 20122 39813 40076 50010 72582 86900 333 91111
 555 50179=
 28238 81599 80703 10147 20117 39792 40078 56010 70298 87401 333 91112
 555 50168=
 28313 42/// /0104 10204 20101 39904 40083 53010 555 50189=
 28319 82598 20000 10155 20112 39932 40086 53003 82500=
 28321 82599 70000 10197 20100 39890 40079 52010 86902=
 28324 42/// /2601 10166 20091 39965 40079 57007 555 50182=
 28326 82598 53101 10191 20100 39900 40074 52007 84530 555 50178=
 28413 82599 22402 10216 20081 39974 40087 52006 81401 555 50200=
 28428 82599 42402 10183 20089 39914 40087 52004 82501 555 50184=
 28429 42/// /0000 10155 20102 39702 40091 50003 555 50173=
 22983 42998 80000 10166 20141 39987 40086 52002 85075 333 91001
 91102=
 27083 41499 62201 10156 20149 39875 40085 52003 70298 84580 333 91002
 91112=
 27097 42598 60000 10136 20125 39848 40097 53008 82461 333 91000
 91107=
 27185 42/// /1401 10170 20161 39918 40091 52004 333 91001 91102=
 27199 41598 31301 10177 20116 39906 40091 52007 70291 82331 333 91002
 91109=
 27281 42582 81701 10199 20137 39895 40088 52002 82535 333 91002
 91104=
 27283 41498 50000 10163 20135 39944 40091 54000 70292 82531 333 91001
 91106=
 27295 42998 62301 10177 20107 39859 40095 53005 84075 333 91002
 91106=
 27296 41598 50503 10184 20110 39888 40092 52010 70298 82931 333 91006
 91106=
 27385 425// 60000 10183 20147 39973 40094 52004 82531 333 91000
 91102=
 27393 42598 52502 10166 20114 39941 40101 53008 82531 333 91003
 91107=
 27480 42598 82001 10176 20129 39978 40099 52007 8397/ 333 91001
 91104=
 28007 41599 32602 10149 20126 39843 40091 50002 72598 82330 333 91004
 91105=
 28009 41998 62101 10153 20119 39893 40092 52001 70298 82049 333 91001
 91106=
 28105 41598 71602 10144 20136 39910 40100 54000 72998 85280 333 91002
 91108=
 28202 41580 80201 10176 20100 39890 40098 53021 72992 8697/ 333 91003
 91107=
 28302 42598 72401 10186 20119 39878 40092 52009 82930 333 91002
 91104=
 28307 42498 60501 10174 20111 39960 40096 52004 83501 333 91001
 91103=
 28402 42598 62202 10197 20110 39927 40095 52007 81971 333 91003
 91103=
 28502 42598 82501 10170 20109 30003 40101 52008 83901 333 91001
 91109=
 22550 82997 00501 10151 20074 30112 40122 52002=
 22778 42598 30102 10192 20098 30024 40089 52004 82401=
 22889 41897 52701 10167 20161 30008 40089 52006 70198 83044=
 22762 82998 02901 10173 20119 30065 40102 52004=
 22638 NIL=
 22671 42999 20201 10134 20070 30037 40113 52002 80001=
 22456 42998 00000 10149 20079 30036 40119 52001=
 22583 42598 72601 10115 20067 30044 40122 53002 87500=
 22749 42598 40000 10190 20171 39977 40093 52003 84400=
 22951 41498 51001 10168 20119 39829 40094 53008 72992 85900=
 22887 41597 71301 10176 20163 30019 40085 54000 78098 83931=
 22876 41597 60801 10176 20151 30017 40085 52004 70298 81344=
 22481 42698 60000 10106 20047 30077 40129 53001 83531=
 22854 41899 60000 10195 20127 39824 40093 52005 70298 84061=
 22781 NIL=
 22676 42998 10702 10160 20071 30029 40102 53007 80001=
 22648 42998 00302 10182 20098 30067 40111 53002=
 22559 82998 00801 10145 20068 30107 40123 54001=
 22869 41997 60000 10163 20140 39955 40095 55001 70298 80031=
 22768 42997 30102 10207 20110 30048 40095 52006 80001=
 22798 42998 33602 10161 20069 39989 40095 52007 82031=
 22375 46/// /2902 10103 30111 40126 57001=
 23207 NIL=
 23215 42998 10103 10083 20029 30027 40114 52012 81030=
 23219 NIL=
 27095 NIL=
 22408 12699 62602 10204 20133 39960 40099 54000 60002 84330 333  
 10242=
 22511 11698 52801 10216 20127 39985 40097 57005 60002 70292 82832
 333   10242=
 22529 12999 01301 10160 20076 30112 40118 57001 60002 333   10192=
 22602 11478 61001 10184 20145 39887 40098 57002 69992 70298 85930
 333   10241 86916=
 22621 12598 60801 10186 20100 39978 40109 57002 60002 82502 333  
 10229=
 22619 12482 60702 10197 20136 39948 40096 57002 60002 83530 333  
 10243=
 22721 11998 63001 10178 20161 30008 40100 57004 60012 70298 80009
 333   10277=
 22727 12970 20902 10226 20125 30049 40093 52004 60002 80001 333  
 10272=
 22717 12598 73602 10197 20123 39915 40095 52007 60002 83331 333  
 10260=
 22802 12699 23401 10234 20101 30067 40089 54000 60002 81231 333  
 10273=
 22820 12970 50801 10204 20102 39964 40091 52001 60002 80030 333  
 10258=
 22831 11998 30501 10214 20113 30039 40090 54000 60002 70191 82031
 333   10288=
 22805 12998 30000 10206 20091 30068 40087 57004 60002 80001 333  
 10228=
 22912 11599 63101 10202 20155 30071 40085 57002 69942 70298 83430
 333   10278=
 
