06:31:00 MSK 17.03.2023
020 123456/=о000=0331
 уйту01 бтул 170300
 22686 12998 82703 11040 21077 30063 40165 52015 69902 83035 333 21044 47054 55003 555 53006 7002/=
 22695 12998 72904 11032 21076 39988 40144 52011 60002 80005 333 21032
 43047 555 53008 7003/=
 22996 11/94 90000 10003 20003 39963 40154 52004 60072 78682 333 20000
 44061 55026 93716 555 53008 7007/=
 23220 12599 81001 11045 21070 39937 40080 57010 69992 885// 333 21056 47077 55000 555 53011 7002/=
 23226 11447 82202 11057 21068 39866 40085 58005 69932 77172 885//
 333 21068 48042 88613 555 53015 7997/=
 23305 12999 22402 11060 21087 30073 40101 52006 69902 82030 333 21060
 43024 555 53006 7990/=
 23320 76/// /0602 11030 21038 30014 40088 55002 333 21030 60002 555 53007 7000/=
 23324 11977 81402 11030 21036 30008 40086 57009 60012 70282 8807/ 333
 21031 49047 55000 555 53008 7001/=
 23405 12575 32201 11038 21083 30010 40112 52003 69952 81305
 333 21038 47050 55002 555 53008 7995/=
 23410 76/// /2203 11015 21021 39991 40088 54001 333 21027 60002 555 7000/=
 23411 12599 72402 11027 21027 30003 40093 52001 69952 84531 333
 21028  48045 555 53006 7995/ =
 23412 12699 82902 11015 21020 39993 40090 54000 60022 885// 333 21016 47050 55000 88642 555 53007 7002/=
 23416 NIL=
 23418 12365 82301 10003 21008 30026 40100 53001 60012
 886// 333 20002 43058 55000 88709 555 53007 7003/=
 23501 NIL=
 23503 12498 82801 11013 21023 30061 40111 52005 60002 8655/ 333 21014
 48048 86616 555 53005 7997/=
 23507 86/// /3104 11043 21060 39819 40135 52011 333 21044 555 53007=
 23509 12998 82501 11007 21013 30039 40118 53005 60022 8805/ 333 21010
 44052 555 53006 7003/=
 23514 12497 82502 11002 21005 39915 40112 52003 60032 8695/ 333 21002 43066 55000 84618 555 53006 7007/=
 23518 11597 82202 10001 20001 30017 40109 50001 60042 78582
 889// 333 20000 3/100 48068 55000 85621 555 50013 7004/ 91209=
 23606 12262 82301 10000 21006 39848 40120 58002
 60032 887// 333 20000 43057 55000 86706 555
 53005 7003/=
 23612 11396 82402 10001 20001 39981 40116 52002 60052 78582 889// 
 333 20001 43064 86707 555 53009 7006/=
 23701 12582 72901 11007 21014 30020 40150 52010 60012 84979 333 21007
 43050 555 53006 7003/=
 23704 76/// /2601 11002 21002 39926 40039 55004 333 21002 60002 555 50015 7000/=
 23707 62498 82801 11005 21006 30014 40147 52007 60022 885// 333 21005 47045 55015 88619 555 53004 7004/=
 23708 12484 82902 10000 21008 39997 40147 52004 60032 8872/ 333 21002
 44048 85711 555 53007 7004/=
 23709 11396 82501 10001 21009 39949 40142 52002 60032 78582 889// 333
 20000 43045 86708 555 53003 7003/=
 23711 11496 82101 10002 21001 39958 40128 54000 60022 78586 889// 333
 20002 43062 55025 85918 555 53007 7002/=
 23803 11497 80000 10001 21012 39967 40148 58004 60032 77172 8802/ 333 20001 43049 55044 88513 555 53006 7003/=
 23804 61296 83001 10001 21001 30002 40148 53007 60042 77172 8672/ 333 20000 43051 55017 86705 555 53005 7005/=
 23807 11395 83604 11001 21007 39990 40153 52005 60052 77372 8572/ 333
 21003 47033 55019 85708 555 53007 7005/=
 23808 66/// /2202 10002 21003 39980 40149 54001 60002 333 20002 555 7000/=
 23812 11496 82202 10003 21003 39981 40144 57002 60022 78578 8697/ 333
 20003 43074 555 53009 7002/=
 23904 11213 80000 10000 20000 39996 40154 55001 60062 77572 8772/ 333
 20000 43044 87705 555 53010 7006/=
 23905 11897 82101 10000 21003 39925 40153 57004 60022 77372 8802/ 333
 20000 43051 555 53009 7002/=
 23909 11597 82102 10015 21032 39913 40158 57005 69902 78782 883// 333
 20015 43051 55054=
 23912 12898 81903 10016 21045 39967 40159 57005 60002 8805/ 333 20016
 43067 555 53008 7000/=
 23913 12599 73501 10017 21078 39937 40166 58005 60002 86531 333 20016
 43069 55057 555 53008 7000/=
 23914 12899 81903 10015 21055 39903 40161 57007 60002 8802/ 333 20014
 43061 55065=
 28013 12598 81902 10015 21046 39932 40164 56005 60002 889// 333 20015
 43049 555 53009 7000/=
 28016 11599 81802 10018 21050 39940 40166 57004 69912 78782 889// 333
 20017 43052 555 53008 7991/=
 28029 12599 81904 10019 21043 39957 40176 57008 60002 8652/ 333 20019
 43058 55098 555 53008 7000/=
 28116 12499 81902 10018 21038 39941 40172 57008 60002 885// 333 20016
 43065 55056=
 28128 11599 81801 10012 21026 30032 40186 57010 69912 70162 83571 333
 20010 43051 55070 555 53007 7991/=
 28134 12698 81901 10007 21061 39842 40195 57009 60002 8457/ 333 20006
 43067 555 53007 7000/=
 28138 12599 82103 11004 21083 39633 40205 57008 60002 885// 333 21017
 44080 55093=
 28216 12899 81905 10018 21047 39888 40186 56008 60002 8802/ 333 20016
 43036 555 53011 7000/=
 28222 12898 81703 10025 21054 39997 40192 57011 60002 8807/ 333 20021
 47042 555 53007 7000/=
 28224 11870 81703 10023 21063 39982 40196 57011 69912 70282 83047 333
 20021 43042 55069=
 28234 11599 81804 10016 21100 39929 40209 58010 69932 70282 885// 333
 20004 43041 555 53008 7993/=
 28238 11599 82204 10020 21120 39912 40217 58008 69902 72782 8492/ 333
 21020 43057 55077 555 53006 7990/=
 28313 12598 81803 10024 21052 30002 40195 56009 60002 85539 333 20015
 43040 555 53008 7000/=
 28319 12599 42002 10020 21075 30047 40212 57006 60002 83540 333 20014
 47046=
 28321 12899 61703 10006 21056 39995 40200 56008 60002 83032 333 20006
 44043=
 28324 12899 82003 10021 21086 30086 40207 57008 60002 82089 333 20010
 44035 555 53006 7000/=
 28326 12598 72003 10021 21101 30026 40214 57008 60002 86530 333 20016
 43024 55035 555 53008 7000/=
 28413 12899 31803 10027 21068 30083 40206 57009 60002 82079 333 20026
 43030 555 53009 7000/=
 28428 12599 81903 11003 21125 30047 40235 57003 60002 82501 333 21007
 48041 555 53006 7000/=
 28429 12898 72102 10019 21143 39825 40240 50001 60002 85031 333 20000
 43051 555 53008 7000/=
 22983 11573 83001 10000 21001 30057 40163 52011 60042 70272 885// 333
 20000 43052 55000 91001 91102 555 53003 7008/=
 27083 11459 80000 11001 21003 39929 40153 52006 60092 77172 8802/ 333
 21001 43054 91000 91101 555 53007 7009/=
 27097 11497 80000 11000 21000 39893 40157 52001 60082 77172 8872/ 333
 21000 43057 91000 91102 555 53006 7009/=
 27185 12598 80000 10000 21001 39975 40160 52006 60042 8657/ 333 20000
 43049 91000 91100 555 53005 7004/=
 27199 13/// /0000 10011 21014 39961 40159 54000 69942 333 20007 55051
 91001 91102 555 53005 7994/=
 27281 11224 80000 10001 21001 39952 40161 52006 60042 75165 886// 333
 20001 43032 91000 91102 555 53004 7004/=
 27283 11498 83401 10003 21001 30000 40160 54000 60012 70282 889// 333
 20002 43045 91002 91102 555 53005 7001/=
 27295 11596 81701 10013 21016 39908 40159 57002 69902 78082 889// 333
 20013 43066 91003 91103 555 53007 7990/=
 27296 12998 81702 10016 21022 39940 40159 57002 60002 8807/ 333 20015
 43059 55046 91003 91104 555 53007 7000/=
 27385 114// 82001 10010 21005 30027 40156 52002 69902 70282 8675/ 333
 20010 43058 91002 91102 555 53006 7990/=
 27393 12498 61905 10014 21016 30001 40172 53001 60002 85636 333 20012
 47084 55013 91006 91109 555 53009 7000/=
 27480 11498 81901 10024 21001 30032 40160 52006 69912 70282 885// 333
 20024 43048 91003 91104 555 53005 7991/=
 28007 11322 82001 11001 21011 39898 40162 57001 60032 77387 8872/ 333
 21002 43060 55057 88709 91003 91103 555 53009 7003/=
 28009 11443 81201 10002 21017 39954 40165 57005 60012 78782 889// 333
 20002 44055 91002 91102 555 53009 7001/=
 28105 11459 81901 10013 21022 39962 40162 54000 69952 76162 8872/ 333
 20012 43062 91002 91104 555 53006 7995/=
 28202 12976 82203 10020 21031 39944 40165 57002 60002 8805/ 333 20015
 43071 91005 91105 555 53007 7000/=
 28302 12998 82002 10019 21028 39946 40175 56002 60002 8807/ 333 20019
 43072 91004 91105 555 53008 7000/=
 28307 12498 81601 10020 21017 30028 40173 54000 60002 82531 333 20016
 43054 91003 91104 555 53005 7990/=
 28402 12598 81905 10028 21010 39998 40176 57004 60002 81579 333 20027
 44047 91008 91109 555 53009 7000/=
 28502 12998 81803 10022 21021 30086 40190 57003 69902 82031 333 20018
 44022 55011 91005 91106 555 53007 7990/=
 22550 11668 22601 11055 21066 30173 40184 52021 69922 70181 82530 333
 21055 47043 55037 555 53008 7992/=
 22778 12998 62902 11041 21084 30116 40187 52018 60002 86070 333 21041
 43048 55002 555 53005 7995/=
 22889 11396 82702 10001 20001 30076 40163 52013 60042 77172 8872/ 333
 20000 43030 88509 555 53003 7006/=
 22762 12497 82601 11059 21084 30156 40197 52020 60002 885// 333 21067
 43047 555 53006 7000/ 91208=
 22638 46/// /2801 11077 21091 39986 40221 52019=
 22671 12598 62501 11076 21088 30091 40173 52016 60002 82530 333 21076
 3/113 43055 55032 555 53006 7993/=
 22456 12997 00000 11135 21142 30083 40177 52025 69922 333 21135 47054
 555 53009 7996/=
 22583 12598 72602 11048 21080 30061 40143 52012 69902 87500
 333 21050 43064 55006 555 53009 7990/=
 22749 NIL=
 22951 12998 02901 11072 21091 39933 40227 52019 60002 333 21084 43056
 555 53005 7000/=
 22887 12697 83102 11005 21029 30098 40169 52016 60012 8255/ 
 333 21005 43027 55000 555 53006 7006/=
 22876 12997 82901 11013 21059 30105 40179 52016 69942 8805/ 333 21013
 43012 555 50017 53005 7001/ 91207=
 22481 11698 83005 11038 21066 30075 40129 53026 69922 70232 885// 333
 21058 48051 91010 91116 555 53016 7992/=
 22854 12898 22602 11089 21102 39920 40223 52018 60002 82030 333 21089
 44063 55068 555 53006 7000/=
 22781 NIL=
 22676 12898 32703 11062 21093 30093 40173 52015 69902 82031 333 21062
 43024 555 53007 7999/=
 22648 NIL=
 22559 12598 82401 11066 21084 30168 40185 52019 60002 8653/ 333 21066
 43045 55055 86626 555 53009 7990/=
 22869 12997 22902 11037 21066 30051 40203 52018 60002 80031 333 21037
 43042 555 53005 7003/ 91205=
 22768 12997 22901 11055 21089 30148 40200 52018 60002 80001 333 21057
 43024 55039 555 53006 7994/=
 22798 12597 80000 11009 21009 30044 40158 52012 60022 8555/ 333 21009
 43040 555 53003 7004/=
 22375 46/// /3104 11063 30123 40139 52045 333 91114=
 23207 11595 82402 11063 21081 30065 40088 52004 69982 78582 8695/ 333
 21068 47032 55064 555 53007 7998/=
 23215 NIL=
 23219 NIL=
 27095 76/// /0000 10000 20000 39934 40165 55000 333 20000 60002 555 53004 7000/=
 22408 22684 53402 11214 21235 30070 40235 52015 84530 333   21222
 55045 69902 84633 93501 555   7990/=
 22511 22984 12001 11135 21151 30098 40228 52016 81070 333   21136
 69902 93500 555   7990/=
 22529 22998 02802 11091 21102 30207 40214 52022 333   21091 69902
 555   7990/=
 22602 22976 00000 11165 21184 30001 40245 52014 333   21166 55029
 69902 555   7993/=
 22621 73/67 /2803 11086 21102 30082 40229 52019 333   21087 55046
 60002 555   7994/=
 22619 22998 02603 11091 21104 30064 40232 52014 333   21116 55037
 69902 555   7994/=
 22721 22997 33002 11093 21106 30131 40235 52018 83030 333   21094
 69902 555   7990/=
 22727 76/70 /3101 11072 21100 30192 40242 52020 333   21073 60002
 555   7000/=
 22717 73/70 /2701 11105 21115 30045 40250 52017 333   21106 60002
 555   7000/=
 22802 22998 03401 11127 21140 30224 40249 52014 333   21138 55104
 60002 555   7000/=
 22820 22998 02702 11062 21105 30101 40243 52022 333   21062 55092
 69902 555   7990/=
 22831 22597 72901 11094 21106 30175 40233 52023 87500 333   21097
 55064 60002 87632 555   7000/=
 22805 229// 03201 11041 21064 30217 40238 52011 333   21045 55111
 60002 555   7000/=
 22912 21909 01201 11150 21167 30234 40250 52019 74840 333   21154
 60002 555   7000/=
 
