06:31:00 MSK 20.06.2023
020 123456/=о000=0331
 уйту01 бтул 200300
 22686 62998 83404 10056 20009 30046 40144 53007 60002 8805/ 333 20051 30006 55051 555 53007 7000/=
 22695 12598 60103 10063 20004 39973 40123 52004 60002 85130 333 20052
 30006 85826 555 53007 7000/=
 22996 62599 73602 10068 20030 39919 40100 52002 60002 87500 333 20053 31009 55079 555 53005 7993/ 91208=
 23220 12599 83304 10043 20009 39945 40084 53002 60002 8553/ 333 20043 32005 55000 555 53006 7998/=
 23226 12460 83605 10029 20005 39882 40094 53004 60002 885// 333 20024 
 31004 88612 555 53009 7995/=
 23305 11970 70304 10040 20016 30120 40147 53004 69962 76162 87070 333
 20029 31004 555 53009 7001/=
 23320 76/// /0403 10065 20011 30031 40102 54001 333 20052 60002 555 53006 7000/=
 23324 12581 83503 10057 20025 30027 40103 58001 69902 885// 333 20049
 55000 88621 555 53008 7001/=
 23405 11574 73603 10033 20018 30044 40142 52001 69902 
 72582 85931 333 20025 31005 55071 85921 555 53011 7993/=
 23410 76/// /3303 10045 20007 30019 40114 54000 333 20039 60002 555 7000/=
 23411 12599 83604 10031 21002 30042 40130 52002 60002 885// 333
 20026 31004 555 53009 7997/ =
 23412 12599 83403 10041 20008 30023 40119 53001 69902 885// 333 20039 31005 55051 88628 555 53006 7990/=
 23416 NIL=
 23418 12565 83605 10056 20010 30034 40106 53002 60002 
 8655/ 333 20052 31004 55059 86630 555 53008 7000/=
 23501 NIL=
 23503 11498 80103 10049 20017 30078 40127 52003 69942 76062 885// 333 20043 31005 88613 555 53007 7994/ 91207=
 23507 66/// /0203 10034 20014 39827 40135 54001 60002 333 20028 555 53007 7000/=
 23509 12498 83402 10051 20024 30041 40118 52002 69902 885// 333 20050
 30006 88619 555 53006 7996/=
 23514 12597 80102 10056 20022 39914 40107 52001 69902 885// 333 20045 31005 55051 88630 555 53007 7994/=
 23518 12598 80105 10068 20029 39996 40085 53001 60002 885// 333 20058
 31006 55082 88621 555 53009 7000/ 91209=
 23606 12462 83603 10061 20032 39942 40105 52002 60002 8557/ 333 20042 30008 55077 85614 555 53006 7990/=
 23612 12498 80103 10068 20035 39951 40082 57001 60002 885// 333 20051 31007 88616 555 53007 7990/=
 23701 62599 70405 10072 20029 39995 40121 52003 60002 83930 333
 20025 30002 555 50074 53007 7000/ 91210=
 23704 76/// /0102 10069 20045 39926 40039 55004 333 21003 60002 555 50068 7000/=
 23707 62598 83603 10074 20037 39980 40109 52001 60002 8255/ 333 20039
 30004 55096 555 53009 7000/=
 23708 12999 83503 10066 20026 39956 40102 54001 60002 8007/ 333 20041
 555 53008 7997/ 91210=
 23709 12598 73504 10071 20007 39902 40089 54000 60002 84270 333 20054
 30006 555 53006 7991/=
 23711 12498 83602 10059 20029 39910 40076 57003 60002 8657/ 333 20029 30003 55026 555 53007 7000/=
 23803 12999 80204 10072 20023 39914 40089 57004 60002 8805/ 333 20055
 30005 55015 555 53004 7000/=
 23804 62997 83601 10069 20031 39962 40104 52001 60002 8805/ 333 20032 30005 555 53005 7993/=
 23807 12998 63603 10070 20031 39948 40105 53001 60002 86030 333 20055
 31008 55077 555 53008 7990/=
 23808 66/// /3002 10064 20040 39932 40096 54000 60002 333 20049 555 7000/=
 23812 12597 83602 10054 20010 39907 40066 57002 60002 86952 333 20023
 31001 555 53005 7993/=
 23904 12670 83602 10070 20040 39945 40098 52002 60002 8137/ 333 20053
 31007 555 53004 7004/=
 23905 62899 83502 10063 20036 39866 40088 52003 69932 8802/ 333 20050
 31006 555 53004 7993/=
 23909 12598 73302 10077 20039 39836 40074 57002 69902 86571 333 20040
 30005 55036=
 23912 62598 80102 10070 20020 39867 40053 57004 60002 83539 333 20056
 30007 555 53006 7000/=
 23913 61599 82701 10061 20031 39820 40043 54001 69972 72522 889// 333
 20042 31001 55006 555 53004 7001/=
 23914 62498 83302 10060 20022 39803 40053 57004 60002 8657/ 333 20055
 30007 55010=
 28013 62598 83403 10064 20020 39842 40067 54000 60002 8697/ 333 20042
 30005 555 53007 7000/=
 28016 62599 70103 10068 20034 39854 40073 54001 60002 87500 333 20045
 30007 555 53006 7993/=
 28029 12699 83502 10078 20032 39828 40040 57003 69902 8557/ 333 20054
 31005 55018 555 53006 7990/=
 28116 62599 73603 10071 20035 39842 40066 52001 60002 84435 333 20032
 30004 55035=
 28128 62599 83403 10083 20037 39900 40048 57003 60002 8253/ 333 20048
 30004 55055 555 53006 7000/=
 28134 62598 83102 10063 20038 39696 40036 57002 60002 8451/ 333 20041
 30003 555 53004 7000/=
 28138 12599 83302 10051 20015 39469 40020 57002 60002 883// 333 20030
 31003 55025=
 28216 62699 83102 10059 20025 39774 40064 54001 60002 88500 333 20027
 30003 555 53007 7000/=
 28222 62598 83201 10081 20051 39857 40045 57002 60002 8517/ 333 20047
 30005 555 53008 7000/=
 28224 62670 73402 10076 20039 39839 40045 57002 69902 82539 333 20055
 30005 55014=
 28234 62598 73302 10074 20037 39763 40032 54001 60002 84230 333 20052
 31005 555 53006 7000/=
 28238 62599 83203 10068 20030 39729 40023 57002 60002 885// 333 20052
 31004 55042 555 53007 7995/=
 28313 62598 73503 10073 20030 39877 40064 57002 60002 87500 333 20020
 30003 555 53006 7000/=
 28319 12899 73001 10085 20034 39903 40061 57001 60002 87050 333 20041
 30005=
 28321 62899 73402 10074 20035 39857 40054 54000 60002 87070 333 20064
 30007=
 28324 62599 83402 10084 20026 39938 40055 54000 60002 82469 333 20057
 30006 555 53006 7000/=
 28326 62598 63303 10083 20042 39857 40036 57002 60002 85530 333 20065
 30007 55027 555 53007 7000/=
 28413 62599 83402 10092 20032 39949 40067 54001 60002 82834 333 20073
 30008 555 53006 7000/=
 28428 62599 83003 10080 20021 39872 40051 54001 60002 86931 333 20039
 30006 555 53009 7000/=
 28429 62598 82902 10072 20030 39642 40040 57003 60002 889// 333 20049
 30006 555 53007 7995/=
 22983 12598 60401 10076 20030 30014 40117 57001 60002 83531 333 20061
 31007 55041 91003 91103 555 52003 53004 7995/=
 27083 12599 73503 10074 20040 39889 40106 52005 60022 87500 333 20061
 31007 91004 91105 555 52004 53005 7004/=
 27097 12598 83502 10069 20051 39847 40103 52004 60002 885// 333 20049
 31005 91003 91105 555 52001 53005 7001/=
 27185 12698 83201 10085 20065 39923 40102 53001 60002 885// 333 20037
 30006 91002 91103 555 52003 53003 7000/=
 27199 12598 83401 10076 20053 39904 40096 52001 60002 883// 333 20051
 30006 55030 91003 91103 555 52004 53006 7000/=
 27281 12482 83101 10077 20075 39902 40103 54000 69942 8255/ 333 20035
 31006 91002 91103 555 52003 53003 7002/=
 27283 12598 83402 10082 20069 39947 40098 57001 60002 885// 333 20015
 30100 91003 91103 555 52003 53004 7000/=
 27295 12998 83301 10073 20046 39852 40096 57001 60002 8805/ 333 20047
 30005 91002 91106 555 52001 53006 7990/=
 27296 12998 83301 10069 20058 39878 40094 57001 69982 8805/ 333 20031
 30004 55032 91003 91102 555 52101 53006 7998/=
 27385 114// 82801 10063 20060 39978 40104 54000 69912 74442 886// 333
 20039 30005 91001 91102 555 52001 53005 7991/=
 27393 12598 20301 10091 20055 39930 40095 57001 69932 82500 333 20034
 31004 55021 91002 91103 555 53009 50006 7997/=
 27480 12498 80501 10087 20078 39982 40107 52002 60002 886// 333 20056
 30007 91003 91103 555 52002 53005 7000/=
 28007 12999 83503 10057 20033 39839 40096 52003 60002 8805/ 333 20055
 31006 55026 91005 91106 555 52004 53006 7001/=
 28009 12498 83501 10060 20036 39883 40089 52001 69932 889// 333 20048
 31006 91002 91104 555 52005 53008 7993/=
 28105 12598 83401 10061 20053 39896 40092 53001 60002 885// 333 20019
 31004 91002 91103 555 52000 53003 7995/=
 28202 12677 83501 10058 20037 39868 40084 53001 60002 889// 333 20033
 30004 91003 91103 555 52000 53004 7001/=
 28302 12998 70101 10060 20047 39863 40086 52001 60032 87030 333 20035
 31005 91002 91103 555 52002 53006 7003/=
 28307 12498 53102 10099 20055 39952 40091 56001 60002 81530 333 20048
 30003 91003 91104 555 52002 53004 7001/=
 28402 12998 23402 10082 20050 39913 40087 52001 69932 82030 333 20047
 31005 91004 91104 555 52002 53008 7994/=
 28502 12998 13303 10097 20043 39985 40085 53001 60002 81030 333 20066
 30008 55027 91005 91106 555 52006 53011 7000/=
 22550 62597 30303 10052 21001 30191 40201 52009 60002 83500 333 20037
 30006 55078 555 53007 7000/=
 22778 12998 60103 10064 20010 30077 40146 52005 60002 85071 333 20054
 30006 55067 555 53008 7001/=
 22889 12598 73302 10078 20030 30035 40119 52002 69902 87500 333 20050
 31006 87620 555 53005 7990/=
 22762 62598 53601 10086 20040 30127 40165 52008 60002 85800 333 20063
 30008 555 53005 7993/ 91207=
 22638 NIL=
 22671 12698 73502 10058 20028 30091 40169 52008 60002 86930 333 20051
 30007 55110 85935 555 53008 7000/=
 22456 12597 83601 10046 20013 30110 40197 53005 60002 885// 333 20034
 31006 555 53005 7000/=
 22583 11598 60403 10057 20014 30078 40157 52002 69902 
 72582 86870 333 20037 31005 55068 555 53006 7990/=
 22749 NIL=
 22951 12598 80201 10071 20045 39880 40157 53002 69902 885// 333 20035
 30004 555 53005 7990/=
 22887 12699 83501 10080 20041 30056 40124 52002 60002 8555/
 333 20048 31002 55062 85646 555 53005 7002/=
 22876 12997 83401 10081 20046 30059 40130 52004 69962 8805/ 333 20058
 31009 555 50103 53005 7001/ 91206=
 22481 11596 73403 10035 20034 30122 40175 53003 60022 78082 86970 333
 20028 31004 555 53009 7002/=
 22854 12899 60201 10076 20047 39877 40160 52005 60002 86030 333 20050
 30005 55009 555 53007 7000/=
 22781 NIL=
 22676 12598 83503 10059 20015 30082 40159 52006 60002 889// 333 20052
 31007 555 53008 7000/=
 22648 NIL=
 22559 62598 60202 10060 21006 30177 40194 52008 60002 86900 333 20051
 31006 555 53007 7000/ 91207=
 22869 12997 73602 10066 20038 30000 40146 52007 69902 80030 333 20053
 31006 555 53006 7002/ 91206=
 22768 12697 60304 10088 20027 30106 40155 52006 60002 83530 333 20046
 30005 55083 555 53007 7994/=
 22798 11598 83401 10070 20023 30009 40119 53002 69902 70282 885// 333
 20064 30008 555 53008 7990/=
 22375 NIL=
 23207 11599 70404 10036 20014 30131 40154 52004 69912 71582 87900 333
 20011 55023 555 53007 7994/=
 23215 NIL=
 23219 NIL=
 27095 76/// /3401 10053 20053 39886 40111 57002 333 20049 60002 555 53006 7000/=
 22408 22699 71404 10113 20071 30070 40216 52012 87500 333   20108
 55128 60002 87647 555   7000/=
 22511 22698 71202 10098 20041 30099 40218 52011 82530 333   20093
 60002 555   7000/=
 22529 22599 70203 10074 20029 30211 40218 52013 82832 333   20053
 60002 555   7000/=
 22602 22599 41202 10103 20044 39986 40206 52011 82101 333   20098
 55115 60002 555   7003/=
 22621 73470 /0202 10074 20047 30078 40216 52012 333   20065 55130
 60002 555   7000/=
 22619 22483 20602 10085 20046 30050 40206 52011 82501 333   20080
 55138 60002 555   7000/=
 22721 22998 00101 10075 20035 30107 40204 52010 333   20069 60002
 555   7004/=
 22727 76/70 /0103 10095 20049 30147 40194 52010 333   20082 60002
 555   7993/=
 22717 73/70 /0302 10099 20067 30005 40194 52009 333   20098 60032
 555   7003/=
 22802 22999 60803 10151 20089 30158 40180 52007 82031 333   20114
 55152 60002 555   7000/=
 22820 22570 50503 10100 20058 30055 40188 52009 85500 333   20095
 55085 60002 85621 555   7002/=
 22831 22698 60000 10099 20060 30121 40175 52009 86500 333   20067
 55058 60002 86637 555   7004/=
 22805 22998 20803 10151 20096 30157 40176 52008 80001 333   20101
 55151 60002 555   7000/=
 22912 22999 00403 10133 20095 30159 40174 52008 333   20081 60002
 555   7000/=
 
