00:31:00 MSK 16.11.2023
020 123456/=о000=2131
 уйту01 бтул 152100
 22686 42598 81901 11052 21060 39926 40027 54000 885// 333 88628=
 22695 42998 82802 11055 21074 39856 40011 53001 8805/=
 22996 41496 80000 11004 21004 39824 40009 52011 78582 889// 333 86614=
 23220 41596 82903 11076 21085 39780 49923 52004 77172 887//=
 23226 41360 82803 11079 21097 39705 49922 52004 70272 887// 333 86707=
 23305 42/// /3604 11055 21058 39965 49993 53013=
 23320 86/// /2502 11072 21072 39893 49967 53005=
 23324 42376 82502 11075 21084 39880 49958 52009 886// 333 88708=
 23405 41296 80000 11052 21059 39893 49994 58001 71022 886//
 333 88705=
 23410 86/// /2601 11068 21078 39872 49970 52006=
 23411 42/// /2502 11074 21078 39887 49978 52007=
 23412 41299 82401 11065 21073 39874 49972 52004 77172 8872/ 333 85703=
 23416 NIL=
 23418 42465 82903 11064 21072 39909 49983 52009 885//
 333 88615=
 23503 42/// /2901 11086 21095 39948 49999 53007=
 23507 86/// /3201 11104 21108 39694 40014 52003=
 23509 NIL=
 23514 41297 82702 11065 21068 39795 49994 52006 77072 887// 333 86706=
 23518 42/// /2602 11059 21072 39896 49989 52012=
 23606 42460 82401 11057 21057 39836 40004 52006 885// 333 88617=
 23704 86/// /3602 11052 21058 39471 49585 56059=
 23701 42/// /2801 11051 21059 39889 40020 52002=
 23707 81498 73604 11040 21051 39878 40011 52012 70282 86530 333 86617=
 23708 42/// /0103 11035 21055 39854 40004 52014=
 23709 41498 83403 11031 21047 39805 49998 52015 70282 889// 333 88911=
 23711 41497 83301 11048 21060 39823 49993 52017 78582 889// 333 86711=
 23803 41599 73102 11004 21020 39819 49997 53010 70282 87400 333 87631=
 23804 81497 83502 11020 21027 39858 40003 52011 72682 8795/ 333 87913=
 23807 43/// /3203 11004 21004 39846 40006 52008=
 23808 86/// /2802 11003 21003 39835 40002 52006=
 23812 41496 83601 10001 21003 39816 49977 52007 78582 889//=
 23904 41472 83201 11001 21001 39852 40008 52010 70272 885// 333 88615=
 23905 41599 82901 11002 21006 39775 40000 52007 70272 885//=
 23909 41297 82701 11001 21004 39753 49996 52004 77172 8772/=
 23912 41496 82101 10001 21002 39799 49989 52004 77175 8802/=
 23913 41597 80000 10004 21001 39764 49990 52006 77172 8872/=
 23914 81596 82502 11001 21004 39737 49991 52002 78582 889//=
 28013 41397 82401 10001 21011 39766 49995 54001 78582 889//=
 28016 42/// /2201 10002 20002 39779 40001 52002=
 28029 42599 82103 10013 20007 39783 49999 57001 885//=
 28116 41496 82502 10007 20003 39777 40005 54000 76876 8872/=
 28128 41597 82101 10018 20011 39861 40012 54000 76162 885//=
 28134 41496 82001 10009 20002 39667 40013 52002 77062 8672/=
 28138 43/// /2203 11003 21005 39456 40017 52001=
 28216 41596 82203 10014 20007 39724 40018 54001 76062 887//=
 28222 42/// /2001 10022 20009 39825 40017 54001=
 28224 41663 81902 10020 20005 39812 40022 54000 76062 885//=
 28234 41598 82003 10014 21002 39752 40027 54001 70272 885//=
 28238 41596 82303 10011 21004 39730 40030 55001 78582 885//=
 28313 42/// /2003 10018 20006 39835 40025 54001=
 28319 42597 82202 10024 20004 39876 40037 54000 885//=
 28321 41597 82002 10020 20008 39825 40026 54001 78082 8598/=
 28324 42/// /2001 10027 20002 39915 40034 52002=
 28326 41598 52202 10016 20004 39850 40035 52003 70282 85500=
 28413 42599 82003 10022 21005 39919 40040 54001 8655/=
 28428 42598 82303 10017 21002 39865 40048 52002 885//=
 28429 42/// /2303 10005 21004 39643 40052 54001=
 22983 41580 83001 11017 21030 39919 40024 52009 77872 885// 333 91004
 91104=
 27083 42484 82901 11008 21015 39794 40016 52008 8872/ 333 91002 91104
 93702=
 27097 42/// /2802 11003 21003 39757 40017 52008 333 91004 91104=
 27185 42/// /2701 11005 21008 39844 40027 52009 333 91003 91103=
 27199 41497 82802 10001 21003 39825 40021 52005 77172 8672/ 333 91003
 91105=
 27281 42484 82801 10001 21004 39825 40031 52007 885// 333 91002
 91103=
 27283 42497 82802 10002 21001 39872 40027 52006 885// 333 91003
 91103=
 27295 42/// /2302 11003 21011 39779 40029 52005 333 91004 91106=
 27296 41597 82501 11001 21013 39808 40024 52004 70272 885// 333 91003
 91104 93401=
 27385 414// 82501 10003 21002 39909 40037 52006 70272 8575/ 333 91003
 91103=
 27393 42598 82404 11001 21010 39865 40035 52002 8657/ 333 91005
 91106=
 27480 42598 82401 10001 21003 39915 40043 52006 885// 333 91001
 91102=
 28007 41396 83002 11004 21010 39752 40012 52006 77172 8872/ 333 88709
 91003 91103 93710=
 28009 41496 82401 11001 21011 39802 40011 52005 78582 889// 333 91002
 91103=
 28105 41497 82402 11002 21008 39822 40014 52004 77172 8872/ 333 91003
 91104=
 28202 42597 82401 11003 21017 39798 40018 52003 889// 333 91002
 91104=
 28302 41597 82302 11007 21020 39800 40028 52005 70262 885// 333 91003
 91107=
 28307 42598 82101 10003 21010 39893 40036 52003 8653/ 333 91003
 91103=
 28402 41480 72202 10002 21006 39859 40038 52007 70276 87600 333 91002
 91106=
 28502 42697 82103 10020 21003 39939 40042 52003 885// 333 91004
 91107=
 22550 81426 83101 11031 21031 30024 40035 57002 78682 889// 333
 88919=
 22778 42998 70000 11044 21059 39972 40042 52003 87070=
 22889 42/// /2802 11018 21020 39936 40022 52010=
 22762 41496 82401 11042 21047 30010 40050 57005 77172 8657/=
 22638 46/// /3002 11050 21064 39849 40079 57001=
 22671 NIL=
 22456 41597 53501 11047 21047 39945 40033 52010 70282 82501=
 22583 41596 82502 11042 21053 39921 40002 57009 78582 889//=
 22749 NIL=
 22951 42/// /0401 11055 21063 39788 40076 52006=
 22887 41497 83103 11030 21043 39958 40029 52010 70282 885// 
 333 85711=
 22876 42497 83401 11041 21053 39967 40041 52008 889// 333 88919=
 22481 42/// /3203 11046 21051 39951 40005 53014=
 22854 42/// /2901 11049 21052 39779 40073 54001=
 22781 NIL=
 22676 42498 82302 11045 21067 39948 40026 57005 885//=
 22648 NIL=
 22559 42/// /2703 11028 21041 30021 40038 57002=
 22869 41497 83402 11039 21054 39907 40058 53005 78588 889// 333
 86918=
 22768 42597 82701 11042 21054 30002 40053 54000 885// 333 88628=
 22798 42597 83301 11040 21049 39908 40022 52010 8655/=
 22375 46/// /0103 11102 21113 30007 40022 52014=
 23207 NIL=
 23215 NIL=
 23219 NIL=
 27095 86/// /3201 11003 20002 39796 49998 52008=
 22408 41559 83303 11046 21063 39968 40121 52014 78582 8691/ 333  
 86924 91110=
 22511 41484 83002 11041 21063 39987 40111 52014 70282 889// 333  
 88917=
 22529 41496 83104 11026 21042 30067 40074 52002 77187 8872/ 333  
 88517=
 22602 42474 83302 11055 21083 39890 40122 52008 885// 333   88614=
 22621 83470 /3003 11054 21067 39951 40094 52005=
 22619 42698 82905 11048 21065 39934 40097 52002 885// 333   88640=
 22721 42697 72902 11050 21076 39996 40097 52003 87500 333   87636=
 22727 86570 /3303 11035 21066 30054 40103 52007=
 22717 83/70 /3202 11050 21410 39914 40116 52008=
 22802 41596 83503 11026 21071 30098 40122 52008 78582 889// 333  
 85927=
 22820 41496 83102 11032 21044 39961 40100 52005 77172 8652/ 333  
 86611 555   51020=
 22831 42597 82901 11028 21056 30030 40086 52003 885// 333   88631=
 22805 425// 83502 11014 21049 30092 40117 52006 885//=
 22912 42684 63301 11021 21050 30089 40104 52007 86500 333   86634=
 
