00:31:00 MSK 12.09.2023
020 123456/=о000=2131
 уйту01 бтул 112100
 22686 82498 81602 10104 20094 30116 40213 52006 885// 333 88614=
 22695 41496 80000 10093 20080 30052 40202 53003 75052 886//=
 22996 82498 80000 10101 20101 30025 40206 52003 887//=
 23220 43/// /2202 10114 20105 30040 40177 52008=
 23226 41224 82604 10114 20112 39968 40175 52015 75052 886// 333 
 88705=
 23305 42/// /1801 10118 20116 30169 40196 52005=
 23320 86/// /2302 10097 20088 30131 40202 53007=
 23324 42378 82202 10111 20107 30122 40196 52009 886// 333 88707=
 23405 42997 71201 10115 20113 30103 40198 52008
 87030=
 23410 86/// /2301 10104 20096 30106 40200 52008=
 23411 42/// /2303 10104 20104 30113 40199 53005=
 23412 43/// /1601 10103 20101 30108 40202 52008=
 23416 NIL=
 23418 42965 31701 10079 20070 30135 40207 52009 83030=
 23503 42/// /1901 10071 20065 30153 40202 52007=
 23507 86/// /3302 10063 20063 39903 40209 50006=
 23509 NIL=
 23514 41/92 92202 10072 20072 30017 40210 52004 74542=
 23518 42/// /3201 10092 20084 30119 40209 52004=
 23606 42160 80000 10088 20088 30048 40211 52004 886// 333 88703=
 23704 86/// /0000 10072 20072 39746 49857 58110=
 23701 42/// /0601 10081 20077 30089 40216 52004=
 23707 81998 21201 10084 20083 30084 40213 52005 71210 82030=
 23708 42/// /3501 10089 20076 30073 40219 53009=
 23709 81/93 92201 10083 20073 30031 40220 53007 74542=
 23711 41396 80000 10095 20086 30047 40212 52005 71022 886// 333 88707=
 23803 41494 80000 10099 20090 30047 40222 53015 75052 886//=
 23804 42397 80000 10099 20092 30073 40215 52012 887// 333 85709=
 23807 42/// /0202 10098 20097 30059 40216 53006=
 23808 86/// /3201 10104 20098 30051 40215 51008=
 23812 41996 00000 10073 20069 30054 40214 52009 71000=
 23904 42368 83401 10103 20103 30058 40211 52007 886// 333 88707=
 23905 81495 80202 10101 20099 39990 40211 52007 71011 886//=
 23909 81/92 90000 10067 20065 39969 40210 52010 74741=
 23912 82998 00401 10050 20044 30022 40213 52012=
 23913 81996 00000 10020 20020 39994 40224 52012 71000=
 23914 82998 00701 10087 20065 39958 40210 52011=
 28013 82998 00201 10088 20077 39979 40205 52010=
 28016 82/// /3101 10070 20070 39986 40207 52012=
 28029 82999 00201 10094 20076 39984 40198 52009=
 28116 82999 00501 10077 20075 39974 40201 52012=
 28128 82999 00302 10110 20093 30044 40193 52008=
 28134 82997 00000 10052 20049 39853 40200 52007=
 28138 43/// /3603 10069 20061 39635 40191 52006=
 28216 82999 30202 10087 20064 39902 40193 53010 80005=
 28222 42/// /0501 10075 20068 30001 40192 52008=
 28224 82970 30000 10081 20074 39977 40186 52008 80001=
 28234 82898 50101 10083 20068 39912 40184 52007 85030=
 28238 82599 33201 10097 20073 39881 40176 52004 82501=
 28313 42/// /3401 10069 20060 30000 40189 52008=
 28319 82598 50502 10113 20078 30020 40178 52010 83550=
 28321 82899 53602 10109 20084 39985 40182 52009 85050=
 28324 42/// /0502 10117 20083 30058 40175 52008=
 28326 82998 50000 10103 20088 39989 40170 52005 80001=
 28413 82599 70000 10108 20081 30056 40174 52008 86531=
 28428 82599 80302 10118 20075 39978 40157 52005 889//=
 28429 42/// /0302 10101 20088 39755 40154 54001=
 22983 42584 80000 10096 20091 30111 40214 52001 885// 333 91001
 91102=
 27083 42584 80501 10102 20090 39989 40205 52003 885// 333 91001
 91103=
 27097 42/// /1101 10077 20076 39951 40208 52004 333 91001 91105=
 27185 42/// /0000 10086 20084 30028 40208 52008 333 91000 91102=
 27199 42998 00101 10089 20085 30009 40202 52007 333 91001 91104=
 27281 42984 30302 10095 20089 30001 40204 52009 80005 333 91003
 91104=
 27283 41996 03301 10067 20066 30049 40203 52006 71000 333 91002
 91103=
 27295 42/// /0202 10098 20085 39952 40197 52007 333 91004 91105=
 27296 42997 03501 10082 20068 39984 40197 52008 333 91001 91104=
 27385 419// 50401 10093 20088 30065 40191 52007 71122 85030 333 91002
 91103=
 27393 42998 01101 10091 20083 30031 40197 52011 333 91002 91102=
 27480 41998 00501 10083 20082 30064 40190 52006 71100 333 91002
 91103=
 28007 41996 50102 10091 20081 39950 40206 52005 71022 85030 333 91003
 91104=
 28009 41996 00000 10058 20048 30002 40210 52009 71000 333 91000
 91101=
 28105 41997 00000 10064 20060 30013 40203 52007 71000 333 91000
 91102=
 28202 42997 00000 10082 20072 39980 40197 52010 333 91000 91102=
 28302 42997 00201 10074 20064 39968 40193 52009 333 91002 91102=
 28307 42998 02901 10075 20064 30047 40189 52009 333 91002 91102=
 28402 41984 23601 10073 20068 30009 40185 52009 71100 80001 333 91002
 91102=
 28502 42997 00501 10076 20051 30075 40177 52010 333 91001 91104=
 22550 82770 71202 10145 20138 30164 40174 57003 87500 333 87655=
 22778 42598 81301 10095 20091 30146 40213 52007 8657/=
 22889 42/// /2901 10096 20095 30130 40215 55001=
 22762 82997 81601 10119 20115 30161 40199 52003 8007/=
 22638 46/// /1501 10098 20097 39956 40176 57003=
 22671 42697 80000 10122 20117 30128 40206 53014 8557/ 333 85636=
 22456 42597 80000 10141 20131 30090 40174 52002 885//=
 22583 41696 70000 10086 20084 30123 40202 52006 71022 87500=
 22749 NIL=
 22951 42/// /1901 10102 20100 39935 40209 52003=
 22887 41396 83601 10102 20098 30147 40216 52003 75152 886// 
 333 88708 =
 22876 42597 41102 10093 20089 30143 40214 51002 84500=
 22481 42/// /1502 10120 20110 30135 40186 55001=
 22854 42/// /1301 10081 20081 39922 40205 52003=
 22781 NIL=
 22676 42598 81301 10109 20098 30123 40198 52004 885//=
 22648 NIL=
 22559 42/// /0000 10142 20129 30167 40183 54001=
 22869 42598 81201 10110 20100 30069 40214 52003 885// 333 88620=
 22768 42697 71902 10116 20103 30154 40203 52006 87500=
 22798 42497 80000 10108 20099 30099 40208 58004 885//=
 22375 46/// /2003 10133 20124 30160 40174 57001=
 23207 NIL=
 23215 NIL=
 23219 NIL=
 27095 86/// /0000 10079 20079 39994 40219 52002=
 22408 41359 71702 10149 20143 39981 40123 57012 71022 876// 333  
 87709=
 22511 42584 81601 10151 20144 30014 40129 57011 885// 333   88626=
 22529 42598 81902 10147 20142 30146 40152 57006 885// 333   88626=
 22602 42475 81902 10159 20147 39920 40134 57010 889// 333   88914=
 22621 83/69 /1802 10149 20139 30019 40152 57006=
 22619 42798 81501 10158 20145 39998 40149 57004 885// 333   88650=
 22721 42697 70000 10147 20128 30069 40163 57004 87500 333   87640=
 22727 86757 /1302 10156 20135 30122 40168 57002=
 22717 83/04 /0000 10125 20124 39972 40162 57003=
 22802 41698 30601 10142 20142 30134 40156 57003 71241 83500=
 22820 42998 22103 10153 20120 30037 40167 57003 80001 555   50156=
 22831 42997 00000 10083 20077 30128 40182 52001=
 22805 429// 01304 10164 20158 30134 40157 57002=
 22912 41908 11102 10096 20091 30150 40165 57001 74440 81030=
 
