00:31:00 MSK 18.05.2023
020 123456/=о000=2131
 уйту01 бтул 172100
 22686 82998 70000 10088 20036 30105 40202 52004 85039=
 22695 42998 52601 10155 21016 30045 40191 52003 80001=
 22996 42/// /1601 10159 20046 30048 40226 52004=
 23220 42999 20804 10041 20002 30098 40240 57007 80001=
 23226 42960 12203 10063 20010 30021 40237 57005 80005=
 23305 42/// /1804 10164 20017 30143 40170 57010=
 23320 86/// /1703 10090 20007 30159 40231 57007=
 23324 42984 21901 10056 20015 30156 40232 58004 80001=
 23405 42964 21503 10153 20020 30089 40184 57004
 81031=
 23410 86/// /1304 10098 20030 30120 40214 57008=
 23411 42/// /2004 10142 20045 30110 40196 57010=
 23412 42999 21503 10103 20042 30116 40210 57010 82030=
 23416 NIL=
 23418 42965 20803 10106 20038 30153 40225 58007 81081=
 23503 42/// /1903 10124 20032 30154 40202 54001=
 23507 86/// /2202 10149 20005 39902 40200 54000=
 23509 NIL=
 23514 42997 11803 10130 20061 30030 40220 57001 80001=
 23518 42/// /2401 10060 20034 30151 40242 52002=
 23606 42960 21803 10148 20029 30058 40218 52001 80030=
 23704 86/// /0000 10081 20048 39926 40039 55004=
 23701 42/// /0000 10074 20028 30092 40220 52003=
 23707 82998 21501 10146 20029 30087 40214 52004 80001=
 23708 42/// /2101 10130 20031 30084 40229 52002=
 23709 42998 22401 10126 20023 30055 40242 52005 82030=
 23711 42598 51802 10091 20059 30081 40247 52002 82445=
 23803 42999 61302 10163 20010 30073 40245 52006 86030=
 23804 42997 30000 10105 20041 30081 40223 52004 83030=
 23807 42/// /1401 10118 20059 30073 40229 52006=
 23808 86/// /1102 10097 20038 30076 40241 52006=
 23812 42997 22101 10060 20044 30097 40258 53003 82030=
 23904 42975 31801 10068 20048 30087 40242 52007 83030=
 23905 42599 21601 10133 20030 30023 40243 52004 82500=
 23909 42898 21302 10143 20020 30012 40249 52004 81071=
 23912 42/// /1301 10126 20023 30068 40255 52006=
 23913 42599 20000 10038 20016 30049 40279 52012 8200/=
 23914 82999 10502 10135 20015 30006 40254 52007 80001=
 28013 42999 00000 10132 20009 30025 40249 52005=
 28016 42/// /0101 10097 20038 30030 40250 52005=
 28029 42899 11201 10145 20010 30040 40252 52010 81030=
 28116 42998 20601 10072 20037 30021 40249 52005 80005=
 28128 42598 71102 10148 20028 30102 40250 52010 84530=
 28134 42898 81201 10139 21019 39920 40260 52008 8805/=
 28138 43/// /0401 10054 21032 39720 40285 52008=
 28216 42699 11003 10138 20035 39953 40240 52006 81500=
 28222 42/// /1301 10152 20006 30063 40250 52011=
 28224 41957 31402 10129 21002 30041 40248 52009 70500 80001=
 28234 42997 01401 10114 21048 39990 40262 52010=
 28238 42999 30000 10058 21018 39972 40274 52010 80001=
 28313 42/// /3201 10075 20050 30052 40242 52007=
 28319 42999 00802 10138 20046 30075 40233 52005=
 28321 42999 01102 10143 20002 30043 40240 52009=
 28324 42/// /3201 10069 20045 30121 40241 52010=
 28326 42998 20000 10079 20022 30067 40251 52010 80001=
 28413 42599 60000 10104 20057 30108 40227 52003 82530=
 28428 42999 00301 10101 20001 30058 40239 52012=
 28429 42/// /0301 10077 21011 39845 40252 52007=
 22983 42984 50000 10077 20057 30120 40224 52004 82035 333 91000
 91101=
 27083 42984 00000 10085 20046 30010 40229 52004 333 91000 91101=
 27097 42/// /0000 10096 20051 39981 40238 52004 333 91000 91102=
 27185 42/// /0000 10080 20053 30055 40236 52004 333 91000 91101=
 27199 42998 00000 10103 20055 30044 40237 52003 333 91000 91101=
 27281 42984 20000 10103 20060 30031 40234 52003 80005 333 91000
 91103=
 27283 42997 20000 10089 20053 30081 40234 52004 82030 333 91001
 91104=
 27295 42/// /0201 10117 20044 39990 40236 52003 333 91001 91102=
 27296 42998 00000 10100 20056 30021 40233 52003 333 91000 91102=
 27385 429// 20000 10077 20064 30105 40232 52004 80001 333 91000
 91101=
 27393 42998 00901 10133 20062 30069 40235 52002 333 91002 91102=
 27480 41998 00000 10078 20075 30105 40232 52002 71100 333 91000
 91101=
 28007 42999 11501 10137 20032 39987 40240 52003 81030 333 91001
 91101=
 28009 42998 60000 10123 20054 30042 40246 52004 86030 333 91001
 91101=
 28105 42998 00000 10083 20043 30044 40241 52004 333 91000 91102=
 28202 42997 20401 10122 20049 30019 40234 52002 82030 333 91002
 91103=
 28302 42997 20000 10110 20055 30010 40233 54000 82030 333 91000
 91101=
 28307 42998 22701 10115 20055 30087 40227 52003 80001 333 91001
 91102=
 28402 42984 20502 10130 20059 30054 40227 52002 82030 333 91002
 91102=
 28502 42597 62802 10090 20048 30120 40222 52003 85401 333 91002
 91103=
 22550 82970 81803 10184 20075 30134 40143 57003 8805/=
 22778 42998 61401 10133 20041 30135 40202 54000 86070=
 22889 42/// /1101 10058 20041 30139 40224 52004=
 22762 82998 51701 10143 20041 30146 40183 52003 80081=
 22638 NIL=
 22671 42/// /0000 10123 20049 30096 40173 54000=
 22456 41597 81701 10164 20080 30052 40135 58006 70282 889//=
 22583 42998 71701 10119 20030 30100 40178 54000 87070=
 22749 NIL=
 22951 42/// /2001 10103 20027 39928 40203 54001=
 22887 42997 21501 10097 20040 30145 40214 52003 80001=
 22876 42997 72102 10110 20053 30140 40211 52002 80004=
 22481 42/// /1805 10169 20051 30101 40151 54001=
 22854 42/// /1702 10160 20025 39912 40188 52002=
 22781 NIL=
 22676 42898 71201 10111 20043 30111 40187 58001 85076=
 22648 NIL=
 22559 42/// /1903 10189 20059 30138 40154 57002=
 22869 42997 52101 10153 20039 30066 40209 54001 80031=
 22768 42997 61703 10164 20040 30143 40191 52001 80008=
 22798 42998 30402 10089 20028 30106 40217 52004 80001=
 22375 NIL=
 23207 NIL=
 23215 NIL=
 23219 NIL=
 27095 86/// /0000 10094 20063 30022 40247 52004=
 22408 42584 61803 10100 20067 39948 40092 52006 83931=
 22511 42584 81903 10121 20065 39986 40102 52004 8691/=
 22529 42598 82003 10147 20081 30125 40131 52006 885// 333   88626=
 22602 42474 71903 10113 20056 39890 40107 57001 83530=
 22621 83970 /1803 10130 20082 39996 40130 57001=
 22619 42498 71401 10109 20076 39972 40126 57005 82535=
 22721 42998 80000 10111 20065 30044 40139 57008 8805/=
 22727 86970 /1702 10124 20083 30096 40142 57009=
 22717 83/70 /1902 10133 20084 39948 40133 57008=
 22802 41696 80000 10084 20075 30110 40133 57007 78082 889// 333  
 85937=
 22820 42998 71602 10147 20078 30014 40144 57009 87030 555   50172=
 22831 42997 60000 10119 20095 30107 40160 57002 85031=
 22805 414// 82004 10087 20085 30111 40130 57009 76062 889//=
 22912 42984 81502 10151 20097 30127 40142 57010 8807/=
 
