12:31:00 MSK 02.04.2023
010 111/=о000=0931
 уйту01 бтул 020900
 22686 42598 23601 10025 21054 30081 40181 51015 81209=
 22695 42599 52001 10030 21025 30015 40168 52017 83131=
 22996 42598 81902 10049 20005 39993 40177 53009 885//=
 23220 41596 82204 11026 21062 39985 40128 52022 78582 889//=
 23226 42460 82407 11057 21079 39906 40126 52023 8655/ 333
 86618 91110=
 23305 42599 62506 11000 21060 30130 40158 52017 83530=
 23320 86/// /2504 10016 21065 30069 40142 52015=
 23324 42583 72403 10005 21050 30060 40138 51012 82970=
 23405 42573 52502 10005 21077 30066 40167 52018 81101=
 23410 86/// /2406 11014 21060 30050 40148 52019=
 23411 42499 72504 11011 21066 30068 40158 52019 85106=
 23412 42699 22705 11010 21052 30054 40152 52020 82500=
 23416 NIL=
 23418 42565 72704 10016 21046 30081 40155 52016 87900
 333 84930=
 23503 42698 72902 10005 21057 30123 40173 52018 82905=
 23507 86/// /2702 11009 21031 39860 40173 52018=
 23509 42598 62703 10025 21050 30092 40170 52015 86900 333 86921=
 23514 42597 83003 10019 21041 39967 40163 52020 83372=
 23518 42698 82303 10028 21029 30068 40159 52012 889// 333 86643=
 23606 42662 82902 10034 21052 30003 40169 52012 
 84931 333 84940=
 23701 42699 62401 10047 21016 30049 40177 51012 83380=
 23704 86/// /2201 10029 20006 39926 40039 55004=
 23707 81599 81701 10027 21005 30045 40177 52013 70282 8697/ 333 85625=
 23708 41469 82002 10023 20005 30033 40183 52012 76186 8772/ 333 87710=
 23709 41597 81903 10030 20000 39992 40184 52010 78082 883// 333 85921=
 23711 41497 82302 10019 20010 30011 40181 52012 78582 889// 333 86919=
 23803 42599 82204 10042 21017 30014 40193 51009 889// 333 88927=
 23804 81496 82701 10033 20021 30033 40178 52014 78087 8492/=
 23807 41496 82103 10038 20012 30020 40181 52012 78082 8795/ 333 85918=
 23808 86/// /1905 10043 20001 30022 40189 52011=
 23812 42597 82202 10040 21018 30034 40195 52008 885//=
 23904 42570 81802 10059 20006 30031 40186 52005 885// 333 88631=
 23905 42599 81903 10054 21012 39970 40195 52007 885//=
 23909 42598 82105 10060 21009 39966 40209 52010 85871=
 23912 42598 81903 10055 21006 30019 40209 52005 888//=
 23913 42599 82302 10053 21027 39993 40220 52005 889//=
 23914 82499 72204 10056 21021 39958 40213 52005 87902=
 28013 42598 82204 10054 21017 39987 40216 52011 84901=
 28016 42599 71802 10073 21002 39993 40215 51008 87900=
 28029 42699 82303 10059 21011 30011 40228 52008 8257/=
 28116 42899 71702 10065 21001 39993 40221 52007 87070=
 28128 42899 82401 10064 20000 30082 40234 52004 86079=
 28134 42898 82102 10060 20005 39890 40238 52005 8802/=
 28138 42599 82103 10039 20017 39680 40245 52008 885//=
 28216 42899 71904 10097 21002 39930 40221 52002 83075=
 28222 42898 81702 10074 20011 30042 40234 52003 8801/=
 28224 42870 81503 10082 20017 30024 40234 52002 8807/=
 28234 42599 82002 10065 20009 39970 40246 52006 8655/=
 28238 42899 82002 10094 20022 39943 40240 54000 8802/=
 28313 42698 71904 10107 20016 30037 40224 57002 83501=
 28319 42598 61101 10075 20019 30071 40232 52001 83550=
 28321 42899 71903 10084 20019 30032 40232 52003 84032=
 28324 42699 71401 10086 20012 30115 40233 54000 86530=
 28326 42598 71501 10094 20030 30054 40237 52001 85530=
 28413 41599 80601 10095 20013 30105 40225 58002 70262 8757/=
 28428 42899 81002 10110 20010 30046 40226 57005 83031=
 28429 42998 71202 10111 20013 39826 40227 58003 80006=
 22983 41470 82401 10032 20022 30070 40174 52016 70282 889// 333 91002
 91103=
 27083 41599 81501 10028 20016 39952 40174 52008 72162 8802/ 333 91002
 91104=
 27097 41998 81502 10029 20015 39923 40185 52007 70262 8807/ 333 91003
 91104=
 27185 42698 81402 10060 20026 39998 40180 52009 8657/ 333 91004
 91105=
 27199 42998 21602 10081 20023 39993 40187 52005 82031 333 91004
 91105=
 27281 42482 81803 10071 20036 39973 40177 52011 8655/ 333 91004
 91105=
 27283 42498 61902 10099 20032 30026 40181 52007 82230 333 91004
 91106=
 27295 42998 21402 10085 20008 39940 40187 52006 80009 333 91004
 91106=
 27296 42998 81703 10052 21003 39978 40194 52010 8807/ 333 91005
 91107=
 27385 426// 61803 10114 20029 30053 40177 52005 86100 333 91005
 91106=
 27393 41998 62601 10070 20008 30037 40205 52008 70282 86070 333 91002
 91106=
 27480 42698 31802 10116 20032 30054 40178 52003 82101 333 91004
 91107=
 28007 42999 71602 10065 21004 39935 40193 52005 87030 333 91004
 91104=
 28009 42598 71803 10060 21011 30001 40208 52005 85530 333 91005
 91105=
 28105 41598 81502 10033 21001 30000 40200 52005 72165 888// 333 91004
 91105=
 28202 42981 81702 10052 21014 39985 40205 52004 8805/ 333 91003
 91104=
 28302 42998 71802 10091 21007 39979 40203 54000 87030 333 91004
 91106=
 28307 42598 61603 10117 20006 30054 40194 52002 82131 333 91006
 91107=
 28402 42998 71905 10110 20004 30031 40205 52006 80005 333 91007
 91109=
 28502 42598 81803 10115 20020 30105 40206 57002 83209 333 91005
 91106=
 22550 81597 13202 10011 21060 30190 40200 52023 70240 81100=
 22778 42498 71301 10037 21003 30106 40175 52016 83570=
 22889 42/// /2001 10037 20026 30089 40175 52014=
 22762 42998 53002 11016 21066 30141 40165 52016 80001=
 22638 46/// /0103 11011 21051 39976 40205 52019=
 22671 42699 52001 10018 21062 30106 40186 52018 81501=
 22456 42597 60201 10018 21049 30107 40196 52026 86500=
 22583 42598 43302 10012 21078 30097 40178 52019 82101=
 22749 NIL=
 22951 41497 80802 10020 20004 39876 40158 52013 78082 8692/=
 22887 41396 80301 10019 20014 30101 40171 52017 72582 889// 
 333 86707 =
 22876 42397 80502 10014 20008 30104 40177 52019 886// 333 88708=
 22481 42598 32802 11002 21060 30126 40179 52028 81131=
 22854 41598 80503 11003 21050 39881 40173 52016 77172 8657/ 333
 86622=
 22781 NIL=
 22676 42998 53103 10006 21078 30106 40184 52016 80001=
 22648 NIL=
 22559 42998 00000 11006 21054 30183 40199 52021 80000=
 22869 41497 70902 10030 20007 30020 40169 52015 70282 87900 333
 86913=
 22768 42897 70802 10033 21064 30122 40172 52013 85071=
 22798 42598 71901 10036 21022 30065 40177 52013 82530=
 22375 NIL=
 23207 42599 22904 11014 21067 30127 40149 52024 82530=
 23215 NIL=
 23219 NIL=
 27095 86/// /1203 10032 20019 39966 40194 51010=
 22408 41699 70204 11007 21084 30116 40269 52031 73632 82531=
 22511 41698 50204 11001 21079 30130 40254 52030 70182 83830=
 22529 42599 13604 10004 21043 30220 40227 52032 81500=
 22602 41478 70303 11018 21046 30016 40247 52029 70371 86530 333  
 86617=
 22621 83566 /3603 11008 21047 30085 40227 52027=
 22619 41481 74006 11019 21053 30060 40223 52026 70271 87500=
 22721 42598 73202 10005 21058 30110 40210 52021 87500 333   87628=
 22727 86670 /3603 10008 21055 30151 40200 52018=
 22717 83/69 /0204 11014 21064 30014 40212 52020=
 22802 42699 40105 10010 21072 30190 40214 52017 82101=
 22820 42670 70404 10002 21067 30056 40194 52018 87930=
 22831 41597 70502 11003 21049 30127 40183 52018 78582 85930 333  
 85921 91110=
 22805 42998 23502 10001 21050 30187 40207 52027 82030=
 22912 42699 70204 10017 21058 30166 40181 52014 86830 333   85640=
 
