00:31:00 MSK 08.10.2023
020 123456/=о000=2131
 уйту01 бтул 072100
 22686 82498 80301 10006 21002 39830 49928 57010 885// 333 88611=
 22695 41496 83601 10003 21012 39763 49913 57009 71022 886//=
 22996 42498 81402 10075 20075 39713 49890 57023 8697/ 333 86913=
 23220 43/// /1205 10067 20048 39835 49971 57019=
 23226 42660 81404 10056 20042 39770 49977 57018 8455/ 333 84646=
 23305 42/// /0104 10006 20006 39914 49942 57008=
 23320 86/// /1101 10061 20061 39878 49948 56011=
 23324 41956 81403 10072 20055 39875 49949 56017 76162 8802/=
 23405 41396 80205 10002 20002 39837 49935 57007
 75175 886// 333 88707=
 23410 86/// /1404 10076 20067 39831 49923 57009=
 23411 42/// /2801 10009 20009 39840 49927 52003=
 23412 41497 82202 10074 20070 39831 49924 57005 76162 8872/ 333 84711=
 23416 NIL=
 23418 41465 81702 10082 20071 39856 49926 57003 72162
 8652/ 333 86615=
 23503 NIL=
 23507 86/// /0202 11002 21002 39621 49926 57005=
 23509 NIL=
 23514 41296 81702 10068 20067 39736 49924 57007 76162 887// 333 86706=
 23518 42/// /1704 10080 20071 39854 49942 57009=
 23606 41560 81803 10063 20059 39761 49925 57006 70262 885// 333 88623=
 23704 86/// /0000 10029 20029 39594 49706 56043=
 23701 42/// /0000 10016 20013 39800 49926 57008=
 23707 81396 80302 10032 20031 39784 49912 57015 71022 886// 333 88709=
 23708 42/// /1602 10071 20060 39782 49925 57009=
 23709 81598 81501 10076 20064 39750 49934 57010 72582 8697/ 333 86921=
 23711 41397 81702 10081 20077 39779 49941 57012 78082 889// 333 86709=
 23803 41999 81301 10072 20045 39761 49933 57012 70282 8806/=
 23804 41396 81301 10067 20061 39767 49906 57019 76062 887// 333 86707=
 23807 42/// /1302 10067 20067 39750 49904 57021=
 23808 86/// /1201 10064 20057 39762 49923 57019=
 23812 41496 80000 10081 20072 39800 49955 57013 78082 889//=
 23904 42475 81602 10077 20074 39760 49910 57022 885// 333 88611=
 23905 41599 81401 10068 20066 39704 49922 57025 71022 885//=
 23909 41498 81403 10077 20071 39702 49936 57023 70282 883//=
 23912 42898 51604 10085 20063 39777 49961 57019 82031=
 23913 41993 11701 10009 20009 39763 49988 57019 74440 80030=
 23914 81496 51404 10059 20055 39713 49961 57021 71022 83501=
 28013 42598 81302 10073 20055 39721 49942 57023 889//=
 28016 42/// /1302 10079 20073 39722 49936 57025=
 28029 42899 41202 10082 20065 39748 49958 57028 82015=
 28116 42999 01301 10077 20069 39717 49937 57029=
 28128 41597 81403 10096 20072 39804 49950 57031 76061 8802/=
 28134 41597 81401 10083 20067 39634 49970 57028 76022 885//=
 28138 43/// /1202 10068 20056 39444 49989 57027=
 28216 41596 81604 10085 20077 39655 49939 57026 76162 887//=
 28222 42/// /1402 10102 20066 39768 49952 57031=
 28224 41870 71604 10101 20070 39749 49951 57030 70282 87040=
 28234 42597 81504 10095 20056 39707 49972 57029 885//=
 28238 42599 80901 10081 20056 39694 49985 57018 885//=
 28313 42/// /1702 10089 20079 39760 49943 57025=
 28319 41596 71901 10087 20080 39795 49951 57023 78082 83930=
 28321 41597 81602 10089 20080 39752 49946 57024 76162 8802/=
 28324 42/// /1802 10091 20076 39835 49951 57025=
 28326 42598 61702 10103 20071 39784 49961 57030 86500=
 28413 42499 31802 10084 20060 39834 49951 57020 83500=
 28428 42598 81702 10088 20070 39786 49963 57025 885//=
 28429 42/// /1703 10075 20061 39580 49976 57027=
 22983 41463 80501 10047 20045 39779 49880 57029 72682 889// 333 91001
 91103=
 27083 42584 71302 10073 20065 39663 49875 57025 87800 333 91004
 91105=
 27097 42/// /1203 10073 20073 39637 49887 57028 333 91004 91105=
 27185 42/// /1602 10074 20056 39703 49878 57030 333 91004 91107=
 27199 42998 61502 10073 20061 39709 49898 57028 86030 333 91004
 91105=
 27281 42984 81505 10052 20039 39675 49873 57031 8805/ 333 91008
 91110=
 27283 42497 81903 10070 20051 39737 49886 57029 885// 333 91006
 91108=
 27295 42/// /1502 10063 20044 39656 49898 57028 333 91005 91106=
 27296 42597 51502 10068 20047 39694 49903 57028 85500 333 91004
 91105=
 27385 425// 61603 10047 20031 39766 49891 57034 85530 333 91005
 91108=
 27393 42598 81804 10074 20052 39748 49911 57028 8694/ 333 91006
 91106=
 27480 42598 81403 10043 20016 39761 49885 57045 8657/ 333 91007
 91108=
 28007 41496 81501 10068 20059 39658 49909 57026 71022 886// 333 88710
 91001 91103=
 28009 41498 81001 10083 20070 39719 49919 57028 70282 889// 333 91002
 91103=
 28105 42598 81501 10078 20067 39723 49907 57026 885// 333 91003
 91104=
 28202 41596 81903 10078 20066 39703 49914 57025 78082 889// 333 91005
 91105=
 28302 41597 81602 10077 20065 39702 49920 57024 70262 885// 333 91004
 91106=
 28307 42998 81503 10072 20041 39774 49912 57028 85031 333 91006
 91106=
 28402 42572 81704 10067 20056 39751 49923 57027 885// 333 91006
 91107=
 28502 42597 82004 10067 20043 39835 49934 57025 885// 333 91006
 91108=
 22550 82469 40503 10000 21013 39932 49942 57013 84600=
 22778 42598 80603 10012 21003 39829 49897 57025 8557/=
 22889 42/// /0802 10041 20041 39804 49888 57028=
 22762 82997 80501 10003 21010 39869 49908 57020 8807/=
 22638 46/// /0803 11002 21024 39675 49897 57001=
 22671 42/// /0603 11007 21016 39857 49935 57010=
 22456 42997 00000 11048 21048 39875 49963 57006=
 22583 42598 53401 11008 21016 39866 49945 57010 83501=
 22749 NIL=
 22951 42/// /0904 10013 20009 39565 49838 57026 333 91110=
 22887 41397 80602 10030 20027 39818 49886 57029 70262 8665/ 
 333 86708=
 22876 42497 80603 10021 20021 39818 49889 57026 889// 333 88710=
 22481 42/// /0101 11030 21035 39911 49964 57011=
 22854 42/// /0604 10003 20001 39578 49860 57024 333 91010 91110=
 22781 NIL=
 22676 41497 80502 11001 21015 39850 49927 57013 77771 886//=
 22648 NIL=
 22559 42/// /0703 11004 21018 39925 49941 57009=
 22869 42398 80803 10020 20010 39723 49868 57030 886// 333 86707=
 22768 42597 80704 10017 21002 39833 49881 57024 885// 333 88623=
 22798 41494 80202 10013 20013 39801 49912 57018 71042 889//=
 22375 46/// /0403 11049 21057 39962 49977 57008=
 23207 NIL=
 23215 NIL=
 23219 NIL=
 27095 86/// /1303 10078 20078 39685 49903 57026=
 22408 42984 80202 10021 21007 39803 49950 52011 88070=
 22511 42984 50402 10021 21005 39814 49933 52008 83071=
 22529 42598 80805 10037 21006 39912 49919 57001 885// 333   88627
 91111=
 22602 42472 80504 10020 21015 39683 49903 52005 885// 333   88614=
 22621 83970 /0503 10022 21016 39766 49902 52001 333   91110=
 22619 42598 80807 10031 20003 39721 49875 52003 885// 333   88621
 91013 91115=
 22721 42997 80902 10023 21014 39774 49870 52001 8805/=
 22727 86/59 /0503 10016 20009 39794 49841 52001 333   91110=
 22717 83/63 /0304 10011 20007 39644 49836 52009 333   91010 91110=
 22802 41496 80205 10018 20010 39808 49831 52014 78082 889// 333  
 86913 91010 91110=
 22820 41497 80808 10023 20014 39690 49823 57001 76162 8652/ 333  
 86610 91014 91117 555   50022=
 22831 41497 80804 10020 21008 39783 49837 57009 72682 889// 333  
 88918 91110=
 22805 414// 80203 10026 20024 39793 49817 52014 78082 889// 333  
 91110=
 22912 42584 70504 10021 20006 39771 49786 52006 82530 333   91111=
 
