18:31:00 MSK 26.06.2023
020 123456/=о000=1531
 уйту01 бтул 261500
 22686 62598 53504 10228 20095 30037 40129 56002 60002 81105 333 10245 91110 555 50174 53010=
 22695 12598 43404 10219 20057 39973 40115 54000 60002 84100 333 10237
 91110 555 50184 53012=
 22996 62598 60000 10191 20125 39943 40117 58017 60022 82981 333 10231 555 50146 53010=
 23220 11497 83002 10109 20096 39950 40086 54000 69962 72582 889// 333 10139 555 50112 53007=
 23226 12560 70202 10119 20109 39884 40089 52002 69982 86530 333 
 10127 86630 555 50113 53007=
 23305 12999 33605 10172 20072 30118 40144 57007 60002 80005 333 10182
 91110 555 50138 53010=
 23320 76/// /2802 10153 20084 30040 40109 57002 333 60002 555 50131 53009=
 23324 12584 63102 10153 20087 30029 40102 58004 69942 81940 333 10159
 555 50134 53008=
 23405 12980 30104 10182 20071 30045 40138 58003
 60002 82031 333 10195 91110 555 50148 53010=
 23410 76/// /3604 10155 20071 30027 40119 54001 333 60002=
 23411 12599 20105 10173 20039 30042 40125 58002 69902 82500 333 10182
 91110 555 50153 53011=
 23412 12699 20503 10163 20087 30027 40119 54000 60002 81430 333 10180 555 50140 53008=
 23416 NIL=
 23418 12765 73503 10168 20091 30044 40113 52002 
 69932 87500 333 10198 87650 555 50151 53009=
 23503 12998 60103 10175 20051 30083 40130 52003 69902 83032 333 10207
 555 50145 53009=
 23507 66/// /0204 10187 20064 39841 40132 52004 60002 333 10208 91111 555 50165 53011=
 23509 12598 23503 10204 20060 30044 40117 53003 60002 82200 333 10221
 91111 555 50160 53011=
 23514 12697 63504 10180 20068 39929 40113 52006 60032 82289 333 10206 555 50149 53009=
 23518 12698 83604 10177 20096 30014 40100 53003 69972 86979 333 10212
 84647 555 50128 53008=
 23606 12662 63603 10201 20089 39951 40106 57002 69912 83301 333 10219 555 50143 53009=
 23701 11678 60000 10192 20153 30000 40121 56005 60042 70282 82380 333
 10231 555 50146 53010=
 23704 76/// /3001 10201 20119 39926 40039 55004 333 60002=
 23707 61498 73102 10181 20139 39992 40116 57002 60012 70282 83970 333 10230 91110 555 50155 53013=
 23708 11684 82901 10171 20129 39977 40118 54000 60052 70282 82931 333
 10229 555 50146 53010=
 23709 11697 83502 10169 20122 39930 40112 56009 60052 78082 889// 333
 10216 555 50141 53008=
 23711 12598 73002 10168 20120 39943 40103 57004 60002 84270 333 10209 555 50137 53007=
 23803 12699 60000 10259 20129 39942 40106 56006 69902 83901 333 10259
 555 50152 53007=
 23804 61597 72101 10163 20144 39981 40118 54000 60102 72598 82930 333 10237  93201 555 50153 53008=
 23807 11496 71302 10153 20139 39977 40129 50004 60032 78082 86930 333
 10224 84916 555 50148 53011=
 23808 66/// /3304 10170 20103 39964 40122 55001 60002 333 10222=
 23812 12597 83602 10196 20059 39943 40094 57005 60002 83931 333 10222
 555 50140 53008=
 23904 11570 72902 10182 20111 39973 40120 58002 69932 70298 84942 333
 10232 555 50136 53009=
 23905 62599 80202 10208 20081 39898 40109 57014 60002 83904 333 10221
 555 53008=
 23909 62598 53402 10208 20068 39876 40104 57004 60002 83531 333
 10223=
 23912 62598 63503 10202 20063 39915 40094 57005 60002 86900 333 10228
 555 53007=
 23913 62599 62501 10206 20030 39874 40087 57005 69932 85201 333 10222
 555 53006=
 23914 62499 63101 10198 20044 39855 40094 57006 60002 83544 333
 10217=
 28013 62598 73601 10196 20043 39884 40100 57009 60002 87900 333 10218
 555 53008=
 28016 62599 43302 10209 20044 39894 40103 57006 60002 83401 333 10222
 555 53009=
 28029 62699 23302 10205 20019 39886 40090 57006 60002 82100 333 10214
 555 53007=
 28116 62899 23602 10205 20031 39888 40102 57006 60002 81031 333
 10218=
 28128 62599 23502 10205 20032 39955 40098 57006 60002 81101 333 10210
 555 53008=
 28134 62698 83401 10201 20043 39762 40088 57004 60002 82405 333 10208
 555 53006=
 28138 12599 20602 10160 20037 39555 40089 57003 60002 82100 333
 10173=
 28216 62599 33303 10202 20010 39824 40102 57004 60002 83400 333 10215
 555 53012=
 28222 62598 33201 10208 20030 39914 40095 57003 60002 83100 333 10220
 555 53008=
 28224 62670 33504 10200 20033 39894 40093 57004 69902 83100 333
 10206=
 28234 61598 22401 10185 20035 39830 40091 57003 69982 70191 81202 333
 10196 555 53008=
 28238 62599 30403 10168 20033 39804 40090 52002 60002 81540 333 10184
 555 53013=
 28313 62598 60104 10205 20021 39923 40102 57002 60002 86500 333 10215
 555 53010=
 28319 62898 31101 10193 20062 39950 40103 53001 60002 83030 333
 10210=
 28321 62599 20403 10203 20008 39907 40097 57002 60002 82200 333 10211
 91110=
 28324 62599 53501 10199 20037 39985 40098 57004 60002 85400 333 10201
 555 53009=
 28326 62598 30000 10201 20056 39917 40090 52002 60002 82530 333 10214
 555 53009=
 28413 62599 23603 10209 20018 39988 40101 54001 60002 82400 333 10219
 555 53011=
 28428 61599 50402 10179 20063 39919 40093 52007 69982 72582 85900 333
 10205 91111 555 53012=
 28429 62598 23604 10164 20054 39695 40083 52005 60002 81930 333 10184
 555 53011=
 22983 12698 63101 10253 20073 30016 40113 57012 60002 82231 333 10269
 91002 91106 555 50170 53007=
 27083 11599 62403 10153 20124 39919 40130 57002 69992 72998 85903 333
 10227 91005 91106 555 50149 53006=
 27097 12598 83002 10196 20111 39881 40125 58009 60002 81239 333 10220
 91004 91109 555 50157 53009=
 27185 12698 70501 10209 20090 39960 40131 57005 60002 82505 333 10231
 91003 91107 555 50163 53008=
 27199 12698 53201 10218 20057 39940 40123 57010 60002 82101 333 10224
 91002 91106 555 50167 53007=
 27281 12582 60101 10210 20093 39939 40132 57009 60002 84401 333 10226
 91002 91105 555 50163 53006=
 27283 12498 60101 10208 20090 39984 40129 57010 60002 84831 333 10229
 91002 91106 555 50154 53006=
 27295 12998 60102 10214 20031 39894 40127 57008 60002 80005 333 10223
 91003 91109 555 50163 53009=
 27296 12698 43602 10208 20035 39919 40122 57008 60002 81201 333 10218
 91004 91106 555 50162 53007=
 27385 129// 33401 10213 20052 30012 40132 57008 60002 83030 333 10226
 91002 91106 555 50154 53007=
 27393 12598 33403 10204 20035 39970 40130 57005 60002 83200 333 10224
 91004 91107 555 50168 53009=
 27480 12598 10201 10218 20072 30018 40138 57006 60002 81500 333 10230
 91002 91105 555 50159 53007=
 28007 12699 63301 10206 20065 39875 40119 57007 60002 85430 333 10221
 91001 91107 555 50151 53007=
 28009 12598 33201 10210 20032 39917 40113 57008 60002 82501 333 10224
 91002 91105 555 50156 53008=
 28105 12598 63301 10196 20049 39937 40123 57004 60002 85202 333 10227
 91003 91106 555 50158 53007=
 28202 12683 13502 10204 20034 39910 40117 57007 60002 81400 333 10219
 91004 91106 555 50154 53009=
 28302 12598 63402 10203 20029 39906 40120 57003 60002 84230 333 10214
 91006 91108 555 50154 53009=
 28307 12598 53402 10213 20024 39990 40124 57003 60002 85400 333 10227
 91004 91109 555 50168 53009=
 28402 12698 23603 10209 20038 39952 40119 54000 60002 82100 333 10221
 91005 91112 555 50157 53012=
 28502 12598 23604 10217 20015 30019 40116 57003 60002 82100 333 10226
 91007 91111 555 50162 53012=
 22550 62597 23502 10240 20132 30148 40157 57012 60002 81230 333 10249 555 50187 53007=
 22778 12598 70203 10245 20076 30071 40135 57001 60002 85831 333 10264
 555 50182 53008=
 22889 12598 43504 10242 20050 30035 40115 58009 60002 83260 333 10259
 555 50165 53009=
 22762 61698 63101 10236 20136 30108 40144 58008 60012 70282 83901 333
 10264 555 50191 53007=
 22638 NIL=
 22671 12699 20303 10228 20098 30073 40146 57008 60002 81101 333 10237
 555 50184 53007=
 22456 12598 21101 10245 20079 30071 40152 57014 60002 82201 333 10256
 555 50176 53005=
 22583 12998 13502 10214 20077 30074 40149 57003 60002 80001 333 10221 
 555 50176 53007
 =
 22749 NIL=
 22951 12998 60202 10245 20037 39881 40141 57012 60002 80001 333 10254
 555 50179 53006=
 22887 12699 63602 10252 20105 30053 40118 57009 69932 83531 
 333 10260 555 50175 53010 =
 22876 12597 60802 10234 20094 30058 40127 56005 60002 86800 333 10263
 86821 555 50190 53007=
 22481 12/98 13402 10210 20086 30110 40159 57008 60002 81100 333 10216
 555 50159 53008=
 22854 12599 23303 10247 20033 39875 40141 57012 60002 82201 333 10253
 555 50194 53007=
 22781 NIL=
 22676 12598 50104 10236 20096 30061 40133 57007 60002 82201 333 10248
 555 50185 53010=
 22648 NIL=
 22559 62598 60302 10255 20083 30139 40154 57008 60002 84901 333 10259
 555 50199 53009=
 22869 12597 60203 10245 20062 39998 40135 57008 60002 83334 333 10259
 555 50183 53008=
 22768 12597 60604 10248 20097 30092 40139 57010 60002 83931 333 10267 555 50204 53008=
 22798 12498 70502 10211 20082 30019 40124 52005 60002 86930 333 10282
 555 50171 53009=
 22375 46/// /3403 10179 30154 40168 57014=
 23207 12999 73404 10157 20061 30131 40153 57003 60002 85032 333 10191
 555 50121 53009=
 23215 NIL=
 23219 NIL=
 27095 NIL=
 22408 22699 72203 10264 20080 30004 40141 57014 81170 333   60002=
 22511 22598 73402 10261 20070 30031 40142 57014 86930 333   60002
 86830=
 22529 22999 20902 10236 20097 30149 40155 57015 80002 333   60002=
 22602 22599 61101 10244 20073 39933 40141 57016 83132 333   60002=
 22621 73970 /1001 10247 20074 30019 40148 57015 333   60002=
 22619 22483 31301 10216 20152 39997 40145 57015 83800 333   60002=
 22721 22998 21501 10256 20062 30058 40149 57014 82030 333   60002=
 22727 76/70 /1403 10249 20089 30106 40150 57015 333   60002=
 22717 73/70 /1101 10233 20072 39964 40144 57015 333   60002=
 22802 22699 31203 10250 20087 30125 40147 57012 82931 333   60002=
 22820 22970 10903 10242 20076 30023 40149 57014 80001 333   60002=
 22831 22698 53601 10269 20056 30093 40144 57014 82231 333   60002=
 22805 22598 20000 10223 20108 30129 40147 57013 81201 333   60002=
 22912 22599 23302 10234 20126 30129 40143 57009 82430 333   60002=
 
