03:31:00 MSK 25.06.2023
020 123456/=о000=0031
 унту01 бтул 250000
 22686 81998 60000 10060 20056 30077 40175 51007 71111 86071 555 10006=
 22695 42998 63601 10107 20050 30011 40159 52008 86030 555 10011=
 22996 42/// /0701 10101 20095 39954 40133 52002 555 1/014=
 23220 43/// /1201 10013 21002 39993 40134 52005 555 1/003=
 23226 42960 00101 10032 20008 39928 40141 53007 555 10003=
 23305 42/// /2501 10095 20094 30139 40166 54001 555 1/009=
 23320 86/// /0301 10038 20022 30073 40145 52007=
 23324 42984 23501 10049 20021 30069 40145 52006 81071 555 11005=
 23405 42978 73501 10068 20057 30069 40166 53003 87030 
 555 10009=
 23410 86/// /3502 10065 21002 30053 40148 52007 555 53007=
 23411 42/// /3503 10072 20045 30070 40157 52005 555 1/007=
 23412 42699 50301 10085 20020 30055 40149 52006 82530 555 11008=
 23416 NIL=
 23418 42965 23301 10067 20049 30070 40142 52005 82030 555
 11002=
 23503 42/// /3401 10092 20061 30112 40161 52006 555 1/011=
 23507 86/// /3401 10091 20073 39864 40166 52004=
 23509 NIL=
 23514 42997 43402 10072 20062 39958 40150 52006 82032 555 10007=
 23518 NIL=
 23606 42962 60102 10099 20072 39987 40149 52006 86030 555 10012=
 23612 NIL=
 23701 NIL=
 23704 86/// /0201 10080 20076 39926 40039 55004 555 53010=
 23707 82999 63604 10088 20073 30022 40150 52008 82071 555 11009=
 23708 42/// /3602 10109 20065 30002 40146 52006 555 1/011=
 23709 82998 83302 10111 20057 39953 40139 52005 8805/ 555 10011=
 23711 42598 23301 10094 20059 39966 40130 53006 82501 555 10009=
 23803 42999 60401 10105 20085 39961 40134 52004 86060 555 11009=
 23804 81997 73601 10104 20098 30002 40143 52005 70282 87030 555 11012=
 23807 42/// /0202 10109 20105 39985 40141 52004 555 1/012=
 23808 NIL=
 23812 42697 73601 10105 20055 39964 40121 53004 87500 555 11009=
 23904 41570 83401 10097 20092 39984 40135 52004 70282 82371 555 11010=
 23905 81899 63301 10099 20085 39910 40130 52004 70182 86040 555
 11010=
 23909 81598 80101 10105 20092 39885 40121 52003 70282 8731/=
 23912 82598 83301 10102 20077 39931 40116 54000 83531 555 10012=
 23913 82599 73201 10075 20045 39889 40112 54000 86930 555 10005=
 23914 81499 72902 10101 20088 39868 40116 52001 70282 87900=
 27095 86/// /3001 10096 20093 39921 40143 52003=
 28013 81598 80402 10098 20071 39896 40119 57003 70282 889// 555
 11011=
 28016 82/// /3602 10094 20092 39903 40121 53006 555 1/011=
 28029 82899 23302 10077 20053 39895 40109 52004 82070 555 11007=
 28116 82899 73001 10072 20069 39890 40115 52001 85072=
 28128 82999 23501 10098 20084 39960 40108 52001 80009 555 10008=
 28134 82998 30000 10056 20053 39766 40110 54000 80004 555 10004=
 28138 43/// /0401 10069 20061 39553 40105 57003=
 28216 82699 52701 10085 20063 39824 40113 54001 85500 555 10009=
 28222 42/// /0401 10102 20087 39917 40105 57002 555 1/011=
 28224 81870 61401 10096 20087 39896 40102 57004 74022 86070=
 28234 82898 61701 10090 20063 39834 40103 57002 86070 555 10010=
 28238 81599 72301 10073 20059 39810 40106 57002 74022 87500 555
 10008=
 28313 42/// /0000 10054 20045 39924 40113 54001 555 1/007=
 28319 82998 00000 10056 20050 39947 40107 57004=
 28321 82599 22801 10083 20072 39908 40106 57003 81980=
 28324 42/// /0000 10054 20030 39987 40106 54001 555 1/007=
 28326 81598 70000 10086 20079 39919 40099 57006 70282 87500 555
 11010=
 28413 82599 10000 10087 20053 39986 40105 57004 81500 555 10007=
 28428 82598 53201 10073 20051 39922 40102 57004 85500 555 10008=
 28429 42/// /0000 10077 20059 39705 40106 57007 555 1/009=
 22983 42998 20000 10088 20077 30040 40142 52007 81031 333 91000 91101
 555 10009=
 27083 42599 33201 10085 20072 39915 40132 57004 82501 333 91001 91108
 555 10010=
 27097 42/// /3401 10089 20085 39878 40132 54001 333 91002 91102=
 27185 42/// /0000 10082 20075 39953 40132 54000 333 91000 91101=
 27199 42998 20000 10099 20076 39937 40128 52001 82031 333 91002 91102
 555 10007=
 27281 42998 23401 10092 20077 39932 40133 52001 82030 333 91002 91103
 555 11008=
 27283 41998 23402 10050 20048 39978 40132 53001 71200 80001 333 91002
 91103 555 10007=
 27295 NIL=
 27296 42965 00201 10063 20049 39911 40125 54000 333 91001 91102 555
 10007=
 27385 419// 00000 10035 20032 30003 40131 52002 71100 333 91000 91101
 555 10005=
 27393 42998 11101 10091 20062 39960 40126 53001 80001 333 91002 91103
 555 10008=
 27480 41905 00000 10044 20044 30006 40133 52003 74441 333 91000 91101
 555 11007=
 28007 NIL=
 28009 42598 72901 10092 20078 39922 40126 52004 87500 333 91002 91102
 555 11010=
 28105 42598 20000 10058 20048 39933 40129 53001 82500 333 91000 91101
 555 10008=
 28202 42580 53301 10093 20068 39905 40120 57001 81931 333 91002 91102
 555 10010=
 28302 NIL=
 28307 NIL=
 28402 41998 22901 10089 20077 39942 40116 57001 71222 82030 333 91002
 91104 555 10007=
 28502 NIL=
 22550 82997 00000 10088 20084 30165 40175 52007 555 10011=
 22778 42998 60302 10131 20074 30094 40161 52010 86070 555 10014=
 22889 42/// /2401 10071 20071 30062 40147 52008 555 1/008=
 22762 42997 00000 10079 20072 30129 40168 52011 555 10008=
 22638 NIL=
 22671 42/// /0000 10074 20056 30093 40171 52008 555 1/009=
 22456 42998 20000 10053 20053 30093 40180 52008 80002 555 10008=
 22583 42998 20000 10069 20056 30095 40174 52005 82070 
 555 10008=
 22749 42/// /0000 10083 20075 30037 40159 52009 555 1/009=
 22951 42/// /0000 10081 20067 39887 40162 52006 555 1/009=
 22887 42599 20000 10088 20077 30075 40143 52010 81530 555 
 10005=
 22876 42997 20000 10072 20070 30083 40155 52009 82040 555 10009=
 22481 42/// /0000 10061 20060 30122 40174 52005 555 1/008=
 22854 42/// /0401 10125 20080 39882 40160 52006 555 1/013=
 22781 NIL=
 22676 42898 30000 10091 20073 30094 40170 52009 83030 555 10012=
 22648 42998 20000 10086 20085 30126 40171 52010 82030 555 16009=
 22559 42/// /0000 10088 20078 30160 40176 52009 555 1/010=
 22869 42997 20501 10100 20084 30011 40155 52009 80030 555 11011=
 22768 42697 20402 10094 20079 30109 40158 52011 81530 555 10009=
 22798 42998 33401 10097 20069 30047 40157 52008 82031 555 11009=
 22375 46/// /1401 10064 30160 40175 52004=
 23207 NIL=
 23215 42698 32001 10043 20023 30065 40154 52003 82501 555 11006=
 23219 NIL=
 22408 42699 30401 10098 20071 30035 40181 52011 83500 555   10011=
 22511 42698 30000 10094 20080 30058 40176 52009 82801 555   10009=
 22529 42599 33601 10062 20055 30165 40172 52009 82502 555   10008=
 22602 42977 30501 10105 20100 39950 40169 52010 8303/ 555   11010=
 22621 83970 /0501 10124 20090 30031 40166 52006 555   1////=
 22619 41481 22701 10127 20121 30005 40158 52005 71100 81505 555  
 10009=
 22721 42998 82902 10108 20096 30065 40160 52005 80009 555   11012=
 22727 86/63 /0501 10113 20108 30113 40159 52005 555   1////=
 22717 83/06 /0000 10130 20128 39974 40160 52010 555   1////=
 22802 41556 73101 10147 20142 30130 40152 52004 71022 86530 333  
 86631 555   11015=
 22820 41920 71202 10124 20121 30027 40158 52006 74442 87050 555  
 11011=
 22831 42998 60000 10094 20086 30104 40158 52007 86030 555   10011=
 22805 41595 80302 10144 20144 30127 40146 52004 71022 8753/ 555  
 11015=
 22912 42999 31001 10133 20127 30134 40149 52002 83030 555   11013=
 
