06:31:00 MSK 17.05.2023
020 123456/=о000=0331
 уйту01 бтул 170300
 22686 62598 81502 10137 20047 30127 40223 51001 60002 81165 333 20070 31008 55110 555 53003 7000/=
 22695 12698 61101 10123 20032 30066 40215 51001 60002 83531 333 20100
 30010 555 53002 7000/=
 22996 62599 62102 10125 20081 30063 40242 52005 60002 82501 333 20078
 31008 55073 555 53002 7000/=
 23220 12999 80605 10001 21043 30110 40253 53002 60002 84031 333 21052 3/106 43071 55101 555 53008 7000/=
 23226 12960 31504 11001 21057 30036 40255 53001 60002 80001 333 21045 
 3/107 42063 555 53007 7000/=
 23305 12999 12201 10118 20045 30197 40223 52006 60002 81030 333 20061
 30004 555 53004 7000/=
 23320 76/// /2002 10134 20020 30169 40240 52002 333 20012 60002 555 53004 7000/=
 23324 12986 31801 10091 20013 30167 40243 53004 60002 83080 333 20006
 41998 55094 555 53005 7000/=
 23405 12976 01402 10125 20064 30128 40223 52006 60002 333
 20057 31004 55117 555 53011 7990/=
 23410 76/// /1603 10082 20033 30138 40233 52008 333 20054 60002 555 7000/=
 23411 12599 12002 10107 20066 30141 40228 52009 69972 81900 333 20071
 32004 555 53008 7997/=
 23412 11999 01602 10083 20045 30135 40230 53006 69932 70281 333 20056
 32003 41998 55132 555 53007 7993/=
 23416 NIL=
 23418 12965 21302 10109 20047 30167 40240 52007 69942 82030
 333 20060 31003 55130 555 53005 7994/=
 23501 NIL=
 23503 12998 01902 10129 20071 30180 40228 52005 69902 333 20040 31002
 555 53014 7990/=
 23507 66/// /0000 10149 20036 39927 40225 52006 60002 333 20064 555 53005 7000/=
 23509 12698 60000 10129 20064 30153 40228 53009 60002 86500 333 20076
 30007 86634 555 53007 7000/=
 23514 12697 31603 10121 20073 30043 40233 52007 69932 82180 333 20092 32008 55153 555 53007 7993/=
 23518 12698 81001 10086 20078 30156 40246 55000 60032 86905 555
 50103 7003/ 91212=
 23606 11662 62702 10137 20069 30068 40229 52006 69912 72522 82930 333 20117 31010 55117 555 53004 7991/=
 23612 11498 71504 10093 20076 30113 40245 57013 60032 70282 83930 333 20070 3/008 41998 555 53007 7003/=
 23701 12499 72001 10142 20053 30113 40238 52004 60002 81531 333 20070
 30006 555 53008 7990/=
 23704 76/// /0000 10107 20071 39926 40039 55004 333 20062 60002 555 50156 7000/=
 23707 62999 61601 10122 20057 30108 40237 52003 60002 84071 333 20100 30006 55073 555 53003 7000/=
 23708 12984 81401 10116 20053 30101 40247 52003 60002 80031 333 20061
 555 53004 7000/ 91207=
 23709 12998 70000 10133 20039 30063 40250 52003 60002 87070 333 20053 30005 555 53002 7000/ 91204=
 23711 11597 81901 10085 20057 30085 40252 52005 69942 78082 8497/ 333 20080 31007 55152 555 53007 7994/=
 23803 12699 61201 10130 20042 30084 40259 52003 60002 86500 333 20090 31008 55112 86634 555 53004 7000/=
 23804 62997 61801 10146 20062 30099 40239 52003 60002 84031 333 20073 31007 555 53003 7000/=
 23807 12997 60701 10122 20086 30090 40246 52004 60002 85031 333 20062
 31006 55098 555 53002 7000/=
 23808 66/// /0901 10131 20055 30090 40253 52006 60002 333 20093 555 7000/=
 23812 12597 60000 10113 20051 30103 40261 52003 60002 82132 333 20007
 30002 555 53002 7000/=
 23904 12970 81801 10124 20072 30098 40250 52004 60002 8805/ 333 20076
 30009 555 53002 7000/=
 23905 12599 71401 10112 20044 30035 40257 52004 60002 87500 333 20073
 31006 555 53003 7000/=
 23909 12898 81402 10170 20049 30023 40257 52005 60002 85051 333 20054
 31006 55111=
 23912 12998 62701 10121 20056 30081 40268 52006 60002 80001 333 20033
 30004 555 53004 7000/=
 23913 12999 20000 10077 20017 30056 40283 51004 60002 80001 333 21018
 31006 55120 555 53002 7000/=
 23914 62899 61102 10124 20037 30017 40267 52006 60002 82084 333 20099
 30006 55120=
 28013 12999 70901 10141 20053 30036 40259 52004 60002 80001 333 20093
 30005 555 53005 7000/=
 28016 12999 80000 10119 20053 30043 40262 52004 69902 80005 333 20050
 30006 555 53006 7990/=
 28029 12999 81101 10148 20034 30047 40259 52008 60002 80009 333 20104
 31006 55013 555 53004 7000/=
 28116 12999 30101 10128 20040 30034 40258 52007 60002 80005 333 20047
 30004 55142=
 28128 12999 20502 10138 20058 30109 40258 52010 60002 80001 333 20043
 30005 55154 555 53004 7000/=
 28134 12898 83601 10112 20037 39923 40265 52009 60002 85085 333 20052
 30005 555 53004 7000/=
 28138 12899 81102 10132 20002 39719 40268 52009 60002 82031 333 20073
 30003 55135=
 28216 12699 30301 10144 20047 39965 40252 52010 60002 82501 333 20082
 30007 555 53004 7000/=
 28222 12998 30000 10135 20056 30067 40256 52010 60002 80001 333 20043
 30005 555 53002 7000/=
 28224 12870 81001 10156 20050 30045 40250 52012 60002 82037 333 20061
 30004 55150=
 28234 11896 61601 10152 20001 39990 40258 52011 69902 70422 86080 333
 20104 30005 555 53005 7990/=
 28238 12599 62101 10081 20033 39974 40274 52011 60002 86200 333 20040
 30002 55115 555 53003 7000/=
 28313 12898 63401 10100 20050 30065 40253 52009 60002 84031 333 20045
 30006 555 53003 7000/=
 28319 12999 00000 10145 20085 30087 40245 52008 60002 333 20043
 30008=
 28321 12599 63301 10117 20053 30052 40250 52010 60002 82231 333 20088
 30007=
 28324 12899 60000 10142 20058 30129 40246 52009 60002 85089 333 20038
 30006 555 53004 7000/=
 28326 12898 31101 10166 20048 30067 40245 52011 60002 83030 333 20043
 30006 55144 555 53004 7000/=
 28413 12999 20000 10127 20070 30125 40243 52009 60002 80001 333 20066
 30005 555 53002 7000/=
 28428 12899 70401 10116 20041 30062 40241 52011 60002 87030 333 20040
 30004 555 53003 7000/=
 28429 12598 80401 10119 20039 39848 40248 52006 60002 8455/ 333 20065
 30006 555 53004 7000/=
 22983 12998 60000 10109 20057 30140 40243 52005 60002 80005 333 20033
 31005 55138 91001 91101 555 52001 53003 7000/=
 27083 12999 21801 10107 20051 30030 40248 52006 60002 82030 333 20039
 31005 91001 91102 555 52003 53002 7000/=
 27097 12598 52701 10145 20062 39999 40251 52007 60002 82530 333 20060
 31005 91001 91101 555 52003 53003 7000/=
 27185 12998 20000 10102 20046 30075 40255 52005 60002 80001 333 20030
 30005 91000 91100 555 52002 53002 7000/=
 27199 12998 30000 10129 20063 30061 40252 52007 60002 83031 333 20065
 30005 55128 91001 91102 555 52003 53004 7000/=
 27281 12982 00000 10135 20064 30051 40251 52006 60002 333 20050 30006
 91000 91102 555 52004 53006 7000/=
 27283 12968 10000 10121 20075 30103 40255 52008 60002 80001 333 20030
 31004 91000 91101 555 52006 53003 7000/=
 27295 12998 00000 10169 20032 30010 40251 52006 60002 333 20058 31008
 91000 91102 555 52002 53003 7000/=
 27296 12998 10000 10110 20046 30039 40252 52008 60002 80001 333 20055
 30004 55137 91001 91101 555 52001 53003 7000/=
 27385 129// 10000 10093 20061 30129 40255 52008 60002 80001 333 20027
 30003 91000 91101 555 52000 53001 7000/=
 27393 12998 20000 10117 20062 30088 40255 52007 60002 333 20064 30007
 55156 91001 91101 555 52003 53002 7000/=
 27480 12998 10000 10087 20082 30130 40257 52007 60002 80001 333 20030
 30005 91000 91101 555 52001 53002 7000/=
 28007 12999 61401 10152 20050 39998 40250 52003 60002 86030 333 20127
 30011 55103 91001 91102 555 52011 53003 7000/=
 28009 12698 50801 10145 20045 30055 40258 52007 60002 85500 333 20077
 30007 91001 91102 555 52004 53002 7000/=
 28105 12598 50000 10120 20067 30057 40251 52005 60002 85500 333 20064
 30008 91000 91101 555 52003 53003 7000/=
 28202 12975 60000 10111 20060 30034 40250 52008 60002 85031 333 20088
 30007 91000 91101 555 52005 53004 7000/=
 28302 12998 80000 10131 20053 30026 40248 52008 60002 82031 333 20058
 30006 91000 91100 555 52000 53006 7000/=
 28307 12998 20000 10141 20062 30108 40247 52008 60002 80001 333 20062
 30006 91000 91102 555 52003 53004 7000/=
 28402 12998 30000 10125 20059 30071 40245 52007 60002 80005 333 20058
 30006 91001 91102 555 52003 53003 7000/=
 28502 12998 80000 10112 20044 30141 40242 51008 60002 80001 333 20030
 30004 55153 91000 91102 555 52000 53004 7000/=
 22550 62997 01302 10140 20043 30163 40173 57005 60002 333 20110 31009
 55145 555 53005 7000/=
 22778 12998 11502 10139 20038 30158 40225 52004 60002 80001 333 20078
 31007 55139 555 53005 7000/=
 22889 12898 11001 10090 20062 30158 40243 52003 60002 81080 333 20018
 31004 555 53003 7000/=
 22762 62998 01401 10134 20039 30172 40210 52007 60002 333 20067 30006
 555 53005 7000/ 91207=
 22638 NIL=
 22671 12999 11501 10136 20043 30123 40199 54001 60002 81000 333 20061
 31005 55142 555 53004 7000/=
 22456 12997 62001 10130 20043 30087 40172 57008 60002 80001 333 20021
 31004 555 53006 7000/=
 22583 12998 71601 10119 20041 30133 40212 58002 60002 80001 
 333 20045 31005 55116 555 53007 7000/=
 22749 NIL=
 22951 12998 01701 10128 20039 39948 40221 52002 60002 333 20042 31004
 555 53008 7000/=
 22887 12999 21302 10127 20051 30163 40231 52004 60002 80001 
 333 20058 30003 55158 555 53005 7000/=
 22876 12997 00601 10132 20062 30158 40228 52004 60002 333 20037 31006
 555 50166 53005 7000/ 91206=
 22481 12998 61101 10143 20058 30145 40196 57002 60002 81081 333 20022
 3/005 41998 555 53002 7990/=
 22854 12999 21602 10133 20025 39931 40210 54000 60002 80001 333 20075
 30007 55158 555 53007 7000/=
 22781 NIL=
 22676 12998 11301 10113 20048 30137 40212 52001 60002 80001 333 20067
 30007 555 53004 7000/=
 22648 NIL=
 22559 12998 01701 10157 20039 30169 40185 57003 60002 333 20088 31008
 55129 555 53005 7000/ 91210=
 22869 12997 00000 10134 20039 30091 40235 51009 60002 333 20070 31007
 555 53005 7000/ 91206=
 22768 12997 21903 10138 20032 30169 40217 52007 60002 80001 333 20105
 30009 55148 555 53005 7000/=
 22798 12998 60000 10138 20052 30127 40236 52003 60002 82031 333 20053
 30007 555 53003 7000/=
 22375 NIL=
 23207 12999 22101 10134 20051 30188 40210 52004 60002 82030 333 20007
 31101 55136 555 53007 7000/=
 23215 NIL=
 23219 NIL=
 27095 76/// /0000 10087 20070 30038 40263 52006 333 20059 60002 555 53003 7000/=
 22408 21699 81403 10106 20064 39945 40089 57025 70282 8633/ 333  
 20092 55098 69902 86934 555   7990/=
 22511 21598 81503 10137 20055 39980 40096 57020 70282 8397/ 333  
 20108 69912 555   7991/=
 22529 22599 81803 10136 20053 30124 40131 57009 86532 333   60002
 86628 555   7000/=
 22602 21477 71703 10114 20103 39874 40091 57011 72582 87900 333  
 20106 55118 69942 87916 555   7994/=
 22621 73770 /1402 10129 20061 39991 40125 57008 333   20099 55103
 60002 555   7000/=
 22619 21982 71502 10107 20063 39964 40118 57006 70262 87070 333  
 20082 55117 69932 555   7993/=
 22721 21698 81001 10075 20056 30043 40139 57003 72582 889// 333  
 20075 69952 85648 555   7995/=
 22727 76970 /1801 10109 20068 30093 40139 57004 333   20085 69942
 555   7994/=
 22717 73/70 /1803 10142 20086 39936 40121 57002 333   20124 60002
 555   7000/=
 22802 21599 71602 10090 20072 30093 40116 52002 70282 85970 333  
 20090 55101 60012 85930 555   7001/=
 22820 22970 71704 10147 20050 30011 40142 57003 87030 333   20092
 55117 60002 555   7000/=
 22831 22998 00901 10128 20058 30115 40168 54000 333   20067 55149
 60002 555   7000/=
 22805 22598 71506 10047 20040 30103 40123 52003 87500 333   20046
 55096 69942 91111 555   7994/=
 22912 22599 71703 10154 20086 30125 40139 52002 82570 333   20122
 60002 555   7000/=
 
