06:31:00 MSK 25.03.2023
020 123456/=о000=0331
 уйту01 бтул 250300
 22686 12498 81502 11052 21074 39891 49991 58002 60002 885// 333 21062 47052 55008 88615 555 53008 7998/=
 22695 12498 81801 11047 21076 39825 49979 54000 60002 887// 333 21050
 43050 86713 555 53011 7002/=
 22996 11598 80000 10021 20021 39815 49998 52011 60002 71222 889// 333
 20018 44047 55000 555 53003 7002/=
 23220 12599 13401 11186 21239 39815 49965 52012 60002 81500 333 21196 47084 55066 555 53007 7990/=
 23226 12960 00302 11222 21248 39742 49973 52006 60002 333 21230 48052 
 555 53004 7990/=
 23305 11456 70000 11193 21213 39962 49991 52004 60002 71022 87600 333
 21206 47026 87712 555 53003 7000/=
 23320 76/// /0000 11208 21234 39904 49982 51014 333 21218 60002 555 53004 7000/=
 23324 12983 20000 11191 21214 39901 49983 52018 60002 82070 333 21222
 49046 55053 555 53006 7000/=
 23405 12397 82303 11148 21154 39889 49993 52006 69922 886// 333 21185
 48051 55000 555 53005 7001/=
 23410 76/// /3201 11225 21253 39886 49990 52014 333 21227 60002 555 7000/=
 23411 12999 10000 11183 21199 39898 49993 51009 60002 80001 333
 21199  48041 555 53006 7000/ =
 23412 12999 10000 11204 21228 39888 49992 52013 60002 80001 333 21206 47051 55071 555 53005 7000/=
 23416 NIL=
 23418 11965 13102 11152 21165 39911 49988 52020 60022
 70271 81030 333 21152 48075 55009 555 53004 7003/=
 23501 NIL=
 23503 12998 52001 11221 21249 39942 49995 52012 60012 82039 333 21233
 48057 555 53005 7003/=
 23507 86/// /2101 11092 21095 39678 49996 53002 333 21093 555 53006=
 23509 12998 60000 11110 21123 39915 49996 51010 60022 85031 333 21113
 48074 555 53006 7003/=
 23514 12997 12901 11103 21110 39785 49987 52013 60022 80001 333 21107 47093 55000 555 53006 7003/=
 23518 12698 83402 11068 21080 39887 49980 52026 60052 84575 333
 21068 3/103 48096 55000 555 51020 7008/ 91206=
 23606 12462 60000 11072 21085 39818 49992 52013
 69982 83531 333 21072 43066 55003 555 53007 7003/=
 23612 12498 83203 11048 21061 39845 49981 52027 60022 885// 333 
 21048 47071 88610 555 53008 7005/=
 23701 12499 80601 11034 21053 39869 49999 52007 69942 8657/ 333 21035
 47053 86615 555 53008 7004/=
 23704 76/// /3001 11030 21041 39926 40039 55004 333 21030 60002 555 50017 7000/=
 23707 62598 80000 11024 21050 39862 49994 52007 69922 885// 333 21028 47039 55009 88620 555 53010 7992/=
 23708 12498 83102 11022 21053 39848 49998 52012 69962 885// 333 21024 44040 88618 555 53008 7001/ 91212=
 23709 12498 82903 11019 21052 39801 49993 52017 60002 885// 333 21019 43036 88615 555 53007 7000/ 91210=
 23711 11498 63302 11012 21036 39810 49978 52021 69902 70282 83930 333 21012 43057 55010 555 53006 7997/=
 23803 12499 82902 11015 21040 39821 40000 53015 60002 86901 333 21015 43042 55000 86915 555 53006 7993/=
 23804 61597 70000 11023 21029 39850 49995 52008 69952 70272 83529 333 21023 43039 55047 555 53005 7998/=
 23807 11997 80000 11017 21026 39840 40001 52011 60002 71122 84039 333
 21020 55000 555 53007 7991/=
 23808 66/// /2702 11012 21023 39833 40001 52014 60002 333 21012 555 7000/=
 23812 12597 82501 10014 20005 39816 49976 52010 69902 82932 333 20014
 43067 555 53005 7994/=
 23904 11335 80000 10001 20001 39848 40003 52015 69902 72842 886// 333
 21008 43028 88708 555 53003 7002/=
 23905 12596 82901 10016 20015 39774 49998 52014 60002 885// 333 20006
 43037 555 53005 7002/=
 23909 11/92 92701 10021 20019 39750 49991 52008 60052 74564 333 20020
 43036 55000=
 23912 11393 82001 10018 20016 39795 49984 52004 60052 75164 886// 333
 20016 43058 96046 555 53005 7013/=
 23913 11597 83402 10019 20002 39760 49984 54000 60092 76162 8872/ 333
 20017 43063 55000 555 53004 7018/=
 23914 11498 82603 10016 20014 39732 49985 52003 60072 70262 8802/ 333
 20015 43052 55000=
 28013 11398 82502 10018 20006 39762 49989 57008 60072 72586 889// 333
 20017 43037 555 53006 7012/=
 28016 12599 82701 10022 20022 39772 49994 52006 60062 885// 333 20022
 43041 555 53005 7013/=
 28029 11496 82204 10037 20033 39772 49986 57003 60092 76362 8872/ 333
 20037 43045 55000 555 53009 7013/=
 28116 11495 82301 10037 20035 39765 49990 52002 60052 76362 8872/ 333
 20035 43047 55003=
 28128 11596 82101 10013 20010 39848 49999 57003 60042 76162 8802/ 333
 20012 43043 55002 555 53008 7004/=
 28134 11497 82001 10031 20022 39659 40002 57006 60082 76162 8672/ 333
 20031 43055 555 53009 7008/=
 28138 12599 82104 10023 20007 39459 40015 57010 60002 885// 333 20023
 44072 55005=
 28216 11496 82004 10032 20025 39710 40001 57004 60012 76162 886// 333
 20032 43019 555 53011 7001/=
 28222 11497 81803 10039 20026 39813 40003 57005 69982 76162 8872/ 333
 20039 43032 555 53013 7998/=
 28224 11560 81803 10041 20022 39802 40010 57007 69932 78082 889// 333
 20041 43022 55026=
 28234 11597 81803 10036 20004 39747 40020 57012 69932 76062 885// 333
 20036 42023 555 53013 7993/=
 28238 12599 82004 10034 20006 39733 40031 57010 60002 8652/ 333 20029
 42045 55053 555 53013 7000/=
 28313 11596 81903 10035 20023 39822 40010 57004 60012 76362 8802/ 333
 20035 43016 555 53010 7001/=
 28319 11496 82601 10035 20029 39862 40022 57009 60022 76162 8802/ 333
 20035 43031=
 28321 11597 82102 10027 20019 39813 40013 57006 69962 76162 8802/ 333
 20026 44022=
 28324 11597 82003 10039 20019 39902 40020 56010 69982 76172 8652/ 333
 20035 43018 555 53010 7998/=
 28326 12598 72104 10039 20011 39846 40029 57010 60002 87500 333 20035
 43015 55051 555 53012 7000/=
 28413 11498 81904 10051 20028 39901 40020 57008 69972 78082 8632/ 333
 20049 42004 555 53012 7997/=
 28428 12599 81804 10032 21000 39861 40043 57016 60002 889// 333 20015
 44028 555 53009 7000/=
 28429 12898 52104 10034 20005 39649 40054 57011 60002 84031 333 20023
 43039 555 53009 7000/=
 22983 12576 80000 11019 21021 39894 49999 52003 60002 85535 333 21025
 43033 55002 91001 91101 555 53003 7990/=
 27083 11/10 02101 10010 20008 39786 40005 52014 60002 74542 333 20010
 43030 91002 91104 555 53004 7005/=
 27097 12498 82402 10021 20021 39754 40012 52013 60042 889// 333 20021
 43041 91004 91104 555 53004 7011/=
 27185 12598 81901 10025 20024 39842 40023 52017 60082 885// 333 20025
 43037 91001 91104 555 53004 7015/=
 27199 11494 82802 10028 20027 39826 40020 52020 60062 71022 8872/ 333
 20025 44039 55000 91003 91104 555 53006 7014/=
 27281 11242 82302 10030 20028 39823 40026 52014 60052 71022 886// 333
 20027 43010 91003 91105 555 53005 7015/=
 27283 11458 82702 10027 20025 39873 40028 52021 60052 71022 885// 333
 20027 43023 91003 91105 555 53005 7012/=
 27295 11557 82302 10033 20023 39779 40025 52019 60042 71022 886// 333
 20032 43051 91004 91105 555 53007 7007/=
 27296 12597 82702 10031 20019 39805 40019 52020 60042 886// 333 20029
 43042 55000 91004 91106 555 53008 7005/=
 27385 114// 82501 10032 20029 39910 40037 52020 60022 74642 886// 333
 20031 43041 91002 91104 555 53007 7003/=
 27393 11496 82504 10032 20027 39862 40030 52019 60062 71062 8665/ 333
 20027 47065 55000 91005 91106 555 53009 7008/=
 27480 11350 82301 10037 20037 39918 40044 52016 69982 71042 886// 333
 20032 43030 91002 91103 555 53007 7001/=
 28007 11/05 92901 10022 20015 39750 40008 52018 60092 74554 333 20019
 43049 55000 91002 91103 555 53005 7015/=
 28009 11/06 92901 10023 20011 39800 40006 52014 60072 74782 333 20017
 44043 91002 91102 555 53006 7014/=
 28105 11412 82702 10027 20022 39815 40011 52019 60082 71062 886// 333
 20027 43048 91003 91104 555 53006 7013/=
 28202 11533 83004 10028 20018 39790 40007 53016 60052 71062 886// 333
 20028 43055 91005 91107 555 53009 7007/=
 28302 11598 82703 10033 20026 39790 40015 53014 60052 70262 885// 333
 20033 43057 91005 91105 555 53008 7005/=
 28307 11294 82602 10032 20023 39890 40032 53021 60032 71062 886// 333
 20032 3/000 43037 91005 91105 555 53007 7004/=
 28402 11421 82603 10038 20036 39850 40025 52014 60052 75165 886// 333
 20038 42026 91006 91106 555 53013 7005/=
 28502 11598 82902 10035 20022 39935 40037 53017 60022 70282 889// 333
 20035 42005 55037 91003 91108 555 53009 7002/=
 22550 11456 81403 11046 21055 39897 49907 57029 69982 77172 8872/ 333
 21111 47052 55083 88710 555 53009 7998/=
 22778 12998 61202 11043 21058 39905 49974 57014 60002 86070 333 21082 43043 55022 555 53008 7993/=
 22889 12997 30401 11047 21047 39912 49999 52002 60002 83040 333 21054
 43018 555 53003 7000/=
 22762 11996 81302 11027 21034 39909 49948 57026 69942 77172 
 8007/ 333 21038 47043 555 53006 7994/ 91210=
 22638 46/// /1802 10008 20005 39666 49886 57022=
 22671 12998 61603 11061 21063 39870 49950 58025 60002 81030 333 21168
 3/122 47078 55000 555 53006 7001/=
 22456 11496 81302 11070 21079 39828 49917 58026 60012 77172 8872/ 333
 21146 47060 555 53005 7001/=
 22583 12598 71301 11176 21196 39898 49984 58008 60002 83570 
 333 21210 48079 55002 555 53004 7002/=
 22749 NIL=
 22951 12498 82204 10014 20008 39679 49956 57016 60002 886// 333 21035
 43053 555 53007 7000/=
 22887 12999 20000 11049 21052 39923 49994 51001 60002 82031 
 333 21049 42015 55024 555 53005 7000/=
 22876 12997 20000 11049 21050 39912 49985 57009 60002 82080 333 21055
 46001 555 50017 53004 7000/ 91210=
 22481 12998 71302 11141 21159 39909 49964 57015 60002 87070 333 21251
 48052 555 53004 7000/=
 22854 12298 81803 10007 21003 39658 49942 57020 60002 886// 333 21029
 44056 55072 88704 555 53006 7993/=
 22781 NIL=
 22676 11896 81303 11049 21062 39890 49968 57015 69922 77172 8802/ 333
 21058 47029 555 53006 7001/=
 22648 NIL=
 22559 11496 81502 11042 21052 39906 49922 56033 69932 77172 8872/ 333
 21097 48054 55064 88710 555 53006 7998/=
 22869 12997 20701 11020 21027 39828 49976 58013 60002 80030 333 21023
 43034 555 53005 7000/ 91211=
 22768 12897 81803 11014 21030 39903 49953 57022 60002 8807/ 333 21041
 43021 55037 555 53006 7994/=
 22798 12598 80000 11029 21053 39883 49996 50001 69912 8655/ 333 21031 43030 555 53003 7995/=
 22375 NIL=
 23207 11499 71001 11221 21244 39954 49979 57004 60002 70241 82630 333
 21248 47031 55097 555 53002 7000/=
 23215 NIL=
 23219 NIL=
 27095 76/// /2501 10020 20020 39791 40017 52014 333 20015 60002 555 53003 7000/=
 22408 21584 80103 11064 21076 39734 49884 57003 70272 889// 333  
 21065 55012 60032 88929 555   7005/=
 22511 21328 83602 11054 21065 39751 49872 57003 77172 8772/ 333  
 21054 60032 93401 555   7004/=
 22529 22599 82002 10001 21008 39866 49873 57018 885// 333   21047
 60012 88624 555   7001/=
 22602 21358 81001 10002 20007 39630 49850 57018 71022 885// 333  
 21025 55000 69942 88606 555   7997/=
 22621 73145 /1703 10004 20001 39732 49869 57021 333   21049 55000
 60012 555   7001/=
 22619 21296 81401 10008 20002 39702 49857 57028 71022 886// 333  
 21018 55000 69942 88705 555   7994/=
 22721 21295 81201 10002 21002 39774 49870 57033 75152 886// 333  
 21022 69902 88705 555   7990/=
 22727 76366 /1303 10027 20021 39822 49869 57040 333   21006 69992
 555   7999/=
 22717 73/59 /1502 10018 20016 39665 49853 57038 333   20009 60032
 555   7003/=
 22802 21496 81104 10019 20013 39814 49837 57043 78082 889// 333  
 20008 55002 60052 88913 555   7005/=
 22820 21797 81704 10030 20018 39736 49868 57042 76162 8652/ 333  
 21004 55013 69962 86655 555   7996/=
 22831 21596 80901 10016 20004 39841 49895 57035 78082 889// 333  
 20001 55021 69942 88926 555   7994/=
 22805 214// 81206 10015 20015 39820 49840 57044 75165 886// 333  
 20010 55002 60082 91110 555   7008/=
 22912 21550 81403 10029 20022 39839 49854 57052 76162 8802/ 333  
 20018 60062 88521 555   7007/=
 
