09:31:00 MSK 04.12.2023
020 123456/=о000=0631
 унту01 бтул 040600
 22686 41397 80000 11149 21167 30035 40141 57013 77172 886// 333 85609=
 22695 41997 61001 11176 21205 39969 40133 57012 77172 86020 333 21176=
 22996 41997 60402 11106 21109 39900 40094 57027 77172 86070 333 93601=
 23220 42999 11204 11235 21275 30067 40224 53004 81030=
 23226 42960 00402 11285 21310 39992 40235 52001=
 23305 41445 81103 11124 21135 30142 40171 53004 78587 883//=
 23320 66/// /0202 11246 21268 30128 40209 57008 60002 333 21248=
 23324 42982 10302 11310 21340 30129 40218 57007 81070 333 21316=
 23405 41960 81103 11135 21155 30054 40161 57001
 77172 8802/ 333 21137=
 23410 66/// /0602 11161 21183 30090 40194 55003 60002 333 21161=
 23411 41599 80601 11152 21164 30089 40185 54000 70272 885// 333
 21152=
 23412 41699 40802 11157 21174 30090 40194 57001 70271 82530 333 21158=
 23416 NIL=
 23418 41465 51101 11150 21163 30110 40189 57005 70272
 85600 333 21151 85713=
 23501 NIL=
 23503 41998 81102 11146 21168 30116 40169 57002 77172 8801/=
 23507 86/// /0000 11159 21170 39821 40152 57010=
 23509 41997 81101 11129 21156 30076 40160 57009 77172 8802/=
 23514 41997 70901 11167 21179 39964 40174 57004 72272 87070 333 21169=
 23518 41998 81203 11155 21182 30086 40185 57006 70272 8807/ 333
 21169 555 53004=
 23606 41960 80902 11148 21159 39976 40153 57012 77072 8807/=
 23701 42599 70000 11189 21207 30013 40153 57015 83570 333 21193=
 23704 66/// /0801 11160 21166 39109 49223 51032 60002 333 21187=
 23707 81397 80601 11143 21159 39993 40133 57017 77177 8872/ 333 21143
 86708 93607=
 23708 41969 80102 11179 21202 39987 40148 57018 77172 8007/ 333 21190=
 23709 41996 80000 11168 21195 39949 40156 57017 77172 8807/=
 23711 41997 81301 11131 21148 39983 40162 57012 77172 8802/=
 23803 41599 81002 11145 21170 39960 40151 58020 70272 86021 333 21151 86521=
 23804 41396 80701 11141 21156 39974 40128 57022 77172 8672/ 333 85608=
 23807 41496 80502 11117 21118 39951 40120 56022 77072 8802/ 333 88513=
 23808 86/// /0501 11123 21127 39955 40132 57025 333 21127=
 23812 41496 81401 11117 21134 39993 40164 57018 77172 8377/ 333 934//=
 23904 41950 80401 11104 21110 39943 40107 57027 77172 8802/ 333 21109=
 23905 41897 80601 11101 21114 39878 40115 57029 77172 8802/=
 23909 41396 80904 11106 21120 39873 40129 57030 77172 8672/ 333 21107
 93607=
 23912 41596 81502 11109 21129 39957 40159 57022 77172 8802/=
 23913 41596 81306 11138 21164 39942 40185 57018 77172 8872/=
 23914 81597 81202 11120 21134 39884 40154 57025 78587 8692/=
 28013 41896 81003 11100 21119 39890 40130 57029 77072 8802/ 333
 93401=
 28016 41595 81004 11089 21095 39883 40116 58035 77372 8357/=
 28029 41899 81204 11107 21126 39921 40151 57025 70272 8802/=
 28116 41395 81102 11082 21095 39872 40110 57036 77372 8872/=
 28128 41597 80804 11093 21110 39975 40134 57030 77172 8802/ 333
 21093=
 28134 41597 80902 11130 21157 39792 40162 57028 77072 885// 333
 21130=
 28138 42599 80501 11179 21199 39589 40200 57023 885// 333 93646=
 28216 41894 81005 11084 21096 39790 40097 58038 77572 8802/=
 28222 41496 81004 11091 21107 39929 40131 58035 77172 8872/ 333
 21091=
 28224 41528 81104 11083 21099 39900 40120 57038 78682 8692/ 333 21084
 91110=
 28234 41896 81102 11120 21154 39866 40159 56030 77372 8802/ 333
 21120=
 28238 42599 80902 11130 21158 39858 40179 56030 885//=
 28313 41597 81103 11076 21093 39894 40092 58041 77172 885//=
 28319 41598 81103 11070 21090 39922 40091 52040 70272 885//=
 28321 41596 81602 11073 21090 39883 40092 57061 77372 8802/=
 28324 41895 81203 11065 21084 39969 40093 58044 77372 8802/=
 28326 41496 81103 11080 21093 39939 40133 57033 77172 8802/ 333
 21083=
 28413 41599 81303 11070 21096 39945 40070 56044 72272 8557/=
 28428 41595 81305 11065 21083 39907 40097 58046 77372 8802/=
 28429 41595 81204 11082 21097 39695 40120 56044 77372 8802/=
 22983 41550 80000 11120 21133 39995 40105 57020 71022 8653/ 333 91001
 91102=
 27083 41458 80302 11111 21125 39849 40081 57028 77172 8802/ 333 91004
 91105=
 27097 41426 80503 11112 21117 39801 40074 57034 77372 8872/ 333 91005
 91106=
 27185 41996 80302 11107 21124 39865 40056 56029 77172 8802/ 333 91004
 91107=
 27199 41296 80702 11100 21112 39852 40056 57035 77172 8672/ 333 91006
 91106=
 27281 41439 80503 11111 21125 39828 40043 57022 77372 8872/ 333 91006
 91107=
 27283 41425 80704 11108 21120 39883 40045 57029 77373 8872/ 333 91006
 91107=
 27295 41570 80503 11106 21123 39779 40040 57030 77172 8802/ 333 91005
 91108=
 27296 41440 80803 11099 21116 39820 40045 57036 77172 8872/ 333 91005
 91106=
 27385 414// 80502 11094 21111 39888 40021 57024 77173 8677/ 333 91003
 91106=
 27393 41496 80702 11095 21106 39864 40040 57035 77172 8672/ 333 91004
 91109=
 27480 41456 80402 11088 21110 39883 40015 57013 77173 8802/ 333 91003
 91107=
 28007 41456 80601 11100 21115 39811 40083 57033 77172 8872/ 333 88710
 91004 91105=
 28009 41940 80401 11091 21111 39874 40092 57037 77172 8802/ 333 91002
 91105=
 28105 41459 80602 11097 21113 39867 40067 57038 77172 8872/ 333 91004
 91105=
 28202 41920 81303 11095 21112 39833 40063 57040 77372 8807/ 333 91006
 91108=
 28302 41597 81103 11090 21113 39816 40051 57036 76673 8802/ 333 91008
 91109 93400=
 28307 41496 80801 11092 21108 39880 40029 57036 77175 8802/ 333 91004
 91106 93400=
 28402 41456 80804 11090 21103 39852 40036 57033 75673 886// 333 91006
 91110 93400=
 28502 41598 80903 11067 21089 39922 40028 57031 72272 8802/ 333 91005
 91108=
 22550 81967 60000 11171 21189 30119 40130 57007 70282 86030 333 21171
 93528=
 22778 41598 80000 11145 21163 30054 40128 57010 70282 8657/ 333 21156
 86622=
 22889 41496 80602 11128 21136 30025 40116 57019 77172 8752/ 333
 87615=
 22762 42497 80000 11140 21152 30091 40133 56008 8557/ 333 21145=
 22638 46/// /1300 11147 21164 39894 40134 57001=
 22671 41998 70000 11146 21162 30045 40129 57010 72272 87030 333
 21146=
 22456 41596 80000 11179 21210 30033 40128 57006 78582 85941 333
 21179=
 22583 41998 80000 11171 21191 30057 40144 57006 70288 86071
 333 21171=
 22749 41496 80000 11113 21120 39992 40123 57003 78582 889// 333
 88917=
 22951 41897 80701 11116 21127 39821 40116 57003 77172 8802/ 333
 21116=
 22887 41597 80301 11128 21141 30041 40116 57025 78582 8593/ 
 333 85929=
 22876 41996 80000 11125 21132 30045 40121 57013 77177 8802/=
 22481 41597 71101 11164 21179 30080 40137 57003 78582 84931 333
 21177=
 22854 41498 80601 11123 21135 39823 40127 57003 70282 889// 333
 85711=
 22781 NIL=
 22676 41896 70000 11151 21171 30048 40131 57011 77172 87030=
 22648 41497 80000 11116 21116 30089 40136 57006 77172 8872/=
 22559 41998 80000 11159 21177 30118 40136 57006 70272 80009 333
 93544=
 22869 42997 50602 11125 21139 39961 40117 57010 80005 333 21125=
 22768 41497 80601 11126 21143 30071 40124 57009 70272 8657/ 333 21127
 86616=
 22798 41597 80000 11141 21151 30013 40133 57017 77872 8655/=
 22375 46/// /1602 11133 21149 30113 40129 52001=
 23207 41499 60603 11164 21184 30147 40171 52005 70272 82631=
 23215 42998 10802 11256 21278 30124 40224 57003 80001=
 23219 NIL=
 27095 66/// /0502 11109 21109 39856 40095 57034 60002 333 21115=
 22408 11430 80000 11066 21073 39965 40119 57004 69992 77172 8872/
 333   21069 47033 88512=
 22511 11357 80000 11100 21112 39992 40118 57002 69982 77172 8771/
 333   21109 87707 93501=
 22529 12598 20000 11240 21265 30122 40130 57003 60002 82500 333  
 21242 47031=
 22602 11459 82401 11125 21141 39885 40123 57005 69992 77172 885//
 333   21125 47029 88614=
 22621 11496 70000 11155 21171 39983 40132 57002 69942 773// 86710
 333   21159 47029 86711=
 22619 11499 72701 11170 21188 39958 40129 57001 69962 78581 87900
 333   21214 48034=
 22721 11396 80000 11127 21140 30025 40129 57001 69902 78587 889//
 333   21138 47038 85707=
 22727 11956 83401 11105 21117 30076 40126 52001 60002 77100 8807/
 333   21115 48027=
 22717 12998 80000 11125 21141 39922 40131 57001 69902 8805/ 333  
 21131 47012=
 22802 12798 83001 11105 21118 30104 40129 52002 69902 885// 333  
 21106 47012=
 22820 11497 82901 11104 21119 39980 40123 52002 60032 77172 8652/
 333   21118 47032 86612=
 22831 12597 70000 11117 21132 30062 40120 57001 60002 85930 333  
 21119 47015 85923=
 22805 124// 80302 11060 21067 30099 40124 52003 60002 886// 333  
 21064 48027=
 22912 11956 80101 11085 21098 30101 40117 52004 69902 77172 8807/
 333   21109 47014=
 
