00:31:00 MSK 17.04.2023
020 123456/=о000=2131
 уйту01 бтул 162100
 22686 42998 00000 11054 21089 30196 40300 57001=
 22695 42998 02801 11037 21091 30124 40283 58003=
 22996 42998 40000 11005 21103 30099 40293 57001 80001=
 23220 42999 20102 11231 21257 30114 40272 54000 82030=
 23226 42960 20401 11206 21231 30038 40272 57001 82030=
 23305 42/// /2801 11056 21091 30243 40272 57004=
 23320 86/// /2501 11029 21039 30174 40249 57003=
 23324 42478 80701 11062 21083 30174 40254 53001 886// 333 88718=
 23405 42997 83102 11008 21094 30174 40276 57003 80005=
 23410 86/// /2602 11022 21029 30156 40255 57005=
 23411 41499 82901 11020 21020 30172 40263 57006 70272 8772/=
 23412 41296 83101 11018 21022 30158 40257 57006 77172 8572/ 333 85706=
 23416 NIL=
 23418 41448 82602 11018 21029 30186 40261 57004 77172
 8672/ 333 86712=
 23503 42/// /0000 11028 21056 30216 40268 55005=
 23507 86/// /3403 11015 21115 39967 40285 57003=
 23509 42/// /0000 11028 21051 30193 40274 57005=
 23514 41497 82001 11018 21021 30069 40270 57007 77172 885// 333 88618=
 23518 42/// /0000 11027 21032 30170 40264 56004=
 23606 42960 50000 11020 21047 30106 40277 57003 85030=
 23704 86/// /0000 11054 21054 39926 40039 55004=
 23701 NIL=
 23707 NIL=
 23708 42/// /2501 11034 21063 30133 40287 57003=
 23709 42998 62201 11031 21073 30081 40280 57003 84031=
 23711 43598 83401 11008 21037 30096 40269 57005 8657/ 333 86627=
 23803 42999 03601 11029 21073 30101 40286 57003=
 23804 82997 00000 11039 21053 30141 40291 53002=
 23807 42/// /3401 11008 21066 30126 40291 55001=
 23808 86/// /3001 11049 21070 30116 40291 54001=
 23812 41496 80000 11013 21045 30105 40271 57006 78582 889//=
 23904 42978 00000 11052 21057 30129 40292 57001=
 23905 42999 03102 11002 21060 30050 40282 57004=
 23909 42598 10901 11037 21076 30029 40283 57003 81500=
 23912 42898 73501 11014 21065 30077 40274 54001 85031=
 23913 42999 63101 11027 21076 30031 40267 54001 86030=
 23914 82999 00202 11005 21066 30010 40272 57001=
 28013 42598 33301 10002 21087 30041 40276 54000 83500=
 28016 42/// /0000 11017 21063 30050 40280 54001=
 28029 42999 03302 11004 21086 30039 40262 54000=
 28116 42999 00301 11021 21072 30040 40277 54000=
 28128 42599 83302 10009 21070 30110 40265 57002 885//=
 28134 42998 00000 11032 21090 39901 40262 57002=
 28138 43/// /0102 11030 21108 39669 40249 52003=
 28216 42999 03202 10008 21081 39971 40273 54001=
 28222 42/// /0000 11021 21065 30067 40267 55001=
 28224 42970 00000 11029 21083 30047 40266 52002=
 28234 42999 03501 11022 21112 39973 40258 52006=
 28238 42999 00000 11022 21109 39940 40251 52003=
 28313 42/// /0000 11046 21080 30081 40280 52003=
 28319 42998 03501 11006 21083 30109 40276 52004=
 28321 42999 03302 10003 21079 30063 40270 52003=
 28324 42/// /2701 11040 21082 30147 40272 52006=
 28326 42998 20000 11041 21089 30068 40261 52004 80001=
 28413 42999 02401 10001 21082 30154 40279 52005=
 28428 42999 03103 11026 21097 30074 40264 52004=
 28429 42/// /3302 11021 21097 39836 40258 52002=
 22983 42984 42401 11029 21100 30190 40299 57002 80005 333 91002
 91102=
 27083 42984 60000 11029 21068 30068 40297 57001 80001 333 91000
 91101=
 27097 42/// /3301 11014 21067 30030 40299 57002 333 91001 91102=
 27185 42/// /0000 11025 21061 30114 40304 54000 333 91000 91101=
 27199 42998 40000 11007 21067 30096 40298 57001 80001 333 91000
 91101=
 27281 42984 63401 11002 21074 30092 40304 52001 80005 333 91001
 91102=
 27283 42997 03501 11021 21054 30141 40302 52001 333 91002 91102=
 27295 42/// /0000 11013 21064 30044 40303 54000 333 91000 91101=
 27296 42997 00000 11020 21063 30072 40296 54000 333 91000 91101=
 27385 429// 00000 11024 21049 30168 40301 52002 333 91000 91101=
 27393 42998 10000 11008 21059 30127 40302 54000 80001 333 91001
 91102=
 27480 42998 00000 11003 21063 30172 40303 52003 333 91000 91100=
 28007 42999 03102 10021 21080 30025 40290 57004 333 91003 91103=
 28009 42998 00000 11032 21067 30075 40291 57002 333 91000 91101=
 28105 42998 01901 11022 21063 30089 40295 58001 333 91001 91102=
 28202 42997 03202 10019 21074 30061 40286 58002 333 91002 91103=
 28302 42997 03001 11029 21074 30058 40294 57001 333 91001 91101=
 28307 42998 01501 11020 21064 30150 40298 52001 333 91001 91102=
 28402 42984 12501 10017 21069 30111 40293 52001 80001 333 91001
 91103=
 28502 42997 02301 11026 21087 30187 40294 52003 333 91002 91104=
 22550 82973 41401 11038 21076 30285 40295 57005 80002=
 22778 42998 60301 11029 21076 30231 40302 57003 80001=
 22889 42/// /2802 11031 21048 30208 40298 57002=
 22762 42998 00000 11032 21082 30261 40301 57003=
 22638 46/// /0700 11029 21078 30061 40294 57006=
 22671 42/// /0000 11044 21084 30216 40298 57004=
 22456 NIL=
 22583 42998 00000 11051 21083 30212 40296 54000=
 22749 NIL=
 22951 42/// /0000 10001 21078 30014 40302 57005=
 22887 42997 61201 11020 21038 30229 40301 53001 80001=
 22876 42997 02501 11008 21085 30225 40300 57003=
 22481 42/// /2101 11090 21123 30240 40296 57005=
 22854 42/// /0000 10009 21099 30004 40298 57006=
 22781 NIL=
 22676 42998 20000 11044 21075 30220 40301 57002 80001=
 22648 NIL=
 22559 42/// /0000 11021 21076 30283 40300 57004=
 22869 42998 40601 10006 21092 30155 40307 57003 80005=
 22768 42897 50000 11015 21090 30248 40299 57005 82038=
 22798 42998 00000 11051 21084 30178 40295 54000=
 22375 46/// /2203 11084 30275 40291 57005=
 23207 NIL=
 23215 NIL=
 23219 NIL=
 27095 86/// /0000 11032 21056 30072 40309 54001=
 22408 82984 03403 11065 21112 30139 40296 52001=
 22511 42984 00000 11060 21094 30165 40292 54000=
 22529 42998 30000 11064 21080 30279 40286 57005 80002=
 22602 42978 02601 11053 21086 30054 40289 52001=
 22621 83/70 /0000 11032 21077 30144 40289 57003=
 22619 42998 00000 11018 21090 30118 40282 57002=
 22721 42997 03001 11032 21068 30184 40286 57004=
 22727 86/70 /0000 11011 21066 30231 40280 57006=
 22717 83/70 /0000 11022 21104 30084 40284 57002=
 22802 42998 00000 11033 21067 30252 40276 57003=
 22820 42998 70000 11005 21058 30140 40280 57005 87030 555   50013=
 22831 42997 60000 11018 21052 30227 40284 57005 83031=
 22805 429// 00000 10042 21115 30257 40277 57002=
 22912 42984 30000 10001 21031 30256 40272 57004 83030=
 
