21:31:00 MSK 03.03.2023
020 123456/=о000=1831
 унту01 бтул 031800
 22686 42998 00000 11259 21286 39876 49985 52005=
 22695 42998 00701 11196 21226 39808 49972 52004=
 22996 41596 71502 11067 21074 39763 49951 57006 78582 83970=
 23220 41496 50902 11267 21296 39807 49962 52013 78582 85900=
 23226 41960 81702 11253 21278 39725 49960 52010 70371 8805/=
 23305 41450 80000 11221 21245 39943 49973 52013 71011 886// 333 88710=
 23320 66/// /2403 11180 21208 39890 49967 52014 60002 333 11166=
 23324 42981 62002 11212 21236 39882 49965 52013 80008=
 23405 41997 00000 11168 21181 39866 49970 52006
 72681=
 23410 66/// /1501 11268 21300 39865 49971 52012 60002 333 11170=
 23411 42999 02901 11199 21218 39884 49969 52011=
 23412 41998 71301 11222 21247 39865 49969 52012 77172 87010=
 23416 NIL=
 23418 41965 01301 11237 21263 39891 49971 52011 70271=
 23501 NIL=
 23503 41998 81901 11266 21299 39916 49971 52010 77172 8801/=
 23507 NIL=
 23509 41997 60000 11154 21169 39888 49970 52012 77172 86070=
 23514 41997 63201 11213 21234 39756 49967 52013 77172 85025=
 23518 41996 80000 11238 21261 39869 49968 52005 77172 8807/ 555
 53005=
 23606 41658 82402 11143 21163 39790 49970 52007 
 77172 8352/=
 23612 NIL=
 23701 41980 23601 11268 21294 39853 49995 52006 70271 82040=
 23704 66/// /0000 11191 21201 39926 40039 55004 60002 333 11092=
 23707 81998 80502 11128 21152 39834 49972 54000 77177 8807/=
 23708 42984 20201 11223 21250 39832 49993 52005 80001=
 23709 41998 60000 11236 21268 39789 49998 52005 77172 86020=
 23711 42998 62201 11171 21191 39803 49982 52006 83035=
 23803 42999 70000 11188 21221 39806 49998 53001 87030=
 23804 41596 80000 11094 21113 39819 49967 57002 77172 8457/=
 23807 41596 81401 11085 21100 39799 49964 57003 77172 8557/ 333 85624=
 23808 86/// /1102 11114 21128 39809 49982 54001=
 23812 41996 70000 11227 21252 39828 40004 52009 77172 87070=
 23904 41557 81602 11082 21094 39810 49970 58005 77072 8652/ 333 86624=
 23905 41599 81401 11116 21130 39753 49988 57002 70282 885// 555
 51162=
 23909 41597 81903 11110 21135 39744 49996 57001 77172 8451/=
 23912 41898 81702 11155 21172 39808 40010 52002 77071 8807/ 555
 51209=
 23913 41997 60000 11182 21208 39780 40024 52009 77172 86020 555
 51197=
 23914 81897 81903 11161 21180 39741 40012 52002 77172 85025=
 28013 42898 71702 11117 21150 39765 40004 54000 87070 555 51166=
 28016 42/// /1601 11117 21147 39776 40010 54000 555 51160=
 28029 42999 01702 11153 21173 39792 40023 52003 555 51176=
 28116 42896 82002 11138 21144 39775 40017 54000 77071 8801/=
 28128 41598 80000 11189 21208 39869 40033 52002 72272 84531 555
 51201=
 28134 41897 80000 11164 21182 39668 40039 52004 77072 8802/ 555
 51177=
 28138 43/// /2403 11164 21186 39446 40044 52006=
 28216 41696 81703 11101 21133 39716 40023 54001 77172 885// 555
 51149=
 28222 42/// /1802 11116 21145 39829 40031 54000 555 51161=
 28224 41668 81702 11111 21141 39814 40035 52001 77171 885//=
 28234 41896 61903 11138 21165 39754 40045 52003 77171 86020 555
 51154=
 28238 42999 02201 11201 21227 39734 40060 52006 555 51160=
 28313 42/// /1603 11100 21127 39829 40028 57003 555 51163=
 28319 42898 61901 11096 21118 39867 40036 58004 86050=
 28321 41599 81902 11114 21139 39822 40033 54000 70272 8352/=
 28324 42/// /1502 11104 21136 39912 40037 57002 555 51158=
 28326 42898 72102 11116 21139 39852 40047 52002 87030 555 51148=
 28413 41596 81503 11084 21108 39905 40031 57004 77172 83575 555
 51117=
 28428 41896 81602 11120 21142 39858 40051 57003 77172 8807/ 555
 51144=
 28429 42/// /2202 11111 21126 39631 40059 57002 555 51140=
 22983 41567 80000 11079 21088 39834 49941 57006 77172 8653/ 333 91001
 91102=
 27083 41458 81801 11064 21077 39718 49943 57009 77172 885// 333 91002
 91103=
 27097 41497 81503 11065 21072 39694 49959 57009 78582 889// 333 91005
 91106=
 27185 42/// /1602 11046 21058 39775 49960 57008 333 91003 91104=
 27199 41598 82002 11056 21070 39777 49976 57006 72272 885// 333 91004
 91105=
 27281 41484 81903 11036 21045 39756 49963 57002 70272 8355/ 333 91004
 91106=
 27283 41997 71802 11067 21075 39815 49975 57002 70282 87030 333 91003
 91105=
 27295 41596 81802 11054 21068 39728 49983 57003 77172 8802/ 333 91004
 91104=
 27296 41997 81703 11066 21086 39762 49983 57004 70272 8802/ 333 91005
 91105=
 27385 419// 62002 11033 21058 39854 49983 52001 70272 86030 333 91004
 91105=
 27393 41597 81905 11058 21071 39824 49997 58003 73673 8352/ 333 91006
 91107=
 27480 41497 82001 11030 21044 39862 49991 52002 78582 889// 333 91003
 91103=
 28007 41497 81602 11080 21097 39712 49979 57005 78582 883// 333 88914
 91003 91104=
 28009 41496 81602 11085 21117 39779 49994 57005 77172 8671/ 333 91004
 91105=
 28105 41997 81802 11069 21092 39780 49983 57005 77172 8802/ 333 91004
 91105=
 28202 41996 81903 11072 21092 39767 49993 57004 77172 8807/ 333 91005
 91105=
 28302 41597 81702 11067 21086 39768 40001 57003 78582 889// 333 91004
 91105=
 28307 41498 81602 11053 21071 39854 40000 54000 70272 8357/ 333 91003
 91104=
 28402 41560 82005 11055 21068 39825 40006 54000 77173 8662/ 333 91006
 91107=
 28502 41996 81905 11043 21062 39911 40016 52003 72272 8807/ 333 91005
 91106=
 22550 82571 81301 11132 21149 39951 49962 52001 8653/ 333 86633=
 22778 41998 80302 11086 21106 39883 49954 52002 70282 8805/=
 22889 41496 80702 11078 21086 39859 49947 57004 77171 8702/ 333 87513=
 22762 41997 80000 11104 21106 39922 49962 52003 70272 8007/=
 22638 46/// /1501 11063 21074 39714 49942 57002=
 22671 42998 10000 11212 21226 39885 49970 54001 81000=
 22456 41596 80000 11105 21115 39874 49964 52002 78582 889//=
 22583 42998 00000 11246 21271 39894 49982 52005=
 22749 42598 80000 11076 21089 39828 49955 54000 889// 333 88924=
 22951 41598 40000 11119 21128 39675 49966 52002 70181 84400=
 22887 41596 80401 11072 21077 39870 49940 58001 78582 889// 
 333 88924=
 22876 41496 70601 11078 21082 39870 49944 54000 78582 84930=
 22481 42998 20000 11171 21178 39914 49970 52002 80009=
 22854 42598 70202 11086 21096 39665 49960 51001 87500 333 87625=
 22781 NIL=
 22676 42898 70000 11216 21240 39891 49975 52005 87030=
 22648 42/// /1201 11078 21089 39910 49957 54000=
 22559 42597 70000 11121 21134 39948 49965 54001 86530 333 86628=
 22869 41397 83102 11070 21079 39799 49949 52005 77177 83720 333 86708=
 22768 42597 80301 11088 21103 39906 49957 52004 8657/ 333 86626=
 22798 41497 80502 11107 21128 39849 49965 54001 77872 885//=
 22375 46/// /2303 11089 39943 49958 52002=
 23207 NIL=
 23215 42998 22401 11295 21327 39871 49970 52014 80001=
 23219 NIL=
 27095 66/// /1503 11067 21071 39739 49971 57007 60002 333 11053=
 22408 12882 80801 11047 21057 39780 49930 57001 60002 8007/ 333  
 11011=
 22511 11448 80000 11031 21045 39807 49928 57001 69922 77172 8771/
 333   11002=
 22529 11598 81501 11050 21063 39931 49938 57001 69902 70282 889//
 333   11040 88925=
 22602 11474 72501 11029 21049 39704 49929 57004 69902 70282 87500
 333   10001 87614=
 22621 12598 80000 11043 21056 39794 49934 57004 69902 889// 333  
 11024 88927=
 22619 11598 81402 11048 21059 39769 49929 57006 69962 72682 889//
 333   11019 86632=
 22721 11395 80000 11037 21047 39837 49935 57003 69932 78582 889//
 333   11009 85709=
 22727 11965 80000 11021 21031 39890 49938 57005 69932 77100 8807/
 333   10010=
 22717 12998 30000 11036 21059 39745 49939 57007 60002 83030 333  
 10016=
 22802 12998 80000 11032 21053 39915 49938 57014 60002 8807/ 333  
 10028=
 22820 12698 72503 11011 21044 39801 49937 57009 60002 83530 333  
 11005=
 22831 12597 70000 11035 21049 39886 49941 57002 69922 87900 333  
 11018 87923=
 22805 125// 82402 10000 21016 39930 49950 57012 60002 8453/ 333  
 10027=
 22912 12984 82001 11016 21032 39934 49949 57012 60002 8807/ 333  
 10003=
 
