21:31:00 MSK 19.05.2023
020 123456/=о000=1831
 унту01 бтул 191800
 22686 82598 60102 10120 20039 30157 40254 52023 81270=
 22695 42/// /3504 10119 20022 30087 40235 52021=
 22996 82598 60102 10142 20095 30035 40214 53018 85930=
 23220 41496 82504 10035 20025 30083 40224 52013 71022 886//=
 23226 41/02 92906 10024 20024 30011 40225 52019 74786=
 23305 42599 83604 10033 20009 30257 40285 51020 885//=
 23320 66/// /3202 10072 20057 30170 40242 52014 60002 333 10198=
 23324 41478 83404 10050 20035 30171 40248 52022 70281 87600 333 87711=
 23405 42574 73505 10043 20001 30174 40274 52012
 87500 333 87623=
 23410 66/// /3404 10062 20032 30154 40250 53026 60002 333 10146=
 23411 42599 63603 10064 20023 30171 40260 51031 86901 333 91111=
 23412 41599 70204 10065 20030 30157 40253 52028 70282 87500 333 87631=
 23416 NIL=
 23418 42965 51102 10095 20070 30164 40236 52007 85030=
 23501 NIL=
 23503 42998 63504 10095 20019 30206 40255 52028 82034=
 23507 86/// /0104 10083 20022 39950 40256 53024 333 91111=
 23509 42498 73502 10128 20054 30165 40241 53016 85931 333 84919=
 23514 42697 71901 10102 20078 30045 40237 52009 87400 333 87648=
 23518 41597 81601 10075 20073 30146 40236 53004 78082 8497/ 555
 53014=
 23606 41660 80000 10104 20104 30077 40239 52010 76186 8252/=
 23612 NIL=
 23701 81997 70000 10103 20097 30114 40240 52007 71282 87060=
 23704 66/// /0702 10103 20103 39926 40039 55004 60002 333 10181=
 23707 81497 80402 10111 20106 30101 40229 52006 78082 8695/ 333 86913=
 23708 42984 83402 10129 20095 30087 40231 52015 80005=
 23709 42998 83503 10143 20073 30037 40222 52015 8805/=
 23711 42998 53602 10134 20083 30058 40221 52016 82031=
 23803 42999 33602 10153 20063 30047 40219 52011 83060=
 23804 81596 80201 10120 20117 30084 40225 52005 78082 8695/ 333 86931=
 23807 41497 80402 10125 20113 30066 40222 50007 70282 8395/ 333 91112=
 23808 86/// /3304 10162 20085 30056 40216 53019=
 23812 42997 20000 10118 20015 30059 40216 52008 80002=
 23904 42981 73302 10153 20096 30061 40211 52024 84031=
 23905 42899 31601 10167 21008 39985 40201 52007 82031 555 50183=
 23909 42998 11703 10168 21021 39981 40215 52006 80001=
 23912 42998 11202 10121 21004 30040 40226 52003 80001 555 50172=
 23913 42999 00000 10067 20009 30014 40241 52013 555 50129=
 23914 82998 12203 10159 21028 39979 40225 52002 80001=
 28013 42998 21602 10149 21039 30001 40223 52006 80001 555 50167=
 28016 42/// /1603 10159 21013 30009 40224 52008 555 50153=
 28029 42999 01701 10128 20008 30022 40235 52009 555 50163=
 28116 42998 31601 10116 21011 30008 40233 52010 80005=
 28128 42999 20601 10071 20054 30089 40241 52007 80001 555 50130=
 28134 42998 61301 10148 21047 39906 40243 52010 80005 555 50146=
 28138 43/// /0902 10097 21060 39703 40259 52005=
 28216 42999 62001 10156 21045 39945 40231 52003 80005 555 50150=
 28222 42/// /0301 10083 20015 30051 40242 52008 555 50150=
 28224 42970 31502 10116 21011 30030 40238 52007 80001=
 28234 42998 21501 10118 21056 39977 40248 52010 80001 555 50157=
 28238 42999 22401 10099 21036 39958 40256 52012 80001 555 50123=
 28313 NIL=
 28319 42598 31501 10094 20039 30080 40241 53013 82530=
 28321 42999 32102 10112 20031 30039 40237 53009 80001=
 28324 42/// /0000 10110 20023 30119 40237 51013 555 50141=
 28326 42598 21801 10099 20024 50061 40244 52016 81405 555 50141=
 28413 42999 21602 10134 20035 30115 40233 51010 80001 555 50149=
 28428 42999 10901 10107 20034 30057 40238 52005 80001 555 50140=
 28429 42/// /0401 10102 20019 39840 40243 50003 555 50133=
 22983 41465 80000 10117 20111 30125 40227 52009 78082 889// 333 91001
 91103=
 27083 42599 73502 10143 20112 39998 40212 52010 87500 333 91003
 91108=
 27097 42998 23602 10153 20113 39958 40208 52016 82060 333 91004
 91108=
 27185 42/// /3401 10158 20097 30032 40208 51013 333 91002 91106=
 27199 42998 32001 10158 20022 30016 40205 52007 80001 333 91002
 91106=
 27281 42584 83301 10147 20113 30012 40210 52012 8655/ 333 91003
 91106=
 27283 42598 53603 10154 20089 30055 40204 52014 82530 333 91004
 91107=
 27295 42997 20602 10142 20021 39966 40207 52008 80005 333 91002
 91104=
 27296 42998 01401 10145 20021 39997 40206 52007 333 91001 91106=
 27385 429// 63001 10141 20041 30079 40203 52012 82031 333 91001
 91103=
 27393 42998 21704 10132 20041 30052 40217 52010 81031 333 91005
 91105=
 27480 42598 60501 10155 20103 30080 40203 52013 85530 333 91002
 91105=
 28007 42999 21802 10177 21012 39955 40204 52007 80009 333 91005
 91105=
 28009 42998 01502 10160 21006 30014 40215 52010 333 91002 91103=
 28105 42998 21502 10167 21025 30018 40209 52008 82040 333 91003
 91104=
 28202 42997 11802 10140 21016 30002 40216 52006 80001 333 91002
 91104=
 28302 42998 21403 10148 21022 30001 40221 52011 80001 333 91005
 91105=
 28307 42998 10000 10115 20012 30075 40215 52009 80001 333 91000
 91104=
 28402 42998 81403 10147 20024 30049 40222 52012 82015 333 91005
 91106=
 28502 42997 81601 10139 20028 30122 40223 51015 80005 333 91001
 91106=
 22550 82697 73302 10074 20030 30288 40298 52012 87500 333 87637=
 22778 42998 63603 10132 20041 30179 40246 52017 86030=
 22889 41496 80000 10117 20115 30146 40230 52010 76186 8702/ 333
 87514=
 22762 82598 72801 10115 20059 30232 40270 52015 83930=
 22638 NIL=
 22671 42699 50403 10077 20032 30199 40277 51015 85500=
 22456 42597 80000 10049 20001 30210 40298 52010 885//=
 22583 42598 60401 10064 20019 30199 40279 52016 86500=
 22749 41598 73602 10089 20043 30164 40288 52015 70282 82570=
 22951 42598 83301 10094 20032 30001 40278 52013 884//=
 22887 41699 83102 10104 20085 30165 40234 52007 70282 8395/=
 22876 42997 70000 10083 20082 30169 40241 52011 87030=
 22481 41598 80101 10048 20013 30241 40294 52014 70282 885//=
 22854 42699 73302 10095 20045 39995 40279 52011 87500 333 87640=
 22781 NIL=
 22676 42598 60103 10104 20037 30189 40265 52020 82530=
 22648 42698 73502 10086 20044 30254 40300 52015 86831 333 86636=
 22559 42798 80402 10079 20025 30280 40296 52015 889// 333 88655=
 22869 42997 73203 10122 20046 30111 40256 52014 80050=
 22768 42897 33401 10111 20059 30213 40262 52013 83030=
 22798 41497 70000 10106 20103 30126 40236 51009 78082 86971=
 22375 NIL=
 23207 NIL=
 23215 42398 83103 10012 20003 30174 40265 51031 886// 333 88707=
 23219 NIL=
 27095 66/// /3302 10161 20109 39999 40217 51022 60002 333 10255=
 22408 12899 71201 10108 20034 30128 40275 52004 60002 87070 333  
 10152=
 22511 12698 71801 10133 20026 30158 40276 52002 60002 84530 333  
 10160=
 22529 12999 01602 10066 21007 30295 40302 52004 69902 333   10107=
 22602 12499 60000 10121 20043 30061 40281 52005 60002 83530 333  
 10169=
 22621 12998 01301 10104 20021 30155 40293 52005 60002 333   10129=
 22619 12483 21502 10092 20006 30132 40289 52003 60002 82500 333  
 10110=
 22721 12998 00000 10077 20020 30201 40299 52009 60002 333   10145=
 22727 12970 01302 10088 20021 30255 40303 52012 60002 333   10153=
 22717 12998 02901 10111 20029 30107 40297 52006 60002 333   10154=
 22802 12999 32801 10142 20035 30278 40301 52006 60002 80001 333  
 10168=
 22820 12968 00602 10074 20033 30167 40303 52010 60002 333   10136=
 22831 12698 60201 10093 20040 30245 40300 52011 60002 83530 333  
 10129=
 22805 12998 12701 10086 20011 30284 40304 54000 60002 80001 333  
 10126=
 22912 12999 02101 10093 20031 30284 40299 52004 60002 333   10138=
 
