09:31:00 MSK 12.10.2023
020 123456/=о000=0631
 унту01 бтул 120600
 22686 41397 81405 10003 20000 39774 49872 57044 77172 8672/ 333 86709=
 22695 41996 81405 10003 21012 39727 49877 57045 77172 8802/ 333 91010
 91111=
 22996 41495 81904 10001 20001 39781 49964 57034 78582 889// 333 88910 91110=
 23220 41396 82302 11012 21016 39909 40051 57008 71022 886// 333 88707=
 23226 41158 81702 11008 21015 39840 40054 57007 71072 886// 333
 21018 88702=
 23305 41975 81205 11007 21024 39929 49956 57044 77172 8807/ 333 91110=
 23320 66/// /1802 10018 21002 39972 40044 57013 60002 333 21010=
 23324 42482 71502 10005 21007 39970 40046 58012 81630=
 23405 41342 81206 11008 21012 39843 49941 57047 
 77171 8672/ 333 86708 91011 91111=
 23410 66/// /1204 10004 21031 39927 40023 58022 60002 333 21011=
 23411 41499 71507 11011 21023 39908 49997 58033 70272 82779 333
 91011 91111=
 23412 42699 61605 11002 21024 39923 40019 57024 81531 333 21014=
 23416 NIL=
 23418 41465 71405 11004 21025 39951 40025 57027 72681
 86930 333 21018 84712=
 23501 NIL=
 23503 41498 81405 11000 21026 39921 49971 58039 70272 885// 333 88616 91110=
 23507 86/// /1603 11012 21012 39621 49927 57041 333 91111=
 23509 41997 81802 11010 21022 39894 49972 57042 77172 8802/=
 23514 41497 81505 11011 21021 39798 49993 57036 77171 887// 333 86712
 91110=
 23518 42598 81705 10004 21022 39944 40035 58026 889// 333 86626 555
 53008=
 23606 41350 81506 11004 21016 39806 49976 57042 77187 8872/ 333 86709 91010 91110=
 23701 41356 81602 10002 21001 39806 49934 57042 77187 887// 333
 86708=
 23704 66/// /1504 10003 20003 39475 49587 52005 60002 333 21002=
 23707 81395 81606 10002 21001 39798 49929 57041 77387 8872/ 333 86709 91010 91110  936//-=
 23708 41937 81606 10000 21010 39824 49972 57036 77372 8807/ 333 91010
 91111=
 23709 81495 81603 11006 21017 39810 40001 57039 78582 889// 333 88914
 91110=
 23711 41497 81604 11005 21019 39857 40025 57036 78582 889// 333 87815=
 23803 41496 81903 11003 21021 39826 40005 58043 77272 8802/=
 23804 81395 81703 10001 20000 39804 49947 57039 77372 8872/ 333 86707=
 23807 41496 81806 10001 20001 39796 49955 57037 77172 887// 333 85513 91010 91111=
 23808 86/// /1405 10000 21005 39825 49992 56040 333 91112=
 23812 41497 81903 11001 21025 39893 40055 58032 70282 889//=
 23904 41222 81804 10001 20001 39831 49986 56035 77372 8772/ 333 87706
 91112=
 23905 41597 81604 11004 21010 39786 40011 57046 77372 8802/ 333
 91110=
 23909 41496 81606 11001 21016 39804 40048 57039 77172 8671/ 333 91010
 91111=
 23912 41496 81805 11004 21012 39891 40083 58026 77172 8802/ 333
 91110=
 23913 41597 80901 10002 21030 39878 40108 57015 78582 889//=
 23914 81495 81604 11008 21012 39830 40087 57027 77372 8872/=
 28013 41398 81706 10003 21028 39843 40073 57034 70272 8872/ 333 91010
 91111=
 28016 41599 81705 10003 21009 39850 40073 57034 78582 889// 333 91011
 91111=
 28029 42599 81805 10009 21019 39896 40115 57017 8152/ 333 91110=
 28116 42499 82003 10003 21020 39870 40101 57025 8872/ 333 91110=
 28128 42599 82003 10024 21007 39973 40126 57018 8557/ 333 91111=
 28134 42598 82002 10002 21014 39788 40139 57009 885//=
 28138 41596 82204 11010 21014 39577 40147 57008 71022 885//=
 28216 41599 81807 11002 21023 39827 40126 58026 70272 887// 333 21011
 91012 91112=
 28222 42598 81903 10014 21020 39945 40140 58015 8412/=
 28224 41570 81904 10013 21019 39935 40148 57013 70282 8551/ 333
 20003=
 28234 41499 82204 10010 21027 39878 40158 57005 70282 889//=
 28238 41599 82303 10013 21016 39856 40160 57004 70272 885//=
 28313 42598 81905 10015 21024 39948 40140 58024 885//=
 28319 42598 72104 10022 21020 30000 40163 57015 87500=
 28321 42599 82004 10017 21016 39942 40146 58020 84207 333 21004=
 28324 42599 72104 10027 21031 30040 40161 58015 87900=
 28326 41598 72304 10016 21015 39980 40168 57005 72682 87300 333
 20010=
 28413 42599 81904 10030 21020 30040 40162 58021 82535=
 28428 41599 72304 10021 21025 30002 40187 58004 70282 87900 333
 20013=
 28429 41497 82304 10011 21006 39775 40189 50001 72682 889// 333
 20008=
 22983 41460 81802 10010 20006 39824 49928 57033 78582 889// 333 91004
 91107=
 27083 41450 81906 10007 20001 39743 49962 57030 76176 8872/ 333 91010
 91111=
 27097 41459 81806 10003 20003 39735 49994 57030 76082 8872/ 333 91011
 91112=
 27185 41597 81703 10016 20005 39822 40004 57027 76162 885// 333 91009
 91111=
 27199 41496 82103 10017 21006 39831 40026 57028 76172 8872/ 333 91008
 91110=
 27281 41482 81906 10028 20000 39807 40010 57024 72072 885// 333 91010
 91112=
 27283 41450 82005 10017 20004 39870 40024 57024 78082 889// 333 91011
 91111=
 27295 42598 81705 10013 21019 39791 40040 57030 884// 333 91011
 91114=
 27296 42580 81906 10018 21028 39824 40039 57038 885// 333 91012
 91112=
 27385 414// 81905 10026 20001 39920 40048 57034 76062 8377/ 333 91010
 91111=
 27393 41997 82010 10019 21016 39903 40072 57038 77072 8802/ 333 91016
 91116=
 27480 42598 82004 10035 21007 39931 40058 57033 8451/ 333 91010
 91111=
 28007 41459 81904 11001 21008 39761 40021 56042 77172 8872/ 333 21006
 88713 91007 91110=
 28009 41450 81706 10003 21013 39832 40041 57048 78582 889// 333 91010
 91111=
 28105 41498 82005 10006 21009 39839 40031 57049 72272 885// 333 91010
 91111=
 28202 41580 82008 10008 21024 39840 40060 58048 70282 8597/ 333 91011
 91113=
 28302 42998 81706 10015 21027 39855 40082 57045 8807/ 333 91012
 91112=
 28307 41998 81506 10026 21025 39945 40088 56045 70262 8807/ 333 91012
 91114=
 28402 42998 81809 10031 21016 39925 40103 57044 8807/ 333 91014
 91114=
 28502 42998 81908 10033 21014 30033 40136 58037 86025 333 91012
 91112=
 22550 81496 81403 10041 20038 39730 49740 57026 76165 8872/ 333 88712
 91113=
 22778 41496 81504 10023 20019 39778 49846 57035 78082 889// 333
 91110=
 22889 41496 81704 10012 20008 39838 49923 57035 77172 887// 333
 88512=
 22762 82/// /1702 10051 20050 39768 49805 56023 333 91110=
 22638 46/// /2403 10065 20031 39541 49755 52013=
 22671 41397 81703 10007 20005 39718 49794 57042 78087 889// 333
 86706=
 22456 41496 81302 10006 20006 39661 49746 57041 77187 8872/=
 22583 41596 81303 10005 20000 39774 49852 57046 78588 889//=
 22749 41998 02305 10081 20063 39685 49803 53005 70181 333 91110=
 22951 41498 82303 10079 20070 39580 49840 57008 72162 8872/=
 22887 41396 81706 10022 20019 39829 49897 57034 78088 889//
 333 86707 91010 91111=
 22876 41496 81805 10027 20023 39802 49873 56036 78082 889// 333 88710
 91010 91112=
 22481 41493 81107 10002 21003 39776 49828 57051 78682 889// 333 91011
 91113=
 22854 41299 82205 10072 20072 39553 49827 56003 72162 8672/ 333 86706
 91010 91114=
 22781 NIL=
 22676 41496 81404 10006 20000 39747 49822 57041 76876 8872/=
 22648 41598 72404 10082 20081 39730 49774 57001 72582 87930 333
 87620=
 22559 41497 81703 10043 20039 39738 49754 56036 78082 889// 333
 88617=
 22869 41396 82204 10052 20050 39726 49866 57022 78088 889// 333
 85707=
 22768 41397 82006 10059 20051 39772 49820 57020 76162 8872/ 333 86707
 91113=
 22798 41394 81503 10001 20001 39803 49913 57040 77577 8872/=
 22375 NIL=
 23207 41599 81107 11011 21031 39915 49937 57041 71611 889// 333 91012
 91112=
 23215 42298 81604 11008 21008 39937 40025 57018 886// 333 88703=
 23219 NIL=
 27095 66/// /1905 10002 20002 39776 40002 57031 60002 333 21005 91112=
 22408 11457 82005 10019 20009 39496 49638 57020 60092 78082 8872/
 333   20019 88714 91114=
 22511 11459 82205 10041 20023 39546 49660 57017 60092 76186 8372/
 333   20028 91011 91116=
 22529 11599 62205 10072 20037 39709 49715 52006 60022 70262 86900
 333   20036 86927 91110=
 22602 11476 82308 10066 20018 39469 49681 57013 60042 70262 8872/
 333   20048 88512 91013 91116=
 22621 12598 82106 10069 20032 39590 49721 57001 60052 86501 333  
 20050 86627 91012 91112=
 22619 12482 62004 10068 20031 39578 49728 57003 69982 86500 333  
 20061 91010 91111=
 22721 11498 22701 10069 20039 39666 49759 52004 60022 70181 82500
 333   20059=
 22727 12970 32105 10083 20060 39741 49786 52003 60012 80001 333  
 20076 91112=
 22717 12598 32304 10071 20047 39591 49778 57003 60012 83500 333  
 20059 91111=
 22802 12699 72204 10079 20060 39761 49783 57009 60032 84532 333  
 20076=
 22820 11570 22405 10083 20054 39666 49795 52001 60012 70261 82500
 333   20070 91010 91114=
 22831 11498 52203 10083 20065 39758 49810 52015 60202 70282 84930
 333   20047 84914=
 22805 12598 72308 10095 20070 39775 49798 57011 60002 86530 333  
 20093 91013 91114=
 22912 11499 62206 10096 20073 39811 49825 52001 60092 70262 85530
 333   20078 85617 91010 91111=
 
