12:31:00 MSK 27.11.2023
010 111/=о000=0931
 уйту01 бтул 270900
 22686 42998 80202 11136 21153 30096 40202 58001 8805/=
 22695 42698 80603 11123 21149 30025 40187 54000 8255/=
 22996 41997 80502 11037 21037 39908 40097 54001 71082 8802/ 333 93401=
 23220 42599 21005 11166 21194 30121 40275 52003 82500=
 23226 42960 10000 11219 21238 30050 40288 52005 81030=
 23305 41459 70000 11230 21254 30234 40264 52009 71011 86630=
 23320 86/// /0201 11212 21230 30182 40262 52003=
 23324 42980 20301 11247 21274 30182 40269 51001 82070=
 23405 42968 70000 11180 21186 30144 40253 52006 87030=
 23410 86/// /0000 11175 21200 30152 40256 52006=
 23411 42999 80201 11174 21191 30161 40258 52006 8802/=
 23412 42999 80501 11161 21180 30151 40256 52005 8805/=
 23416 NIL=
 23418 41665 73201 11141 21154 30160 40239 53002 72272
 87500 333 87645=
 23503 41498 80201 11138 21165 30185 40239 52005 70272 885// 333 88612=
 23507 86/// /3401 11157 21168 39898 40231 52006=
 23509 42396 80501 11128 21148 30141 40225 53002 77172 886// 333 88706=
 23514 42497 80302 11124 21138 30019 40227 52002 8567/ 333 85713=
 23518 41596 80102 11123 21140 30129 40226 53005 77172 8657/ 333 86627=
 23606 41462 80101 11124 21130 30031 40207 57002 72272 885// 333 88611=
 23701 41456 80303 11110 21123 30056 40192 50000 77172 8802/ 333
 88512=
 23704 86/// /0302 11102 21105 39254 49368 53062=
 23707 81496 80406 11088 21101 30017 40155 57005 77177 8652/ 333 86618=
 23708 41361 80304 11064 21078 30013 40167 57003 77172 8772/ 333 87708=
 23709 41393 80202 11055 21069 39976 40174 55001 77572 8672/ 333 86707=
 23711 41495 80603 11068 21084 30015 40191 53004 78582 889// 333 86711=
 23803 41496 80502 11046 21064 39978 40163 53001 77372 8802/ 333 88515=
 23804 81496 80602 11060 21071 39991 40141 57005 77171 8551/ 333 85615=
 23807 41497 80605 11057 21055 39959 40124 57012 72272 885// 333 88617=
 23808 86/// /0402 11043 21043 39967 40139 58002=
 23812 41597 80101 11029 21036 30008 40174 53003 72682 889//=
 23904 41267 80902 11017 21017 39955 40113 54000 70262 886// 333 88705
 93403=
 23905 41898 80601 11016 21019 39896 40126 52002 70262 8802/ 333
 93401=
 23909 42297 81102 11003 21005 39888 40135 52002 84602 333 93605=
 23912 42598 81602 10010 21007 39964 40156 52005 82539=
 23913 42599 71405 11027 21056 39955 40188 52005 85530=
 23914 82498 71303 11005 21006 39895 40154 52003 83571 333 93600=
 28013 42598 81202 10006 21005 39907 40139 52006 82535 333 93400=
 28016 42599 71102 10010 20008 39907 40132 52004 86540=
 28029 42999 31404 10029 21006 39934 40153 52005 80001=
 28116 42899 51201 10009 21002 39902 40133 52004 82071 333 93400=
 28128 42999 21202 10031 21004 39997 40150 52005 80001=
 28134 42998 51402 10018 21016 39814 40165 52001 80004=
 28138 42999 80201 11006 21015 39622 40194 52005 80005=
 28216 42699 21104 10017 21006 39831 40128 52003 82501=
 28222 42898 81403 10032 21014 39954 40148 54000 82051=
 28224 42970 31202 10035 21013 39933 40145 57001 80005=
 28234 42998 51403 10056 21057 39888 40163 52003 80001=
 28238 42999 20000 10026 21041 39878 40181 52003 80001=
 28313 42998 21001 10046 21014 39935 40125 52002 80001=
 28319 42999 11002 10024 20011 39960 40122 58007 80001=
 28321 22999 21802 10044 21022 39921 40121 53004 80001=
 28324 42799 20201 10046 21021 30008 40127 58007 80001=
 28326 42998 21302 10037 21027 39961 40146 57005 80001=
 28413 42999 01101 10045 21030 39990 40111 57004=
 28428 42999 00602 10048 21054 39945 40128 52004=
 28429 42998 21104 10031 21076 39731 40140 58013 80001=
 22983 41462 80702 11047 21060 39991 40098 57006 77976 886// 333 91004
 91107 93400=
 27083 41456 80603 11029 21033 39850 40075 57001 71062 885// 333 91005
 91107 93401=
 27097 42498 70902 11000 21000 39815 40076 52003 87900 333 91004 91105
 93403=
 27185 42598 80802 10007 21000 39873 40056 52004 84535 333 91004
 91106=
 27199 42998 61003 10013 21001 39872 40069 54000 80009 333 91005
 91107=
 27281 41458 81104 10007 21003 39829 40035 54000 71022 83605 333 91007
 91108 93400=
 27283 42966 71102 10007 21004 39897 40054 52002 87030 333 91003
 91105=
 27295 42998 71102 10017 21017 39808 40058 52003 82075 333 91005
 91107=
 27296 42998 81204 10016 21022 39850 40066 57001 80005 333 91007
 91108=
 27385 425// 61002 10019 21015 39908 40035 52001 84530 333 91005
 91105=
 27393 42598 30901 10021 21015 39904 40073 54000 81541 333 91002
 91104=
 27480 42598 81104 10019 21013 39896 40023 57001 82501 333 91006
 91107=
 28007 41559 61201 11001 21007 39832 40094 54000 71042 85501 333 91001
 91102 93600=
 28009 42698 80802 10014 21006 39897 40107 52001 84531 333 91004
 91105=
 28105 42998 30902 10017 21008 39892 40084 57002 80001 333 91004
 91104=
 28202 42978 61502 10012 21018 39870 40090 54000 83031 333 91006
 91106=
 28302 42998 61202 10025 21017 39859 40086 58004 86030 333 91005
 91107=
 28307 42998 61203 10020 21023 39925 40068 52002 82031 333 91004
 91107=
 28402 42998 30903 10026 21019 39897 40074 57003 81031 333 91005
 91106=
 28502 42998 20802 10044 21045 39972 40074 53002 81031 333 91004
 91108=
 22550 82997 70301 11197 21219 30211 40222 52007 80004=
 22778 41495 80404 11098 21117 30071 40144 57011 77372 8872/ 333
 86710=
 22889 42/// /0704 11056 21063 30024 40112 58007=
 22762 42497 80201 11116 21132 30127 40168 58007 886//=
 22638 46/// /0401 11161 21179 39947 40189 52003=
 22671 42998 80302 11172 21192 30123 40209 57002 86035=
 22456 42998 60000 11298 21344 30148 40249 52007 82031=
 22583 42998 70201 11193 21215 30147 40235 52007 86071=
 22749 NIL=
 22951 41496 80505 11093 21102 39793 40084 57027 77372 8772/=
 22887 41495 80403 11063 21071 30038 40110 57016 77377 8872/
 333 86710=
 22876 41395 80303 11074 21079 30047 40122 57019 77377 8872/ 333
 88708=
 22481 42/// /0000 11266 21293 30196 40256 52011=
 22854 42898 80404 11112 21124 39821 40123 58018 8802/=
 22781 NIL=
 22676 42898 73201 11162 21183 30114 40198 58002 87070=
 22648 NIL=
 22559 42997 80402 11192 21214 30203 40221 52003 82075=
 22869 41396 80606 11082 21096 39942 40095 58020 77173 8872/ 333 86707
 91012 91112=
 22768 41496 80505 11110 21129 30087 40139 57015 78582 889// 333
 86915=
 22798 41995 80104 11083 21093 30036 40153 57009 77377 8802/=
 22375 46/// /1100 11297 21329 30243 40260 54010=
 23207 42999 10000 11287 21315 30237 40263 52013 81040=
 23215 NIL=
 23219 NIL=
 27095 86/// /1002 11003 21017 39864 40093 52002=
 22408 41675 80101 11133 21147 30075 40235 52014 70272 82535=
 22511 41998 20000 11178 21199 30099 40231 52015 72274 81071 333  
 93502=
 22529 41968 80000 11128 21141 30206 40213 52011 77187 8802/=
 22602 42478 80401 11173 21192 39963 40207 52011 885// 333   88615
 93502=
 22621 83260 /0301 11169 21185 30058 40209 52012=
 22619 41250 80202 11129 21143 30018 40187 52013 77172 8872/ 333  
 87706=
 22721 42998 80801 11135 21155 30070 40175 52007 80008=
 22727 86968 /0102 11099 21121 30101 40151 52004=
 22717 83/65 /0303 11112 21128 39940 40149 52005=
 22802 42999 50304 11086 21104 30104 40128 52002 82031=
 22820 41470 80505 11091 21113 39994 40136 52002 70232 885// 333  
 88611 91110=
 22831 41998 80703 11109 21140 30071 40129 57010 70272 8802/=
 22805 41598 70403 11061 21076 30091 40116 52002 70282 86531 333  
 91111=
 22912 42999 80404 11061 21090 30075 40091 57016 8807/ 333   91110=
 
