15:31:00 MSK 01.09.2023
020 123456/=о000=1231
 унту01 бтул 011200
 22686 82998 61301 10209 20117 30101 40195 57004 84079 555 10024=
 22695 42998 61302 10210 20053 30042 40186 57003 82031 555 10030=
 22996 82998 70203 10215 20108 30003 40176 57002 80009 555 10023=
 23220 42999 50602 10207 20057 30070 40203 57002 80005 555 11017=
 23226 42960 20201 10194 20090 30005 40208 57003 80005 555 10022=
 23305 42999 61802 10199 20073 30181 40207 57005 82035 555 10029=
 23320 86/// /0402 10215 20082 30133 40201 54000=
 23324 42987 20802 10206 20097 30135 40207 54000 80001 555 10022=
 23405 42975 61102 10189 20083 30114 40208 57001 80001 
 555 10025=
 23410 86/// /2901 10212 20097 30111 40201 57003 555 50131 53006=
 23411 42999 33601 10194 20061 30124 40208 57004 80001 555 10026=
 23412 42999 22902 10190 20096 30114 40205 57003 80001 555 10026=
 23416 NIL=
 23418 42965 13403 10213 20103 30130 40198 54000 80001
 555 10028=
 23501 NIL=
 23503 42998 73101 10218 20055 30157 40204 57003 80009 555 11029=
 23507 86/// /1501 10196 20080 39907 40199 54001=
 23509 42698 53601 10223 20105 30125 40197 57003 81104 555 10026=
 23514 42697 20502 10212 20104 30012 40196 57001 81101 555 10027=
 23518 42/// /0103 10222 20095 30102 40187 54000 555 1/030=
 23606 42662 33502 10212 20109 30035 40191 57001 81101 555 10031=
 23612 NIL=
 23701 82699 30501 10220 20107 30078 40199 57005 82201 555 10030=
 23704 86/// /0401 10225 20117 30245 40356 51213 555 53006=
 23707 82999 50202 10221 20116 30064 40187 57001 82084 555 10028=
 23708 42598 20203 10220 20089 30046 40186 52002 81204 555 11028=
 23709 82798 20203 10219 20074 39999 40179 52002 81101 555 10026=
 23711 42598 30202 10214 20111 30018 40176 53003 82201 555 10024=
 23803 42699 20202 10214 20111 30006 40174 53008 82100 555 10034=
 23804 82997 40202 10220 20103 30045 40180 57002 81101 555 10027=
 23807 42/// /0103 10209 20121 30032 40183 57002 555 1/028=
 23808 86/// /3504 10214 20101 30020 40177 52003=
 23812 42697 60702 10219 20026 30010 40161 53004 82231 333 91110 555
 10028=
 23904 42570 50202 10218 20112 30027 40173 57001 82531 555 10027=
 23905 82599 50103 10215 20103 39952 40164 52004 85200 333 91110 555
 10026=
 23909 82598 50104 10205 20098 39925 40154 52010 82231 333 91110=
 23912 81897 80503 10155 20107 39975 40158 52018 76162 8807/ 555
 11016=
 23913 82599 70602 10124 20057 39944 40164 51034 87900 333 91110 555
 11013=
 23914 81499 70304 10162 20110 39910 40153 52020 72162 86570 333
 91110=
 28013 82698 80206 10206 20100 39928 40144 52009 83204 333 91010 91112
 555 10027=
 28016 82599 70204 10210 20113 39934 40143 52008 87980 333 91113 555
 10027=
 28029 81599 80204 10132 20112 39926 40136 52024 72582 885// 333 91113
 555 12014=
 28116 82499 70106 10196 20108 39916 40131 52008 86971 333 91010
 91113=
 28128 81598 80106 10145 20113 39984 40130 52022 76162 885// 333 91011
 91112 555 11015=
 28134 81598 80301 10132 20110 39789 40124 52030 72162 885// 555
 11016=
 28138 41598 70204 10116 20108 39570 40113 52038 72582 87300 333
 91112=
 28216 81597 80206 10168 20116 39844 40125 53009 78082 889// 333 91010
 91114 555 11017=
 28222 81597 80201 10137 20125 39936 40122 53019 72186 8672/ 555
 11015=
 28224 81566 80104 10140 20124 39910 40112 52013 78082 8792/ 333
 91111=
 28234 81598 60202 10135 20121 39840 40105 53028 72162 86800 333 91110
 555 11018=
 28238 81599 60404 10144 20112 39808 40096 51037 70262 85540 333 91111
 555 11017=
 28313 82598 70105 10202 20097 39933 40112 57006 87900 333 91111 555
 10020=
 28319 81596 70302 10187 20123 39954 40107 54000 78082 86950=
 28321 81598 80306 10152 20131 39922 40115 53010 78082 8692/ 333 91011
 91111=
 28324 81597 83402 10154 20135 39993 40107 52007 76162 884// 555
 11017=
 28326 81597 83601 10154 20145 39914 40089 52009 76162 8802/ 555
 11017=
 28413 82599 63304 10219 20098 39996 40109 57005 85301 555 10023=
 28428 81498 83304 10156 20127 39916 40091 50003 78082 8695/ 333 91112
 555 12017=
 28429 81497 83405 10135 20122 39684 40074 54000 76362 8872/ 333 91011
 91111 555 11015=
 22983 42698 30601 10221 20108 30090 40188 57002 82135 333 91003 91104
 555 10029=
 27083 42999 53602 10207 20098 39971 40180 57001 80001 333 91004 91106
 555 10029=
 27097 42598 63203 10211 20111 39933 40178 54000 82109 333 91006 91107
 555 10026=
 27185 42698 63602 10216 20089 30008 40180 57003 82201 333 91005 91107
 555 10027=
 27199 42598 63402 10212 20097 39984 40169 57002 83101 333 91005 91108
 555 10033=
 27281 42582 63302 10210 20110 39987 40181 57003 85101 333 91005 91106
 555 10034=
 27283 42598 73604 10212 20094 30031 40177 57003 81101 333 91006 91107
 555 10031=
 27295 42998 53204 10212 20078 39934 40170 57002 82085 333 91007 91108
 555 10023=
 27296 42698 63504 10218 20087 39958 40161 57002 82201 333 91008 91109
 555 10028=
 27385 429// 63602 10223 20081 30052 40172 57005 82031 333 91006 91108
 555 10026=
 27393 42598 33505 10220 20090 30002 40161 57001 82140 333 91009 91109
 555 10032=
 27480 42698 83602 10222 20097 30055 40175 57004 85201 333 91004 91105
 555 10033=
 28007 42599 53605 10216 20089 39919 40163 57002 84201 333 91008 91110
 555 10030=
 28009 42698 63504 10217 20087 39961 40157 54000 86200 333 91007 91109
 555 10027=
 28105 42598 63403 10218 20083 39979 40159 57002 84201 333 91007 91108
 555 10028=
 28202 42683 60102 10210 20104 39942 40149 52002 86900 333 91006 91110
 555 10022=
 28302 42598 63403 10204 20104 39933 40147 52002 86900 333 91007 91111
 555 10025=
 28307 42498 63204 10218 20089 30020 40154 57002 83101 333 91008 91110
 555 10031=
 28402 42698 63504 10218 20097 39976 40143 57001 86200 333 91007 91109
 555 10026=
 28502 42698 63606 10231 20090 30043 40139 57001 85409 333 91009 91112
 555 10034=
 22550 81597 71302 10208 20176 30134 40144 52006 70291 84960 555
 10023=
 22778 42598 21703 10227 20139 30120 40185 54000 81205 555 10032=
 22889 42698 20102 10219 20101 30110 40191 57002 81101 555 11027=
 22762 82998 41502 10245 20147 30133 40169 52004 80009 555 10028=
 22638 46/// /2002 10251 20173 39910 40118 52005=
 22671 41598 71402 10181 20168 30094 40171 58002 72598 84970 555
 11020=
 22456 42998 51702 10243 20165 30057 40138 52006 83049 555 11027=
 22583 42998 31402 10220 20127 30107 40182 58011 82071 
 555 11023=
 22749 41598 71602 10234 20178 30030 40145 52002 70381 87900 555
 11026=
 22951 42898 21503 10244 20131 39899 40159 52002 82030 555 1/031=
 22887 42699 59901 10222 20136 30123 40188 57011 81501 555 
 10034=
 22876 42597 50902 10228 20138 30120 40188 57002 82281 555 10030=
 22481 42/// /1705 10209 20126 30118 40167 55001 333 91111 555 1/020=
 22854 42/// /1602 10249 20142 39888 40154 52002 555 1/036=
 22781 NIL=
 22676 41598 71502 10196 20150 30104 40177 58005 70298 86940 555 11021=
 22648 41498 61402 10229 20227 30100 40143 52001 70298 85931 555
 11027=
 22559 82598 71401 10228 20166 30140 40156 53007 83931 555 11024=
 22869 42997 02102 10242 20120 30041 40179 54000 555 11026=
 22768 42997 31903 10250 20122 30121 40167 52001 80001 555 10032=
 22798 42998 50702 10226 20069 30088 40193 56001 80001 555 10025=
 22375 46/// /1906 10221 20150 30132 40146 54000=
 23207 42999 71203 10195 20089 30176 40198 57006 86071 555 10021=
 23215 42998 50701 10185 20057 30129 40214 57003 80004 555 11025=
 23219 NIL=
 27095 NIL=
 22408 42699 71604 10203 20163 39933 40072 52009 875// 333   87648
 555   10020=
 22511 42698 71902 10220 20156 39962 40074 52004 86930 333   86646
 555   11022=
 22529 42999 31904 10269 20176 30093 40099 52001 80002 333   91110
 555   11029=
 22602 41476 71803 10183 20163 39871 40082 52012 70282 86930 333  
 86916 555   11021=
 22621 83669 /1804 10239 20170 39969 40097 52004 555   1////=
 22619 42598 51803 10235 20157 39948 40094 52011 84230 555   11025=
 22721 42598 61201 10196 20170 30022 40114 52008 85501 333   85629
 555   11025=
 22727 86/67 /1603 10232 20185 30070 40114 52008 555   1////=
 22717 83/70 /2002 10204 20159 39927 40111 52012 333   91110 555  
 1////=
 22802 42499 71703 10193 20172 30085 40107 52015 87900 333   86915
 555   11023=
 22820 42668 62103 10262 20160 39986 40016 52007 84830 555   11030=
 22831 42998 31502 10266 20178 30075 40125 52003 83030 555   10029=
 22805 42598 81405 10185 20167 30089 40112 52014 8251/ 555   11026=
 22912 42599 82902 10203 20166 30109 40123 52013 82231 555   11024=
 
