12:31:00 MSK 09.01.2023
010 111/=о000=0931
 уйту01 бтул 090900
 22686 42998 20000 11406 21438 30298 40419 52014 82039=
 22695 42/// /2701 11327 21374 30216 40395 51011=
 22996 42998 60000 11336 21372 30198 40417 52011 85071=
 23220 41496 82103 11221 21246 30076 40232 52006 77172 8872/=
 23226 41450 81602 11232 21257 39993 40232 52001 77072 885// 333 86612=
 23305 42/// /3005 11127 21148 30300 40330 52011=
 23320 86/// /2205 11220 21251 30178 40259 50001=
 23324 NIL=
 23405 41530 72802 11159 21178 30231 40339 52016 78587
 83930=
 23410 86/// /1601 11210 21237 30163 40270 52003=
 23411 42/// /3106 11104 21110 30199 40294 52016=
 23412 42499 83102 11138 21153 30164 40268 52005 887//=
 23416 NIL=
 23418 41350 81402 11282 21307 30205 40289 51004 77172 8872/ 
 333 84707=
 23503 42/// /3103 11140 21163 30269 40323 51015=
 23507 NIL=
 23509 42/// /3103 11135 21154 30246 40330 52017=
 23514 41497 82902 11140 21154 30092 40304 52011 77172 8652/ 333 86616  93605=
 23518 41996 81701 11308 21342 30205 40311 51014 77172 8807/=
 23606 41448 80000 11166 21185 30137 40326 52014
 77172 8652/ 333 86612=
 23701 42/// /2902 11209 21233 30231 40375 52010=
 23704 86/// /3002 11231 21249 39926 40039 55004=
 23707 81997 82602 11306 21343 30233 40387 52007 77177 8807/=
 23708 42/// /3102 11223 21251 30193 40360 53015=
 23709 NIL=
 23711 41997 81301 11279 21310 30124 40317 52019 77072 8802/=
 23803 NIL=
 23804 41996 82801 11251 21279 30215 40380 52006 77172 8807/=
 23807 42997 72402 11315 21345 30214 40402 52008 87031=
 23808 86/// /2901 11284 21315 30182 40375 54001=
 23812 42/// /0000 11293 21333 30142 40328 53021=
 23904 41970 80000 11314 21345 30217 40399 52001 70242 8807/=
 23905 42599 82902 11280 21310 30106 40366 52001 885//=
 23909 41598 82702 11294 21324 30068 40349 57002 70273 885// 333
 93612=
 23912 41897 80000 11312 21346 30114 40336 52013 77172 8807/=
 23913 41999 62903 11304 21349 30063 40326 52014 70272 86030=
 23914 81897 83001 11304 21336 30039 40334 52010 77172 8802/ 333
 93612=
 28013 41897 82703 11290 21329 30078 40342 55002 77172 8802/=
 28016 41899 82701 11285 21325 30099 40358 50003 70272 8807/ 333
 93508=
 28029 41396 82401 11316 21348 30080 40333 52005 77172 8572/=
 28116 41898 82903 11297 21328 30093 40358 52008 77171 8802/=
 28128 41598 82902 11310 21343 30172 40349 52008 77171 8802/=
 28134 41597 82801 11334 21368 39931 40340 52008 77072 8652/=
 28138 42899 72903 11267 21302 39647 40284 52005 87030=
 28216 42699 72802 11314 21353 30024 40369 52013 87500=
 28222 41896 83002 11315 21352 30124 40350 51012 77071 8802/=
 28224 41865 83102 11301 21335 30101 40347 52010 72271 8802/=
 28234 42897 83102 11310 21355 30011 40332 52007 8805/=
 28238 42899 52504 11288 21336 39964 40310 52002 82021=
 28313 42998 20000 11307 21345 30147 40370 51013 80001=
 28319 42998 22301 11323 21364 30180 40373 52013 80001=
 28321 42999 23202 11306 21342 30125 40360 51014 80001=
 28324 42998 33101 11320 21372 30224 40365 51013 80009=
 28326 42898 30000 11306 21343 30128 40344 52010 82031=
 28413 42999 33102 11300 21341 30233 40375 51016 80004=
 28428 42997 21401 11338 21387 30144 40361 51017 80001=
 28429 42998 22302 11299 21335 39873 40346 51014 80001=
 22983 41912 02501 11386 21422 30311 40438 52016 70540 333 91001
 91102=
 27083 41999 00000 11325 21360 30165 40426 52014 72840 333 91000
 91100=
 27097 42998 03302 11317 21348 30118 40427 52021 333 91003 91104=
 27185 42998 00000 11316 21350 30218 40434 52018 333 91000 91101=
 27199 42998 23101 11331 21364 30193 40425 52018 82070 333 91002
 91102=
 27281 42982 03401 11328 21361 30191 40435 52019 333 91002 91103=
 27283 42998 03402 11327 21360 30238 40422 52019 333 91002 91103=
 27295 42998 00000 11302 21341 30128 40419 52015 333 91000 91103=
 27296 42964 03301 11328 21372 30163 40419 52020 333 91001 91102=
 27385 429// 02101 11335 21375 30275 40426 52019 333 91001 91101=
 27393 42998 01201 11308 21347 30219 40418 52021 333 91002 91102=
 27480 42998 00000 11303 21342 30281 40430 52023 333 91000 91102=
 28007 42999 63001 11317 21355 30100 40406 51013 86030 333 91002
 91103=
 28009 42998 72702 11334 21383 30153 40400 52009 87030 333 91003
 91103=
 28105 42998 02301 11326 21369 30179 40414 52018 333 91001 91101=
 28202 42999 13102 11334 21378 30147 40408 52016 81030 333 91003
 91104=
 28302 42998 03302 11312 21355 30136 40402 52020 333 91004 91105=
 28307 42998 03003 11307 21354 30241 40409 51022 333 91004 91104=
 28402 42981 03102 11313 21347 30194 40402 52021 333 91003 91103=
 28502 42998 03004 11319 21368 30280 40402 51022 333 91005 91106=
 22550 82997 21302 11308 21339 30372 40384 52010 80001=
 22778 41995 00000 11367 21403 30350 40433 52016 71040=
 22889 42/// /2801 11375 21415 30327 40431 50011=
 22762 42998 01001 11373 21409 30377 40424 51015=
 22638 46/// /1602 11238 21277 30101 40355 52001=
 22671 42998 00000 11372 21403 30317 40412=
 22456 42998 02301 11255 21281 30273 40373 52007=
 22583 43/// /0000 11355 21390 30305 40401 52009=
 22749 NIL=
 22951 42998 00000 11278 21310 30098 40422 52012=
 22887 42999 20000 11336 21359 30348 40431 52012 80001=
 22876 42997 00601 11358 21395 30346 40433 51019=
 22481 42998 00000 11254 21290 30319 40379 52013=
 22854 42998 01101 11285 21316 30085 40418 52011=
 22781 NIL=
 22676 42998 00000 11380 21418 30330 40425 52014=
 22648 NIL=
 22559 42998 20000 11319 21355 30380 40399 52013 80001=
 22869 41994 10601 11373 21414 30265 40440 52015 70444 80030=
 22768 42997 02102 11348 21384 30368 40427 52016=
 22798 42597 70000 11323 21356 30278 40410 51015 85530=
 22375 46/// /2004 11226 30335 40352 52009=
 23207 42499 82503 11130 21155 30305 40329 52009 886//=
 23215 NIL=
 23219 NIL=
 27095 86/// /0000 11337 21367 30170 40440 52019=
 22408 42699 61304 11172 21202 30089 40252 57006 865// 333   86639=
 22511 42998 81503 11186 21220 30133 40266 57004 80005 333   93500=
 22529 42599 61604 11211 21259 30321 40329 54000 82532=
 22602 42475 71404 11142 21174 30003 40245 57002 87500 333   87615=
 22621 83/69 /1203 11241 21270 30159 40316 57003=
 22619 42983 41305 11189 21215 30118 40293 57005 80005=
 22721 42998 21202 11215 21244 30217 40327 52002 80001 333   93596=
 22727 86/70 /1306 11142 21169 30264 40316 52003 333   91010 91110=
 22717 83/70 /1101 11187 21210 30071 40283 54000=
 22802 41496 81007 11103 21120 30217 40242 57002 78583 889// 333  
 91110 92982=
 22820 42969 21004 11197 21240 30165 40316 52003 80001=
 22831 42998 21001 11253 21284 30298 40361 52002 80001=
 22805 42598 81214 11060 21068 30212 40233 51011 885// 333   91019
 91121=
 22912 42999 21105 11156 21183 30268 40285 52004 81031=
 
