18:31:00 MSK 06.10.2023
020 123456/=о000=1531
 уйту01 бтул 061500
 22686 61597 83601 10034 20028 39938 40036 53015 60022 76062 8257/ 333 10087 555 50055 53007=
 22695 11497 83303 10039 20024 39870 40020 52016 60042 76061 8652/ 333
 10081 555 50057 53007=
 22996 12998 71802 10093 20060 39855 40033 57006 60002 87070 333 10122 555 50087 53007=
 23220 12599 82003 10054 20024 39884 40022 52001 69902 8553/ 333 10067 555 50047 53011=
 23226 12560 81806 10048 20021 39806 40015 52004 69902 885// 333 10058 
 88625 91110 555 50043 53013=
 23305 12984 52203 10034 20019 39984 40011 52011 60022 83035 333 10063
 555 50051 53010=
 23320 76/// /1702 10058 20055 39948 40019 54001 333 60002 555 50054 53013=
 23324 12581 82002 10067 20044 39942 40017 54000 60002 885// 333 10077
 88623 555 50057 53011=
 23405 11497 72701 10031 20026 39923 40020 52016
 69992 72582 83930 333 10076 555 50053 53007=
 23410 76/// /1704 10063 20051 39912 40005 54000 333 60002=
 23411 11498 82802 10050 20046 39916 40003 52006 69902 76062
 8772/ 333 10069 555 50056 53012=
 23412 11499 82102 10066 20052 39912 40006 53001 69902 70282 883// 333 10076 85918 555 50057 53010=
 23416 NIL=
 23418 11565 82005 10078 20060 39948 40018 53016 69902
 72582 8693/ 333 10087 85621 555 50064 53010=
 23503 12598 81702 10068 20059 39961 40009 53003 60022 8355/ 333 10074
 555 50061 53008=
 23507 NIL=
 23509 11998 32301 10068 20061 39946 40021 52005 60032 70261 83030 333
 10075 555 50063 53005=
 23514 12697 82101 10061 20053 39832 40022 52005 69942 8357/ 333 10083 555 50056 53008=
 23518 62697 81804 10085 20052 39945 40033 52003 69932 8357/ 333
 10095=
 23606 11560 82201 10074 20061 39861 40026 52002 69972 70282 889// 333 10102 85933 555 50064 53009=
 23701 11680 81801 10070 20062 39906 40031 52006 69952 70282
 8397/ 333 10094 555 53007=
 23704 76/// /1701 10078 20077 39769 49881 58026 333 60002=
 23707 62498 81001 10074 20066 39900 40027 54000 60012 8395/ 333 10089
 555 50071 53007=
 23708 11584 81802 10079 20046 39897 40041 52002 69902 70282 8595/ 333
 10108 85920 555 50070 53009=
 23709 61998 61601 10085 20042 39863 40049 52006 60002 70282 86030 333 10114 555 50067 53008=
 23711 12498 82102 10083 20053 39883 40046 53005 69932 8397/ 333 10123 555 50065 53009=
 23803 12599 60000 10080 20041 39879 40053 53002 60012 86900 333 10117
 555 50069 53008=
 23804 12697 81901 10084 20060 39893 40033 57002 69982 8455/ 333 10097 555 50074 53006=
 23807 12597 71602 10084 20060 39881 40037 57005 69902 82530 333 10101
 555 50078 53007=
 23808 66/// /1502 10090 20044 39888 40050 54001 60002 333 10112=
 23812 11597 82002 10103 20050 39902 40058 53003 69902 70282 889// 333
 10132 555 50070 53008=
 23904 12676 81701 10070 20050 39896 40048 57007 69902 81531 333 10109
 555 50079 53006=
 23905 12599 51801 10069 20046 39838 40059 52003 60002 84530 333 10132
 555 53007=
 23909 12598 61802 10082 20048 39827 40064 52001 69902 86500 333
 10137=
 23912 11596 61703 10096 20071 39883 40068 54000 69942 78082 86900 333
 10124 555 53007=
 23913 12999 61801 10067 20050 39860 40083 54001 60002 86030 333 10131
 555 53006=
 23914 62498 51703 10090 20066 39821 40069 57002 60002 83540 333
 10124=
 28013 11598 61602 10099 20048 39843 40065 54001 60012 70282 86500 333
 10141 555 53008=
 28016 12599 41602 10094 20053 39851 40067 54001 60002 82501 333 10144
 555 53006=
 28029 12899 31603 10090 20066 39870 40082 52003 60002 83070 333 10137
 555 53006=
 28116 12599 61801 10101 20061 39851 40072 52003 60002 82935 333
 10148=
 28128 12998 61401 10090 20072 39937 40086 57003 60002 80001 333 10108
 555 53006=
 28134 12698 81901 10087 20075 39753 40092 57001 60002 8652/ 333 10103
 555 53005=
 28138 11/93 91802 10079 20073 39547 40096 57002 60042 74544 333
 10079=
 28216 11599 51503 10100 20069 39795 40081 54000 69902 70182 84905 333
 10136 555 53007=
 28222 12997 81601 10078 20069 39900 40089 57003 60002 80001 333 10110
 555 53005=
 28224 11558 21301 10073 20067 39883 40090 54000 60002 71011 82500 333
 10122=
 28234 12597 81802 10094 20081 39825 40094 57003 60022 885// 333 10105
 555 53005=
 28238 11599 81301 10091 20078 39803 40096 57002 60022 74062 8652/ 333
 10108 555 53003=
 28313 12598 21701 10092 20070 39901 40087 52002 60002 82400 333 10149
 555 53006=
 28319 12597 51402 10107 20079 39935 40092 53001 60002 83550 333
 10147=
 28321 12899 21802 10093 20081 39890 40087 54001 60002 82030 333
 10129=
 28324 12899 21401 10085 20063 39974 40091 54001 60002 81061 333 10140
 555 53003=
 28326 12598 71901 10101 20091 39912 40091 57001 60032 87500 333 10118
 555 53005=
 28413 12599 21603 10109 20071 39970 40087 54001 60002 82500 333 10152
 555 53004=
 28428 12598 22502 10089 20070 39922 40101 52002 60022 82900 333 10121
 555 53005=
 28429 11598 80000 10075 20069 39704 40104 57002 60042 70262 885// 333
 10124 555 53010=
 22983 11480 81401 10089 20077 39915 40016 57008 69962 78082 889// 333
 10124 91003 91104 555 50089 53006=
 27083 12584 81603 10094 20059 39814 40028 57006 60002 885// 333 10124
 91005 91107 555 50084 53007=
 27097 12498 81503 10076 20060 39793 40046 57010 60002 889// 333 10113
 91005 91107 555 50072 53007=
 27185 12698 81402 10093 20070 39864 40041 57012 60002 8257/ 333 10117
 91004 91106 555 50080 53007=
 27199 12598 81801 10091 20063 39866 40056 57012 60002 8351/ 333 10122
 91003 91103 555 50082 53005=
 27281 11456 81503 10092 20084 39839 40039 57009 60012 76162 8872/ 333
 10122 91004 91108 555 50086 53009=
 27283 12497 81502 10097 20071 39897 40047 57015 60002 889// 333 10103
 91003 91105 555 50081 53006=
 27295 12997 81201 10093 20055 39814 40057 57014 60002 8805/ 333 10114
 91002 91104 555 50073 53006=
 27296 12998 81401 10098 20044 39850 40059 57009 60002 8807/ 333 10144
 91002 91104 555 50093 53006=
 27385 125// 81801 10100 20053 39927 40051 57012 69902 8255/ 333 10136
 91002 91106 555 50085 53007=
 27393 12598 71502 10110 20045 39903 40067 57010 60002 85541 333 10148
 91003 91105 555 50087 53007=
 27480 12598 81502 10116 20057 39925 40048 57015 60002 8391/ 333 10141
 91003 91106 555 50089 53007=
 28007 12999 61802 10089 20045 39806 40058 57007 60002 85031 333 10116
 91002 91104 555 50082 53005=
 28009 12998 40000 10060 20035 39865 40070 57002 69902 80001 333 10139
 91000 91105 555 50087 53007=
 28105 12998 51601 10074 20032 39873 40060 57008 60002 85020 333 10136
 91002 91105 555 50078 53007=
 28202 12997 62101 10086 20031 39853 40067 57004 69902 82034 333 10149
 91002 91104 555 50086 53008=
 28302 12597 81401 10101 20040 39851 40071 57005 60002 82931 333 10151
 91002 91105 555 50085 53006=
 28307 12498 81501 10090 20043 39928 40067 57011 60002 8457/ 333 10153
 91002 91104 555 50085 53006=
 28402 12984 41603 10101 20042 39902 40075 57005 60002 82035 333 10161
 91004 91106 555 50106 53008=
 28502 12997 81802 10106 20043 39980 40080 57006 60002 80001 333 10160
 91003 91106 555 50105 53007=
 22550 11569 32603 10040 20017 30034 40044 52011 69902 70281 83900 333
 10067 555 50040 53009=
 22778 11596 80205 10027 20017 39958 40026 52015 60112 78082 889// 333
 10090 555 50068 53009=
 22889 11496 81002 10086 20071 39934 40018 57009 69902 76162 8752/ 333
 10116 87616 555 50087 53007=
 22762 62497 83101 10038 20008 30003 40042 53007 69952 8657/ 333 10065
 555 50059 53005=
 22638 46/// /2902 10017 21019 39846 40070 52005=
 22671 11598 60000 10019 20003 39959 40037 52013 69902 70282 82930 333
 10072 555 50050 53005=
 22456 12998 02601 10020 20005 39940 40027 52011 69962 333 10050 555
 50016 53007=
 22583 11998 62001 10012 20007 39949 40029 52011 60042 70228 82071
 333 10062 555 50047 53007=
 22749 NIL=
 22951 11498 83402 10023 20019 39767 40045 52018 60182 70262 8772/ 333
 10074 555 50058 53010=
 22887 11496 81304 10089 20086 39935 40002 57012 60022 78082 8695/ 
 333 10113 86915 555 50084 53008=
 22876 11496 81402 10087 20087 39928 40000 57011 60062 76166 8802/ 333
 10114 88510 555 50083 53008=
 22481 11998 12202 10017 20001 39965 40018 52013 69952 70281 81031 333
 10063 555 50039 53009=
 22854 12899 73302 10023 20011 39770 40055 52016 60032 87070 333 10065
 555 50053 53008=
 22781 NIL=
 22676 12498 73101 10033 20030 39956 40032 52009 60022 83670 333 10064
 555 50047 53007=
 22648 NIL=
 22559 62598 62601 10023 21002 30030 40047 52010 60002 82531 333 10064
 555 50044 53008=
 22869 11296 80106 10055 20043 39866 40011 53011 60132 76366 8872/ 333
 10089 86706 91010 91112 555 50074 53012=
 22768 11897 83602 10040 20027 39982 40031 52009 60052 70262 8807/ 333
 10083 555 50066 53008=
 22798 11497 81201 10085 20069 39915 40024 57002 69902 76162 8352/ 333
 10100 555 50072 53006=
 22375 NIL=
 23207 12999 22002 10015 21007 39972 49994 52009 69902 82030 333 10061
 555 50037 53007=
 23215 NIL=
 23219 NIL=
 27095 76/// /1803 10082 20066 39838 40059 57004 333 60002 555 50078 53008=
 22408 22699 62501 10029 21029 39902 40050 57009 81531 333   60002=
 22511 22998 22202 10022 21028 39936 40056 57006 82071 333   60002=
 22529 22999 02402 10013 21025 30051 40058 52003 333   60002=
 22602 22579 32002 10035 21015 39842 40065 57010 82101 333   60002=
 22621 73/70 /2302 10018 21023 39932 40071 52002 333   69922=
 22619 22984 02502 10030 21014 39914 40072 57002 333   60002=
 22721 22998 03101 10019 21005 39980 40078 52005 333   60002=
 22727 76/70 /3002 10048 20000 30038 40085 5//// 333   6///2=
 22717 73/70 /2201 10014 20005 39893 40090 57004 333   60002=
 22802 22599 32301 10047 20008 30071 40094 57004 81531 333   60002=
 22820 22970 02602 10040 21011 39952 40087 52007 333   60002=
 22831 22998 22901 10023 21007 30017 40072 52009 80001 333   60002=
 22805 22598 62704 10073 20003 30074 40098 57004 83531 333   60002=
 22912 22999 12801 10043 20003 30081 40096 52002 80001 333   60002=
 
