15:31:00 MSK 29.08.2023
020 123456/=о000=1231
 унту01 бтул 291200
 22686 82698 62701 10143 20064 30040 40135 57009 84231 333 84835 555 11024=
 22695 42698 52502 10146 20048 39974 40120 57007 83131 555 10020=
 22996 82598 63401 10164 20080 39946 40121 57006 86900 555 11021=
 23220 42599 73203 10137 20057 39997 40132 57001 87500 555 11012=
 23226 42660 83603 10132 20056 39936 40142 53002 8395/ 10015=
 23305 42699 71601 10136 20065 30116 40143 57002 84530 555 11020=
 23320 86/// /0502 10160 20052 30067 40136 54001=
 23324 42584 70301 10146 20069 30067 40140 53001 82971 555 10016=
 23405 42675 70000 10146 20061 30043 40137 57004
 83530 555 10023=
 23410 86/// /0103 10148 20057 30045 40137 57004 555 50100 53005=
 23411 42599 71101 10137 20066 30057 40142 57002 87800 555 10018=
 23412 42699 60401 10151 20073 30046 40138 57004 83530 555 11020=
 23416 NIL=
 23418 42665 33603 10164 20059 30061 40131 57003 83900
 555 11023=
 23501 NIL=
 23503 42598 71501 10145 20056 30092 40140 57004 83930 555 11020=
 23507 86/// /1901 10136 20082 39836 40132 57006=
 23509 42598 73201 10164 20056 30062 40137 57005 87500 333 87620 555
 11021=
 23514 42597 73001 10149 20053 39946 40133 57004 83931 555 10022=
 23518 42/// /0103 10174 20041 30034 40120 57005 555 1/023=
 23606 42762 30601 10156 20037 39971 40129 57005 83100 555 10024=
 23612 NIL=
 23701 82699 62001 10156 20081 30013 40136 57006 83932 555 11020=
 23704 86/// /0000 10155 20077 39949 40060 53076 555 53004=
 23707 82699 70000 10156 20061 30003 40129 57009 82582 555 11022=
 23708 42598 23502 10170 20050 39985 40126 57007 82880 555 11020=
 23709 82698 50102 10159 20049 39940 40123 57004 85800 555 11019=
 23711 42598 60301 10157 20078 39957 40117 57002 84940 555 11018=
 23803 42499 80000 10184 20058 39951 40119 57004 85961 555 11022=
 23804 82597 63401 10152 20075 39989 40126 57006 82930 555 10017=
 23807 42/// /3302 10158 20082 39975 40128 57005 555 1/021=
 23808 86/// /3002 10172 20040 39964 40122 57006=
 23812 41597 63603 10169 20055 39954 40106 57003 70282 84960 555 11019=
 23904 42670 23101 10156 20084 39972 40121 57006 82500 555 11020=
 23905 82599 30103 10159 20059 39898 40113 57003 83500 555 11019=
 23909 81598 33604 10167 20075 39872 40103 57001 70281 82301=
 23912 81598 60404 10156 20081 39914 40096 54001 72581 86900 333 91110
 555 10020=
 23913 82599 63602 10163 20033 39867 40083 54001 83902 333 91110 555
 11016=
 23914 81499 50303 10161 20076 39849 40091 54000 72522 83940=
 28013 82598 53605 10160 20063 39874 40092 57004 85900 333 91110 555
 10018=
 28016 81599 53605 10165 20083 39882 40094 57004 70281 85900 555
 11019=
 28029 81699 60204 10164 20078 39863 40069 54000 72582 85870 333 91110
 555 11019=
 28116 82599 30106 10171 20076 39867 40084 57004 82939 333 91110=
 28128 81598 83503 10126 20108 39930 40077 52006 76161 8802/ 333 91110
 555 11015=
 28134 81598 80000 10132 20100 39731 40063 57004 70262 8352/ 555
 11016=
 28138 41599 80104 10120 20090 39508 40046 52001 70282 885// 333
 91113=
 28216 81599 60804 10136 20079 39793 40076 53004 72522 86900 333 91114
 555 11014=
 28222 81597 83501 10132 20104 39887 40072 51007 78082 8595/ 333 91110
 555 11016=
 28224 81570 80203 10144 20073 39860 40062 52012 78081 889// 333
 91112=
 28234 81598 80103 10136 20068 39786 40050 54001 70282 885// 555
 11016=
 28238 81499 80406 10120 20077 39751 40039 52005 78082 889// 333 91010
 91113 555 11011=
 28313 81598 80606 10131 20087 39892 40075 53009 78082 889// 333 91010
 91112 555 11015=
 28319 81598 70403 10125 20098 39908 40064 53010 72511 87900 333
 91112=
 28321 81599 70104 10129 20091 39874 40068 53013 72582 85370 333
 91116=
 28324 81599 80105 10137 20081 39942 40057 53011 72582 8698/ 333 91010
 91117 555 11015=
 28326 81597 80202 10123 20093 39865 40042 52011 76086 8802/ 333 91113
 555 12013=
 28413 82599 63606 10184 20060 39936 40050 57003 83230 333 91012 91112
 555 10022=
 28428 81599 80303 10137 20080 39854 40028 53008 70282 889// 333 91114
 555 11015=
 28429 82598 80204 10108 20075 39629 40021 53007 885// 333 91112 555
 11012=
 22983 42498 60000 10143 20086 30037 40137 57007 84935 333 91001 91104
 555 11016=
 27083 42599 53102 10164 20068 39914 40125 57007 85900 333 91003 91105
 555 10024=
 27097 42598 43202 10158 20075 39876 40124 57006 84200 333 91003 91107
 555 10021=
 27185 42698 63301 10156 20065 39953 40128 57005 86800 333 91003 91107
 555 11020=
 27199 42598 53503 10175 20064 39930 40115 57003 85200 333 91006 91108
 555 10032=
 27281 42582 63403 10153 20071 39932 40129 57005 86100 333 91004 91108
 555 10022=
 27283 42598 53503 10175 20064 39974 40121 57004 85200 333 91005 91108
 555 10024=
 27295 42998 53303 10171 20051 39878 40116 57001 85080 333 91006 91108
 555 11018=
 27296 42598 50104 10175 20048 39904 40109 57002 85200 333 91008 91109
 555 10026=
 27385 425// 53602 10166 20054 39997 40119 57001 85500 333 91004 91107
 555 11017=
 27393 42598 63604 10178 20062 39946 40106 57002 86900 333 91007 91111
 555 10028=
 27480 42598 33402 10200 20068 39999 40119 57003 83100 333 91006 91108
 555 10037=
 28007 42699 60203 10168 20053 39867 40114 57004 82280 333 91006 91108
 555 10019=
 28009 41498 53602 10161 20051 39910 40109 57005 70281 83901 333 91006
 91107 555 11019=
 28105 42598 43502 10171 20052 39927 40109 57004 84200 333 91004 91108
 555 10021=
 28202 42582 50202 10178 20062 39889 40097 57003 85200 333 91007 91108
 555 10017=
 28302 42598 50104 10173 20043 39877 40092 57002 85200 333 91008 91110
 555 11021=
 28307 42498 63304 10174 20054 39964 40100 52001 86400 333 91008 91109
 555 10027=
 28402 42698 73406 10180 20063 39917 40085 57002 87100 333 91011 91111
 555 11020=
 28502 42598 60106 10182 20051 39980 40077 57001 85905 333 91012 91112
 555 10024=
 22550 82697 81603 10152 20081 30082 40092 57015 86502 333 86640 555
 10018=
 22778 42698 61302 10147 20067 30064 40130 57014 82571 555 10021=
 22889 42598 52602 10163 20075 30053 40135 57010 85800 333 85820 555
 11025=
 22762 82998 61402 10170 20078 30082 40119 58011 80009 555 10023=
 22638 46/// /1802 10138 20127 39861 40076 57002=
 22671 42/// /1902 10153 20069 30038 40113 58015 555 1/022=
 22456 42598 71702 10154 20073 30007 40090 58013 82544 555 11020=
 22583 42598 52301 10142 20065 30050 40127 57010 85500 555 11017=
 22749 41498 82105 10130 20103 39994 40114 52002 70282 889// 333 88918
 555 10017=
 22951 42898 82103 10142 20073 39858 40127 56011 8807/ 555 1/019=
 22887 42699 32802 10150 20076 30075 40142 57012 82531
 555 10026=
 22876 42997 23401 10162 20070 30069 40138 56011 82040 555 10022=
 22481 42/// /1704 10125 20073 30071 40121 57009 555 1/016=
 22854 42/// /1804 10137 20076 39843 40119 56010 555 1/018=
 22781 NIL=
 22676 42598 52102 10154 20063 30047 40121 57015 85800 555 11022=
 22648 41598 71904 10135 20112 30059 40104 57001 70282 87900 333 87623
 91111 555 11015=
 22559 82998 71702 10165 20073 30085 40100 58017 81039 555 11020=
 22869 42697 71902 10159 20071 39991 40132 58013 82105 555 11023=
 22768 42697 62103 10173 20060 30069 40117 57012 82031 555 10025=
 22798 42598 60000 10174 20062 30024 40131 57010 83830 555 10022=
 22375 46/// /2004 10118 20092 30099 40114 54010=
 23207 42599 81102 10127 20086 30112 40134 57003 8755/ 555 11016=
 23215 42498 60403 10148 20085 30060 40145 57004 86900 555 11023=
 23219 NIL=
 27095 NIL=
 22408 41599 72305 10141 20107 39863 40004 52020 72582 85330 333  
 85923 91010 91111 555   11015=
 22511 41598 82205 10153 20106 39904 40018 52017 70286 889// 333  
 88628 91111 555   11017=
 22529 41599 72205 10180 20114 30041 40047 57006 70282 87900 333  
 87924 555   12019=
 22602 41477 72304 10159 20110 39828 40040 52023 70252 86930 333  
 86912 91112 555   11021=
 22621 83/70 /2106 10177 20115 39919 40050 52007 333   91010 91113
 555   1////=
 22619 41498 32504 10166 20124 39907 40056 52012 72581 83500 333  
 91010 91110 555   11017=
 22721 42698 72701 10175 20110 39982 40074 52009 87900 333   86636
 555   11023=
 22727 86/70 /2504 10186 20116 30045 40090 52014 333   91110 555  
 1////=
 22717 83/70 /2304 10173 20112 39901 40086 52010 555   1////=
 22802 42699 72703 10205 20119 30070 40092 52010 86930 333   85936
 555   11026=
 22820 41570 62804 10180 20106 39964 40092 52013 70282 85530 333  
 91110 555   11021=
 22831 42498 71802 10158 20126 30048 40100 57003 87900 333   87916
 555   11018=
 22805 42598 32102 10209 20145 30076 40099 52006 82101 555   10029=
 22912 42599 62304 10190 20138 30095 40109 52009 85101 333   85820
 555   11022=
 
