12:31:00 MSK 07.09.2023
010 111/=о000=0931
 уйту01 бтул 070900
 22686 81997 83204 10089 20076 39990 40087 52005 76162 8802/ 333 91110=
 22695 41496 83304 10083 20062 39914 40062 52009 75152 886// 333 91112=
 22996 81497 83202 10087 20084 39885 40065 52009 76162 8672/=
 23220 42999 31705 10206 20037 39951 40082 52007 81031=
 23226 42960 61705 10206 20063 39881 40080 52007 86080=
 23305 41470 83405 10103 20100 30044 40070 52024 75052 886// 333 91110=
 23320 86/// /2701 10213 20089 39999 40067 52006=
 23324 42589 61702 10225 20089 39997 40068 52004 81262=
 23405 41330 83504 10100 20100 39966 40062 52019 75152 886// 333 88707=
 23410 86/// /1503 10191 20113 39970 40060 52012=
 23411 41999 81603 10153 20128 39973 40057 52017 72162 8802/=
 23412 42599 71503 10183 20128 39970 40060 52011 82336=
 23416 NIL=
 23418 42665 71303 10185 20114 39988 40057 52011 83530=
 23503 41498 83601 10130 20114 30004 40051 52015 70262 887// 333 86631=
 23507 86/// /3604 10084 20081 39757 40057 52011=
 23509 41397 83601 10114 20109 39971 40045 53025 75152 886// 333 88707=
 23514 42697 81202 10182 20120 39860 40043 52009 83539=
 23518 42698 81704 10203 20100 39969 40054 53007 86975 333 84647=
 23606 41462 80702 10152 20126 39873 40029 52006 70252 885// 333 88616=
 23701 41467 83402 10088 20079 39928 40053 52008 78082 8592/ 333 85917=
 23704 86/// /3303 10089 20089 39671 49782 53009=
 23707 81498 83303 10092 20077 39923 40050 52008 72162 889// 333 86618=
 23708 41457 83003 10096 20082 39891 40034 52010 76162 8872/ 333 87713=
 23709 82498 81301 10166 20107 39842 40022 53004 888// 333 86623=
 23711 42998 71303 10173 20118 39882 40040 52007 84075=
 23803 42599 81803 10149 20103 39851 40020 53007 889//=
 23804 81396 83101 10087 20081 39909 40048 52010 78082 889// 333 86708=
 23807 81597 83202 10091 20084 39903 40058 52009 70282 889//=
 23808 86/// /2803 10097 20090 39882 40043 52017=
 23812 41597 82003 10183 20110 39889 40040 53002 70282 8597/=
 23904 41470 83304 10097 20082 39906 40057 52016 70282 883// 333 86917=
 23905 81599 83102 10117 20097 39822 40038 52016 70282 889//=
 23909 82598 82303 10141 20105 39801 40032 52012 883//=
 23912 81598 82201 10174 20140 39862 40041 52002 70282 85931=
 23913 82599 71204 10188 20103 39842 40055 57003 82902=
 23914 81498 71902 10161 20130 39803 40044 52006 72582 86925=
 28013 81598 81503 10152 20120 39816 40033 52007 72582 889//=
 28016 82599 72602 10141 20104 39829 40041 51015 87900=
 28029 81599 82102 10148 20128 39843 40050 52006 72582 885//=
 28116 81499 82702 10147 20105 39825 40042 52009 70382 884//=
 28128 81598 81602 10158 20135 39905 40049 52002 72162 8357/=
 28134 82598 81802 10170 20115 39730 40058 52004 86501=
 28138 42599 61703 10179 20095 39533 40062 57007 86500=
 28216 81599 82703 10133 20107 39768 40050 53005 70282 889//=
 28222 81598 81702 10157 20132 39870 40053 50004 72582 888//=
 28224 81563 81602 10147 20141 39852 40053 54000 78082 889//=
 28234 81498 70000 10174 20128 39797 40057 58004 72582 86930=
 28238 82599 61905 10215 20085 39779 40059 57011 83130=
 28313 81598 82902 10136 20114 39871 40053 53006 72582 889//=
 28319 41496 72502 10138 20121 39900 40054 53002 78082 87900=
 28321 81599 71801 10150 20134 39857 40049 51003 70282 83910=
 28324 81597 82102 10163 20125 39937 40050 50001 70282 889//=
 28326 81598 71703 10187 20135 39877 40051 57006 70262 86530=
 28413 81499 82702 10131 20110 39947 40063 51011 78082 883//=
 28428 81598 81801 10165 20125 39884 40058 50001 72582 889//=
 28429 82598 81802 10184 20121 39675 40059 57010 889//=
 22983 41472 83302 10089 20076 39994 40095 52012 78082 889// 333 91007
 91108=
 27083 41499 83003 10090 20075 39868 40083 52008 72162 8872/ 333 91006
 91108=
 27097 41498 83104 10086 20072 39830 40083 52016 72586 889// 333 91008
 91111=
 27185 41598 82903 10093 20075 39923 40101 52017 70282 883// 333 91007
 91110=
 27199 41498 83202 10099 20076 39891 40081 52019 70282 8635/ 333 91006
 91107=
 27281 41459 83204 10096 20078 39913 40114 52018 78082 8693/ 333 91008
 91113=
 27283 41498 83406 10101 20069 39946 40096 52018 70282 8697/ 333 91010
 91113=
 27295 41598 72904 10109 20077 39843 40085 52012 70282 86470 333 91007
 91108=
 27296 41598 83205 10107 20076 39866 40075 52011 70282 889// 333 91009
 91110=
 27385 414// 73404 10112 20089 39974 40098 52008 78082 87900 333 91008
 91109=
 27393 41598 63005 10129 20084 39914 40077 52004 70282 84970 333 91009
 91110=
 27480 41498 83103 10126 20086 39985 40108 52005 70282 87901 333 91008
 91108=
 28007 41599 83205 10090 20068 39812 40064 53018 72582 8531/ 333 91009
 91109=
 28009 42498 82103 10132 20083 39848 40048 52005 86901 333 91004
 91104=
 28105 41498 73302 10108 20088 39877 40062 53015 72582 87300 333 91005
 91106=
 28202 41563 83002 10121 20097 39844 40055 52005 78022 889// 333 91005
 91106=
 28302 42598 72602 10140 20073 39843 40060 52003 87900 333 91005
 91107=
 28307 41498 82803 10134 20073 39940 40077 52006 72582 86931 333 91008
 91110=
 28402 42698 72603 10147 20079 39901 40070 52002 86231 333 91005
 91106=
 28502 42598 73005 10144 20064 39981 40080 52003 87900 333 91007
 91110=
 22550 82597 63303 10131 20072 30168 40178 52002 86500 333 86631
 91110=
 22778 41597 83205 10099 20063 30061 40128 52004 72582 8597/=
 22889 42/// /3004 10094 20076 30003 40087 52009 333 91111=
 22762 82598 73002 10116 20057 30119 40157 54001 85930=
 22638 46/// /3203 10133 20052 39992 40210 52001=
 22671 41497 83202 10098 20073 30059 40139 52006 78082 889// 333
 87918=
 22456 41497 73402 10099 20090 30085 40170 53007 70282 87600=
 22583 41498 83402 10102 20071 30021 40099 52008 70228 8467/=
 22749 NIL=
 22951 42498 63203 10119 20056 39916 40189 57004 83931 333 91110=
 22887 41697 83006 10089 20085 30035 40103 52013 78088 8695/ 
 333 86935 91011 91112=
 22876 41596 83103 10103 20067 30047 40117 52006 78082 889// 333 88920
 91111=
 22481 42/// /3504 10106 20076 30074 40125 52011 333 91010 91111=
 22854 42599 73104 10114 20062 39906 40186 58002 87900 333 86629=
 22781 NIL=
 22676 41496 83206 10090 20081 30041 40116 52004 78082 889//=
 22648 NIL=
 22559 82598 73404 10120 20060 30156 40172 52004 84830 333 91110=
 22869 42597 73405 10119 20055 30014 40157 50003 87900 333 86627
 91110=
 22768 42597 83205 10122 20054 30103 40151 57002 8795/ 333 85627
 91111=
 22798 41496 83104 10096 20082 39958 40067 52007 78082 889// 333
 91111=
 22375 46/// /0105 10112 20079 30132 40147 52013=
 23207 41496 83604 10096 20088 30070 40092 52024 78082 889// 333
 91112=
 23215 NIL=
 23219 NIL=
 27095 86/// /3203 10079 20079 39865 40087 51017=
 22408 42699 73002 10138 20075 30078 40222 54000 86401=
 22511 42698 72903 10152 20067 30102 40218 57002 82131=
 22529 42599 63103 10147 20079 30207 40214 52003 82532=
 22602 42999 23003 10146 20060 30014 40231 57002 8203/=
 22621 83/70 /3204 10141 20056 30088 40223 52001=
 22619 42498 72801 10145 20089 30073 40226 52001 83550=
 22721 42698 63002 10154 20056 30132 40227 54000 82509=
 22727 86870 /3002 10147 20076 30190 40236 52001=
 22717 83/70 /2903 10143 20057 30055 40246 57001=
 22802 42699 33103 10160 20076 30235 40258 57004 81231=
 22820 42570 73103 10140 20057 30105 40237 52002 82531=
 22831 42698 33104 10146 20067 30165 40218 54000 83200=
 22805 42598 22903 10152 20092 30240 40264 52001 81201=
 22912 42599 22902 10155 20077 30239 40254 52002 81130=
 
