00:31:00 MSK 03.06.2023
020 123456/=о000=2131
 уйту01 бтул 022100
 22686 81998 20000 10063 20054 30035 40133 52007 71100 82080=
 22695 42698 53403 10119 20015 39969 40116 52004 82130=
 22996 42/// /1501 10134 20101 39935 40112 58003=
 23220 42599 30703 10075 20053 39990 40128 52002 82130=
 23226 42960 62102 10088 20071 39921 40129 52008 86040=
 23305 42/// /3001 10090 20063 30096 40123 52013=
 23320 86/// /1603 10111 20097 30057 40127 50005=
 23324 41681 71302 10121 20087 30049 40123 57001 72581 83940=
 23405 41965 20000 10058 20053 30028 40126 52007 71100 80001=
 23410 86/// /1601 10105 20096 30028 40121 53005=
 23411 42/// /2203 10118 20099 30033 40119 52006=
 23412 41599 71502 10121 20100 30028 40121 52005 70282 83530=
 23416 NIL=
 23418 41665 71902 10138 20112 30056 40126 52003
 70282 83930=
 23503 42/// /1801 10109 20097 30080 40128 53005=
 23507 86/// /0000 10094 20093 39827 40127 52004=
 23509 42/// /0000 10096 20087 30055 40131 52007=
 23514 42997 32202 10123 20085 39942 40130 52004 82031=
 23518 NIL=
 23606 42960 30000 10093 20093 39973 40134 52004 83030=
 23704 86/// /0000 10080 20080 39926 40039 55004=
 23701 42/// /0000 10078 20075 30010 40136 52004=
 23707 82998 61001 10120 20108 39999 40126 54000 86030=
 23708 42/// /3301 10103 20085 39991 40135 57002=
 23709 42998 22902 10090 20064 39955 40142 52003 82030=
 23711 42598 22301 10087 20080 39975 40139 52001 82400=
 23803 42999 30000 10091 20065 39969 40144 54000 80001=
 23804 82997 32801 10109 20099 39984 40124 58002 83030=
 23807 42/// /0501 10121 20104 39969 40124 58002=
 23808 86/// /1202 10083 20068 39972 40136 54001=
 23812 42997 80000 10085 20078 39987 40145 54000 82032=
 23904 42974 60000 10080 20080 39973 40126 58003 80001=
 23905 82599 60301 10119 20095 39911 40129 57003 86500=
 23909 82598 71003 10157 20114 39895 40127 57008 87500=
 23912 81598 80701 10133 20117 39952 40135 57008 78082 8695/=
 23913 82599 80000 10117 20098 39927 40147 55003 889//=
 23914 82898 80000 10149 20116 39890 40134 57006 85075=
 28013 81598 83401 10146 20126 39911 40130 55004 78082 889//=
 28016 42/// /0301 10149 20145 39911 40123 58006=
 28029 82899 30302 10149 20130 39907 40115 57013 81041=
 28116 82499 60402 10138 20126 39898 40118 57008 82485=
 28128 82598 80203 10164 20143 39961 40106 57014 81589=
 28134 82998 21801 10158 20127 39775 40106 57017 80005=
 28138 43/// /0503 10150 20107 39586 40123 57013=
 28216 82699 83603 10143 20130 39814 40096 58020 82505=
 28222 42/// /0000 10135 20130 39915 40100 57015=
 28224 82865 20201 10145 20136 39889 40091 57016 82030=
 28234 82898 21001 10171 20125 39839 40100 57014 82070=
 28238 81899 20701 10143 20126 39825 40113 56011 74011 82070=
 28313 42/// /3201 10157 20136 39914 40095 56013=
 28319 82598 70102 10172 20150 39929 40081 57010 86930=
 28321 82599 50104 10161 20143 39896 40087 56016 85300=
 28324 42/// /3601 10180 20144 39965 40078 55015=
 28326 82898 50000 10158 20148 39907 40082 57015 85030=
 28413 81599 80301 10179 20141 39956 40070 58017 72998 8651/=
 28428 82598 51503 10194 20106 39897 40069 57010 82930=
 28429 42/// /1404 10205 20104 39701 40083 56007=
 22983 41530 80000 10107 20105 30012 40113 57004 71022 84435 333 91000
 91102=
 27083 42584 20000 10089 20076 39896 40112 57002 82500 333 91000
 91101=
 27097 42/// /3401 10090 20089 39863 40117 57007 333 91001 91102=
 27185 42/// /0000 10101 20096 39936 40113 58004 333 91000 91101=
 27199 42998 00000 10108 20101 39924 40114 57007 333 91000 91102=
 27281 42984 61101 10121 20093 39910 40108 57005 81035 333 91002
 91103=
 27283 41997 23401 10093 20090 39960 40111 57007 71111 80001 333 91001
 91102=
 27295 42/// /0301 10121 20095 39871 40113 57002 333 91002 91102=
 27296 42997 20000 10120 20101 39898 40107 57011 80001 333 91001
 91102=
 27385 419// 50000 10094 20087 39985 40110 57006 71122 82031 333 91000
 91102=
 27393 42998 60101 10139 20113 39943 40105 57014 82039 333 91002
 91103=
 27480 41998 30000 10095 20095 39986 40111 57005 71111 82031 333 91000
 91102=
 28007 42999 80301 10146 20082 39869 40118 58007 81035 333 91001
 91102=
 28009 42498 70000 10146 20108 39920 40120 57008 84930 333 91001
 91101=
 28105 42998 30000 10119 20107 39923 40114 58008 83030 333 91000
 91101=
 28202 42597 50000 10148 20124 39894 40103 58013 83930 333 91000
 91103=
 28302 42997 60201 10142 20112 39882 40099 58016 86030 333 91003
 91104=
 28307 42598 72902 10142 20100 39956 40093 58018 84531 333 91003
 91103=
 28402 41580 83303 10149 20128 39914 40084 57021 71322 86335 333 91005
 91105=
 28502 41596 82702 10163 20128 39979 40077 56014 78022 889// 333 91004
 91107=
 22550 82972 00000 10018 20014 30125 40135 57002=
 22778 42998 30302 10067 20027 30056 40124 57005 83070=
 22889 42/// /0901 10101 20101 30034 40118 58003=
 22762 82998 50000 10075 20041 30084 40122 58007 80039=
 22638 NIL=
 22671 NIL=
 22456 42997 10000 11005 21005 30051 40139 52005 81040=
 22583 42998 02802 10076 20010 30058 40136 52011=
 22749 NIL=
 22951 NIL=
 22887 41597 80000 10128 20113 30051 40118 58004 70282 8395/=
 22876 42597 62701 10112 20110 30048 40118 54001 86900 333 86920=
 22481 42/// /1701 10026 20026 30088 40141 51016=
 22854 42/// /3402 10072 20041 39831 40113 57012=
 22781 NIL=
 22676 41897 20000 10038 20033 30059 40136 52005 71100 81041=
 22648 NIL=
 22559 42/// /0601 10080 20041 30120 40137 54001=
 22869 42997 30501 10083 20042 39972 40116 57006 80030=
 22768 42897 50601 10062 20034 30067 40116 57008 85070=
 22798 42598 70401 10117 20100 30018 40126 52003 85930=
 22375 NIL=
 23207 NIL=
 23215 NIL=
 23219 NIL=
 27095 NIL=
 22408 42599 83602 10038 20026 30001 40150 52005 885// 333   88623=
 22511 42698 70102 10047 20026 30020 40140 52006 82579=
 22529 42999 00000 11008 21015 30126 40133 52001=
 22602 42476 63301 10057 20008 39915 40137 52006 86500 333   86618=
 22621 83/70 /0000 10012 20001 39996 40136 52004=
 22619 42998 02602 10024 20012 39973 40132 52003=
 22721 42998 03002 10022 20011 30033 40131 52001=
 22727 86/70 /3001 10041 20024 30084 40132 54000=
 22717 83/70 /0402 10042 20025 39944 40136 52002=
 22802 42598 70601 10038 20023 30118 40141 52004 87900 333   87931=
 22820 41798 72703 10041 20022 39997 40132 52001 78082 84930 555  
 50060=
 22831 42997 70401 10081 20004 30064 40118 57001 86031=
 22805 41498 70000 10029 20027 30121 40141 54000 78082 86930=
 22912 42584 10701 11011 21018 30114 40129 57001 81500=
 
