21:31:00 MSK 19.01.2023
020 123456/=о000=1831
 унту01 бтул 191800
 22686 41598 81604 11027 21055 30081 40183 53003 73631 8657/ 333 86621=
 22695 42598 81604 11031 21069 30027 40183 57004 885// 333 88620=
 22996 42998 71903 11077 21127 30093 40288 53012 87070 333 91111=
 23220 42599 30404 11134 21147 30130 40282 57007 81530=
 23226 42460 81403 11102 21108 30060 40287 58003 885// 333 88616 93401=
 23305 42984 71705 11045 21066 30150 40178 57008 87070=
 23320 66/// /1601 11063 21088 30189 40265 57008 60002 333 11060=
 23324 42581 81101 11072 21089 30185 40266 57011 885// 333 88632=
 23405 42997 61406 11058 21080 30082 40185 57007
 86030 333 91111 93401=
 23410 66/// /1407 11062 21084 30141 40241 56009 60002 333 11062 91010 91110=
 23411 41999 81707 11061 21070 30119 40211 57014 70273 8807/=
 23412 41499 81706 11060 21079 30137 40238 57010 70272 8575/ 333 91010 91110=
 23416 NIL=
 23418 41465 61604 11060 21087 30180 40256 57002 70272
 86500 333 86614=
 23501 NIL=
 23503 41998 81905 11058 21085 30172 40223 55000 70232 8807/ 333 91111=
 23507 86/// /1802 11085 21087 39893 40217 55004=
 23509 41998 01604 11071 21091 30155 40237 58005 70231=
 23514 42997 81704 11076 21087 30044 40250 57002 86075=
 23518 41496 81805 11057 21072 30186 40282 58003 78583 889//=
 23606 42960 51703 11084 21099 30073 40253 58008
 85030=
 23612 NIL=
 23701 42978 61903 11047 21067 30101 40235 55000 80004=
 23704 66/// /1703 11049 21060 39926 40039 55004 60002 333 11046=
 23707 82998 81803 11033 21071 30104 40240 52003 8807/=
 23708 42984 81705 11066 21099 30112 40268 54000 84031=
 23709 42998 41702 11078 21090 30090 40293 57005 80001=
 23711 42998 81703 11088 21103 30118 40296 58007 85035=
 23803 42999 01602 11096 21122 30111 40301 57005=
 23804 82997 81903 11051 21091 30105 40255 53006 85031=
 23807 42997 81906 11062 21097 30105 40274 53006 8807/ 333 91110=
 23808 NIL=
 23812 42997 41902 11086 21111 30155 40327 58008 82032 333 934//=
 23904 42982 81704 11086 21131 30133 40299 54000 8801/=
 23905 42999 81702 11100 21137 30079 40320 57001 80007 555 51087=
 23909 42998 21903 11106 21144 30081 40342 57003 80001=
 23912 42/// /1704 11111 21138 30155 40360 55001 555 51097=
 23913 42999 33202 11099 21142 30131 40375 52008 83030 555 51094=
 23914 82998 01604 11134 21158 30089 40366 57001=
 28013 42998 21703 11117 21164 30104 40352 57010 80001 555 51091=
 28016 42/// /1702 11111 21164 30119 40361 55006 555 51088=
 28029 42999 01603 11122 21166 30149 40385 57001 555 51099=
 28116 42999 01902 11129 21170 30126 40375 57008=
 28128 42999 21704 11118 21173 30228 40393 57003 80001 555 51113=
 28134 42998 00000 11168 21185 30031 40417 52003 555 51127=
 28138 43/// /2101 11143 21183 39809 40425 52005=
 28216 42999 01904 11117 21173 30078 40398 57004 555 51119=
 28222 42/// /1704 11110 21172 30194 40404 50000 555 51102=
 28224 42970 01701 11118 21174 30179 40409 57001=
 28234 42998 01703 11113 21188 30126 40426 53007 555 51110=
 28238 42999 00000 11190 21213 30103 40440 52005 555 51131=
 28313 42/// /1603 11134 21182 30200 40408 58004 555 51131=
 28319 42999 00000 11177 21196 30244 40425 54000=
 28321 42999 01904 11130 21181 30192 40413 54000=
 28324 42/// /0701 11153 21203 30290 40423 54000 555 51151=
 28326 42998 20000 11136 21191 30226 40430 52003 80001 555 51126=
 28413 42999 00000 11109 21179 30284 40416 50001 555 51127=
 28428 42998 03201 11211 21241 30242 40449 52005 555 51188=
 28429 42/// /2101 11108 21175 30002 40445 53003 555 51107=
 22983 42584 81802 11039 21079 30138 40247 52011 8657/ 333 91005
 91106=
 27083 42584 71904 11069 21115 30044 40277 52003 87500 333 91008
 91110=
 27097 41598 71604 11089 21123 30032 40309 53003 73632 87500 333 91008
 91110=
 27185 42/// /1602 11072 21131 30115 40308 53005 333 91006 91108=
 27199 42598 61703 11097 21147 30128 40338 52007 86500 333 91005
 91109=
 27281 42484 81505 11061 21129 30083 40300 52006 885// 333 91007
 91108=
 27283 42497 51704 11088 21144 30148 40313 53007 82530 333 91007
 91109=
 27295 42997 51702 11107 21152 30072 40341 55001 80005 333 91004
 91107=
 27296 42997 81604 11108 21159 30108 40341 57003 8807/ 333 91007
 91109=
 27385 429// 31604 11089 21143 30190 40326 57005 83030 333 91005
 91108=
 27393 42998 21806 11108 21156 30177 40360 58005 80001 333 91008
 91109=
 27480 42598 81603 11070 21140 30189 40324 57007 85531 333 91006
 91108=
 28007 42999 01703 11109 21154 30054 40334 52001 333 91007 91108=
 28009 42998 01803 11110 21165 30123 40347 57003 333 91006 91110=
 28105 42998 01902 11105 21157 30130 40343 53001 333 91004 91108=
 28202 42997 21806 11122 21168 30126 40364 58004 80001 333 91007
 91109=
 28302 42997 01503 11111 21165 30132 40378 54000 333 91004 91106=
 28307 42998 21402 11132 21168 30212 40368 57002 80001 333 91003
 91103=
 28402 42984 71905 11070 21170 30187 40376 58003 80005 333 91008
 91110=
 28502 42997 01704 11089 21183 30285 40395 53003 333 91006 91107=
 22550 81469 81505 10008 21013 30029 40039 57008 70282 886// 333 88615
 91010 91111=
 22778 42598 81705 11014 21044 30111 40181 52005 885//=
 22889 42498 81403 11029 21063 30153 40242 52008 885// 333 88616
 93499=
 22762 41497 81505 11003 21021 30085 40124 55001 73632 8677/ 333 91013
 91113=
 22638 46/// /1904 10007 21002 39772 49995 52008=
 22671 41498 81804 11017 21033 30039 40119 55001 70232 885// 333 88614
 91112=
 22456 41496 81503 11008 21008 39955 40043 58007 77187 8872/ 333
 91111=
 22583 42584 81603 11039 21062 30065 40147 57005 8657/=
 22749 41498 82006 10027 20007 39953 40077 53011 70282 889// 333 88918
 91013 91114=
 22951 42498 82205 11002 21008 39853 40137 52013 886//=
 22887 42597 81705 11009 21051 30142 40213 53006 8655/ 333 
 86627 91010 91111=
 22876 42597 81604 11008 21040 30124 40198 52005 885// 333 88622=
 22481 41998 81608 11019 21029 30051 40105 54000 73632 8807/ 333 91011
 91118=
 22854 41398 81906 10009 20001 39820 40109 52008 70282 886// 333 88707
 91011 91114=
 22781 NIL=
 22676 42598 81606 11020 21047 30069 40148 57003 885// 333 91111=
 22648 42/// /1706 10025 20024 39999 40045 52002 333 91011 91114=
 22559 42598 81705 10004 21022 30047 40063 58006 8553/ 333 85632 91010
 91112=
 22869 42498 81605 11016 21043 30033 40185 51005 885// 333 88613=
 22768 41497 81807 11005 21028 30088 40138 57005 70273 885// 333 88619
 91011 91112=
 22798 42597 81503 11030 21060 30111 40226 53003 885// 333 88620=
 22375 46/// /1911 11011 30049 40064 57003 333 91116=
 23207 NIL=
 23215 42498 81305 11070 21090 30137 40230 57015 885// 333 88619=
 23219 NIL=
 27095 66/// /1504 11090 21126 30078 40320 53005 60002 333 11048=
 22408 11240 83203 11026 21031 39785 49934 54000 60072 77172 8872/
 333   11005 88504=
 22511 11221 82801 11010 21014 39804 49924 52002 60102 77172 8872/
 333   11003 88704=
 22529 11596 81806 10020 20001 39952 49959 54000 60022 72682 889//
 333   10021 88920 91110=
 22602 11359 82802 11012 21017 39718 49942 52025 60082 77172 8872/
 333   11006 88508=
 22621 12498 81707 10011 21003 39816 49954 52011 60042 889// 333  
 10016 88915 91010 91112=
 22619 11396 81602 10003 21004 39792 49949 52015 60042 77172 8872/
 333   10009 87709=
 22721 11396 81502 10005 20005 39880 49977 52015 60062 78582 889//
 333   10013 85708=
 22727 12469 82007 10015 21004 39957 40004 52027 60012 886// 333  
 10026 88714 91011 91112=
 22717 11295 82205 10004 21004 39805 49997 52049 60052 77100 8872/
 333   10010 86705 91011 91111=
 22802 11496 82404 10013 21005 30000 40023 52081 60102 78082 889//
 333   10028 91111=
 22820 11497 82207 10010 21007 39881 40016 52035 60042 77176 8452/
 333   10024 91014 91114=
 22831 11697 72105 10025 21014 30003 40058 52028 60042 70282 87900
 333   10033 87933 91010 91113=
 22805 125// 52409 10015 20006 30020 40040 52078 60032 84530 333  
 10028 91012 91118=
 22912 11584 82208 10016 21006 30048 40063 52056 60022 70262 885//
 333   10037 88620 91016 91117=
 
