09:31:00 MSK 05.03.2023
020 123456/=о000=0631
 унту01 бтул 050600
 22686 42998 00000 11256 21284 39919 40028 57001 333 21315=
 22695 42/// /2301 11262 21304 39848 40016 54001 333 21292=
 22996 41597 80401 11121 21134 39766 49958 57005 78582 8597/ 333 21147=
 23220 42999 00603 11242 21271 39897 40052 57003=
 23226 42960 00000 11264 21289 39821 40057 57004=
 23305 41975 81803 11117 21134 39984 40013 56002 77172 8807/=
 23320 66/// /3301 11299 21347 39966 40047 57003 60002 333 21358=
 23324 42983 00402 11285 21317 39963 40049 57006=
 23405 41957 81102 11153 21166 39917 40021 54000 77172 
 8802/=
 23410 66/// /0701 11221 21249 39935 40040 57002 60002 333 21318=
 23411 42999 62101 11213 21234 39938 40035 54001 80006=
 23412 42999 00000 11210 21234 39935 40040 57001=
 23416 NIL=
 23418 41957 30000 11269 21293 39958 40039 57003 71041
 82031=
 23501 NIL=
 23503 42998 32101 11272 21314 39981 40036 54001 80005=
 23507 NIL=
 23509 42998 20000 11252 21294 39949 40034 57004 80001 333 21334=
 23514 42997 00501 11194 21219 39814 40224 57008=
 23518 42998 00101 11230 21261 39931 40031 57002 555 53003=
 23606 42962 00201 11226 21244 39839 40027 54000
 333 21268=
 23701 42976 40401 11214 21237 39883 40023 56001 82049=
 23704 66/// /3302 11221 21235 39926 40039 55004 60002 333 21308=
 23707 82998 20801 11200 21225 39859 40000 54000 81041 333 21242=
 23708 42984 23602 11189 21216 39844 40003 57001 80001 333 21233=
 23709 41998 83601 11192 21225 39800 40006 54001 70271 84075 333 21255=
 23711 41598 20102 11160 21189 39823 40001 54000 72682 82900 333 21202 =
 23803 41997 81001 11147 21183 39811 40000 53001 77072 8802/=
 23804 81996 70301 11177 21200 39837 49991 57002 77171 85029=
 23807 41997 60102 11162 21175 39813 49983 56001 72272 86070=
 23808 86/// /0000 11130 21145 39810 49984 54001=
 23812 42/// /0000 11126 21163 39822 49991 52010=
 23904 41570 80201 11117 21129 39809 49971 57004 70272 8257/=
 23905 41599 80302 11114 21128 39741 49976 57003 77172 885//=
 23909 41497 80802 11131 21148 39730 49984 52001 77174 8651/ 333 21136
 93609=
 23912 42498 72901 11071 21084 39788 49983 52003 87500 333 21077=
 23913 41997 71402 11054 21078 39753 49984 52004 78587 87900=
 23914 81/93 90101 11084 21095 39718 49980 52001 74344 333 21094=
 28013 41898 80302 11104 21122 39740 49977 54001 70242 8802/=
 28016 41599 80701 11057 21068 39740 49968 57001 72222 885// 333
 93502=
 28029 41598 81301 11032 21048 39750 49969 57002 77022 8352/=
 28116 41495 80000 11034 21038 39731 49964 57001 77372 8807/=
 28128 41897 80702 11037 21052 39810 49964 57008 77172 86075=
 28134 41598 81202 11032 21058 39619 49969 57007 70272 8453/=
 28138 41596 81202 11048 21057 39411 49979 57003 78582 883//=
 28216 41899 81602 11031 21046 39660 49957 57003 77172 8802/=
 28222 41896 81602 11025 21045 39769 49963 57006 77172 8807/ 333
 21064=
 28224 41550 81703 11019 21036 39749 49961 57002 78587 889//=
 28234 41597 81803 11017 21045 39696 49973 54001 77172 885//=
 28238 41897 81501 11028 21045 39679 49982 54001 77172 8802/=
 28313 41496 81602 11024 21042 39766 49957 57004 77172 8671/ 333
 93400=
 28319 41496 82002 11009 21027 39802 49964 53001 77177 8802/=
 28321 41897 81801 11033 21041 39758 49961 54001 77172 8802/ 333
 21048=
 28324 41897 81803 11006 21033 39844 49964 52003 77172 8802/=
 28326 41596 82005 11015 21039 39786 49972 52003 77172 8802/=
 28413 41499 81803 11004 21031 39840 49961 57002 72272 887//=
 28428 41597 81905 11020 21047 39797 49982 52005 78587 889//=
 28429 41496 82003 11031 21049 39578 49990 52003 77372 8872/ 333
 21036=
 22983 41568 80602 11119 21142 39854 49963 57006 77172 8257/ 333 21130
 91004 91104=
 27083 41958 80802 11075 21093 39710 49935 57006 77172 8807/ 333 21082
 91003 91105=
 27097 41498 80602 11064 21071 39672 49936 57006 70272 886// 333 91003
 91104=
 27185 42598 80601 11040 21046 39735 49918 57008 8552/ 333 91003
 91105=
 27199 41298 80801 11045 21051 39729 49926 57011 77172 8872/ 333 91003
 91105=
 27281 41427 80803 11043 21049 39696 49903 57013 77372 8872/ 333 91005
 91106=
 27283 42998 81003 11068 21076 39767 49926 57009 8807/ 333 91004
 91105=
 27295 42598 80702 11038 21049 39664 49916 57014 885// 333 91004
 91104=
 27296 42568 81402 11036 21050 39703 49920 57013 885// 333 91003
 91104=
 27385 414// 80702 11019 21035 39764 49891 57018 70272 8675/ 333 91003
 91104=
 27393 41494 80902 11029 21037 39753 49923 57013 77572 8777/ 333 91003
 91103=
 27480 41450 80805 11017 21030 39749 49876 57026 78582 889// 333 91007
 91107=
 28007 41359 80801 11055 21066 39681 49945 57005 71072 886// 333 88709
 91002 91103=
 28009 41441 80301 11060 21084 39743 49955 57004 78582 8697/ 333 91003
 91103=
 28105 41438 80502 11041 21051 39734 49934 57010 77372 8872/ 333 91003
 91105=
 28202 41959 81302 11038 21055 39711 49933 57008 77172 8807/ 333 91004
 91105=
 28302 41998 81503 11020 21041 39704 49931 57008 70272 8807/ 333 91005
 91105=
 28307 41496 81103 11018 21032 39773 49915 57015 71082 886// 333 91006
 91106=
 28402 41562 81503 11012 21024 39747 49924 57013 77172 8257/ 333 91005
 91105=
 28502 41996 81404 11006 21028 39823 49926 57015 77072 8802/ 333 91006
 91107=
 22550 82997 00000 11198 21223 30011 40022 52007 333 21247=
 22778 42998 00202 11161 21184 39920 49994 54000 333 21188=
 22889 41497 30502 11153 21174 39888 49979 54001 72271 82530 333
 21155=
 22762 42998 00601 11159 21172 39962 40003 52007 333 21231=
 22638 46/// /0901 11100 21126 39752 49983 52006=
 22671 42998 00401 11189 21201 39940 40024 52004 333 21268=
 22456 42997 80000 11239 21267 39942 40038 52004 86031=
 22583 41597 70000 11174 21197 39942 40028 57002 78582 85970=
 22749 42598 60703 11111 21137 39844 49973 52006 86500 333 21111=
 22951 41497 71003 11088 21108 39665 49952 57001 78582 86930=
 22887 41497 80202 11157 21170 39910 49984 53005 78581 86931 333 21186 85710=
 22876 41996 80501 11171 21186 39910 49989 53002 77171 8802/=
 22481 41698 70000 11144 21158 39969 40025 57003 70282 82570 333
 21159=
 22854 42498 60603 11117 21132 39669 49968 53002 82630 333 21118=
 22781 NIL=
 22676 42998 00000 11270 21299 39939 40025 57001 333 21328=
 22648 42998 00501 11149 21168 39950 49999 52008 333 21157=
 22559 42998 00702 11189 21209 30008 40026 52007 333 21245=
 22869 42497 60604 11117 21137 39809 49963 57002 85530 333 21122
 85618=
 22768 42897 20604 11171 21193 39935 49988 52005 82030 333 21189=
 22798 42997 02301 11177 21201 39882 40002 54000 333 21237=
 22375 46/// /2603 11107 30006 40022 57003=
 23207 41496 82602 11071 21086 39967 49990 57001 78587 86901=
 23215 42998 60501 11244 21275 39942 40040 57003 80001=
 23219 NIL=
 27095 66/// /0503 11069 21075 39719 49951 57005 60002 333 21082=
 22408 11545 70000 11152 21170 39849 40007 52005 69932 78582 86939
 333   21197 47054 86929 93502=
 22511 13514 80000 11229 21255 39876 40008 52006 60002 8357/ 333  
 21257 47046 93505=
 22529 12599 71002 11098 21115 39989 49996 52010 60002 85532 333  
 21169 48030 85630=
 22602 11477 60101 11117 21130 39750 49984 52005 69902 70272 83530
 333   21117 47056=
 22621 11798 70501 11092 21108 39840 49983 52005 69932 722// 87500
 333   21104 47063 87655=
 22619 11459 80301 11095 21112 39810 49973 52005 69922 78582 889//
 333   21105 47053 88915=
 22721 11598 71201 11085 21101 39872 49973 52006 69902 70287 87500
 333   21104 47074 87629=
 22727 12570 80702 11080 21098 39913 49962 52008 60022 884// 333  
 21080 48035 88732=
 22717 12598 70303 11068 21084 39757 49954 52002 60022 87500 333  
 21068 47068 87628=
 22802 11567 80302 11052 21075 39926 49950 52002 60022 78582 889//
 333   21054 47051 86921=
 22820 11358 80804 11074 21090 39816 49955 52007 69992 77072 885//
 333   21074 47037 87608=
 22831 12998 60702 11079 21106 39899 49955 52006 60002 86030 333  
 21091 47084=
 22805 11598 80201 11040 21054 39925 49945 53006 69962 77072 8752/
 333   21040 48008=
 22912 11430 80402 11041 21056 39920 49935 52004 69922 78581 8697/
 333   21044 47040 84914=
 
