06:31:00 MSK 19.12.2023
020 123456/=о000=0331
 уйту01 бтул 190300
 22686 11597 82202 11034 21043 39834 49934 51006 60012 77172 8457/ 333 21082 47036 55000 84622 555 53005 7003/=
 22695 11998 72503 11056 21073 39766 49920 52008 69992 70272 87030 333
 21106 47038 555 53004 7002/=
 22996 11497 82402 11033 21033 39797 49983 52011 69932 76875 886// 333 21059 43031 55000 85711 93400 555 53007 7002/ 91207=
 23220 11598 81308 11126 21172 39843 49990 57002 60002 73732 8357/ 333 21146 47012 55000 91014 91117 555 53017 7990/=
 23226 11560 81609 11120 21172 39766 49988 57009 60002 73632 8555/ 333
 21160 47013 85631 91014 91118 555 53018 7992/=
 23305 11961 81903 11108 21127 39877 49905 58004 69942 77172 8807/ 333
 21117 47025 555 53008 7002/=
 23320 76/// /1202 11118 21175 39886 49961 57005 333 21147 60002 555 53004 7000/=
 23324 12980 71303 11119 21180 39889 49969 57006 60002 84071 333 21122
 49019 55000 555 53008 7000/=
 23405 11996 81403 11118 21131 39808 49909 58004 69972 
 77172 8802/ 333 21121 47034 55000 555 53008 7002/=
 23410 76/// /1405 11124 21149 39841 49941 57007 333 21134 60002 555 7000/=
 23411 11498 81804 11119 21133 39830 49922 56006 69972 77172 8802/ 333
 21133 49034 555 57006 7001/=
 23412 11997 81705 11124 21142 39839 49939 57006 69972 77172 8807/ 333 21128 47031 55000 555 53010 7001/=
 23416 NIL=
 23418 11460 81503 11123 21143 39873 49949 57006 69942 77072
 8552/ 333 21132 47038 55000 85619 555 53009 7997/=
 23501 NIL=
 23503 11997 81802 11103 21123 39871 49922 57003 60022 77072 8802/ 333 21116 47035 555 53009 7002/ 91210=
 23507 86/// /2201 11121 21129 39604 49923 52003 333 21135 555 53005=
 23509 11396 82004 11098 21139 39845 49925 57008 60012 8872/ 333 21118
 48041 86707 555 53006 7003/=
 23514 11496 81603 11116 21131 39735 49938 57001 60022 77172 887// 333 21120 47046 55000 86712 555 53006 7003/=
 23518 11496 81404 11133 21159 39864 49959 57004 69962 77173
 8600/ 333 21140 48033 55000 86619 555 51126 7001/ 91210=
 23606 11960 81802 11121 21136 39761 49932 52001 60012 77172 8802/ 333 21122 47029 55000 555 53006 7003/=
 23612 11460 81302 11113 21131 39816 49954 57004 60012 77172 8552/ 333 21116 47027 85611 555 53007 7002/=
 23701 11457 82101 11082 21091 39808 49940 52012 60022 78582
 8597/ 333 21110 47035 85914 555 5110 53004 7003/ 91205=
 23704 76/// /0000 11063 21063 39452 49567 52042 333 21107 60002 555 51101 7000/=
 23707 61597 82703 11045 21051 39812 49945 52016 60022 76876 8652/ 333 21104 47030 55000 86626  934//  555 53004 7003/=
 23708 11357 82202 11070 21082 39793 49944 52010 60022 77172 8872/ 333
 21105 48031 86708 555 53005 7003/=
 23709 11397 81401 11098 21119 39752 49949 52003 60012 77172 8677/ 333
 21110 47031 86708 555 53004 7002/=
 23711 11497 81701 11118 21132 39779 49953 57002 60012 78582 8697/ 333 21119 47030 55000 85713 555 53006 7002/=
 23803 11499 81401 11081 21102 39774 49957 53006 60022 70272 8802/ 333 21103 47030 55000 88511 555 53005 7004/=
 23804 61496 82702 11028 21035 39806 49951 52017 60022 78582 8697/ 333 21096 47027 55000 86914 555 53006 7003/=
 23807 11496 62503 11040 21040 39807 49969 52017 60012 71082 83931 333
 21088 47020 55000 93402 555 53007 7002/=
 23808 66/// /2204 11034 21034 39791 49959 52012 60002 333 21101 555 7000/=
 23812 11496 81501 11106 21124 39798 49965 57003 69992 77172 84722 333
 21107 47031 934// 555 53005 7001/=
 23904 11473 82702 11029 21035 39822 49979 52016 60022 72272 885// 333
 21079 47030 88613 555 53007 7003/=
 23905 11596 82403 11036 21045 39741 49968 52013 69982 77172 885// 333
 21100 47034 555 53007 7002/=
 23909 11496 82303 11045 21053 39723 49969 52005 60012 77172 8652/ 333
 21098 47031 55000=
 23912 11496 81802 11081 21094 39779 49975 56004 60022 77172 8802/ 333
 21095 47025 555 53008 7003/=
 23913 11997 81501 11099 21120 39755 49991 57006 69932 77072 8802/ 333
 21112 47024 55000 555 53005 7995/=
 23914 11494 81903 11077 21087 39714 49975 57004 60022 77587 8802/ 333
 21102 47032 55000=
 28013 11897 82103 11049 21064 39743 49975 52004 60022 77172 8802/ 333
 21104 47030 555 53008 7003/=
 28016 12599 82302 11039 21043 39759 49984 52006 69962 885// 333 21097
 47036 555 53005 7004/=
 28029 11495 82003 11050 21061 39769 49991 54000 60012 77372 8872/ 333
 21090 47025 55000 555 53007 7002/=
 28116 11496 82403 11040 21050 39763 49995 52006 69932 77022 8677/ 333
 21093 47035 55000=
 28128 11596 82102 11041 21049 39849 40004 52003 69972 77172 8802/ 333
 21087 47029 55000 555 53006 7001/=
 28134 11598 81901 11061 21073 39654 40009 52002 60022 70272 885// 333
 21094 47035 555 53006 7003/=
 28138 11596 81903 11080 21088 39442 40020 54000 60022 78582 883// 333
 21110 47041 55000 93646=
 28216 11596 82103 11038 21046 39714 40013 52007 60012 77172 8872/ 333
 21072 47033 555 53007 7002/=
 28222 12597 82003 11037 21047 39814 40010 52002 69952 886// 333 21079
 47026 555 53007 7002/=
 28224 11570 82103 11032 21049 39804 40018 52004 69992 78587 889// 333
 21075 47035 55000=
 28234 11597 82004 11056 21076 39745 40027 52003 69992 77072 885// 333
 21088 47032 555 53007 7003/=
 28238 11596 82003 11061 21080 39724 40032 54001 69942 77172 885// 333
 21098 47036 55000 555 53007 7999/=
 28313 11896 82102 11029 21045 39830 40023 54001 69962 77172 8802/ 333
 21058 47034 555 53007 7002/=
 28319 11496 82502 11028 21039 39871 40035 52004 60022 77177 8802/ 333
 21054 47038=
 28321 11596 82203 11032 21042 39816 40021 52005 60012 77172 8802/ 333
 21069 47042=
 28324 11896 82303 11024 21042 39910 40031 53006 60012 77172 8807/ 333
 21053 47034 555 53007 7002/=
 28326 11596 82104 11045 21060 39841 40030 54000 69942 77172 8802/ 333
 21070 47036 55000 555 53008 7999/=
 28413 11596 82202 11023 21044 39916 40039 53005 69932 77172 8657/ 333
 21035 47031 555 53007 7002/=
 28428 11596 82103 11032 21049 39860 40047 53002 60012 77172 8802/ 333
 21071 47039 555 53007 7002/=
 28429 11595 82203 11053 21064 39636 40054 52002 60012 77372 8802/ 333
 21083 47040 555 53008 7002/=
 22983 11584 82603 11027 21043 39881 49986 52011 69942 70252 885// 333
 21036 43028 55000 91005 91106 93401 555 53007 7001/=
 27083 12584 82503 11033 21055 39774 49997 52009 69912 885// 333 21036
 47027 91005 91105 93401 555 53007 7001/=
 27097 12498 72702 11033 21050 39745 40008 52013 69972 87900 333 21035
 47024 91003 91105 555 53006 7002/=
 27185 12698 82201 11022 21032 39835 40019 52012 60002 885// 333 21022
 47026 91003 91104 555 53005 7000/=
 27199 11598 82402 11021 21031 39820 40017 52015 60012 70282 8435/ 333
 21026 43030 55000 91004 91106 93401 555 53007 7002/=
 27281 12484 82503 11022 21038 39823 40031 52013 69902 885// 333 21024
 47020 91004 91106 555 53006 7993/=
 27283 12497 82603 11020 21036 39869 40026 52013 69922 885// 333 21020
 43027 91006 91106 93401 555 53007 7001/=
 27295 12596 82401 11027 21040 39817 40058 52045 60012 885// 333 21027
 43025 91002 91105 93402 555 53007 7004/=
 27296 12497 82602 11022 21041 39805 40024 52014 60012 8802/ 333 21027
 43030 55000 91005 91106 93401 555 53006 7002/=
 27385 124// 82502 11019 21043 39917 40046 52015 69922 8675/ 333 21019
 47021 91004 91106 555 53007 7001/=
 27393 11598 82504 11022 21036 39868 40039 52016 69932 70272 8652/ 333
 21022 47029 55000 91005 91107 555 53009 7997/=
 27480 12498 82601 11019 21039 39928 40057 52014 69922 885// 333 21021
 47026 91003 91104 555 53006 7994/=
 28007 12499 82802 11033 21052 39740 40002 52014 60012 86505 333 21054
 47028 55000 86619 91004 91107 555 53007 7002/=
 28009 12498 82602 11029 21048 39786 49996 52015 60012 885// 333 21070
 47035 91004 91105 93400 555 53005 7002/=
 28105 12598 82502 11026 21034 39814 40008 52016 60022 885// 333 21042
 47035 91004 91105 555 53006 7003/=
 28202 11996 82602 11026 21040 39789 40011 52012 60022 77172 8807/ 333
 21043 47036 91005 91106 555 53006 7004/=
 28302 11596 82402 11026 21034 39796 40026 52014 60022 78582 889// 333
 21037 43031 91004 91104 93401 555 53005 7003/=
 28307 11498 82302 11019 21042 39896 40041 52015 69932 70271 885// 333
 21019 47029 91004 91105 555 53006 7001/=
 28402 11466 82502 11020 21031 39859 40039 52015 69962 77172 8367/ 333
 21024 47029 91003 91106 93400 555 53008 7002/=
 28502 11597 82605 11017 21041 39944 40048 52012 69982 72682 889// 333
 21022 44023 55000 91006 91107 555 53008 7002/=
 22550 12469 82202 11026 21028 39902 49912 57009 69932 886// 333 21027
 47029 55000 88616 555 53008 7004/=
 22778 11496 82402 11027 21035 39889 49958 52002 69942 77172 8657/ 333
 21027 47029 55000 86614 555 53008 7003/=
 22889 12498 72303 11026 21036 39892 49979 52012 69982 87800 333 21041
 47024 86816 555 53007 7001/=
 22762 11396 82101 11024 21028 39909 49948 52005 69932 77177 8872/ 333
 21024 47035 555 53009 7993/ 91209=
 22638 46/// /2402 11024 21031 39709 49933 57016=
 22671 12497 82701 11034 21041 39846 49925 52002 69942 885// 333 21035
 47038 55000 88611 555 53007 7004/=
 22456 11596 82401 11029 21054 39814 49902 57002 69902 78582 889// 333
 21032 47045 555 53007 7997/=
 22583 12598 72502 11037 21048 39826 49907 54000 69902 86570 
 333 21100 47039 55000 555 53004 7001/=
 22749 NIL=
 22951 12498 82502 11020 21030 39710 49991 58009 69932 886// 333 21027
 47034 555 53009 7001/=
 22887 11597 81901 11023 21048 39904 49974 52009 69942 78582 889// 
 333 21026 47022 55000 88923 555 53008 7997/=
 22876 12597 82201 11026 21036 39898 49973 52005 69942 885// 333 21027
 47025 88620 555 53009 7998/=
 22481 11496 82404 11037 21044 39840 49893 52006 69952 77772 886// 333
 21081 48035 93402 555 53007 7001/=
 22854 12298 82304 11025 21029 39684 49972 58010 69942 8772/ 333 21033
 47033 55000 87703 555 53010 7999/=
 22781 NIL=
 22676 11496 82702 11030 21050 39851 49929 52002 69942 77172 8802/ 333
 21032 47033 93400 555 53008 7003/=
 22648 NIL=
 22559 11597 82201 11027 21038 39909 49925 57004 69952 77172 8652/ 333
 21028 47037 55000 86625 555 53008 7003/ 91211=
 22869 11498 82402 11025 21037 39840 49988 54001 69902 70272 885// 333
 21027 47030 88615 555 53008 7998/ 91208=
 22768 12497 82103 11022 21037 39907 49956 57005 60002 885// 333 21023
 47025 55000 88614 555 53007 7990/=
 22798 11497 82301 11038 21041 39841 49954 52014 60022 72272 885// 333
 21096 47030 555 53003 7003/=
 22375 46/// /2605 11051 21058 39861 49876 52001=
 23207 11496 81803 11098 21109 39863 49886 57002 69912 75652 886// 333
 21109 47035 55000 555 53007 7998/=
 23215 NIL=
 23219 NIL=
 27095 76/// /2702 11033 21033 39781 40011 52013 333 21045 60002 555 53006 7000/=
 22408 22684 61901 11022 21023 39748 49896 57014 83530 333   21061
 55000 60022 93502 555   7002/=
 22511 21584 22102 11019 21027 39783 49903 57012 70181 82500 333  
 21042 69902 555   7990/=
 22529 21598 22402 11021 21030 39904 49911 57015 70276 82500 333  
 21034 69972 93401 555   7997/=
 22602 22475 82303 11003 21014 39697 49919 57022 885// 333   21029
 55000 69932 88616 93401 555   7993/=
 22621 73569 /2304 11007 21017 39786 49924 57017 333   21043 55007
 69982 555   7998/=
 22619 22498 32404 11008 21021 39771 49928 57016 83500 333   21032
 55000 60002 555   7990/=
 22721 22597 82902 10003 21015 39847 49944 57012 889// 333   21032
 60002 86621 555   7000/=
 22727 76470 /2302 10003 21011 39914 49961 57018 333   21024 69922
 555   7992/=
 22717 73/35 /2202 11001 21004 39762 49957 57025 333   21032 69932
 555   7993/=
 22802 22498 81702 10005 20000 39936 49959 57037 886// 333   21036
 55002 60002 88710 555   7000/=
 22820 21497 82503 10001 21008 39829 49964 57018 77172 8652/ 333  
 21027 55000 69912 86611 91111 555   7991/=
 22831 21296 82301 11005 21012 39916 49971 57015 77172 8872/ 333  
 21017 55000 60022 88705 93701 555   7002/=
 22805 725// 82311 10014 20011 39944 49969 57034 885// 333   21011
 55013 60012 91013 91113 555   7002/=
 22912 21384 82102 10009 21001 39968 49983 57031 70252 886// 333  
 21003 69902 88706 555   7990/=
 
