18:31:00 MSK 01.04.2023
020 123456/=о000=1531
 уйту01 бтул 011500
 22686 12998 61602 11007 21018 39953 40052 53010 60032 85071 333 10031
 555 50001 53003=
 22695 11495 83303 11007 21020 39885 40038 52010 60042 77372 8772/ 333
 10009 87710 555 50004 53005=
 22996 11598 82002 10026 20016 39900 40084 53017 69942 70282 8592/ 333
 10046 555 50030 53009=
 23220 11599 81906 10016 21002 39894 40034 57002 60022 70282 885// 333 10025 91110 555 50012 53014=
 23226 41345 82010 10004 21004 39812 40025 57004 60052 75075 886// 333 
 10011 86707 91013 91114 92980 555 51002 53014=
 23305 12999 63401 10002 21069 30011 40039 51004 69942 83075 333 10023
 555 51002 53004=
 23320 76/// /2302 10024 20011 39964 40035 57004 333 60002 555 53010=
 23324 11456 82102 10016 20011 39959 40036 58002 60042 76162 8872/ 333
 10037 85711 555 50019 53009=
 23405 11969 70000 11013 21024 39941 40040 52003
 60052 70272 87070 333 10008 555 50002 53006=
 23410 76/// /1803 10010 20003 39932 40028 57003 333 60002=
 23411 11496 83202 10001 20001 39942 40030 52002 60082 77172 8872/ 333
 10011 555 50009 53007=
 23412 11397 82801 10007 20004 39933 40029 58002 60082 77176 8872/ 333 10016 86707 555 50016 53010=
 23416 NIL=
 23418 11560 81805 10033 20004 39967 40039 57001 60032 
 78082 8695/ 333 10040 84922 555 50030 53009=
 23503 11597 82801 10007 21001 39985 40035 52002 60072 78582 889// 333 10021 86925 555 50017 53006=
 23507 86/// /3201 11002 21002 39729 40038 53008 333 10011 555 50004 53004=
 23509 11497 81903 10021 20011 39962 40039 52003 60032 76162 8552/ 333
 10033 85616 555 50023 53008=
 23514 11497 82003 10020 20014 39850 40044 53003 60042 78082 889// 333 10029 85918 555 50020 53009=
 23518 12698 82005 10038 21015 39971 40061 53001 60022 889// 333 10048
 86642 91110 555 50035 53014=
 23606 11460 82003 10021 20014 39889 40053 52003 
 60022 78082 8697/ 333 10037 85913 555 50026 53011=
 23701 11462 81902 10018 20009 39924 40052 52006 60012 76162 8652/ 333
 10028 86614 555 50016 53008=
 23704 76/// /1902 10019 20019 39926 40039 55004 333 60002=
 23707 61498 81904 10018 20009 39925 40056 52007 60012 78082 8695/ 333 10030 86913 555 50021 53009=
 23708 11481 81903 10018 21001 39924 40072 52001 60012 72582 8695/ 333
 10039 86919 91112 555 50024 53013=
 23709 11497 81802 10024 21009 39892 40083 54000 69942 76186 885// 333
 10047 88617 555 50032 53013=
 23711 12598 81902 10036 21019 39914 40081 54000 60002 885// 333 10057 88620 555 50040 53011=
 23803 11597 82003 10034 21020 39913 40091 57002 69942 78082 889// 333 10043 88923 555 50035 53014=
 23804 11496 81903 10020 20009 39921 40065 53006 60022 78082 8692/ 333
 10038 86917 555 50030 53008=
 23807 11496 81903 10014 20006 39916 40076 53011 60012 78082 889// 333
 10031 86912 555 50027 53012=
 23808 66/// /1605 10024 20010 39920 40086 53002 60002 333 10036=
 23812 12597 81802 10051 21018 39938 40097 57005 60002 889// 333 10067
 555 50040 53013=
 23904 11366 81803 10022 20019 39938 40094 53012 60012 72582 883// 333
 10035 86709 555 50028 53009=
 23905 11599 82004 10027 21004 39878 40103 52012 69902 72582 87913 333
 10049 91110 555 53011=
 23909 11597 82005 10034 20001 39873 40116 52010 69932 78082 883// 333
 10064 91110=
 23912 11598 81804 10042 20011 39930 40120 53003 69942 72582 86931 333
 10066 91110 555 53012=
 23913 11599 82003 10041 20007 39914 40140 53003 69942 70282 889// 333
 10079 555 53009=
 23914 11498 61805 10035 20010 39870 40124 52007 69902 70162 85541 333
 10061 91111=
 28013 11598 82002 10031 20002 39892 40121 53007 69962 72582 889// 333
 10069 91111 555 53011=
 28016 11599 72103 10054 21007 39901 40122 53011 69902 78082 87900 333
 10068 91111 555 53012=
 28029 11599 81704 10041 20023 39927 40144 52003 69992 70262 8452/ 333
 10064 91110 555 53011=
 28116 12599 71903 10059 21014 39903 40130 52008 60002 87900 333
 10070=
 28128 11899 81901 10028 20011 30002 40155 52006 69992 70262 82039 333
 10050 555 53008=
 28134 11598 81802 10029 20018 39822 40171 52011 60042 70262 885// 333
 10048 555 53007=
 28138 11596 81904 10011 20005 39617 40184 52008 60172 78082 883// 333
 10024 91112=
 28216 12699 71806 10054 20004 39856 40149 53008 60002 87500 333 10074
 91010 91111 555 53012=
 28222 12598 81804 10038 20016 39968 40161 50007 60022 83551 333 10058
 555 53007=
 28224 12570 81604 10038 20017 39957 40168 52009 60022 82488 333
 10055=
 28234 11598 81703 10021 20007 39907 40186 53010 60122 72162 885// 333
 10045 555 53008=
 28238 11598 82202 10041 20027 39888 40189 53010 60092 76162 8872/ 333
 10049 91111 555 53011=
 28313 12598 71705 10055 20009 39967 40156 53010 60002 86530 333 10076
 91110 555 53011=
 28319 12598 51802 10046 20015 30012 40174 53013 69902 83504 333
 10066=
 28321 12599 61804 10039 20011 39963 40165 53007 69982 82933 333
 10053=
 28324 12699 61805 10046 20005 30053 40173 52005 60012 82440 333 10060
 555 53009=
 28326 11598 72202 10029 20018 39999 40185 52009 60092 70282 87500 333
 10051 555 53008=
 28413 12599 71504 10058 20010 30046 40167 52013 69902 86435 333 10087
 555 53010=
 28428 11599 81902 10026 20010 30012 40197 53009 60122 70262 889// 333
 10040 555 53008=
 28429 11596 82203 10020 20013 39793 40206 52014 60092 76362 8802/ 333
 10044 555 53007=
 22983 11498 81902 10026 20014 39964 40068 52014 60022 72582 8696/ 333
 10031 91004 91105 555 50019 53008=
 27083 11499 62003 10023 20006 39865 40086 52021 69952 70262 86700 333
 10026 91006 91108 555 50020 53008=
 27097 11498 71804 10019 20016 39842 40102 52022 60012 70282 87900 333
 10024 91006 91107 555 50021 53008=
 27185 11598 51701 10024 20013 39924 40107 52022 60032 70282 82330 333
 10032 91003 91105 555 50023 53007=
 27199 11598 62002 10026 20005 39925 40121 52022 69992 72582 85430 333
 10035 91004 91107 555 50027 53007=
 27281 12482 71603 10030 20012 39901 40107 52021 60012 86530 333 10037
 91004 91108 555 50023 53008=
 27283 11498 51802 10031 20011 39956 40113 52018 69942 70282 85500 333
 10044 91003 91108 555 50025 53008=
 27295 12598 61802 10029 21008 39874 40124 52020 69932 82580 333 10036
 91004 91107 555 50023 53009=
 27296 11598 61703 10029 21005 39907 40124 52018 69932 70282 83930 333
 10038 91006 91107 555 50027 53010=
 27385 125// 61903 10040 21004 39995 40122 52023 69902 85530 333 10057
 91005 91108 555 50032 53009=
 27393 12598 32203 10031 21010 39970 40140 52020 69982 82541 333 10041
 91005 91111 555 50029 53011=
 27480 12598 81902 10046 20005 30001 40128 52025 69902 885// 333 10062
 91004 91107 555 50034 53009=
 28007 11599 71902 10026 21011 39855 40115 53018 69902 70252 87500 333
 10037 87626 91005 91109 555 50026 53009=
 28009 11442 81903 10013 21002 39920 40130 52018 60012 78382 889// 333
 10053 91004 91111 555 50036 53011=
 28105 12598 61903 10022 21010 39926 40125 53020 69902 85530 333 10046
 91006 91110 555 50031 53010=
 28202 11575 62301 10021 21003 39916 40137 53024 69962 70262 85931 333
 10043 91003 91111 555 50028 53011=
 28302 12998 71902 10041 21022 39915 40142 53021 60002 87030 333 10057
 91004 91113 555 50038 53013=
 28307 12998 11802 10039 21021 39998 40141 52022 69902 80001 333 10058
 91004 91110 555 50038 53013=
 28402 11698 62004 10047 21014 39972 40149 52022 69902 70262 82575 333
 10080 91006 91112 555 50047 53015=
 28502 12598 82404 10063 21017 30055 40157 52029 60002 86901 333 10100
 91007 91110 555 50056 53014=
 22550 12997 23302 11009 21082 30059 40069 52013 60002 81031 333 10004
 555 51050 53006=
 22778 12598 61702 10006 21025 39991 40060 52015 69962 82571 333 10026
 555 51001 53003=
 22889 11496 82402 10017 20013 39982 40068 53015 60012 76186 8872/ 333 10035 88511 555 50018 53009=
 22762 12998 73301 10023 21088 30023 40062 53015 60002 80001 333 10047
 555 51019 53005=
 22638 46/// /3402 11010 21074 39855 40081 52016=
 22671 12998 50000 10012 21069 39973 40052 52013 60002 82031 333 10041
 555 51029 53004=
 22456 12998 13302 11010 21100 39967 40055 53013 60002 81080 333 10005
 555 51053 53007=
 22583 12998 33001 10008 21089 39962 40043 52008 60002 80001 
 333 10044 555 51017 53007=
 22749 NIL=
 22951 12898 83001 10033 21069 39790 40068 52015 60002 86031 333 10051
 555 51012 53005=
 22887 11496 81603 10020 20012 39982 40051 52010 60032 78082 
 8695/ 333 10028 86918 555 50018 53010=
 22876 11496 72701 10008 20005 39989 40061 53022 60062 78588 85930 333
 10021 85914 555 53004=
 22481 12998 72903 11006 21069 39994 40047 52015 60002 87070 333 10017
 555 51062 53007=
 22854 12698 83001 10022 21076 39781 40067 53016 60002 82509 333 10045
 555 51019 53006=
 22781 NIL=
 22676 12598 70000 10018 21061 39973 40050 52010 60002 82431 333 10043
 555 51017 53005=
 22648 NIL=
 22559 12998 63202 11005 21078 30051 40067 52013 60002 80001 333 10014
 555 51046 53007=
 22869 12997 72102 10019 21008 39923 40070 52019 69972 80071 333 10045
 555 50008 53007=
 22768 12697 71801 10030 21048 30010 40059 52013 60002 83530 333 10054
 555 51013 53003=
 22798 11496 82002 10016 20008 39942 40053 53010 60022 78082 889// 333
 10034 555 50019 53007=
 22375 NIL=
 23207 12999 32701 11035 21093 30016 40039 52009 60002 82031 333 10010
 555 51028 53006=
 23215 NIL=
 23219 NIL=
 27095 76/// /1903 10023 20021 39881 40108 53020 333 60002 555 50027 53008=
 22408 22699 53305 11005 21098 39950 40100 52019 85400 333   60002
 91110=
 22511 22598 73203 10003 21090 39970 40091 52016 83931 333   69902=
 22529 22599 60101 10002 21057 30076 40083 52017 83532 333   60002=
 22602 22499 63402 10008 21076 39869 40095 52013 83932 333   60002=
 22621 73769 /2802 11004 21050 39945 40085 52013 333   60002=
 22619 21980 73004 11015 21050 39925 40085 52012 70272 87020 333  
 69902=
 22721 22798 83002 10002 21067 39987 40086 52014 885// 333   60002
 88650=
 22727 76670 /3304 10011 21049 30038 40086 52016 333   60002=
 22717 73/70 /0301 10004 21054 39897 40091 52013 333   60002=
 22802 22799 60601 10021 21050 30068 40091 52010 85530 333   60002
 85655=
 22820 22670 80301 10004 21059 39946 40083 52014 885// 333   60002
 88645=
 22831 22798 73103 10023 21070 30017 40072 52014 85531 333   60002
 85655=
 22805 22598 20201 10021 21037 30083 40103 53013 82530 333   60002=
 22912 22599 73501 10029 21068 30064 40079 52012 81570 333   60002=
 
