15:31:00 MSK 19.05.2023
020 123456/=о000=1231
 унту01 бтул 191200
 22686 82598 60103 10176 20021 30126 40221 52003 84205 555 11034=
 22695 42598 63501 10171 21002 30058 40204 54000 85101 555 11025=
 22996 82599 61502 10256 20067 39999 40171 57009 84962 555 10024=
 23220 42599 62901 10093 20043 30043 40181 52019 84530 555 1/009=
 23226 42460 82504 10079 20059 39968 40178 52013 8395/ 555 1/101=
 23305 41999 43207 10098 20026 30196 40223 52032 70281 82031 333 91010
 91112 555 11021=
 23320 86/// /2902 10098 20064 30140 40211 53040 333 91110=
 23324 41550 82702 10086 20066 30132 40207 52032 78081 889// 333 85922
 555 11011=
 23405 42580 43004 10152 20040 30123 40218 52020 82201
 555 11020=
 23410 86/// /1904 10110 20080 30107 40201 52014 555 50148 53010=
 23411 41599 63004 10150 20036 30116 40201 53014 70282 85920 333
 91110 555 12015=
 23412 41598 72803 10114 20086 30111 40205 52012 78082 87300 333 85920
 555 12014=
 23416 NIL=
 23418 41665 72701 10114 20084 30144 40214 52021 72582 82930
 333 91111 555 11010=
 23501 NIL=
 23503 41598 82902 10158 20038 30165 40213 52009 70282 83106 555 11021=
 23507 86/// /3602 10155 21000 39916 40213 52009=
 23509 41598 70000 10158 20054 30143 40218 51014 70282 84903 555
 1/020=
 23514 41597 83102 10123 20087 30030 40219 52015 70282 8397/ 555 12015=
 23518 42/// /0103 10125 20086 30119 40208 50028 333 91112 555
 1/016=
 23606 41562 80202 10110 20099 30055 40217 52017 72582 8693/ 333 85921 555 11014=
 23612 NIL=
 23701 41562 80102 10119 20108 30100 40226 51010 78082 8397/ 555 11015=
 23704 86/// /3402 10128 20126 39926 40039 55004 555 53007=
 23707 81496 80204 10119 20110 30085 40213 52011 78082 8695/ 333 86913 555 11013=
 23708 41984 80303 10187 20084 30058 40199 58002 70262 8005/ 555 11017=
 23709 42698 73203 10204 20027 30015 40196 51007 83963 555 10026=
 23711 42998 62802 10235 20010 30028 40186 54000 84085 333 91110 555 11022=
 23803 42599 73203 10223 20021 30027 40195 56001 87900 333 87929 555 11023=
 23804 81597 83402 10205 20088 30053 40189 54000 70282 84951 555 11020=
 23807 42/// /1805 10223 20065 30029 40179 57007 555 1/025=
 23808 86/// /3203 10224 20049 30034 40191 52003=
 23812 42997 02002 10231 21033 30050 40201 57009 555 10031=
 23904 42570 80501 10236 20030 30037 40183 57005 8493/ 555 10024=
 23905 42599 21502 10249 21014 39976 40187 57008 82100 555 10036=
 23909 42998 11304 10226 21027 39974 40204 57008 80001=
 23912 42997 82003 10215 21023 30036 40217 57011 80001 555 10033=
 23913 42997 52001 10224 21060 30003 40218 57012 82011 555 10029=
 23914 82998 61604 10207 21031 39976 40218 57011 80001=
 28013 42998 51403 10217 21026 39992 40209 57011 80001 555 10038=
 28016 42998 21402 10223 21004 39999 40209 57009 80001 555 10036=
 28029 42999 21303 10218 21035 30011 40217 57013 80001 555 10034=
 28116 42998 61502 10212 21027 39997 40214 57011 80005=
 28128 42999 82302 10197 21007 30080 40225 57011 80001 555 10036=
 28134 42998 61901 10199 21054 39893 40225 57010 80001 555 10036=
 28138 42999 81204 10169 21090 39695 40236 57007 80005=
 28216 42999 61105 10189 21035 39937 40219 57007 80005 555 10032=
 28222 42897 81602 10196 21022 30043 40228 57008 86011 555 10023=
 28224 42969 61102 10194 21039 30024 40226 57006 80005=
 28234 42998 31602 10212 21090 39963 40225 57010 80001 555 10035=
 28238 42999 51104 10196 21072 39944 40231 57009 80001 333 91111 555
 10037=
 28313 42998 81104 10197 21039 30040 40221 57004 80005 555 10036=
 28319 42898 60902 10183 21025 30070 40225 57003 86030=
 28321 42999 51402 10184 21034 30032 40226 58002 80002=
 28324 42799 60602 10199 21067 30107 40222 57008 80009 555 10034=
 28326 42998 51502 10207 21032 30046 40222 57008 80005 555 10040=
 28413 42999 81202 10184 21014 30104 40220 57006 80009 555 10033=
 28428 42599 71404 10180 21006 30042 40218 57005 85931 555 10029=
 28429 42598 81406 10171 20030 39829 40222 55003 82571 333 91111 555
 10030=
 22983 42498 83202 10147 20110 30106 40207 52008 8697/ 333 91005 91105
 555 11022=
 27083 42599 83304 10208 20108 39968 40176 52001 889// 333 91006 91108
 555 10026=
 27097 42598 71504 10239 20036 39933 40176 57007 83161 333 91006 91109
 555 11035=
 27185 42698 81502 10232 20046 30006 40177 57011 84535 333 91003 91104
 555 10027=
 27199 42998 21302 10240 21016 30005 40188 57007 80001 333 91004 91106
 555 10044=
 27281 42582 81503 10235 20036 39982 40175 57010 82575 333 91005 91110
 555 10033=
 27283 42598 62303 10244 20004 30035 40180 57010 81131 333 91005 91106
 555 10029=
 27295 42998 30901 10235 21030 39954 40188 57008 80005 333 91003 91107
 555 10030=
 27296 42998 21602 10228 21026 39988 40191 57008 80001 333 91004 91106
 555 10038=
 27385 429// 51801 10239 20008 30062 40182 57009 80001 333 91002 91105
 555 10046=
 27393 42998 11401 10226 21012 30040 40199 57009 80001 333 91003 91105
 555 10038=
 27480 42998 31202 10235 20034 30062 40182 57009 80001 333 91005 91107
 555 10038=
 28007 42699 21601 10244 21049 39945 40189 57009 81101 333 91003 91105
 555 10035=
 28009 42998 01901 10236 21052 30004 40200 57009 333 91005 91106 555
 10041=
 28105 42598 21702 10234 21045 30008 40194 57008 82800 333 91005 91113
 555 10037=
 28202 42982 21202 10223 21018 39994 40201 57006 80001 333 91005 91107
 555 10036=
 28302 42998 30802 10222 21032 39986 40201 57009 80001 333 91005 91106
 555 10039=
 28307 42998 31202 10225 21005 30063 40198 57008 80001 333 91005 91106
 555 10038=
 28402 42998 51204 10208 20002 30035 40204 57005 80009 333 91007 91109
 555 10039=
 28502 42698 30904 10215 21018 30103 40201 57011 82401 333 91007 91107
 555 10041=
 22550 82597 73503 10094 20041 30259 40269 52015 87400 333 87629 555
 11015=
 22778 42598 60202 10169 20028 30156 40223 57001 83530 555 10026=
 22889 41496 83403 10131 20114 30129 40212 51007 78098 889// 333 88918
 555 11018=
 22762 82598 73401 10147 20051 30208 40246 52007 83270 555 11021=
 22638 NIL=
 22671 42/// /3502 10112 20071 30170 40248 52015 555 1/014=
 22456 42597 83601 10068 20009 30189 40276 52017 885// 555 11010=
 22583 42598 63402 10135 20041 30163 40241 52020 86800 
 555 11030=
 22749 42598 83102 10116 20042 30138 40260 52007 8655/ 555 11016=
 22951 42498 83402 10121 20028 39982 40256 52006 8617/ 555 1/017=
 22887 41497 83303 10114 20097 30154 40222 52006 78082 8695/
 333 85711 555 11013=
 22876 41997 60902 10129 20105 30153 40223 57002 70282 86070 555
 12017=
 22481 41598 83303 10070 20012 30211 40264 52017 70282 885// 555
 11012=
 22854 42/// /3302 10106 20037 39977 40260 52007 555 1/015=
 22781 NIL=
 22676 42698 73205 10151 20029 30158 40232 52009 87800 555 11022=
 22648 42498 73205 10116 20036 30225 40270 52010 84931 555 10022=
 22559 42598 53403 10114 20046 30249 40265 52014 84201 555 11019=
 22869 42597 63504 10161 20023 30087 40229 54001 86830 333 85829 555
 11020=
 22768 42597 73303 10151 20038 30191 40239 52003 83570 555 11024=
 22798 41497 83301 10124 20107 30114 40223 52005 78098 889// 555
 11017=
 22375 NIL=
 23207 41496 83304 10030 20020 30217 40239 52040 78082 889// 333 91110
 555 11006=
 23215 41398 82806 10072 20050 30108 40195 53027 70262 889// 333 88909
 555 14008=
 23219 NIL=
 27095 86/// /1404 10246 20013 39973 40185 57007=
 22408 42699 21404 10129 20014 30127 40273 57005 82100 555   11023=
 22511 42698 20602 10130 20002 30159 40277 57006 81102 555   11024=
 22529 41599 23602 10101 20002 30287 40294 52007 70261 82500 555  
 12019=
 22602 42599 52703 10145 21011 30059 40277 57004 83530 555   11020=
 22621 83670 /1203 10107 20008 30148 40285 54000 555   1////=
 22619 42483 11403 10097 20011 30126 40283 54000 81500 555   11023=
 22721 42598 33201 10128 20002 30189 40285 52002 83500 555   11028=
 22727 86/69 /3503 10144 20009 30238 40285 52002 555   1////=
 22717 83/70 /3302 10139 20009 30098 40287 54000 555   1////=
 22802 42599 23604 10156 20012 30271 40294 57002 82100 555   11030=
 22820 42670 63403 10128 20009 30151 40284 52002 86400 333   86643
 555   10024=
 22831 42698 73103 10117 20042 30223 40277 52010 87500 333   87642
 555   11017=
 22805 42998 02201 10114 20021 30284 40304 54000 555   10037=
 22912 42599 72404 10127 20040 30278 40293 52001 87400 333   85630
 555   11021=
 
