12:31:00 MSK 06.08.2023
010 111/=о000=0931
 уйту01 бтул 060900
 22686 82598 72604 10222 20155 30073 40166 51002 84980=
 22695 42598 62603 10222 20148 30009 40151 51001 85930 333 85922=
 22996 82599 53003 10241 20153 30008 40180 54001 85200=
 23220 42599 61104 10289 20152 39996 40123 57005 86100=
 23226 42660 51706 10287 20152 39931 40126 57005 83280=
 23305 41699 62101 10232 20160 30110 40135 52007 72998 84270=
 23320 86/// /2602 10246 20154 30063 40130 57002=
 23324 42582 62503 10264 20174 30057 40128 58001 81382=
 23405 41670 62201 10219 20167 30044 40135 52004
 71791 86930 333 84935=
 23410 86/// /2403 10222 20164 30042 40131 50001=
 23411 42599 72103 10249 20158 30045 40127 51001 86901=
 23412 42699 41302 10229 20175 30040 40129 58001 82531=
 23416 NIL=
 23418 42465 73201 10209 20172 30065 40133 58002 87800
 333 86617=
 23503 41498 62402 10250 20151 30088 40134 54001 71792 85930=
 23507 86/// /2803 10215 20152 39857 40145 52004=
 23509 42498 52302 10220 20159 30100 40172 53050 85900 333 85918=
 23514 42597 63101 10235 20168 39955 40136 52004 85309 333 84926=
 23518 82598 72302 10236 20171 30048 40133 57004 83470=
 23606 41562 52801 10242 20178 39987 40140 52002 72582 85900 333 85930=
 23701 42599 52803 10249 20150 30040 40159 50002 84301=
 23704 86/// /2903 10237 20167 30171 40280 51180=
 23707 82599 62803 10234 20160 30041 40163 52003 86400=
 23708 42598 43004 10249 20138 30017 40154 54000 84200=
 23709 82698 62804 10255 20133 39969 40146 50001 86300=
 23711 42598 63602 10240 20177 39978 40134 58002 84905=
 23803 42699 53203 10236 20165 39984 40150 51002 85200=
 23804 82597 62902 10250 20159 30032 40165 52002 86330=
 23807 42598 53103 10237 20161 30026 40175 51001 84801=
 23808 86/// /2603 10237 20157 30011 40166 52003=
 23812 41597 60601 10224 20184 39980 40130 58003 72522 86900=
 23904 42670 63003 10245 20154 30032 40176 52002 85202 333 85836=
 23905 82599 63003 10245 20148 39952 40162 54000 86800=
 23909 81598 53203 10248 20169 39924 40149 54000 72522 85300=
 23912 81598 63104 10237 20184 39956 40132 57004 72582 86900=
 23913 82599 72802 10212 20159 39921 40134 54001 85931=
 23914 82498 73103 10225 20184 39900 40137 57003 86901=
 28013 82598 63005 10243 20146 39931 40143 54001 86900 333 91111=
 28016 82599 73105 10249 20165 39945 40151 50000 87200 333 91010
 91111=
 28029 82699 63403 10224 20171 39930 40133 57002 85530=
 28116 82599 53305 10256 20163 39934 40145 57002 85900 333 91110=
 28128 82599 63206 10256 20166 39995 40135 57005 86800 333 91010
 91110=
 28134 81598 63401 10200 20191 39806 40132 54000 72582 85980=
 28138 42599 63003 10214 20132 39591 40115 57003 86200=
 28216 82599 63105 10248 20138 39871 40145 57005 86900 333 91110=
 28222 82598 83102 10252 20164 39954 40132 58007 86201=
 28224 82670 53603 10250 20161 39935 40131 57007 85500=
 28234 81498 63402 10241 20161 39868 40123 57002 70182 85902=
 28238 81599 63405 10242 20143 39836 40114 55001 70292 85902=
 28313 82598 63304 10274 20136 39969 40144 57005 86200=
 28319 82599 63003 10270 20147 39994 40143 58007 85252=
 28321 82599 63303 10265 20150 39949 40135 58006 86200=
 28324 82599 63504 10275 20124 30024 40134 57009 86900 333 91110=
 28326 82598 63502 10272 20164 39951 40120 57006 86200=
 28413 82599 63305 10269 20131 30039 40151 57007 86100 333 91011
 91111=
 28428 82599 33605 10281 20127 39957 40125 57011 83200 333 91112=
 28429 82598 63405 10241 20156 39740 40118 57006 86900 333 91010
 91111=
 22983 42698 62803 10248 20149 30089 40186 57003 84201 333 91008
 91108=
 27083 42599 52903 10236 20141 39983 40189 52001 83201 333 91006
 91107=
 27097 42598 63003 10241 20153 39949 40191 52001 86201 333 91007
 91108=
 27185 42698 72903 10258 20144 30027 40197 58001 86801 333 91006
 91106=
 27199 42598 53202 10256 20130 30010 40192 52004 83201 333 91005
 91106=
 27281 42582 83303 10245 20155 30009 40201 57001 86201 333 91005
 91106=
 27283 42598 30104 10252 20143 30053 40197 52001 82201 333 91007
 91107=
 27295 42598 73104 10241 20125 39962 40196 52003 86475 333 91007
 91107=
 27296 42598 63204 10245 20132 39988 40190 52003 86200 333 91006
 91108=
 27385 426// 53402 10264 20149 30078 40196 57002 85100 333 91005
 91106=
 27393 42598 53305 10256 20139 30035 40192 52002 83941 333 91007
 91110=
 27480 42698 53302 10283 20166 30081 40198 57004 84201 333 91005
 91106=
 28007 42599 63405 10240 20119 39942 40184 52002 85201 333 91009
 91109=
 28009 42698 53103 10251 20117 39981 40175 52002 85100 333 91007
 91108=
 28105 42598 63302 10254 20118 30005 40183 52003 86201 333 91006
 91109=
 28202 42583 63602 10250 20142 39970 40174 52001 85930 333 91008
 91109=
 28302 42698 63203 10249 20132 39966 40177 52001 85201 333 91005
 91107=
 28307 42498 83004 10264 20147 30054 40186 57001 86201 333 91009
 91109=
 28402 42598 63304 10261 20144 30013 40178 57002 85239 333 91006
 91109=
 28502 42598 63405 10276 20140 30080 40175 57005 84401 333 91009
 91110=
 22550 82597 62802 10235 20165 30159 40169 52010 86200 333 86823=
 22778 42598 62903 10237 20155 30118 40183 52001 84801=
 22889 42/// /3003 10242 20151 30104 40184 57002=
 22762 82598 62502 10242 20158 30148 40184 53005 83909=
 22638 46/// /2502 10228 20152 39966 40176 52008=
 22671 42499 62702 10245 20157 30090 40162 52007 86900 333 86915=
 22456 42598 72802 10234 20150 30071 40152 52009 87200=
 22583 42698 52603 10236 20157 30076 40150 52003 84270=
 22749 NIL=
 22951 42598 72701 10239 20133 39934 40195 52003 82109=
 22887 42599 62804 10235 20159 30120 40185 54000 83101=
 22876 42597 32503 10245 20148 30119 40186 54000 82101=
 22481 42598 62304 10226 20169 30094 40143 51004 86200=
 22854 42599 72502 10226 20145 39924 40193 52005 82230=
 22781 NIL=
 22676 42598 62603 10227 20154 30091 40163 52003 85901=
 22648 NIL=
 22559 82598 53002 10220 20158 30157 40172 52010 85900=
 22869 42597 52902 10247 20154 30060 40197 57002 83131=
 22768 42697 62703 10238 20149 30141 40188 52002 85801=
 22798 42498 62401 10245 20144 30066 40169 51001 86900=
 22375 46/// /2806 10203 20167 30129 40143 52013=
 23207 41598 82001 10208 20187 30107 40128 52005 72582 85973=
 23215 NIL=
 23219 NIL=
 27095 NIL=
 22408 42999 22502 10210 20117 30031 40171 52010 80009=
 22511 42698 20501 10213 20114 30058 40171 52011 81101=
 22529 42599 52702 10232 20138 30165 40171 52011 84802=
 22602 42599 51002 10193 20162 39960 40172 52007 83930=
 22621 83/70 /1902 10217 20158 30046 40176 52008=
 22619 42482 30903 10182 20162 30025 40175 52008 83500=
 22721 42599 51501 10229 20176 30087 40178 52006 83201=
 22727 86970 /2001 10204 20167 30139 40184 52005=
 22717 NIL=
 22802 42999 80702 10197 20163 30150 40172 52005 8805/=
 22820 42970 80702 10202 20153 30054 40182 52005 8805/=
 22831 42998 63001 10239 20145 30134 40185 52001 84031=
 22805 42598 81002 10197 20150 30148 40166 52003 8651/=
 22912 42999 80502 10194 20162 30155 40169 57001 8803/=
 
