09:31:00 MSK 10.09.2023
020 123456/=о000=0631
 унту01 бтул 100600
 22686 81397 83101 10103 20090 30130 40227 57001 75052 886// 333 85709=
 22695 41496 82801 10101 20089 30065 40214 54000 75152 886//=
 22996 82498 80302 10134 20122 30029 40208 53001 885//=
 23220 42999 72003 10118 20062 30055 40192 57007 86031=
 23226 42960 82205 10099 20060 39980 40190 57001 80005=
 23305 41699 82004 10104 20104 30170 40197 57006 70242 8357/=
 23320 66/// /2202 10134 20058 30133 40203 57007 60002 333 21014=
 23324 42984 62203 10118 20069 30124 40199 57006 80001=
 23405 41/08 92002 10088 20088 30112 40209 57006 74754=
 23410 66/// /1703 10065 20059 30109 40205 57003 60002 333 20005=
 23411 41499 82303 10092 20091 30117 40204 57003 72842 8772/=
 23412 41/93 91902 10069 20068 30110 40205 57003 74541=
 23416 NIL=
 23418 41/08 90000 10072 20065 30141 40213 57002 74541=
 23501 NIL=
 23503 41298 82301 10095 20087 30166 40215 57004 70252 886// 333 88705=
 23507 86/// /1901 10093 20093 39916 40219 57002=
 23509 41998 80000 10120 20110 30145 40220 54000 70252 8802/=
 23514 41293 82701 10083 20083 30025 40218 57001 74254 8662/ 333 86704=
 23518 41998 12001 10115 20082 30122 40211 58005 70241 80001 555 53002=
 23606 41140 83401 10099 20099 30056 40218 57001 71022 886// 333 88702=
 23701 41464 82101 10099 20088 30101 40228 56001 76062 8872/ 333 20097
 85515=
 23704 66/// /2801 10103 20103 39772 49883 53002 60002 333 20102=
 23707 81498 80000 10105 20092 30093 40221 52001 70265 886// 333 88710=
 23708 42381 80202 10103 20086 30077 40223 52001 886// 333 20097 88709=
 23709 81/92 93102 10106 20097 30031 40218 54001 75054 333 20101=
 23711 41191 90201 10100 20098 30049 40214 54000 74541=
 23803 41993 80301 10110 20104 30038 40212 54000 74442 8805/=
 23804 80401 10109 20100 30077 40218 53001 75152 886// 333 88706=
 23807 41396 83602 10112 20111 30063 40220 54001 71052 886// 333 20110 88709=
 23808 86/// /3102 10108 20107 30054 40217 54000=
 23812 41396 83401 10102 20097 30051 40209 54000 71042 8661/=
 23904 42470 80402 10123 20109 30061 40213 52003 885// 333 88612=
 23905 81599 83602 10101 20100 39990 40212 52002 70242 885//=
 23909 81898 23402 10116 20097 39964 40202 54000 70240 81071=
 23912 81598 10102 10141 20095 30010 40194 57002 70181 81500=
 23913 82999 10000 10132 20066 39974 40194 58006 80001=
 23914 82499 60102 10126 20081 39946 40193 54000 83580=
 28013 82898 23602 10146 20077 39969 40190 50001 82031=
 28016 82999 20202 10152 20083 39974 40188 50000 80001=
 28029 82999 00404 10160 20064 39963 40172 57004=
 28116 82999 00502 10153 20075 39958 40178 54000=
 28128 82999 10203 10154 20085 30023 40169 57002 80001=
 28134 82998 00301 10164 20070 39828 40161 57004=
 28138 42899 70306 10132 20052 39610 40152 54000 87030 333 91011
 91111=
 28216 82999 00204 10149 20079 39874 40158 54000 333 91110=
 28222 82998 00502 10167 20076 39974 40159 57003=
 28224 82970 30503 10162 20078 39946 40148 57002 80009=
 28234 82599 60502 10158 20068 39882 40146 57003 82570=
 28238 82599 60505 10142 20065 39850 40139 50001 83530 333 91110=
 28313 82598 20404 10163 20075 39968 40150 57002 82500 333 91110=
 28319 82599 50403 10147 20080 39981 40137 53003 82550 333 91110=
 28321 82999 20505 10159 20082 39953 40146 54000 80002 333 91110=
 28324 82599 70504 10155 20062 30020 40135 54001 86480=
 28326 82898 60503 10155 20082 39954 40132 52001 86030=
 28413 82899 50203 10157 20076 30015 40131 54001 85030=
 28428 82598 20604 10162 20075 39933 40108 54001 81531 333 91010
 91110=
 28429 82598 70304 10120 20077 39714 40108 54000 82530 333 91110=
 22983 41498 83401 10115 20099 30121 40223 52002 72582 889// 333 91002
 91103=
 27083 42599 70102 10133 20101 39992 40207 54000 87500 333 91005
 91106=
 27097 42498 63503 10146 20116 39950 40201 52001 86800 333 91006
 91107=
 27185 42698 13403 10151 20108 30020 40196 58003 81100 333 91005
 91107=
 27199 42598 60402 10135 20101 30003 40193 52004 86500 333 91004
 91107=
 27281 42582 23603 10144 20107 39998 40197 52002 81130 333 91004
 91107=
 27283 42498 60204 10140 20110 30042 40192 52001 86800 333 91006
 91107=
 27295 42598 63502 10134 20094 39945 40187 52004 84580 333 91005
 91107=
 27296 42998 00103 10137 20092 39974 40183 52002 333 91006 91105=
 27385 425// 70203 10128 20100 30060 40184 52004 87500 333 91005
 91106=
 27393 42598 10302 10151 20080 30011 40174 57001 81100 333 91005
 91105=
 27480 42598 63602 10126 20105 30060 40184 52004 86500 333 91006
 91106=
 28007 41699 50203 10125 20090 39948 40201 50005 70242 81501 333 91006
 91107=
 28009 42998 80102 10131 20070 39996 40199 52003 80001 333 91005
 91105=
 28105 42598 53602 10119 20097 30007 40194 51004 85200 333 91003
 91106=
 28202 42999 10403 10144 20072 39964 40176 52002 80001 333 91005
 91106=
 28302 42998 20202 10142 20070 39948 40167 52001 82030 333 91005
 91106=
 28307 42998 13403 10149 20073 30025 40163 54000 81030 333 91005
 91106=
 28402 42998 20303 10154 20075 39981 40152 54000 80009 333 91006
 91106=
 28502 42998 20105 10154 20068 30039 40138 57002 81031 333 91008
 91108=
 22550 82997 11602 10136 20107 30183 40192 57005 80001=
 22778 41498 80000 10110 20082 30159 40226 57001 70252 886//=
 22889 41497 82901 10116 20112 30140 40224 54000 70252 885// 333
 88614=
 22762 82897 81601 10088 20086 30188 40226 50001 8802/=
 22638 46/// /2101 10119 20111 39985 40204 57004=
 22671 41398 82002 10094 20086 30137 40217 57002 70241 886// 333
 88707=
 22456 42998 02102 10144 20111 30094 40178 57008=
 22583 42498 40701 10101 20094 30134 40213 57006 82601=
 22749 42998 02001 10084 20084 30098 40221 57006=
 22951 42498 80601 10093 20087 39958 40234 57003 886//=
 22887 41499 83001 10110 20103 30156 40225 53001 72052 8755/ 
 333 20101 87616 =
 22876 42497 73501 10105 20093 30157 40228 50000 87600 333 87711=
 22481 42/// /1905 10140 20097 30182 40236 54000=
 22854 41993 92301 10086 20086 39947 40231 57003 74544=
 22781 NIL=
 22676 42598 81701 10119 20087 30142 40217 57002 885//=
 22648 42998 21502 10116 20114 30166 40211 57004 80001 333 20065=
 22559 82598 51902 10110 20090 30187 40203 58005 82201=
 22869 41496 81601 10102 20095 30088 40234 57001 75055 886// 333
 88714=
 22768 42497 81901 10119 20091 30174 40223 57002 889// 333 86616=
 22798 41497 80000 10116 20104 30114 40223 54000 70252 885//=
 22375 46/// /2204 10148 20112 30148 40163 57008=
 23207 42999 61903 10143 20100 30147 40169 57009 80001=
 23215 42998 52305 10131 20087 30090 40176 58007 80002=
 23219 NIL=
 27095 66/// /3602 10139 20128 39995 40215 52002 60002 333 20120=
 22408 11399 82003 10145 20130 30005 40148 57013 60002 70241 886//
 333   20107 31008 88709=
 22511 12365 81803 10137 20121 30043 40159 57011 60002 887// 333  
 20114 31008 88708=
 22529 12999 02102 10158 20127 30173 40179 57008 60002 333   20098
 31019=
 22602 12376 82003 10116 20108 39956 40174 57009 60002 889// 333  
 20115 31008 88908=
 22621 62998 11903 10140 20116 30053 40187 57009 60002 80001 333  
 20103 30///=
 22619 12998 02101 10147 20110 30035 40187 57007 60002 333   20107
 31008=
 22721 12998 01201 10133 20104 30108 40203 57006 60002 333   20076
 31007=
 22727 12670 31402 10122 20107 30166 40213 57005 60002 83400 333  
 20075 32///=
 22717 12998 11501 10114 20111 30013 40205 57007 60002 81030 333  
 20059 31///=
 22802 11907 00000 10131 20131 30176 40199 57011 60002 74341 333  
 20071 31009=
 22820 12968 00801 10144 20104 30079 40210 57006 60002 333   20073
 31005=
 22831 11/05 90000 10092 20087 30166 40220 57005 60002 74540 333  
 20034 30004=
 22805 12998 01902 10166 20144 30178 40202 57010 60002 333   20141
 31009=
 22912 11999 01202 10109 20094 30201 40216 57006 60002 70240 333  
 20026 31005=
 
