06:31:00 MSK 05.02.2023
020 123456/=о000=0331
 уйту01 бтул 050300
 22686 11498 80000 11098 21111 30173 40278 52005 69922 70272 885// 333 21136 47058 55015 88610 555 53002 7996/=
 22695 11498 82401 11098 21118 30101 40262 52005 69932 70272 885// 333
 21135 47051 88617 555 53002 7999/=
 22996 11596 80000 11078 21084 30078 40273 52004 69902 77072 8452/ 333
 21081 47053 55000 555 53003 7992/=
 23220 11496 82202 11110 21123 30080 40230 52002 69962 77172 8572/ 333 21150 47075 55000 555 53006 7001/=
 23226 11330 81806 11122 21135 39998 40226 52005 69982 77375 887// 333 
 21140 47040 86708 93401 555 53008 7001/=
 23305 12984 82103 11060 21068 30214 40240 51003 69902 8807/ 333 21069
 47036 555 53004 7993/=
 23320 76/// /2303 11097 21116 30166 40243 52004 333 21130 60002 555 53007 7000/=
 23324 12978 82203 11102 21116 30158 40239 52005 69922 8807/ 333 21129
 49049 55000 555 53006 7002/=
 23405 12497 82601 11076 21082 30150 40254 52004 69922 8455/ 
 333 21082 47050 55000 84615 555 53006 7997/=
 23410 76/// /2202 11091 21104 30140 40242 52005 333 21125 60002 555 7000/=
 23411 11996 82202 11088 21092 30153 40247 52005 69922 71022
 8802/ 333 21094 48051 555 53006 7998/ =
 23412 11498 82602 11085 21096 30141 40243 52005 69932 77172 8577/ 333 21104 47055 55000 555 53004 7001/=
 23416 NIL=
 23418 11456 81402 11101 21114 30173 40251 52003 69962
 77172 8572/ 333 21184 47066 55000 85713 555 53003 7002/=
 23501 NIL=
 23503 11398 82301 11082 21096 30204 40256 52003 69942 77072 887// 333 21091 47057 86707 555 53004 7001/ 91204=
 23507 86/// /0000 11118 21125 39939 40268 52003 333 21134 555 53003=
 23509 11397 82201 11120 21135 30181 40264 52006 69952 77172 8672/ 333
 21166 48059 86708 555 53002 7995/=
 23514 11397 82501 11102 21111 30051 40259 52004 69902 77172 887// 333 21102 47072 55022 86709 555 53004 7998/=
 23518 11496 82002 11116 21126 30165 40262 52005 69942 77172
 8677/ 333 21140 48075 55000 86713 555 51101 7003/ 91204=
 23606 11660 82301 11113 21126 30083 40267 52008 
 69922 77172 885// 333 21144 47062 55000 88633 555 
 53003 7001/=
 23612 11460 81601 11119 21130 30123 40266 52005 69972 77172 8651/ 
 333 21151 47069 86614 555 53003 7002/=
 23701 11362 82101 11093 21101 30142 40278 52003 69922 77172 8672/ 333
 21166 47050 86708 555 53003 7999/=
 23704 76/// /0000 11109 21109 39926 40039 55004 333 21153 60002 555 51113 7000/=
 23707 61497 82701 11107 21119 30138 40279 52004 69902 77177 8552/ 333 21133 47041 55043 85619 555 53002 7990/=
 23708 12382 80301 11119 21135 30124 40283 52005 69952 886// 333 21131
 48050 88707 555 53003 7997/=
 23709 11997 62201 11133 21151 30073 40280 52002 69942 77172 86070 333 21133 47047 555 53004 7996/ 91205=
 23711 11597 62902 11149 21165 30092 40274 52007 69922 78581 83930 333 21164 47064 55000 555 53003 7001/=
 23803 11997 82701 11119 21141 30094 40286 51002 69932 77172 8802/ 333 21119 47051   55000 555 53004 7995/=
 23804 61396 82601 11097 21110 30125 40279 52002 69932 77172 887// 333 21098 47043 55000 86708 555 53002 7995/=
 23807 11396 82801 11099 21107 30112 40283 52002 69922 77172 8572/ 333
 21102 47034 55000 85709 555 53003 7995/=
 23808 66/// /0000 11100 21110 30108 40286 52004 60002 333 21101 555 7000/=
 23812 11396 80000 11158 21176 30103 40278 52004 69942 77172 8572/ 333
 21158 47071 85708 555 53002 7001/=
 23904 11357 80101 11087 21095 30115 40280 52004 69932 77172 8672/ 333
 21087 47045 86709 555 53003 7998/=
 23905 11896 80201 11097 21113 30040 40280 52004 69932 77172 8802/ 333
 21097 47049 555 53002 7997/=
 23909 11497 80202 11098 21110 30019 40278 52004 69932 77172 8751/ 333
 21098 47045 55001=
 23912 11898 80201 11102 21111 30070 40273 54001 69932 77172 8807/ 333
 21102 47066 555 53003 7001/=
 23913 12599 80000 11134 21152 30033 40278 55000 69932 885// 333 21146
 47057 55007 555 53003 7993/=
 23914 11497 83301 11086 21096 30000 40269 54000 69922 77172 8802/ 333
 21087 47056 55000=
 28013 11897 83502 11082 21096 30027 40269 54001 69922 77172 8802/ 333
 21082 47044 555 53003 7994/=
 28016 11896 83601 11081 21084 30034 40271 52002 69992 77172 8801/ 333
 21081 47039 93501 555 53002 7001/=
 28029 12899 83601 11105 21118 30031 40263 57001 69902 8802/ 333 21107
 47055 55000 555 53002 7990/=
 28116 11896 83201 11095 21104 30022 40265 54000 60022 77172 8802/ 333
 21095 47053 55000=
 28128 12898 83201 11129 21143 30102 40266 57002 60002 8807/ 333 21129
 47050 55000 555 53002 7000/=
 28134 12898 80000 11138 21154 39893 40269 57003 60002 84017 333 21139
 47059 555 53001 7000/=
 28138 12999 80201 11139 21156 39667 40273 57001 60002 80005 333 21149
 47056 55032=
 28216 12898 80000 11115 21130 39946 40262 57003 60002 8801/ 333 21115
 47041 555 53003 7000/=
 28222 12998 80000 11133 21149 30057 40266 57002 60002 80001 333 21139
 47045 555 53001 7000/=
 28224 12968 80000 11134 21149 30035 40263 57001 60002 80007 333 21134
 47047 55005=
 28234 12898 80000 11139 21163 39969 40267 57003 69902 8802/ 333 21139
 47046 555 53001 7990/=
 28238 12899 60000 11203 21230 39946 40279 57005 60002 83011 333 21207
 47052 55027 555 53002 7000/=
 28313 12898 80000 11157 21175 30058 40266 57002 60002 8801/ 333 21157
 47046 555 53001 7000/=
 28319 12598 60901 11151 21169 30088 40265 54000 60002 82550 333 21151
 47052=
 28321 12999 60000 11127 21140 30044 40261 54001 60002 80002 333 21129
 47056=
 28324 12998 60000 11152 21177 30131 40262 57003 60002 80009 333 21154
 47046 93500 555 53002 7000/=
 28326 12598 70000 11163 21183 30061 40263 57003 60002 83530 333 21173
 47042 55028 555 53001 7000/=
 28413 12998 60000 11137 21156 30128 40259 57002 60002 80005 333 21137
 47042 555 53002 7000/=
 28428 12898 80501 11175 21203 30060 40261 54001 60002 8807/ 333 21175
 48041 555 53003 7000/=
 28429 12998 60402 11174 21193 39821 40268 54001 60002 80001 333 21176
 47040 555 53003 7000/=
 22983 11562 80000 11084 21096 30168 40279 52004 69922 77172 885// 333
 21093 47048 55000 91001 91102 555 53002 7992/=
 27083 11560 40000 11099 21110 30035 40270 52004 69952 77171 82170 333
 21099 47047 91000 91102 555 53003 7997/=
 27097 11997 80000 11066 21069 39997 40270 52004 69932 77172 8802/ 333
 21068 47050 91000 91101 555 53002 7995/=
 27185 12998 80000 11070 21078 30078 40270 52004 60002 8801/ 333 21070
 47054 91000 91101 555 53002 7000/=
 27199 12998 80502 11062 21086 30064 40270 52005 60002 8805/ 333 21064
 47056 55000 91003 91104 555 53004 7000/=
 27281 11458 80000 11067 21077 30050 40267 52003 69922 77072 8872/ 333
 21068 47044 91000 91100 555 53004 7994/=
 27283 12497 80000 11066 21078 30094 40257 52003 60002 885// 333 21066
 47054 91000 91102 555 53003 7000/=
 27295 12597 83401 11070 21087 30004 40267 52004 60002 885// 333 21090
 47062 91003 91103 555 53003 7000/=
 27296 12997 83201 11088 21105 30035 40264 52005 60002 8807/ 333 21101
 47052 55000 91001 91102 555 53003 7000/=
 27385 119// 80401 11072 21090 30130 40265 52003 69902 70272 8807/ 333
 21075 47052 91002 91103 555 53003 7992/=
 27393 11497 80401 11094 21106 30087 40267 52003 69922 77172 8672/ 333
 21111 47067 55000 91001 91102 555 53002 7994/=
 27480 11397 80702 11076 21102 30132 40267 52005 69902 77772 886// 333
 21076 47044 91004 91104 555 53004 7992/=
 28007 11497 80302 11082 21105 30000 40275 52002 69922 77172 8802/ 333
 21082 47055 55000 88513 91003 91103 555 53003 7995/=
 28009 11996 80000 11084 21100 30053 40273 52006 69922 77172 8801/ 333
 21085 48050 91000 91101 555 53002 7992/=
 28105 11997 80201 11071 21092 30060 40269 52005 69902 77172 8802/ 333
 21071 47055 91003 91104 555 53004 7990/=
 28202 12997 83401 11104 21121 30030 40264 53005 69972 8805/ 333 21110
 47058 91001 91102 555 53002 7997/=
 28302 11997 83601 11099 21116 30018 40260 52001 69982 70272 8807/ 333
 21099 47058 91001 91102 555 53002 7002/=
 28307 11498 83302 11080 21096 30108 40259 52005 69922 70272 8753/ 333
 21084 47053 91003 91103 555 53003 7994/=
 28402 11456 70301 11132 21148 30068 40259 52002 69902 77072 85675 333
 21136 48054 91001 91102 555 53002 7002/=
 28502 12697 80000 11100 21117 30143 40253 54000 60002 885// 333 21131
 48035 55000 91000 91101 555 53003 7001/=
 22550 12370 82202 11087 21099 30268 40279 52002 69922 886// 333 21087
 47039 55002 88707 555 53006 7994/=
 22778 11597 81801 11083 21094 30209 40282 52004 69912 78582 8597/ 333
 21090 47045 55021 555 53002 7991/=
 22889 11496 80601 11102 21110 30193 40285 53004 69902 77172 887// 333
 21103 47031 88512 555 53003 7990/=
 22762 12497 82801 11078 21080 30245 40286 52002 69942 8377/ 333 21084
 47044 555 53003 7001/ 91203=
 22638 NIL=
 22671 12397 80000 11085 21086 30195 40278 52004 69902 886// 333 21115
 47047 55000 88707 555 53003 7990/=
 22456 12997 80000 11156 21169 30172 40267 57002 69902 80004 333 21156
 47049 555 53003 7990/=
 22583 12598 70000 11093 21105 30180 40265 58001 60002 
 87500 333 21095 47063 55000 555 53004 7993/=
 22749 NIL=
 22951 11497 80401 11077 21086 39989 40285 52004 69972 77172 8772/ 333
 21080 47048 555 53005 7997/=
 22887 11596 83101 11090 21097 30205 40280 52006 69972 77177 
 8802/ 333 21120 47026 55049 88522 555 53002 7999/=
 22876 11596 80701 11091 21096 30207 40284 52006 69922 77172 885// 333
 21091 47026 88623 555 51095 53002 7992/ 91202=
 22481 12998 72102 11135 21144 30208 40265 52004 60002 87030 333 21135
 48048 93610 555 53004 7992/=
 22854 11397 80201 11091 21097 39985 40290 52002 60022 77172 8671/ 333
 21091 48060 55000 86708 555 53004 7002/=
 22781 NIL=
 22676 11497 83102 11110 21124 30201 40284 52007 69922 77072 885// 333
 21110 47031 555 53005 7995/=
 22648 NIL=
 22559 12498 82202 11084 21091 30264 40281 54000 60002 885// 333 21084
 48039 55000 88618 555 53006 7992/ 91206=
 22869 11996 70701 11075 21085 30127 40283 52005 60012 77377 80010 333
 21075 47047 555 53004 7001/ 91205=
 22768 11497 80302 11069 21078 30232 40284 52005 69992 70272 885// 333
 21081 47030 55000 88613 555 53003 7999/=
 22798 11496 81501 11103 21111 30163 40282 52003 69922 77172 885// 333
 21159 47044 555 53002 7992/=
 22375 46/// /2104 11103 30235 40251 52002=
 23207 11599 82603 11060 21075 30207 40231 52005 69962 72682 889// 333
 21076 47037 55000 555 53008 7998/=
 23215 NIL=
 23219 NIL=
 27095 76/// /0101 11066 21066 30041 40280 52003 333 21066 60002 555 53002 7000/=
 22408 21248 82201 11118 21130 30091 40250 57016 77172 8872/ 333  
 21228 55060 69902 88504 93503 555   7990/=
 22511 21263 82001 11147 21165 30129 40260 57017 77171 8672/ 333  
 21216 69902 86706 93505 555   7990/=
 22529 22998 72001 11169 21188 30264 40271 57013 80030 333   21192
 69902 555   7993/=
 22602 22975 72401 11135 21155 30031 40273 57020 8703/ 333   21228
 55055 60002 93502 555   7000/=
 22621 73/69 /2002 11220 21243 30133 40288 57015 333   21221 55048
 60002 555   7000/=
 22619 22498 63501 11173 21190 30112 40286 57015 84501 333   21219
 55023 60002 93502 555   7990/=
 22721 21997 80000 11204 21225 30193 40302 57008 77171 8807/ 333  
 21208 69902 555   7998/=
 22727 76255 /0000 11164 21182 30257 40309 57006 333   21169 60002
 555   7998/=
 22717 73/56 /0000 11204 21224 30100 40314 57009 333   21211 60002
 555   7991/=
 22802 22998 70000 11182 21199 30289 40315 57009 82032 333   21196
 55049 60002 555   7000/=
 22820 22297 82602 11130 21148 30160 40307 57004 8801/ 333   21141
 55000 69902 555   7001/=
 22831 22497 80000 11060 21080 30236 40294 57001 889// 333   21061
 55000 60002 88912 555   7996/=
 22805 225// 83201 11075 21080 30296 40317 57004 8251/ 333   21096
 55021 60002 555   7000/=
 22912 22484 80000 11070 21086 30291 40307 57001 886// 333   21071
 60002 88712 555   7990/=
 
