12:31:00 MSK 05.11.2023
010 111/=о000=0931
 уйту01 бтул 050900
 22686 41398 81304 11019 21027 30042 40143 57030 72462 886// 333 86709=
 22695 42998 81304 11029 21042 39993 40149 57025 8805/=
 22996 42498 81703 10011 21008 30014 40201 56013 8692/ 333 83919=
 23220 41495 82807 11035 21043 39991 40135 53015 77373 8872/ 333 86710 91012 91116=
 23226 41/08 92812 11030 21047 39904 40121 53023 73973 333 91016 91120 
 92993=
 23305 42499 81502 11070 21074 30164 40193 58021 886// 333 93400=
 23320 86/// /2305 11051 21057 30136 40211 53003 333 91111=
 23324 41684 52404 11034 21061 30113 40192 52003 70231 85500 333 85638
 91111=
 23405 42260 81405 11056 21060 30086 40189 57024 8561/ 
 333 85706 93604=
 23410 86/// /1703 11068 21080 30115 40215 58006=
 23411 42999 81903 11067 21071 30115 40207 58019 8802/=
 23412 42299 81903 11067 21075 30114 40215 58011 886// 333 88705=
 23416 NIL=
 23418 42465 81803 11057 21075 30151 40227 58014
 886// 333 88710=
 23503 42398 81703 11048 21061 30155 40207 58024 886// 333 88708=
 23507 86/// /1702 11057 21057 39869 40189 58024=
 23509 42998 82002 11035 21053 30130 40211 57027 8802/=
 23514 42297 81703 11056 21059 30020 40223 57021 8661/ 333 86705  93603=
 23518 42398 82006 11057 21065 30148 40243 54001 886// 333 86709=
 23606 42262 81703 11044 21045 30048 40219 57014 886// 333 88706  93404=
 23701 42999 81502 11028 21035 30065 40197 57021 8802/ 333 93606=
 23704 86/// /1404 11021 21021 39467 49580 53041=
 23707 82498 81403 11010 21019 30053 40187 57018 885// 333 88618  93604=
 23708 42498 81504 11030 21044 30068 40221 57021 886// 333 88710=
 23709 42498 81602 11036 21057 30044 40242 57020 886// 333 88711=
 23711 42498 81904 11044 21059 30078 40253 57015 889// 333 84712=
 23803 42499 81604 11032 21054 30064 40249 58017 886// 333 88713=
 23804 82497 81703 10000 21020 30049 40196 57018 8652/ 333 86616=
 23807 42497 71705 11002 21010 30041 40204 57014 86530 333 86615=
 23808 86/// /1304 11011 21020 30061 40232 58016=
 23812 42497 81903 11042 21056 30103 40270 58013 886//=
 23904 42970 81604 10010 21017 30066 40224 57014 84042=
 23905 42599 81602 11013 21035 30014 40246 57015 885//=
 23909 42498 81604 11026 21049 30018 40270 57009 8557/=
 23912 42598 81704 11025 21052 30084 40281 58010 885//=
 23913 42599 82501 11033 21056 30057 40294 58007 885//=
 23914 82498 71604 11025 21054 30018 40282 57008 86580=
 28013 42599 81703 11024 21059 30042 40279 58007 8557/=
 28016 42599 81603 11020 21039 30049 40280 58003 885//=
 28029 42599 82004 11021 21060 30071 40297 57001 885//=
 28116 42499 81703 11020 21042 30050 40287 57007 885//=
 28128 42598 81702 11013 21042 30143 40300 57004 885//=
 28134 42598 71602 11029 21063 39944 40306 57002 87500=
 28138 42999 32002 11027 21076 39722 40305 57002 80002=
 28216 42699 81803 11022 21043 39992 40298 58002 885//=
 28222 42898 81802 11015 21045 30105 40305 50000 8807/=
 28224 42570 81602 11015 21045 30087 40305 54000 885//=
 28234 42897 62102 11008 21064 30025 40310 58002 86070=
 28238 42899 42001 11015 21066 30002 40314 58002 82081=
 28313 42598 81402 11010 21036 30103 40300 58004 885//=
 28319 42599 81802 11010 21038 30138 40307 52001 885//=
 28321 42899 81803 11012 21036 30092 40301 58002 85037=
 28324 42699 81702 11004 21036 30181 40305 50000 8557/=
 28326 42598 61802 11001 21039 30118 40309 52001 86500=
 28413 42599 71502 11006 21041 30177 40302 50005 86530=
 28428 42599 41501 10009 21037 30118 40306 50001 82531=
 28429 42898 61601 10006 21043 39890 40309 50002 82031=
 22983 42598 81503 10019 21009 30056 40162 57021 84555 333 91005
 91107=
 27083 42599 81502 10005 21016 39962 40186 57018 86509 333 91006
 91107=
 27097 42598 81505 10007 21012 39949 40214 56015 85571 333 91008
 91110=
 27185 42698 61403 10031 21011 30019 40203 58010 82535 333 91009
 91109=
 27199 42998 61603 10021 21017 30036 40235 57014 82031 333 91006
 91108=
 27281 42582 71406 10031 21011 39987 40195 57012 82545 333 91010
 91110=
 27283 42998 61704 10034 21012 30061 40217 57008 82031 333 91007
 91108=
 27295 42998 61403 10024 21023 39979 40233 57012 80005 333 91006
 91109=
 27296 42998 81604 10013 21027 30021 40241 57016 80001 333 91007
 91109=
 27385 425// 61504 10043 21009 30089 40218 57005 82531 333 91007
 91108=
 27393 42998 31804 10022 21022 30079 40251 58019 82041 333 91006
 91107=
 27480 42998 71503 10047 21005 30085 40213 57005 80001 333 91006
 91107=
 28007 42999 71803 10005 21033 39976 40242 56016 81031 333 91006
 91108=
 28009 42698 81504 11001 21041 30042 40256 57020 84531 333 91007
 91109=
 28105 42998 51703 10008 21033 30051 40247 56018 85070 333 91007
 91108=
 28202 42982 81704 10011 21031 30031 40256 58019 80004 333 91006
 91108=
 28302 42998 81504 10016 21029 30029 40261 58017 80001 333 91006
 91107=
 28307 42998 81204 10021 21023 30101 40247 57022 80001 333 91007
 91107=
 28402 42998 71404 10029 21024 30077 40258 57019 80005 333 91006
 91107=
 28502 42998 81204 10027 21024 30155 40260 58018 80001 333 91007
 91107=
 22550 81496 81202 10001 20001 30016 40026 57040 76165 8872/ 333 88710
 93402=
 22778 42498 81305 10003 21011 30028 40098 57030 886// 333 85713
 91110=
 22889 42/// /1104 10013 21009 30077 40164 57024=
 22762 41396 81203 10004 20001 30016 40055 57036 76162 8577/=
 22638 46/// /1302 10005 21020 39753 49976 57038=
 22671 41397 81602 11004 21009 39996 40075 56034 76666 8872/ 333
 85707=
 22456 41496 81202 11025 21025 39965 40053 58034 77187 8872/=
 22583 42598 71303 11035 21045 30053 40135 57029 875//=
 22749 NIL=
 22951 22998 00000 10037 20033 39941 40223 57002 333 20037 60002 555
 53006 7000/=
 22887 42699 81205 10015 21017 30067 40138 57024 8253/ =
 22876 42997 81304 10016 21006 30048 40121 58025 8805/=
 22481 42/// /1206 11036 21046 30059 40113 51005 333 91010 91110=
 22854 41298 81504 10035 20035 39737 40020 56021 78082 889// 333
 87704=
 22781 NIL=
 22676 41498 81302 11001 21010 30017 40095 57034 72462 885// 333
 93403=
 22648 NIL=
 22559 41496 81102 10002 21004 30025 40041 58041 76162 8872/ 333
 88518=
 22869 41497 81303 10029 20011 39934 40081 58026 78082 889// 333
 86914=
 22768 41497 81403 10030 20021 39999 40048 57037 78082 889// 333
 86912=
 22798 42597 81103 11007 21012 30056 40170 58022 8557/=
 22375 46/// /1407 11042 21049 30085 40100 57033=
 23207 42999 81301 11102 21114 30152 40176 57019 87071=
 23215 NIL=
 23219 NIL=
 27095 86/// /1503 10002 21005 39996 40228 56017=
 22408 41122 81002 11001 21004 39830 49978 57019 75052 886// 333  
 88702 93401=
 22511 41216 80801 10004 20000 39854 49974 57022 71022 886// 333  
 88704=
 22529 41565 81103 10004 21002 39972 49979 57042 78082 889// 333  
 88920=
 22602 41/07 90802 10005 20001 39735 49958 57022 74742=
 22621 83258 /0802 10006 20004 39829 49967 57040=
 22619 41359 81106 10014 20008 39801 49958 57031 76162 8872/ 333  
 86707=
 22721 41295 80000 10006 20005 39866 49963 57033 77076 8872/ 333  
 86703=
 22727 86369 /1703 10038 20036 39904 49951 57032=
 22717 83/62 /0501 10012 20012 39750 49944 57031=
 22802 41456 80301 10031 20031 39918 49941 57020 78082 889// 333  
 88916=
 22820 41258 81102 10020 20017 39813 49947 57033 72162 8771/ 333  
 87704=
 22831 41397 80901 10025 20018 39913 49967 57031 76162 8872/ 333  
 88708=
 22805 41497 80701 10046 20045 39913 49938 57019 76162 8572/=
 22912 41457 80802 10035 20028 39917 49932 57030 76162 8802/ 333  
 88514=
 
