06:31:00 MSK 05.12.2023
020 123456/=о000=0331
 уйту01 бтул 050300
 22686 12998 00000 11257 21284 30053 40164 52013 69952 333 21257 47020 55000 555 53001 7997/=
 22695 12998 20404 11203 21236 39980 40146 52014 69922 82030 333 21203
 555 53006 7994/=
 22996 11997 63602 11183 21194 39920 40120 52019 60012 77171 86020 333 21184 47024 55000 555 53005 7002/ 91207=
 23220 12999 01006 11208 21251 30106 40262 52004 60002 73630 333 21215
 47012 55000 555 53011 7000/=
 23226 12960 00401 11242 21274 30034 40274 52007 60002 333 21254 47018 
 555 53010 7000/=
 23305 12984 40402 11253 21281 30191 40222 52016 69902 82031 333 21253
 47023 555 53006 7001/=
 23320 76/// /1006 11181 21228 30137 40216 52011 333 21337 60002 91011 91111 555 53011 7000/=
 23324 11983 00806 11222 21265 30158 40244 51009 60002 73630 333 21222
 49020 55000 555 53009 7000/=
 23405 12997 30901 11200 21226 30093 40202 52018
 60002 80001 333 21200 47024 55000 555 53005 7996/=
 23410 76/// /3101 11240 21272 30109 40216 52014 333 21308 60002 555 7000/=
 23411 12999 83602 11260 21285 30121 40221 52014 60002 8802/ 333
 21267 47039 555 53006 7000/ 91206=
 23412 11998 80000 11248 21275 30111 40219 52013 69902 77071 8807/ 333
 21285 47040 55000 555 53005 7990/=
 23416 NIL=
 23418 11950 83101 11243 21268 30130 40212 52016 69952 77172 
 8802/ 333 21243 47034 55000 555 53003 7001/=
 23501 NIL=
 23503 11698 80502 11180 21208 30145 40199 52016 69932 77072 885// 333 21208 47026 88634 555 53004 7999/ 91204=
 23507 86/// /0501 11205 21222 39843 40181 53014 333 21225 555 53004=
 23509 11997 80000 11182 21215 30102 40187 53049 69902 77071 8807/ 333
 21208 47030 555 53001 7998/=
 23514 11697 80802 11177 21198 39980 40193 52016 69922 77172 8657/ 333
 21196 47036 55000 86643 555 53005 7996/=
 23518 11997 81102 11176 21231 30101 40200 52013 69902 77872 8801/ 333
 21178 47034 55000 555 53010 7993/ 91210=
 23606 11960 00704 11195 21219 39991 40171 52020 69942 70271 333 21196 47024 55000 555 53008 7001/=
 23612 11984 80503 11197 21234 30045 40191 52014 69922 70272 8807/ 333 21198 47022 555 53007 7002/=
 23701 12980 20301 11214 21234 30014 40155 52016 69902 80005 333 21214
 47021 555 53003 7993/=
 23704 76/// /3601 11172 21181 39076 49190 56033 333 21182 60002 555 51167 7000/=
 23707 61998 80202 11180 21199 39989 40132 52016 69902 77877 8802/ 333 21180 47020 55000  93628 555 53005 7990/=
 23708 12983 40303 11194 21219 39977 40139 52019 69942 84030 333 21194
 47024 555 53005 7997/=
 23709 11997 80402 11190 21224 39935 40144 52019 69942 77172 8802/ 333 21190 47027 555 53006 7997/ 91206=
 23711 11998 70502 11187 21216 39980 40164 52014 60012 70272 87070 333 21188 47030 55000 555 53010 7002/=
 23803 11999 00602 11177 21212 39938 40131 53020 69972 70271 333 21177 47028 55000 555 53008 7001/=
 23804 11596 83501 11187 21207 39969 40126 52016 69972 77172 8552/ 333 21188 47024 55000 85621 555 53003 7001/=
 23807 11996 83502 11190 21199 39950 40125 52016 69932 77172 8802/ 333
 21190 47016 55000 555 53005 7995/=
 23808 66/// /3002 11179 21188 39938 40119 52020 60002 333 21179 555 7000/=
 23812 11997 21101 11189 21219 39960 40136 52016 69992 70171 82071 333
 21189 47028 934// 555 53008 7002/=
 23904 12981 03601 11208 21221 39946 40117 52017 69952 333 21210 47023
 555 53005 7001/=
 23905 11896 83401 11136 21153 39860 40100 52019 69992 77172 8801/ 333
 21136 47031 555 53005 7003/=
 23909 11497 80201 11154 21172 39838 40098 52022 60022 77172 8351/ 333
 21163 47031 55000 93606=
 23912 11497 80601 11167 21199 39899 40104 52019 60022 77172 8452/ 333
 21167 47027 555 53009 7003/=
 23913 11997 80602 11186 21226 39873 40120 52019 60022 77172 8802/ 333
 21186 47022 55000 555 53013 7003/=
 23914 11998 00601 11188 21209 39825 40102 52019 60032 70171 333 21188
 47028 55000=
 28013 11898 50402 11181 21207 39847 40094 52021 60012 70272 85010 333
 21181 47031 93400 555 53006 7003/=
 28016 11897 80102 11163 21175 39852 40091 52022 60022 77072 86015 333
 21163 47035 555 53005 7005/=
 28029 11999 00602 11175 21196 39848 40083 52020 60032 70171 333 21176
 47028 55000 555 53008 7005/=
 28116 11999 00201 11192 21212 39838 40086 52020 60022 70171 333 21193
 47040 55000=
 28128 11896 80000 11169 21188 39916 40079 52024 60052 77172 8807/ 333
 21169 47030 55000 555 53007 7007/=
 28134 11496 83401 11174 21198 39709 40083 52022 60052 77172 8872/ 333
 21175 47029 555 53009 7008/=
 28138 11596 80502 11204 21228 39495 40106 52020 60022 78582 883// 333
 21204 47033 55000 93646=
 28216 11896 83101 11143 21160 39768 40081 52021 60042 77172 8802/ 333
 21144 47039 555 53007 7010/=
 28222 11896 82701 11144 21161 39871 40077 52027 60022 77172 8801/ 333
 21144 47023 555 53007 7005/=
 28224 11431 83003 11101 21121 39849 40069 52026 60022 77372 8872/ 333
 21101 47036 55000=
 28234 11596 80901 11144 21173 39784 40078 52021 60032 77372 885// 333
 21144 47035 555 53006 7006/=
 28238 11496 80302 11163 21189 39769 40091 52022 60032 77172 8802/ 333
 21163 47036 55000 555 53006 7006/=
 28313 11897 82402 11099 21120 39878 40078 52019 60022 77172 8802/ 333
 21099 47036 555 53011 7004/=
 28319 11496 82504 11103 21122 39919 40089 52017 60012 77173 8802/ 333
 21103 47034 91110=
 28321 11896 82303 11090 21110 39841 40050 52006 60012 77087 8802/ 333
 21092 47043=
 28324 11896 82403 11086 21107 39956 40081 52018 60032 77172 8802/ 333
 21086 47036 91110 555 53011 7005/=
 28326 11496 82404 11078 21104 39879 40072 52024 60012 77172 8802/ 333
 21078 47042 55000 91110 555 53010 7003/=
 28413 11596 82603 11094 21127 39969 40096 51014 69922 77173 8757/ 333
 21095 47026 91110 555 53012 7002/=
 28428 11596 82605 11079 21119 39901 40092 52017 60012 77173 8802/ 333
 21079 47036 91110 555 53014 7004/=
 28429 11595 82603 11083 21096 39664 40088 52016 60032 77372 8802/ 333
 21083 47037 91112 555 53013 7006/=
 22983 11980 82601 11168 21187 30021 40134 52012 69902 70272 86035 333
 21192 47015 55000 91002 91102 555 53002 7990/=
 27083 12984 83301 11158 21178 39885 40123 52015 69982 8802/ 333 21159
 47020 91003 91104 555 53007 7003/=
 27097 11997 83102 11152 21161 39842 40120 52017 69992 77172 8807/ 333
 21157 47019 91004 91105 555 53006 7003/=
 27185 11997 82902 11136 21156 39930 40125 52015 60012 771// 8801/ 333
 21157 47017 91003 91103 555 53007 7005/=
 27199 11497 63301 11144 21161 39907 40116 52018 60022 77172 82720 333
 21153 47027 55000 91002 91103 555 53004 7007/=
 27281 11950 83002 11136 21155 39915 40134 52016 60012 77172 8807/ 333
 21144 47021 91004 91104 555 53007 7005/=
 27283 11496 83102 11136 21153 39959 40124 52019 60022 77172 8872/ 333
 21144 47029 91004 91105 555 53006 7006/=
 27295 11596 82602 11149 21170 39856 40123 52018 60012 77172 8802/ 333
 21154 47027 91003 91104 555 53007 7005/=
 27296 12997 82902 11146 21167 39883 40114 52019 60022 8802/ 333 21149
 47033 55000 91004 91107 555 53007 7006/=
 27385 119// 82601 11130 21148 39998 40134 52016 60012 77172 8807/ 333
 21177 47021 91003 91103 555 53006 7004/=
 27393 12597 82903 11125 21140 39940 40120 52020 69982 85571 333 21133
 47031 55000 91004 91105 555 53007 7003/=
 27480 11497 82801 11121 21145 30008 40144 52014 69992 78582 8697/ 333
 21155 47021 91003 91103 555 53004 7004/=
 28007 12999 03403 11167 21188 39832 40112 52018 60022 333 21167 47026
 55000 91005 91106 555 53006 7006/=
 28009 11998 03301 11159 21185 39875 40099 52022 60022 70272 333 21159
 47041 91002 91103 555 53004 7005/=
 28105 12498 83301 11151 21169 39900 40105 52019 60022 885// 333 21155
 47028 91002 91103 555 53004 7005/=
 28202 11996 83202 11131 21151 39862 40095 52021 60022 77172 8807/ 333
 21131 47045 91004 91105 555 53005 7010/=
 28302 11997 82902 11119 21141 39861 40101 52020 60032 77122 8807/ 333
 21119 47028 91004 91105 555 53006 7006/=
 28307 11998 82602 11125 21147 39967 40119 52016 69982 77171 8807/ 333
 21136 47030 91004 91108 555 53008 7004/=
 28402 11558 82503 11126 21146 39924 40113 52017 60012 77173 8352/ 333
 21126 47029 91006 91107 93401 555 53009 7003/=
 28502 12997 82806 11108 21140 30012 40121 52013 69902 77173 8802/ 333
 21109 48018 55000 91008 91111 555 53013 7994/=
 22550 12971 10000 11212 21234 30161 40172 52013 69972 80001 333 21212
 47020 55000 93528 555 53001 7001/=
 22778 12998 20101 11189 21211 30071 40146 52011 69932 80001 333 21189
 47012 55000 555 53003 7995/=
 22889 12997 82601 11170 21182 30042 40134 53012 69932 8805/ 333 21185
 47012 555 53003 7993/=
 22762 11996 80000 11171 21186 30116 40158 52011 69952 77177 8001/ 333
 21171 47021 555 53000 7997/ 91200=
 22638 46/// /0700 11206 21227 39935 40181 52011=
 22671 11998 10401 11234 21259 30078 40166 52011 69922 77870 333 21238
 47026 55000 555 53002 7995/=
 22456 11596 40000 11240 21278 30088 40185 52013 69922 78582 84900 333
 21241 47034 555 53000 7999/=
 22583 12998 70000 11207 21229 30088 40177 52011 60002 87070
 333 21243 47025 55000 555 53004 7994/=
 22749 NIL=
 22951 11897 80000 11209 21228 39871 40179 52007 69942 77872 8807/ 333
 21218 47019 555 53001 7001/=
 22887 12697 70000 11175 21194 30060 40135 52010 69952 82531 
 333 21175 47013 55000 555 53005 7997/=
 22876 12997 50000 11171 21183 30063 40141 52009 69902 85030 333 21203
 47014 555 51145 53003 7990/ 91203=
 22481 12998 70000 11265 21290 30136 40195 52011 69952 87070 333 21271
 47038 555 53003 7001/=
 22854 12998 63301 11180 21198 39863 40175 52006 60002 80001 333 21207
 47017 55000 555 53002 7992/=
 22781 NIL=
 22676 12898 10000 11264 21293 30076 40163 52012 69902 81030 333 21282
 47022 555 53001 7994/=
 22648 NIL=
 22559 11496 70000 11201 21223 30158 40176 52011 69942 78582 85905 333
 21021 47018 55000 93544 555 53001 7002/=
 22869 11997 63102 11140 21156 39997 40155 52008 69922 77177 80010 333
 21174 47015 555 53003 7992/ 91204=
 22768 11597 63101 11145 21163 30094 40148 52008 69932 70272 86500 333
 21156 47013 55000 86623 555 53002 7995/=
 22798 11997 83602 11158 21171 30015 40135 52013 69922 77877 8802/ 333
 21187 47014 555 53004 7992/=
 22375 46/// /1003 11211 21234 30189 40206 52015=
 23207 12999 10503 11293 21320 30204 40230 52012 60002 80001 333 21293
 47034 55000 555 53006 7994/=
 23215 NIL=
 23219 NIL=
 27095 76/// /3302 11155 21157 39886 40129 52019 333 21155 60002 555 53006 7000/=
 22408 21459 83501 11103 21113 30007 40164 52011 77172 8672/ 333  
 21113 55000 60012 86510 555   7002/=
 22511 21460 83601 11089 21101 30030 40156 52010 77172 8671/ 333  
 21111 69922 86617 93502 555   7994/=
 22529 22998 00000 11289 21321 30163 40171 52014 333   21294 60002
 555   7000/=
 22602 21459 80000 11118 21132 39922 40160 52009 77172 885// 333  
 21198 55000 69932 88615 93502 555   7995/=
 22621 73158 /0000 11221 21244 30020 40174 52011 333   21243 55011
 60002 555   7000/=
 22619 21998 72701 11211 21232 39992 40166 52011 70272 87070 333  
 21212 55000 69942 555   7997/=
 22721 21496 80000 11164 21181 30060 40166 52009 78582 889// 333  
 21186 69932 86914 555   7999/=
 22727 76765 /0000 11129 21141 30112 40163 52007 333   21134 60002
 555   7994/=
 22717 73/58 /0000 11152 21171 39954 40166 52006 333   21188 60002
 555   7000/=
 22802 22998 60000 11183 21199 30146 40171 52008 82031 333   21184
 55000 60002 555   7000/=
 22820 21698 72501 11114 21132 30017 40161 52006 70272 86530 333  
 21124 55000 69902 86640 555   7998/=
 22831 22997 50000 11185 21207 30108 40168 52009 85030 333   21215
 55000 60002 555   7000/=
 22805 225// 83501 11075 21082 30141 40167 52009 8653/ 333   21077
 55000 60002 555   7000/=
 22912 22984 71401 11096 21108 30146 40162 52009 87030 333   21118
 60002 555   7993/=
 
