06:31:00 MSK 19.08.2023
020 123456/=о000=0331
 уйту01 бтул 190300
 22686 62998 50000 10048 20046 30195 40295 58003 60002 80005 333 20020 31004 55090 555 53011 7002/=
 22695 12698 53003 10065 20047 30124 40276 58001 60002 82135 333 20049
 31006 555 53013 7002/=
 22996 62998 60102 10086 20081 30099 40282 52010 60002 80004 333 20083 32010 55060 555 53010 7016/ 91210=
 23220 11496 82104 10086 20082 39955 40091 52005 60092 71022 886// 333 20086 31010 55044 555 53011 7015/=
 23226 11357 82507 10092 20086 39871 40078 52005 60072 71062 887// 333 
 20088 31011 88707 91111 555 53011 7012/=
 23305 12599 72806 10113 20079 30186 40213 51001 69902 87500 333 20102
 31010 91010 91111 555 53015 7990/=
 23320 76/// /2704 10086 20073 30076 40147 54000 333 20080 60002 555 53011 7000/=
 23324 11356 82805 10094 20084 30052 40127 54000 69942 75052 886// 333
 20088 55052 88707 555 53011 7005/=
 23405 11468 72803 10097 20087 30135 40232 54000 69902 70282 
 84930 333 20081 31008 55058 84913 555 53013 7002/=
 23410 76/// /2808 10102 20055 30076 40170 52007 333 20081 60002 91011 91113 555 7000/=
 23411 11499 72904 10094 20083 30109 40196 52007 69972 70282 87900 333
 20084 31008 91110 555 53014 7002/=
 23412 12499 83006 10101 20078 30082 40176 52006 69902 883// 333 20088 31009 55060 86917 91011 91111 555 53015 7007/=
 23416 NIL=
 23418 11565 72906 10096 20077 30124 40196 52007 69962 72582 
 86930 333 20088 31008 55040 86930 91110 555 53014 7003/=
 23501 NIL=
 23503 12498 73004 10107 20072 30177 40226 52002 60002 87500 333 20087 32009 87615 555 53013 7026/ 91213=
 23507 66/// /3305 10094 20060 39952 40256 54001 60002 333 20069 555 53013 7000/=
 23509 12598 63203 10100 20070 30163 40240 52019 60002 83531 333 20083
 31009 555 53012 7004/=
 23514 12697 73002 10096 20064 30023 40215 58003 69912 87900 333 20075 31007 55073 86636 555 7004/=
 23518 62598 83104 10100 20062 30110 40199 52005 60002 889// 333
 20080 31008 55104 86625 555 50165 7993/ 91216=
 23606 12962 22902 10097 20065 30081 40244 52003 60002 80001 333 20066 31008 55070 555 53011 7004/=
 23612 12698 73004 10098 20062 30076 40208 52004 69902 87900 333 20082 31010 84933 555 53012 7990/=
 23701 12499 73202 10083 20063 30153 40281 52002 60002 82505 333 20057
 31007 555 53012 7990/=
 23704 76/// /3201 10067 20067 39398 49506 55046 333 20051 60002 555 50150 7000/=
 23707 62998 63303 10075 20059 30149 40280 52003 69902 80005 333 20064 30009 55080 555 53011 7990/=
 23708 12584 83303 10077 20049 30125 40273 52005 60002 83501 333 20063
 555 53012 7993/ 91215=
 23709 12598 83004 10091 20045 30069 40258 52008 69902 885// 333 20073
 30007 88629 555 53013 7996/=
 23711 12598 83103 10098 20056 30065 40230 52009 60002 885// 333 20083 31010 555 53010 7005/=
 23803 12999 80301 10079 20029 30084 40262 51010 60002 82035 333 20074
 30008 55098 555 53014 7000/=
 23804 62997 33101 10085 20063 30138 40281 52006 60002 80005 333 20062 30010 55074 555 53011 7990/=
 23807 12/// /3602 10085 20071 30128 40287 53008 60002 333 20073 3/007 55135 555 53011 7006/ 91211=
 23808 66/// /3103 10083 20060 30110 40276 52010 60002 333 20073 555 7000/=
 23812 12597 63402 10096 20042 30074 40233 52014 60002 84502 333 20085
 31008 555 53013 7002/=
 23904 12970 73502 10096 20081 30125 40279 52013 60002 80001 333 20095
 31010 555 53010 7018/=
 23905 62599 63603 10100 20055 30042 40265 52014 60002 84501 333 20100
 31011 555 53010 7004/=
 23909 12598 73504 10100 20058 30011 40251 52017 60002 87300 333 20098
 31011 55103 91110=
 23912 62598 63403 10100 20075 30043 40230 51021 69932 86500 333 20100
 31013 555 53008 7006/=
 23913 62599 73203 10108 20061 39992 40214 52023 60082 87900 333 20107
 31012 55124 555 53015 7008/=
 23914 61498 73302 10101 20073 39979 40230 52022 60002 70182 86901 333
 20100 31013 55114=
 28013 62598 63406 10108 20073 30012 40237 52016 69932 86500 333 20108
 31013 91010 91110 555 53009 7005/=
 28016 62599 73405 10119 20081 30023 40241 52015 69952 87500 333 20119
 30013 91111 555 53013 7995/=
 28029 62499 83503 10136 20114 39995 40206 52021 69982 887// 333 20136
 31015 55132 555 53009 7998/=
 28116 62499 73606 10134 20099 30004 40227 52014 60002 87500 333 20134
 30015 55120=
 28128 62599 83503 10162 20124 30058 40204 52015 60002 83904 333 20161
 30017 55132 91110 555 53010 7000/=
 28134 62598 83201 10152 20140 39856 40191 52010 60032 885// 333 20149
 31014 555 53007 7003/=
 28138 12599 33003 10174 20140 39633 40168 52007 69932 81310 333 20149
 31013 55133=
 28216 62699 63404 10159 20112 39928 40212 52008 60002 86500 333 20159
 30018 91110 555 53010 7000/=
 28222 62598 83602 10162 20151 30013 40198 53014 60042 8695/ 333 20162
 31017 555 53006 7004/=
 28224 62670 83403 10186 20149 39990 40191 52008 60002 889// 333 20176
 30017 55131=
 28234 62898 53601 10168 20158 39919 40182 52008 60062 84031 333 20158
 31018 555 53006 7006/=
 28238 61599 82601 10170 20149 39889 40176 53003 60022 70298 884// 333
 20158 31015 55123 555 53007 7002/=
 28313 62598 50103 10187 20132 30023 40204 52009 60002 85500 333 20180
 30017 555 53007 7993/=
 28319 12598 23602 10195 20156 30046 40200 52010 60002 82500 333 20164
 30018=
 28321 62599 73604 10186 20148 30004 40196 52007 60002 85970 333 20182
 30018=
 28324 62599 53603 10201 20146 30080 40193 52010 60002 82409 333 20174
 30017 555 53006 7000/=
 28326 62598 63301 10192 20166 30006 40181 52008 60002 82530 333 20159
 31016 55113 555 53007 7003/=
 28413 62599 60103 10202 20147 30086 40201 52011 60002 86800 333 20195
 30019 555 53008 7000/=
 28428 62598 73302 10190 20150 30009 40183 52008 60002 87500 333 20150
 30015 555 53003 7000/=
 28429 62598 80202 10184 20149 39790 40178 54000 60002 86901 333 20137
 30015 555 53003 7000/=
 22983 12998 60000 10083 20066 30195 40299 52008 60002 80005 333 20070
 31009 55094 91001 91102 555 52003 53008 7990/=
 27083 11999 63603 10095 20077 30065 40284 52011 69942 70282 80009 333
 20092 31010 91004 91108 555 52008 53009 7007/=
 27097 12498 80102 10105 20084 30020 40276 52013 60052 87901 333 20105
 31013 91005 91107 555 52010 53011 7005/=
 27185 12698 63602 10125 20096 30093 40272 52010 60002 82101 333 20112
 30012 91005 91105 555 52010 53007 7000/=
 27199 13598 80102 10137 20100 30069 40260 52014 60002 885// 333 20137
 30015 55123 91005 91108 555 52014 53008 7000/=
 27281 12982 20103 10121 20103 30067 40268 52009 60002 80001 333 20114
 31012 91005 91106 555 52010 53009 7005/=
 27283 12498 70305 10140 20102 30110 40261 52012 60002 86530 333 20135
 30014 91007 91107 555 52012 53008 7000/=
 27295 12598 63502 10143 20103 30010 40251 52011 60002 86045 333 20142
 30015 91005 91107 555 52014 53007 7000/=
 27296 12598 80104 10153 20096 30040 40249 52012 60002 889// 333 20141
 30015 55134 91007 91109 555 52010 53009 7000/=
 27385 125// 60102 10152 20135 30124 40247 52010 60002 84530 333 20148
 30015 91004 91105 555 52014 53008 7000/=
 27393 12598 30403 10160 20123 30079 40243 52011 60002 82541 333 20158
 30015 55130 91006 91108 555 52015 53008 7000/=
 27480 12598 80303 10163 20149 30123 40246 52010 60002 885// 333 20156
 30016 91006 91106 555 52014 53006 7000/=
 28007 12599 80205 10115 20073 30011 40267 53013 60002 8851/ 333 20115
 30014 55113 91009 91109 555 52006 53010 7000/=
 28009 12598 83402 10120 20086 30053 40258 52009 60002 885// 333 20116
 31012 91004 91104 555 52011 53010 7006/=
 28105 12598 70102 10134 20086 30068 40255 51011 60002 86230 333 20133
 30016 91005 91108 555 52012 53009 7000/=
 28202 12581 80201 10142 20103 30028 40241 52013 60002 889// 333 20142
 30016 91005 91107 555 52015 53007 7000/=
 28302 12598 73604 10164 20112 30014 40232 53011 60002 86930 333 20156
 31016 91009 91109 555 52015 53009 7001/=
 28307 12498 23302 10171 20136 30096 40233 52013 60002 82501 333 20166
 30015 91005 91108 555 52015 53008 7990/=
 28402 12998 33502 10176 20153 30054 40224 52012 60002 82035 333 20165
 30017 91004 91105 555 52015 53005 7000/=
 28502 12/// /3603 10198 20160 30115 40213 52009 60002 333 20190 3/018
 55120 91004 91105 555 53006 7000/=
 22550 62997 12602 10094 20073 30294 40304 57006 60002 80001 333 20064
 31008 55102 555 53006 7000/=
 22778 12998 23601 10043 20040 30244 40313 52003 60002 81071 333 20015
 30005 55067 555 53009 7990/=
 22889 12998 10000 10085 20069 30216 40302 52008 60002 80001 333 20059 31008 555 53011 7998/=
 22762 62998 00000 10038 20038 30280 40319 54001 60002 333 20022 31005
 555 53005 7000/ 91210=
 22638 46/// /1000 10020 20020 30100 40330 57003=
 22671 11293 50000 10058 20056 30220 40299 57003 60002 74642 85600 333 20040 31005 55057 85703 555 53008 7990/=
 22456 12997 72301 10079 20079 30197 40283 57010 60002 82044 333 20048
 31005 555 53006 7994/=
 22583 12598 72603 10095 20076 30193 40273 58009 60002 86570
 333 20085 31009 55061 555 53012 7002/=
 22749 NIL=
 22951 12998 51001 10073 20067 30041 40321 52001 60002 80001 333 20043
 31006 555 53007 7000/=
 22887 11996 23101 10075 20073 30231 40300 52005 60002 71000 82030 
 333 20062 30004 55114 555 53011 7000/=
 22876 12997 22801 10094 20070 30239 40310 52005 60002 80001 333 20073 30009 555 50157 53011 7000/ 91211=
 22481 12998 72502 10088 20078 30210 40262 57012 60002 82031 333 
 20079 31008 555 53011 7994/ =
 22854 12999 10401 10076 20062 30038 40325 53003 60002 80001 333 20057
 31005 55024 555 53008 7000/=
 22781 NIL=
 22676 12998 00000 10055 20050 30222 40300 58003 60002 333 20045 31006
 555 53008 7991/=
 22648 NIL=
 22559 62998 22501 10076 20070 30292 40309 57004 60002 80001 333 20056
 31008 55090 555 53006 7991/=
 22869 11997 10000 10073 20064 30175 40323 52006 60002 71200 80001 333
 20050 31007 555 53009 7990/ 91211=
 22768 11993 22501 10062 20061 30271 40321 52003 60002 74640 80001 333
 20036 30004 55038 555 53008 7000/=
 22798 12997 63001 10065 20056 30182 40294 53003 60002 82031 333 20040
 30009 555 53014 7990/=
 22375 46/// /2603 10127 20092 30231 40246 57014=
 23207 11499 82805 10102 20083 30179 40201 57002 69952 72582 8565/ 333
 20093 55003 555 53014 7005/=
 23215 NIL=
 23219 NIL=
 27095 76/// /0102 10102 20090 30063 40288 52012 333 20102 60002 555 53010 7000/=
 22408 22999 23402 10030 20027 30160 40311 57009 80001 333   20019
 55139 60002 555   7000/=
 22511 21900 31901 10046 20042 30189 40311 57008 74400 80001 333  
 20040 69912 555   7991/=
 22529 22999 02001 10057 20055 30302 40309 57007 333   20032 60002
 555   7000/=
 22602 21/06 90000 10063 20059 30091 40317 57006 74700 333   20044
 55104 60002 555   7000/=
 22621 73/65 /2202 10054 20050 30179 40319 57005 333   20040 55067
 60002 555   7000/=
 22619 21965 12601 10085 20081 30158 40316 57002 71100 80001 333  
 20067 55056 60002 555   7000/=
 22721 22998 23001 10044 20041 30223 40322 57002 80001 333   20043
 60002 555   7993/=
 22727 76670 /0502 10123 20103 30266 40313 57004 333   20095 60002
 555   7000/=
 22717 73/70 /0801 10118 20091 30118 40312 57004 333   20118 60002
 555   7000/=
 22802 22699 70302 10129 20097 30281 40304 57010 87500 333   20128
 55043 60002 87638 555   7000/=
 22820 22670 72601 10115 20099 30175 40309 57006 87500 333   20105
 55026 60002 87633 555   7990/=
 22831 22998 21201 10045 20040 30265 40321 54000 82030 333   20033
 55060 60002 555   7000/=
 22805 22598 80702 10144 20092 30278 40303 57009 885// 333   20140
 55057 60002 555   7994/=
 22912 22699 80702 10120 20095 30283 40298 57007 885// 333   20107
 60002 88638 555   7000/=
 
