00:31:00 MSK 22.02.2023
020 123456/=о000=2131
 уйту01 бтул 212100
 22686 42998 20201 11174 21192 39974 40081 58003 80001=
 22695 42998 00305 11168 21200 39900 40063 58005=
 22996 42/// /0202 11143 21149 39801 49995 57005=
 23220 41599 80806 11144 21178 39984 40134 58014 73632 8653/ 333 91110=
 23226 42960 30701 11212 21237 39915 40149 58011 80004=
 23305 42/// /3602 11249 21275 30098 40129 58010=
 23320 86/// /0000 11275 21312 30038 40120 57014=
 23324 42980 20702 11192 21213 30040 40124 58012 82070=
 23405 42997 09901 11228 21247 30012 40122 58006=
 23410 NIL=
 23411 42/// /0101 11231 21253 30023 40121 58011=
 23412 42999 00302 11208 21232 30011 40116 57015=
 23416 NIL=
 23418 42965 02801 11254 21278 30025 40106 57018=
 23503 42/// /3401 11265 21298 30054 40110 57010=
 23507 86/// /3402 11211 21228 39770 40106 57004=
 23509 42/// /0101 11165 21184 30006 40089 57008=
 23514 42997 30101 11191 21208 39887 40099 57013 80001=
 23518 42/// /3401 11223 21242 39992 40092 57017=
 23606 41960 60503 11152 21172 39894 40077 57006
 70272 86030=
 23704 86/// /0101 11195 21201 39926 40039 55004=
 23701 42971 40303 11183 21199 39925 40064 57007 80004=
 23707 82998 30205 11174 21194 39895 40036 57007 80001=
 23708 42/// /0202 11169 21192 39879 40038 57007=
 23709 42/// /0402 11146 21179 39836 40039 57008=
 23711 42998 83601 11168 21188 39878 40058 57012 85035=
 23803 41496 80602 11134 21167 39837 40025 57008 77372 8802/ 333 88513=
 23804 82997 73601 11161 21179 39869 40023 57008 84031=
 23807 42/// /0103 11145 21150 39842 40011 57009=
 23808 86/// /0103 11130 21149 39832 40007 57009=
 23812 42997 41201 11143 21186 39862 40032 57013 80002=
 23904 41956 83401 11129 21141 39832 49995 57009 77172 8802/=
 23905 41595 80202 11122 21138 39755 49990 57009 77372 8802/=
 23909 41496 80803 11115 21131 39737 49990 57006 77172 8652/=
 23912 42/// /0202 11115 21133 39805 40004 57010=
 23913 42999 81204 11127 21182 39770 40008 57022 8803/ 333 91111=
 23914 81495 80601 11121 21135 39734 49999 57007 77372 8802/=
 28013 41395 80702 11114 21136 39747 49986 57005 77372 8872/=
 28016 42/// /0902 11117 21141 39751 49985 57002=
 28029 41895 80602 11117 21133 39758 49984 57005 77372 8802/=
 28116 41896 80701 11124 21139 39739 49978 57001 77172 8807/=
 28128 41596 80401 11117 21134 39822 49981 57001 77172 8802/=
 28134 41496 80000 11131 21155 39621 49985 57005 77172 8872/=
 28138 43/// /0304 11151 21177 39399 49991 57010=
 28216 41898 70701 11135 21154 39667 49977 52003 70272 87010=
 28222 42/// /0000 11118 21140 39777 49979 54001=
 28224 41457 81301 11113 21129 39755 49975 52005 77172 8802/=
 28234 41596 81301 11114 21144 39694 49981 55001 77172 885//=
 28238 41896 82701 11140 21158 39670 49986 55003 77172 8802/=
 28313 NIL=
 28319 41598 81601 11140 21156 39805 49976 52006 70272 885//=
 28321 41896 52801 11156 21170 39765 49979 53006 71072 85010=
 28324 42/// /1001 11120 21147 39849 49974 50006=
 28326 41596 80000 11100 21118 39781 49973 52007 77172 8802/=
 28413 41996 21401 11133 21153 39844 49972 50003 71071 80005=
 28428 42598 70000 11093 21114 39785 49974 52008 87900=
 28429 42/// /2402 11082 21095 39556 49975 52011=
 22983 41560 80000 11159 21179 39910 40021 57001 77172 8453/ 333 91001
 91103=
 27083 42984 00202 11172 21192 39764 49999 57004 333 91002 91103=
 27097 42/// /3502 11157 21168 39717 49992 57003 333 91003 91104=
 27185 42/// /0000 11202 21220 39800 49997 52002 333 91000 91102=
 27199 41997 80000 11158 21174 39776 49984 54000 77172 8801/ 333 91001
 91104=
 27281 42984 63402 11181 21201 39774 49995 52004 80006 333 91003
 91103=
 27283 42997 03501 11207 21226 39822 49991 52003 333 91002 91103=
 27295 42/// /3601 11169 21191 39716 49982 54000 333 91002 91103=
 27296 42997 00000 11207 21234 39748 49982 52001 333 91000 91101=
 27385 429// 20000 11253 21279 39844 49984 52004 80001 333 91000
 91103=
 27393 41998 80000 11167 21186 39800 49980 52001 70272 8007/ 333 91000
 91102=
 27480 42998 80301 11180 21208 39841 49977 52002 8805/ 333 91002
 91103=
 28007 41499 63602 11145 21165 39712 49986 57003 72272 86300 333 86914
 91003 91104=
 28009 41996 80000 11128 21154 39766 49984 57004 77172 8801/ 333 91001
 91102=
 28105 41998 50000 11171 21194 39772 49983 57001 70172 85030 333 91000
 91102=
 28202 41996 80401 11153 21175 39746 49978 53003 77172 8807/ 333 91001
 91102=
 28302 41997 63601 11172 21193 39735 49977 52002 70272 86030 333 91002
 91102=
 28307 42998 03201 11176 21199 39819 49972 54000 333 91001 91101=
 28402 41958 60301 11155 21173 39781 49969 52001 77172 83075 333 91001
 91103=
 28502 41596 80000 11135 21155 39853 49961 57003 77172 8802/ 333 91000
 91103=
 22550 82970 03501 11220 21242 30110 40121 52004=
 22778 42998 00203 11171 21192 39991 40065 52003=
 22889 42/// /3501 11159 21177 39936 40027 57003=
 22762 42/// /3201 11188 21199 30046 40088 52002=
 22638 NIL=
 22671 42/// /0201 11204 21217 30014 40100 54000=
 22456 42/// /0000 11282 21312 30040 40139 52005=
 22583 42998 03301 11244 21269 30020 40109 58002=
 22749 NIL=
 22951 42/// /0101 11186 21204 39778 40080 52006=
 22887 41597 83201 11182 21194 39968 40043 52003 78582 83901=
 22876 42/// /2801 11198 21211 39970 40048 50001=
 22481 42/// /0000 11268 21293 30070 40129 52002=
 22854 42/// /3602 11176 21194 39780 40089 52012=
 22781 NIL=
 22676 42998 23203 11203 21226 30005 40089 52001 80001=
 22648 NIL=
 22559 42/// /3201 11203 21225 30099 40117 52004=
 22869 42/// /0103 11170 21188 39901 40059 52005=
 22768 42997 20302 11182 21200 30021 40075 52005 80008=
 22798 42/// /3604 11172 21191 39923 40043 57006=
 22375 46/// /0501 11243 30122 40139 52002=
 23207 NIL=
 23215 NIL=
 23219 NIL=
 27095 86/// /0102 11147 21156 39761 40001 57006=
 22408 41159 83401 11215 21237 30022 40187 52014 77171 8872/ 333  
 88503 93501=
 22511 42984 00000 11259 21289 30044 40179 52013 333   93501=
 22529 42598 20000 11209 21234 30137 40144 52013 82500=
 22602 42975 02601 11243 21261 39931 40181 52018 333   93501=
 22621 83/62 /3401 11157 21174 30001 40151 52011=
 22619 42998 02803 11186 21205 39978 40150 52012=
 22721 42997 02802 11174 21191 30033 40139 52012=
 22727 86/62 /3401 11171 21187 30083 40135 52016=
 22717 83/63 /3101 11191 21208 39939 40149 52016=
 22802 42998 00102 11146 21167 30120 40145 52020=
 22820 42998 03002 11173 21193 39986 40133 52016 555   51148=
 22831 42997 03101 11195 21216 30053 40113 52014=
 22805 429// 00302 11122 21140 30105 40126 52018=
 22912 42984 03101 11174 21189 30107 40123 52019=
 
