06:31:00 MSK 22.06.2023
020 123456/=о000=0331
 уйту01 бтул 220300
 22686 62998 22802 10090 20038 30075 40172 51003 60002 80009 333 20010 30002 55114 555 53009 7000/=
 22695 12998 23303 10079 20008 30006 40156 51003 60002 80001 333 20045
 30004 555 53009 7000/=
 22996 62998 73501 10091 20070 39969 40150 52006 69902 82026 333 20050
 32007 55056 555 53005 7003/=
 23220 12598 83004 10035 20000 39966 40105 52007 60002 8653/ 333 20023 31002 55074 555 53011 7000/=
 23226 12460 83104 10032 21006 39895 40107 58001 60002 885// 333 20023 
 31003 88614 91110 555 53013 7990/=
 23305 12699 83303 10057 20034 30147 40174 53007 60002 885// 333 20045
 30006 555 53009 7000/=
 23320 76/// /3402 10061 20030 30065 40137 52007 333 20043 60002 555 53006 7000/=
 23324 12584 83404 10068 20031 30058 40134 52005 60002 889// 333 20041
 55006 86632 555 53007 7990/=
 23405 12675 83503 10056 20029 30070 40169 52004
 60002 885// 333 20033 30002 55108 88634 555 53009 7000/=
 23410 76/// /3503 10063 20011 30051 40146 52007 333 20054 60002 555 7000/=
 23411 12499 83603 10057 20029 30070 40158 52006 60002 8872/ 333
 20048 31005 555 53007 7000/ 91210=
 23412 12599 83402 10059 20030 30055 40150 52008 60002 885// 333 20056 30006 55025 88626 555 53005 7000/=
 23416 NIL=
 23418 12565 83603 10070 20024 30071 40143 52008 60002 885//
 333 20063 31006 55019 88629 555 53006 7000/=
 23501 NIL=
 23503 12598 83502 10060 20023 30112 40161 52007 60002 885// 333 20055 30008 88627 555 53009 7000/ 91209=
 23507 66/// /0301 10064 20030 39858 40163 52008 60002 333 20034 555 53008 7000/=
 23509 12598 83002 10070 20019 30079 40156 52007 60002 885// 333 20067
 30009 88624 555 53008 7000/=
 23514 12597 83502 10058 20032 39957 40150 52009 60002 885// 333 20058 30007 55115 88623 555 53007 7000/=
 23518 12598 83604 10079 20021 30042 40131 52008 60002 86589 333 20055
 30006 55067 86627 555 53010 7000/ 91214=
 23606 12662 83402 10075 20034 39987 40150 52009 60002 885// 333 20048 30007 55084 88633 555 53007 7000/=
 23612 12598 83403 10069 20014 30001 40132 52007 60002 885// 333 20061 30008 88630 555 53009 7000/=
 23701 12999 70403 10090 20038 30035 40161 52008 60002 81031 333 20060
 30006 555 53008 7990/=
 23704 76/// /0501 10090 20057 39926 40039 55004 333 20039 60002 555 50094 7000/=
 23707 62999 80101 10108 20048 30020 40148 52007 60002 80005 333 20083 30007 55067 555 53007 7000/=
 23708 12984 60602 10106 20032 30004 40148 52008 60002 80004 333 20040
 555 53007 7998/ 91209=
 23709 62998 60103 10089 20015 39957 40145 52009 60002 82031 333 20038 30003 555 53009 7000/ 91210=
 23711 12598 83602 10068 20026 39966 40132 52010 60002 8695/ 333 20036 30005 55093 86926 555 53008 7000/=
 23803 12999 83501 10088 20048 39964 40138 51007 60002 80001 333 20042 30004 55074 555 53007 7990/=
 23804 62997 83401 10109 20053 30003 40143 52006 60002 82031 333 20048 30005 55030 555 53004 7990/=
 23807 12997 73503 10106 20061 39992 40148 52006 60002 81039 333 20052
 31006 55036 555 53005 7994/=
 23808 66/// /3001 10089 20062 39982 40145 51007 60002 333 20024 555 7000/=
 23812 12597 70302 10084 20013 39965 40123 52010 60002 87500 333 20031
 30003 555 53009 7000/=
 23904 12970 80601 10105 20075 39996 40148 51006 60002 80002 333 20025
 31004 555 53005 7996/=
 23905 62899 50000 10094 20054 39922 40142 52009 60002 85039 333 20050
 31004 555 53006 7995/=
 23909 12998 73503 10095 20037 39898 40136 52009 60002 80005 333 20033
 30003 55016=
 23912 62598 83603 10080 20026 39931 40118 52009 60002 83505 333 20022
 30003 555 53007 7000/=
 23913 62599 70301 10085 20039 39884 40106 52008 60002 82931 333 20016
 31001 55029 555 53004 7993/=
 23914 62998 73501 10079 20029 39869 40119 52011 60002 80005 333 20052
 30005 55019=
 28013 62998 53505 10094 20029 39904 40128 52009 60002 80001 333 20051
 30005 555 53008 7000/=
 28016 62999 83602 10109 20057 39914 40131 52010 60002 80009 333 20059
 30006 555 53006 7000/=
 28029 62999 33502 10094 20042 39897 40110 52012 60002 80001 333 20066
 31006 55030 555 53006 7998/=
 28116 62899 20102 10105 20051 39904 40127 52010 60002 81035 333 20075
 30008 55053=
 28128 62998 83402 10110 20056 39969 40117 52011 60002 80009 333 20088
 30008 55020 555 53006 7000/=
 28134 62998 63301 10098 20063 39768 40106 52009 60002 80001 333 20056
 31006 555 53004 7993/=
 28138 12599 73301 10091 20061 39551 40097 52011 69932 87500 333 20054
 31004 55014=
 28216 62699 73202 10102 20058 39838 40125 52006 60002 87500 333 20070
 30008 555 53006 7000/=
 28222 62898 83001 10119 20071 39927 40113 52009 60002 8805/ 333 20101
 30010 555 53005 7993/=
 28224 62870 73102 10110 20056 39909 40114 52009 69902 83032 333 20092
 30009=
 28234 62899 23301 10119 20057 39836 40105 52006 60032 82040 333 20075
 31008 555 53006 7996/=
 28238 62599 82101 10085 20064 39812 40106 52012 60002 885// 333 20057
 31004 55016 555 53007 7995/=
 28313 62598 73001 10103 20057 39943 40129 52006 60002 86530 333 20070
 30008 555 53005 7000/=
 28319 62598 83301 10100 20054 39972 40129 52008 60002 8657/ 333 20065
 30008=
 28321 62899 73403 10102 20058 39925 40122 52007 60002 87070 333 20091
 30010=
 28324 62899 82901 10105 20048 30006 40123 52007 60002 8805/ 333 20086
 30009 555 53006 7000/=
 28326 62598 73101 10104 20062 39932 40112 52008 60002 87500 333 20079
 30008 55001 555 53004 7000/=
 28413 62599 83001 10103 20048 30015 40134 52008 60002 885// 333 20080
 30005 555 53007 7993/=
 28428 62598 83401 10103 20052 39943 40122 52009 60002 885// 333 20064
 30006 555 53005 7000/=
 28429 62598 53302 10101 20058 39718 40115 52008 69932 82531 333 20053
 30006 555 53005 7993/=
 22983 12998 32401 10110 20073 30061 40163 52005 69902 82031 333 20072
 31009 55083 91002 91102 555 52006 53007 7993/=
 27083 12999 33001 10100 20073 39939 40155 52004 60012 82031 333 20067
 31007 91003 91103 555 52004 53004 7002/=
 27097 12998 83102 10089 20072 39903 40158 52005 60012 84072 333 20068
 31007 91004 91104 555 52005 53007 7001/=
 27185 12698 50000 10109 20071 39985 40163 52004 60002 83501 333 20051
 30008 91000 91101 555 52004 53006 7000/=
 27199 12598 83101 10087 20070 39967 40160 52006 60002 8643/ 333 20073
 30007 55075 91001 91102 555 52010 53004 7000/=
 27281 11482 73202 10090 20073 39967 40168 52004 60012 70282 83970 333
 20065 31008 91003 91107 555 52004 53007 7002/=
 27283 12498 63302 10091 20070 30012 40164 52007 60002 85930 333 20047
 30005 91004 91104 555 52006 53007 7000/=
 27295 12998 63201 10084 20052 39916 40162 52005 60002 85079 333 20066
 31007 91002 91103 555 52003 53005 7990/=
 27296 12581 83101 10077 20058 39943 40156 52006 60002 889// 333 20043
 30005 55070 91002 91103 555 52101 53005 7990/=
 27385 129// 73201 10076 20060 30041 40167 52004 69902 87030 333 20021
 30002 91003 91103 555 52100 53007 7990/=
 27393 12598 80000 10085 20054 39994 40161 52007 60002 88400 333 20050
 30005 55055 91001 91102 555 53006 52003 7992/=
 27480 12598 72801 10067 20064 30048 40174 52006 60002 84531 333 20019
 31004 91002 91102 555 52101 53005 7993/=
 28007 12699 63503 10090 20051 39895 40150 52005 60002 84530 333 20060
 30007 55064 91005 91106 555 52005 53008 7000/=
 28009 12998 83501 10106 20049 39942 40146 52008 60002 80009 333 20066
 31008 91002 91103 555 52005 53007 7990/=
 28105 12598 82401 10073 20057 39957 40153 52005 60002 888// 333 20049
 30006 91003 91103 555 52002 53006 7990/=
 28202 12674 83102 10086 20049 39930 40146 52006 60002 86931 333 20071
 30008 91003 91103 555 52007 53005 7990/=
 28302 12998 73301 10097 20054 39925 40147 52007 60002 87030 333 20078
 30009 91002 91103 555 52007 53006 7000/=
 28307 12498 83002 10088 20049 30016 40156 52007 60002 885// 333 20055
 30004 91003 91104 555 52002 53007 7993/=
 28402 12998 83002 10082 20059 39976 40151 52009 60002 8807/ 333 20071
 30007 91004 91104 555 52004 53005 7993/=
 28502 12598 83002 10099 20047 30049 40150 52008 69902 884// 333 20069
 30009 55048 91004 91104 555 52005 53008 7990/=
 22550 12997 01101 10105 20053 30167 40177 52001 60002 333 20029 30007
 55140 555 53004 7000/=
 22778 NIL=
 22889 12898 12701 10104 20069 30081 40165 52007 60002 81080 333 20050
 30004 555 53009 7990/=
 22762 NIL=
 22638 NIL=
 22671 12998 20000 10118 20046 30094 40170 54000 60002 81031 333 20033
 30005 55174 555 53005 7000/=
 22456 12997 23001 10090 20044 30093 40178 54000 60002 80001 333 20025
 30006 555 53004 7000/=
 22583 12598 13401 10059 20022 30097 40176 52002 60002 81500
 333 20020 30004 55159 555 53006 7000/=
 22749 NIL=
 22951 12898 32601 10099 20062 39913 40187 53002 60002 83030 333 20037
 30005 555 53003 7000/=
 22887 12999 23401 10108 20061 30097 40165 52005 60002 80001 333 
 20056 31003 55089 555 53009 7002/=
 22876 12997 22801 10104 20080 30102 40173 52004 69952 81031 333 20043
 31005 555 50102 53005 7001/ 91213=
 22481 12998 80101 10039 20027 30134 40187 52002 60002 8807/ 333 20006
 30001 555 53005 7000/=
 22854 12899 22602 10094 20067 39897 40178 56001 60002 82031 333 20045
 30006 55070 555 53004 7000/=
 22781 NIL=
 22676 12598 51101 10089 20040 30094 40170 52001 60002 81101 333 20015
 30004 555 53008 7000/=
 22648 NIL=
 22559 NIL=
 22869 12997 02201 10085 20056 30039 40185 54001 60002 333 20032 30005
 555 53006 7000/ 91208=
 22768 12697 52301 10086 20052 30129 40178 52003 60002 85500 333 20036
 30004 55140 555 53004 7000/=
 22798 12998 60000 10091 20039 30052 40162 52007 60002 83031 333 20053
 30005 555 53006 7000/=
 22375 NIL=
 23207 NIL=
 23215 NIL=
 23219 NIL=
 27095 76/// /0000 10039 20039 39941 40168 53005 333 20039 60002 555 53010 7000/=
 22408 22399 81202 10115 20101 30000 40144 57002 886// 333   20109
 55012 60002 88707 555   7997/=
 22511 22398 81202 10112 20096 30025 40142 52001 886// 333   20109
 69982 88707 555   7005/=
 22529 22599 41102 10111 20085 30155 40162 57004 84500 333   20092
 69932 555   7001/=
 22602 22599 31201 10143 20138 39909 40124 54000 82530 333   20124
 55118 60072 555   7007/=
 22621 73460 /1402 10108 20092 30016 40151 57001 333   20097 55054
 60042 555   7004/=
 22619 22482 71303 10104 20090 39982 40136 57003 87500 333   20095
 55078 60052 555   7005/=
 22721 21598 81201 10105 20090 30053 40148 57009 70282 885// 333  
 20093 60082 88622 555   7009/=
 22727 76870 /1302 10108 20099 30098 40144 57007 333   20100 60032
 555   7003/=
 22717 73/64 /1401 10123 20119 39949 40135 52002 333   20119 60062
 555   7006/=
 22802 21499 70000 10143 20113 30103 40125 57016 70282 86930 333  
 20122 55146 60012 555   7001/=
 22820 21560 81702 10110 20088 30013 40145 57002 76062 8552/ 333  
 20107 55126 60022 555   7002/=
 22831 21697 80000 10096 20087 30110 40164 57009 76162 885// 333  
 20092 55116 60052 88643 555   7005/=
 22805 21498 71304 10106 20091 30101 40121 57021 70298 84930 333  
 20100 55088 60032 555   7003/=
 22912 21599 71302 10120 20106 30120 40135 57015 72598 84330 333  
 20106 60042 555   7004/=
 
