06:31:00 MSK 04.02.2023
020 123456/=о000=0331
 уйту01 бтул 040300
 22686 11496 80000 11111 21125 30086 40191 52009 60012 77172 8452/ 333 21131 47058 55000 84614 555 53002 7002/=
 22695 11497 80000 11086 21105 30017 40176 53008 69982 77172 8652/ 333
 21086 47050 86615 555 53003 7002/=
 22996 12598 81802 11075 21092 30001 40194 52015 60012 8352/ 333 21086
 47052 55000 555 53005 7001/=
 23220 11495 82004 11088 21101 30039 40186 52004 69992 77373 8872/ 333 21100 47073 55000 555 53008 7003/=
 23226 11360 82006 11092 21103 39955 40178 52002 60012 72272 887// 333 
 21102 47040 85708 555 53008 7003/=
 23305 12984 82002 11068 21073 30154 40183 51004 60002 8807/ 333 21080
 47036 555 53005 7000/=
 23320 76/// /2403 11096 21121 30123 40199 52004 333 21096 60002 555 53009 7000/=
 23324 12480 82102 11088 21106 30114 40195 52004 69932 886// 333 21103
 49049 55000 88718 555 53006 7001/=
 23405 11496 81201 11076 21086 30082 40185 52004
 69922 78582 8595/ 333 21076 47050 55000 85910
 555 53004 7994/=
 23410 76/// /1802 11109 21124 30089 40191 54001 333 21111 60002 555 7000/=
 23411 11599 82103 11090 21098 30092 40185 52001 60002 70232 885// 333
 21091 48051 555 53006 7001/=
 23412 11498 81903 11105 21120 30088 40190 54000 69972 77172 8377/ 333 21107 47054 55000 555 53006 7002/=
 23416 NIL=
 23418 11925 81302 11096 21117 30119 40196 53001 60012 77372
 8802/ 333 21098 47063 55000 555 53004 7002/=
 23501 NIL=
 23503 11998 81901 11103 21119 30135 40187 54001 69972 77072 8802/ 333 21150 47054 555 53003 7001/ 91206=
 23507 86/// /0000 11152 21160 39865 40197 52004 333 21161 555 53004=
 23509 11997 80000 11100 21112 30106 40188 54000 60022 77172 8802/ 333
 21101 48059 555 53004 7002/=
 23514 11396 81601 11101 21111 39986 40192 58006 69932 77172 8672/ 333 21106 47072 55009 85709 555 53004 7996/=
 23518 11496 81301 11087 21096 30097 40192 57009 60012 77172
 8572/ 555 51088 7003/ 91209=
 23606 11630 80000 11095 21107 30005 40185 54000
 60012 77372 8552/ 333 21095 47062 55003 85633
 555 53004 7002/=
 23612 11330 81202 11080 21085 30050 40190 57008 60022 77372 8802/
 333 21121 47067 88508 555 53006 7003/=
 23701 11329 80201 11084 21092 30053 40188 52005 60022 77372 8672/ 333
 21085 47049 86708 555 53004 7002/=
 23704 76/// /0000 11083 21083 39926 40039 55004 333 21084 60002 555 51073 7000/=
 23707 61996 80401 11091 21100 30042 40180 52010 60022 77177 8807/ 333 21091 47041 55000 555 53005 7002/=
 23708 11962 81801 11093 21107 30030 40186 52008 60032 77172 8007/ 333
 21097 48048 555 53003 7003/ 91207=
 23709 11498 81601 11085 21100 39989 40190 52006 60012 70272 885// 333 21119 47046 88618 555 53002 7001/ 91206=
 23711 11498 81701 11076 21086 30012 40188 54000 69972 70282 889// 333 21114 47062 55000 88918 555 53003 7001/=
 23803 11997 81602 11085 21105 30012 40200 53009 60042 77172 8802/ 333 21085 47050 55000 555 53005 7004/=
 23804 11496 80000 11096 21105 30031 40183 52012 60032 77172 8552/ 333 21098 47043 55000 85616 555 53004 7003/=
 23807 12497 81701 11102 21108 30024 40193 52015 60032 8257/ 333 21105
 47034 55000 555 53003 7003/=
 23808 66/// /1903 11072 21081 30023 40197 52014 60002 333 21097 555 7000/=
 23812 11396 82002 11057 21069 30032 40200 54000 60022 77172 8672/ 333
 21090 47072 86709 934// 555 53004 7002/=
 23904 12470 81801 11072 21079 30037 40200 52011 60022 885// 333 21089
 47045 88613 555 53005 7004/=
 23905 12899 82402 11071 21084 39969 40204 52014 60032 8802/ 333 21080
 47047 555 53004 7001/=
 23909 11497 82002 11065 21077 39956 40210 52009 60022 77072 8551/ 333
 21066 47044 55000=
 23912 11596 81803 11062 21082 30018 40217 52007 69982 77172 8802/ 333
 21062 47065 555 53008 7001/=
 23913 12999 61801 11155 21178 39997 40243 52003 60002 86030 333 21178
 47059 55000 555 53002 7990/=
 23914 11895 81702 11074 21089 39952 40218 52006 69972 77372 8802/ 333
 21074 47056 55000=
 28013 11397 81702 11069 21084 39975 40215 53008 60012 77172 8372/ 333
 21069 47044 555 53008 7001/=
 28016 11897 81802 11065 21073 39984 40218 53008 60022 77072 8807/ 333
 21065 47039 555 53006 7002/=
 28029 12899 21301 11080 21111 30000 40229 52006 60002 82010 333 21080
 47055 55000 555 53006 7000/=
 28116 11896 81801 11067 21089 39982 40222 52008 69932 77072 8801/ 333
 21067 47050 55000=
 28128 12898 81802 11080 21117 30075 40235 52007 60002 8807/ 333 21095
 47050 55000 555 53005 7990/=
 28134 12898 70000 11126 21140 39875 40248 52004 60002 84015 333 21126
 47060 555 53003 7000/=
 28138 12999 82001 11110 21125 39659 40257 52001 60002 80005 333 21126
 47056 55008=
 28216 12899 81704 11080 21111 39919 40230 52006 60002 8802/ 333 21080
 47041 555 53007 7990/=
 28222 12898 81702 11083 21122 30035 40239 52007 60002 8805/ 333 21086
 47046 555 53006 7000/=
 28224 12970 81702 11091 21125 30018 40242 52006 60002 80005 333 21091
 47048 55000=
 28234 12897 51602 11079 21134 39958 40249 52004 60002 85040 333 21079
 47046 555 53006 7000/=
 28238 12899 32401 11164 21186 39942 40271 52003 60002 83020 333 21164
 47052 55047 555 53001 7990/=
 28313 12998 81702 11089 21117 30034 40236 52009 60002 80005 333 21089
 47047 555 53005 7990/=
 28319 12598 71501 11090 21118 30070 40242 52008 60002 82550 333 21111
 47052=
 28321 12899 71702 11097 21123 30025 40239 52009 60002 87070 333 21101
 47056=
 28324 12998 01301 11116 21146 30115 40243 52009 60002 333 21116 47047
 555 53005 7000/=
 28326 12898 40000 11131 21148 30054 40253 52006 60002 84030 333 21138
 47042 55053 555 53003 7000/=
 28413 12599 81402 11080 21118 30108 40236 52007 60002 8257/ 333 21081
 47042 555 53008 7000/=
 28428 12898 80301 11165 21192 30056 40256 52003 60002 8807/ 333 21176
 48041 555 53003 7000/=
 28429 12998 20402 11156 21172 39827 40271 53004 60002 80001 333 21162
 47040 555 53003 7000/=
 22983 11956 60000 11149 21162 30082 40195 52017 60022 71072 83035 333
 21149 47048 55000 91000 91101 555 53002 7003/=
 27083 11559 81901 11068 21078 39962 40192 52014 60022 77172 8802/ 333
 21088 47046 91001 91102 555 53003 7004/=
 27097 12598 81601 11074 21077 39932 40204 52013 69992 885// 333 21083
 47050 91002 91104 555 53005 7003/=
 27185 12998 81501 11068 21079 30012 40203 52013 69922 8802/ 333 21068
 47054 91002 91103 555 53004 7003/=
 27199 12598 81602 11062 21074 30003 40208 52008 69962 885// 333 21076
 47057 55000 91003 91103 555 53005 7004/=
 27281 11456 81403 11066 21074 39983 40198 52011 69902 71022 886// 333
 21068 47043 91004 91105 555 53005 7002/=
 27283 12497 81701 11070 21079 30032 40195 52011 69962 885// 333 21084
 47054 91003 91103 555 53006 7004/=
 27295 12597 81602 11067 21078 39950 40211 52010 69902 885// 333 21073
 47062 91003 91103 555 53004 7002/=
 27296 12998 81701 11065 21083 39984 40210 52011 69902 8807/ 333 21068
 47051 55000 91003 91104 555 53005 7001/=
 27385 114// 81502 11063 21072 30072 40205 52011 69932 77072 8677/ 333
 21091 47053 91003 91105 555 53005 7003/=
 27393 12598 81402 11067 21077 30042 40220 52010 69982 8557/ 333 21067
 47067 55000 91002 91104 555 53007 7005/=
 27480 12498 81303 11059 21077 30072 40205 52011 60002 885// 333 21080
 47044 91004 91106 555 53006 7003/=
 28007 11999 81901 11076 21089 39939 40212 52010 60012 72272 8801/ 333
 21077 47055 55000 91002 91104 555 53005 7004/=
 28009 11997 82102 11060 21085 39996 40213 52011 60012 77172 8802/ 333
 21061 48051 91003 91104 555 53006 7002/=
 28105 11997 81801 11065 21086 30005 40213 52009 60012 77172 8802/ 333
 21066 47055 91002 91103 555 53005 7004/=
 28202 11996 80000 11066 21081 39985 40215 52011 60022 77172 8807/ 333
 21067 47058 91000 91103 555 53007 7004/=
 28302 11997 81601 11066 21081 39980 40218 52009 60022 70272 8807/ 333
 21066 47057 91002 91104 555 53006 7004/=
 28307 11997 81401 11066 21080 30065 40215 52008 69942 77172 8807/ 333
 21067 47053 91001 91102 555 53004 7004/=
 28402 11560 81501 11075 21082 30031 40217 52006 69952 77172 8662/ 333
 21075 48054 91001 91103 555 53006 7003/=
 28502 11996 81302 11071 21093 30110 40218 52006 69932 77172 8807/ 333
 21071 48034 55000 91002 91103 555 53006 7993/=
 22550 11558 80000 11090 21101 30191 40202 52020 69932 78582 889// 333
 21097 47037 55000 88622 555 53002 7996/=
 22778 12598 80601 11066 21073 30121 40192 52018 69902 885// 333 21066
 47045 55000 555 53004 7997/=
 22889 11994 40000 11168 21179 30100 40194 52018 60032 71011 80010 333
 21168 47031 555 53003 7003/=
 22762 11396 80000 11082 21083 30149 40190 52017 60012 77172 8872/ 333
 21101 47044 555 53003 7002/ 91204=
 22638 46/// /0301 11053 21063 39965 40197 52023=
 22671 11397 80000 11073 21074 30107 40189 52011 69932 78582 889// 333
 21084 47048 55000 86708 555 53002 7993/=
 22456 11596 60000 11090 21094 30110 40201 52014 69962 78582 82942 333
 21090 47049 555 53000 7996/=
 22583 11598 70000 11067 21076 30104 40188 52008 69922 70288 875// 333 
 21067 47063 55000 555 53008 7992/=
 22749 NIL=
 22951 12498 81502 11051 21060 39879 40168 52017 69982 886// 333 21051
 47047 555 53005 7003/=
 22887 11597 81301 11118 21124 30111 40185 52020 69982 78582 8495/ 333
 21118 47026 55000 555 53004 7998/=
 22876 11996 82701 11121 21127 30115 40192 52016 69952 77172 8802/ 333
 21121 47026 555 51067 53004 7997/ 91205=
 22481 11596 70000 11064 21064 30132 40187 52007 69932 78582 84970 333
 21065 48048 555 53002 7995/=
 22854 11397 80802 11057 21068 39876 40174 52017 60032 77172 8671/ 333
 21059 48057 55000 86707 555 53005 7004/=
 22781 NIL=
 22676 11896 70000 11131 21146 30109 40192 52013 69982 77172 87010 333
 21131 47030 555 53003 7001/=
 22648 NIL=
 22559 11997 80000 11077 21085 30182 40200 52015 69922 77172 8007/ 333
 21088 48039 55000 555 53003 7992/ 91203=
 22869 11497 80701 11069 21076 30034 40188 52017 69902 77172 887// 333
 21069 47046 86616 555 53005 7990/ 91205=
 22768 12597 80901 11047 21065 30133 40184 52018 60002 885// 333 21052
 47029 55000 88623 555 53003 7993/=
 22798 11996 80000 11095 21100 30067 40185 52011 60022 77177 8802/ 333
 21095 47044 555 53003 7003/=
 22375 46/// /3002 11048 30170 40186 52011=
 23207 11294 82501 11065 21072 30153 40176 52009 69952 71022 886// 333
 21065 47037 55000 555 53007 7997/=
 23215 NIL=
 23219 NIL=
 27095 76/// /1802 11070 21070 39974 40212 52012 333 21078 60002 555 53005 7000/=
 22408 22984 03303 11158 21170 30105 40267 52025 333   21161 55000
 69902 93501 555   7998/=
 22511 22984 00000 11154 21172 30125 40256 52026 333   21159 60012
 93501 555   7005/=
 22529 21996 83603 11035 21049 30204 40211 52025 77172 8802/ 333  
 21037 69932 555   7997/=
 22602 22473 80201 11090 21106 30008 40245 52030 885// 333   21098
 55000 60012 88611 93501 555   7001/=
 22621 73365 /3402 11046 21054 30071 40215 52027 333   21048 55000
 60022 555   7002/=
 22619 21498 83605 11043 21055 30042 40206 52028 70272 886// 333  
 21070 55000 60012 88711 93500 555   7002/=
 22721 21497 82801 11031 21042 30093 40194 52024 78582 889// 333  
 21046 60022 85913 555   7002/=
 22727 76/37 /3502 11038 21050 30132 40181 52027 333   21044 60012
 555   7001/=
 22717 73/56 /0203 11046 21057 39991 40190 52026 333   21050 60002
 555   7992/=
 22802 22598 73503 11043 21060 30170 40194 52025 85530 333   21069
 55000 69922 84627 555   7001/=
 22820 21495 80303 11042 21051 30034 40174 52027 77372 8752/ 333  
 21046 55000 60012 87610 555   7001/=
 22831 21697 70501 11044 21058 30108 40165 52022 70282 83930 333  
 21048 55000 60022 555   7002/=
 22805 224// 80103 11036 21046 30162 40182 52023 889// 333   21040
 55004 69942 555   7994/=
 22912 22984 63603 11036 21052 30144 40160 52021 86030 333   21043
 69902 555   7993/=
 
