03:31:00 MSK 11.08.2023
020 123456/=о000=0031
 унту01 бтул 110000
 22686 81998 00000 10128 20127 30166 40263 52010 71200 555 10014=
 22695 42998 00803 10159 20115 30107 40253 52008 555 10016=
 22996 82/// /0000 10144 20144 30070 40249 52009 555 1/015=
 23220 43/// /2702 10057 20051 30129 40270 52008 555 1/007=
 23226 42460 80105 10089 20061 30058 40269 52005 885// 333 88617 555 
 10010=
 23305 42/// /0201 10108 20106 30265 40292 52008 555 1/009=
 23320 86/// /3201 10042 20034 30209 40282 52011=
 23324 41950 33601 10057 20055 30206 40283 53013 71000 83070 555 11008=
 23405 42965 01101 10089 20087 30191 40289 52011 555 10009=
 23410 86/// /0103 10089 20074 30193 40288 53012 555 53006=
 23411 NIL=
 23412 42999 00503 10097 20082 30195 40290 52012 555 11009=
 23416 NIL=
 23418 42965 03501 10084 20073 30205 40277 52009
 555 11007=
 23503 NIL=
 23507 86/// /3301 10091 20087 39981 40286 52009=
 23509 NIL=
 23514 41997 03401 10063 20063 30090 40286 52010 71200 555 10008=
 23518 42/// /3501 10047 20044 30179 40271 52008 555 1/007=
 23606 42962 00000 10093 20093 30112 40275 52010 555 10011=
 23612 NIL=
 23701 42/// /0201 10117 20112 30146 40272 52011 555 1/012=
 23704 86/// /0000 10119 20119 39691 49801 56188 555 53005=
 23707 83/// /0502 10160 20137 30126 40253 52009 555 1/016=
 23708 42/// /0101 10123 20103 30121 40266 52011 555 1/013=
 23709 82998 00000 10099 20084 30082 40271 52011 555 10009=
 23711 42998 33101 10087 20083 30103 40270 52011 83040 555 11010=
 23803 42999 00000 10121 20105 30084 40258 52009 555 10011=
 23804 42997 10000 10129 20127 30113 40254 52010 81030 555 10014=
 23807 42/// /0000 10146 20146 30097 40252 52005 555 1/015=
 23808 86/// /0000 10111 20108 30095 40259 52012=
 23812 42997 12101 10054 20047 30109 40271 52010 80002 555 10008=
 23904 41957 00000 10110 20110 30102 40254 52012 71000 555 10013=
 23905 82999 00000 10125 20121 30035 40255 52010 555 10013=
 23909 81595 30801 10125 20122 30021 40259 52011 71000 82501=
 23912 82998 20501 10085 20077 30076 40265 52011 80001 555 10009=
 23913 81/93 90000 10072 20064 30046 40272 52010 74741 555 10008=
 23914 82998 50801 10121 20104 30012 40261 52012 80004=
 27095 86/// /0000 10126 20126 30043 40265 52010=
 28013 81898 53601 10127 20115 30033 40256 52013 71211 85030 555
 10013=
 28016 82/// /3001 10128 20124 30039 40256 52012 555 1/015=
 28029 82899 51101 10132 20114 30043 40256 52015 85070 555 10014=
 28116 81595 30000 10111 20108 30031 40256 52011 71000 82530=
 28128 82899 21001 10117 20115 30109 40258 52015 81031 555 10011=
 28134 82998 40000 10085 20082 39920 40265 52012 80001 555 10007=
 28138 43/// /3602 10074 20067 39704 40263 52010=
 28216 82999 21002 10148 20119 39965 40251 52015 80005 555 10014=
 28222 42/// /0301 10114 20109 30068 40258 52016 555 1/011=
 28224 82970 30000 10117 20106 30047 40254 52015 80001=
 28234 82998 03301 10108 20095 39987 40259 52014 555 10010=
 28238 81899 12301 10068 20056 39959 40260 52013 74000 81030 555
 10006=
 28313 42/// /0101 10115 20098 30064 40251 52016 555 1/013=
 28319 82998 00801 10148 20130 30086 40244 52016=
 28321 82899 20401 10144 20130 30054 40250 52018 82030=
 28324 42/// /0000 10113 20096 30129 40247 52018 555 1/011=
 28326 82998 20000 10091 20085 30068 40251 52016 80001 555 10010=
 28413 82999 00000 10162 20119 30121 40237 52014 555 10014=
 28428 82998 00401 10130 20111 30060 40239 52018 555 10011=
 28429 42/// /0301 10110 20102 39844 40244 52014 555 1/010=
 22983 41978 00000 10135 20135 30153 40254 52010 71200 333 91001 91101
 555 11015=
 27083 42984 00000 10138 20134 30035 40250 52008 333 91000 91101 555
 10014=
 27097 42/// /0000 10140 20140 30002 40254 52009 333 91000 91101 555
 1/015=
 27185 42/// /0000 10141 20141 30076 40253 52007 333 91000 91100 555
 1/016=
 27199 42998 00000 10149 20146 30058 40247 52007 333 91000 91100 555
 10015=
 27281 42482 13501 10153 20140 30051 40250 52006 81500 333 91001 91102
 555 10016=
 27283 41997 03202 10146 20146 30089 40241 52008 71200 333 91002 91102
 555 10014=
 27295 42/// /0201 10164 20138 30005 40246 52005 333 91001 91101 555
 1/015=
 27296 41950 00000 10140 20128 30037 40247 52007 71011 333 91000 91101
 555 10014=
 27385 419// 00000 10124 20120 30121 40246 52006 71100 333 91000 91101
 555 10013=
 27393 42998 00901 10176 20148 30083 40245 52008 333 91001 91102 555
 10015=
 27480 41998 00401 10135 20135 30120 40245 52005 71100 333 91001 91102
 555 10015=
 28007 42999 13501 10168 20137 30000 40250 52009 81030 333 91002 91103
 555 10016=
 28009 42698 50000 10134 20122 30056 40260 52014 85500 333 91000 91101
 555 10015=
 28105 42998 00000 10131 20126 30063 40250 52011 333 91000 91103 555
 10015=
 28202 42997 00000 10152 20135 30036 40249 52014 333 91000 91102 555
 10015=
 28302 42997 00000 10145 20123 30028 40248 52014 333 91000 91102 555
 10015=
 28307 42998 10000 10152 20132 30101 40239 52006 81030 333 91000 91102
 555 10015=
 28402 41998 20000 10162 20155 30067 40239 52010 71200 81031 333 91001
 91102 555 10015=
 28502 42997 00000 10145 20126 30134 40234 52009 333 91000 91102 555
 10015=
 22550 82970 00000 10149 20146 30242 40252 52007 555 10017=
 22778 41998 10101 10151 20148 30185 40252 52008 71100 81070 555
 10015=
 22889 42/// /1001 10126 20126 30172 40256 52009 555 1/015=
 22762 41996 00000 10132 20132 30217 40254 52008 71000 555 11014=
 22638 46/// /0400 10105 20103 30042 40263 52005=
 22671 42/// /0401 10143 20136 30177 40253 52006 555 1/015=
 22456 42997 10000 10131 20131 30172 40257 52007 81040 555 10014=
 22583 42998 00000 10126 20120 30193 40271 52009 
 555 10014=
 22749 42/// /0000 10171 20171 30127 40246 52002 555 1/018=
 22951 42/// /0801 10172 20164 39979 40247 52003 555 1/016=
 22887 41997 29901 10142 20138 30184 40252 52011 
 71100 80001 555 10014=
 22876 41997 02101 10149 20149 30183 40253 52009 71100 555 10014=
 22481 42/// /0901 10134 20133 30218 40269 52009 555 1/013=
 22854 42/// /0301 10197 20176 39974 40247 52003 555 1/018=
 22781 NIL=
 22676 41596 11701 10135 20132 30180 40255 52009 71100 81100 555
 10016=
 22648 41598 73101 10185 20183 30210 40254 52004 71122 82530 555
 10018=
 22559 42/// /0000 10146 20140 30241 40257 52009 555 1/016=
 22869 41997 10501 10154 20151 30112 40254 52006 71200 80001 555
 11016=
 22768 41994 10801 10136 20133 30203 40251 52006 74600 80001 555
 10015=
 22798 42997 00000 10122 20119 30145 40254 52011 555 10016=
 22375 46/// /1201 10124 20126 30249 40263 52007=
 23207 NIL=
 23215 41596 63402 10069 20069 30208 40297 52008 71042 84530 555
 11007=
 23219 NIL=
 22408 42984 03302 10091 20086 30113 40260 52010 555   11010=
 22511 42998 21801 10105 20100 30140 40259 52009 80001 555   11009=
 22529 42599 72801 10128 20126 30249 40256 52008 87800 333   87625
 555   10015=
 22602 41978 01401 10112 20107 30035 40255 52006 71200 555   11009=
 22621 83/70 /0000 10122 20109 30125 40261 52005 555   1////=
 22619 42498 22701 10131 20122 30103 40257 52006 81501 555   11010=
 22721 42997 03002 10121 20113 30164 40260 52005 555   11013=
 22727 86/59 /0000 10131 20128 30214 40261 52004 555   1////=
 22717 NIL=
 22802 42998 40501 10129 20119 30224 40247 52005 82031 555   11014=
 22820 42998 02501 10108 20103 30127 40261 52003 555   11012=
 22831 42697 70000 10140 20134 30202 40255 52004 87900 333   87945
 555   11015=
 22805 42998 01303 10175 20161 30223 40247 52007 555   10016=
 22912 41975 11301 10101 20096 30238 40253 52004 71111 80001 555  
 11012=
 
