21:31:00 MSK 08.04.2023
020 123456/=о000=1831
 унту01 бтул 081800
 22686 42998 02503 10032 21123 30160 40260 53006=
 22695 42/// /2602 10035 21151 30089 40243 52005=
 22996 42/// /1901 10021 21124 30099 40287 52002=
 23220 41495 80708 11111 21125 30015 40163 57025 77187 8872/ 333 91012 91113=
 23226 41412 81509 11098 21106 39933 40158 57031 77573 885// 333 88611 
 91012 91113 92982=
 23305 42984 12504 10016 21065 30163 40191 56007 81030=
 23320 66/// /2303 10013 21034 30099 40172 57014 60002 333 10051=
 23324 41981 32103 10007 21024 30083 40160 57019 70271 83070=
 23405 42597 22602 10037 21102 30107 40206 57009 82050=
 23410 66/// /2102 10021 21084 30079 40176 57010 60002 333 10064=
 23411 42999 02504 10036 21098 30097 40185 57007=
 23412 42999 12503 10023 21077 30080 40177 57010=
 23416 NIL=
 23418 42965 12403 10042 21083 30121 40194 57010 81030=
 23501 NIL=
 23503 42998 00000 10008 21078 30160 40211 56002=
 23507 86/// /2801 10008 21129 39921 40235 57004=
 23509 42998 01701 11006 21081 30145 40225 57002=
 23514 42997 22402 10033 21114 30013 40209 57007 80001=
 23518 42997 02302 10002 21036 30114 40206 57009 555 53009=
 23606 42960 02402 10026 21115 30065 40232 57004=
 23612 NIL=
 23701 42981 02301 11027 21080 30127 40260 52002=
 23704 66/// /0000 11022 21092 39926 40039 55004 60002 333 10100=
 23707 62998 22502 10028 21132 30131 40264 52003 80001=
 23708 42984 01802 11027 21106 30114 40268 54001=
 23709 42998 62402 10019 21146 30067 40262 54001 80001=
 23711 42998 32602 10031 21082 30069 40239 54000 80001=
 23803 42999 02201 10018 21169 30092 40275 54000=
 23804 82997 22501 10030 21140 30123 40269 54000 80005=
 23807 42998 22503 10012 21095 30120 40283 53002 80001=
 23808 86/// /0000 11026 21109 30111 40284 54001=
 23812 42997 00000 11019 21059 30094 40260 53006=
 23904 41958 01901 11038 21087 30132 40294 52004 70500=
 23905 42999 02601 10006 21144 30055 40286 52002 555 50015=
 23909 42998 22502 10027 21158 30035 40283 52001 80001=
 23912 42998 01301 11018 21059 30077 40274 52003 555 51009=
 23913 42999 00000 11042 21072 30045 40281 52011 555 51003=
 23914 82999 02704 10038 21106 30013 40271 52003=
 28013 42898 22602 10042 21161 30048 40280 54000 82070 555 50026=
 28016 42/// /2701 10016 21137 30061 40289 52003 555 50013=
 28029 42999 01301 11002 21075 30056 40280 52004 555 50010=
 28116 42999 02601 10014 21143 30056 40290 52003=
 28128 42999 03101 11004 21077 30131 40288 52006 555 50005=
 28134 42998 21901 11015 21079 39929 40288 52004 80005 555 51001=
 28138 43/// /2902 10009 21112 39704 40278 52006 333 91112=
 28216 42999 02302 10036 21142 39994 40294 52004 555 50021=
 28222 42/// /0000 11003 21106 30090 40289 52004 555 50005=
 28224 42970 01701 11003 21121 30072 40290 52005=
 28234 42998 01301 10010 21143 30004 40286 52005 555 50008=
 28238 42999 03302 10007 21131 39974 40283 52006 555 51001=
 28313 42/// /0000 11023 21073 30104 40302 52007 555 50004=
 28319 42999 00000 11029 21092 30133 40303 53005=
 28321 42999 02602 10026 21128 30086 40292 52005=
 28324 42/// /0000 11017 21105 30171 40295 51006 555 51002=
 28326 42998 00000 11030 21104 30097 40289 52006 555 51004=
 28413 42999 20000 10005 21119 30175 40300 52004 80001 555 50018=
 28428 42999 03102 11007 21129 30107 40296 52006 555 50011=
 28429 42/// /0301 11023 21102 39877 40301 52005 555 51002=
 22983 42984 00000 11026 21101 30183 40291 52003 333 91000 91102=
 27083 42984 00000 11016 21096 30065 40293 52002 333 91000 91102=
 27097 42998 02301 11013 21109 30033 40302 53002 333 91001 91102=
 27185 42/// /0000 11016 21082 30116 40305 52003 333 91000 91101=
 27199 42998 00000 11008 21115 30104 40306 52001 333 91001 91103=
 27281 42984 60000 10006 21120 30092 40304 52002 80005 333 91000
 91102=
 27283 42997 00000 11013 21105 30145 40306 53002 333 91000 91101=
 27295 42997 53601 11009 21103 30051 40310 52004 80005 333 91001
 91101=
 27296 42997 00000 11008 21073 30082 40305 52003 333 91001 91103=
 27385 429// 20000 11003 21075 30173 40305 52004 80001 333 91000
 91103=
 27393 42998 30000 10020 21104 30137 40311 53004 80001 333 91000
 91102=
 27480 42998 50000 10010 21075 30173 40304 52003 80001 333 91000
 91103=
 28007 42999 02502 10050 21168 30033 40296 52002 333 91003 91103=
 28009 42998 00000 11017 21114 30085 40301 52002 333 91000 91102=
 28105 42998 01901 11017 21107 30098 40303 53003 333 91002 91102=
 28202 42997 02802 10040 21138 30075 40298 53002 333 91003 91103=
 28302 42997 00000 11010 21082 30072 40307 52003 333 91000 91102=
 28307 42998 00000 11001 21125 30159 40307 52004 333 91000 91101=
 28402 42984 22602 10028 21151 30123 40304 52005 80001 333 91002
 91102=
 28502 42997 02503 11022 21091 30197 40304 52008 333 91003 91104=
 22550 82972 50000 11001 21049 30266 40277 52011 83081=
 22778 42998 00000 11027 21084 30207 40278 52001=
 22889 NIL=
 22762 42998 00000 11023 21061 30237 40277 52006=
 22638 NIL=
 22671 42999 00000 11032 21065 30183 40264 52005=
 22456 42997 20000 11020 21052 30175 40265 52012 80001=
 22583 42998 12603 10046 21083 30157 40238 53002 80001=
 22749 42998 00000 11011 21077 30157 40285 53005=
 22951 42998 00000 11022 21087 30008 40298 53005=
 22887 42997 01802 11020 21048 30212 40284 53001=
 22876 42997 02202 10030 21120 30207 40280 52002=
 22481 42998 62603 10022 21036 30185 40238 51012 86030 333 91111=
 22854 42998 03201 11011 21097 39997 40293 53004=
 22781 NIL=
 22676 42998 02701 11002 21091 30186 40266 53006=
 22648 42998 11602 10014 21069 30237 40284 53007 80001=
 22559 42998 23102 10019 21050 30258 40275 53010 82031=
 22869 42998 00000 10025 21120 30141 40291 53003=
 22768 42997 01801 10026 21097 30226 40276 52005=
 22798 42998 00000 11014 21120 30158 40274 52003=
 22375 NIL=
 23207 NIL=
 23215 42998 22406 11000 21046 30048 40138 58023 80002 333 91010
 91110=
 23219 NIL=
 27095 66/// /0000 11020 21078 30074 40310 52002 60002 333 10114=
 22408 12984 63401 11012 21050 30135 40289 52012 60002 82031 333  
 10096=
 22511 12984 60000 10004 21050 30160 40284 52010 60002 80005 333  
 10101=
 22529 12598 40000 11024 21043 30273 40280 52007 60002 83502 333  
 10097=
 22602 12977 50000 11015 21049 30056 40288 52008 60002 8503/ 333  
 10058=
 22621 12998 80000 10030 21078 30142 40283 52006 60002 85031 333  
 10085=
 22619 12998 73201 10013 21076 30117 40279 52006 60002 83035 333  
 10068=
 22721 12998 23001 11013 21061 30184 40285 52005 60002 82040 333  
 10049=
 22727 12962 20000 11003 21053 30236 40285 52005 60002 80001 333  
 10068=
 22717 12998 22001 10006 21073 30084 40282 52006 60002 80001 333  
 10107=
 22802 12998 20000 10002 21046 30256 40280 52003 60002 82030 333  
 10090=
 22820 12998 01701 11005 21071 30144 40284 52003 60002 333   10058=
 22831 12997 00000 11019 21052 30226 40283 52004 60002 333   10111=
 22805 12598 50000 10030 21042 30260 40280 54000 60002 81501 333  
 10061=
 22912 12984 03401 10018 21048 30258 40273 52002 60002 333   10106=
 
