12:31:00 MSK 22.08.2023
010 111/=о000=0931
 уйту01 бтул 220900
 22686 81498 73302 10089 20069 39969 40066 53007 72582 84935=
 22695 41598 63302 10085 20057 39899 40047 53008 72582 86900=
 22996 82598 52803 10148 20058 39889 40065 57006 85100=
 23220 41499 60505 10144 20084 39928 40062 57004 70282 85901=
 23226 42660 70906 10161 20063 39865 40066 58006 70162 85931 333 
 83936 91110=
 23305 42599 73602 10108 20067 30047 40074 51003 86230=
 23320 86/// /0000 10130 20101 39977 40046 57007=
 23324 41583 70703 10155 20105 39976 40049 58007 70282 82962=
 23405 41468 70403 10111 20076 39968 40064 52005
 70262 86930 333 86918=
 23410 86/// /0104 10122 20066 39959 40051 57003=
 23411 41499 70303 10122 20054 39974 40059 52001 70282 87900=
 23412 42499 70403 10131 20070 39960 40052 57003 87301 333 83918=
 23416 NIL=
 23418 41565 73501 10112 20070 39976 40047 58004 72582
 85930 333 83925=
 23503 41498 73402 10109 20085 30003 40051 52002 72582 85932=
 23507 86/// /0302 10088 20063 39754 40053 52006=
 23509 42598 73403 10109 20062 39973 40049 52002 84904=
 23514 41497 80000 10097 20076 39854 40042 52002 78082 8695/ 333 85712=
 23518 81697 70602 10112 20077 39950 40038 54001 78082 86979 333
 84647=
 23606 41462 80402 10105 20065 39882 40041 52002 70252 8793/ 333 84919=
 23701 41699 70102 10100 20060 39928 40053 52002 72582 85969 333 85934=
 23704 86/// /2901 10086 20080 39644 49754 51079=
 23707 81498 72904 10104 20081 39926 40053 52001 72582 83931 333 91110=
 23708 41598 62903 10110 20044 39906 40049 57001 70282 84930=
 23709 81598 82903 10104 20049 39862 40047 52002 70282 883// 333 88928=
 23711 41497 82901 10087 20080 39874 40037 54000 78082 889// 333 84711=
 23803 41599 60202 10110 20090 39880 40052 53004 72582 86900=
 23804 81597 72902 10107 20063 39918 40057 54000 70282 83330=
 23807 81596 63304 10112 20068 39910 40064 57003 78082 85930 333 84921=
 23808 86/// /2603 10110 20054 39898 40059 57002=
 23812 41597 82902 10096 20065 39885 40041 57001 8591/=
 23904 42570 62904 10137 20051 39917 40065 57004 84301=
 23905 81599 72502 10115 20074 39843 40060 57004 70182 87900=
 23909 82598 82503 10113 20079 39826 40060 57002 87301=
 23912 81598 82303 10113 20091 39864 40047 57003 72582 86909=
 23913 81599 72001 10107 20070 39828 40047 57005 72582 87900=
 23914 81499 72503 10114 20059 39806 40051 57001 70282 86901=
 28013 82598 62304 10121 20064 39841 40061 58007 86900=
 28016 82599 72403 10141 20069 39851 40064 57006 87900=
 28029 81599 82703 10118 20075 39852 40061 57002 70282 8697/=
 28116 82599 73103 10132 20056 39850 40069 57002 87900=
 28128 82599 62802 10144 20067 39922 40068 57002 83930=
 28134 81597 83001 10109 20080 39732 40068 57003 78082 86915=
 28138 42599 72504 10118 20043 39526 40066 54000 87300=
 28216 82599 62605 10164 20044 39789 40069 56010 86900 333 91110=
 28222 82598 82602 10166 20064 39883 40066 56009 85971=
 28224 82670 72503 10160 20049 39869 40070 57009 87900=
 28234 82599 62903 10159 20025 39806 40068 57007 86200=
 28238 82599 52504 10166 20029 39782 40067 57007 83130=
 28313 82598 62602 10180 20041 39894 40074 57011 86900=
 28319 82599 52702 10182 20045 39927 40080 57013 85100=
 28321 82599 72803 10167 20044 39881 40072 57011 84970=
 28324 82599 63102 10187 20028 39963 40076 57012 85201=
 28326 82598 62402 10178 20028 39897 40072 57010 82230=
 28413 82599 62601 10197 20031 39968 40082 57013 86104=
 28428 82599 42804 10186 20012 39905 40078 57010 84500=
 28429 82598 62904 10166 20038 39690 40077 57009 86200=
 22983 42498 63202 10134 20046 39979 40079 57003 84901 333 91006
 91107=
 27083 41599 63202 10124 20075 39861 40073 57004 78082 86900 333 91004
 91106=
 27097 41498 82702 10128 20088 39828 40077 57004 72582 889// 333 91003
 91108=
 27185 41598 72802 10174 20091 39905 40077 56010 70282 84381 333 91007
 91107=
 27199 41498 63001 10146 20092 39896 40083 57008 70282 86300 333 91003
 91104=
 27281 42482 62403 10186 20091 39883 40076 57013 85939 333 91005
 91107=
 27283 41498 62603 10180 20099 39930 40076 57014 70282 86900 333 91005
 91105=
 27295 41998 62502 10156 20092 39847 40085 57009 70282 85075 333 91004
 91105=
 27296 42598 72603 10141 20088 39877 40084 57008 83930 333 91006
 91106=
 27385 426// 62603 10199 20059 39965 40088 57014 84231 333 91006
 91108=
 27393 42598 72805 10168 20067 39930 40090 57010 85930 333 91007
 91108=
 27480 42698 62702 10204 20075 39971 40091 57014 82131 333 91004
 91107=
 28007 42699 52903 10152 20052 39823 40071 57009 84201 333 91006
 91109=
 28009 41498 72901 10115 20071 39874 40076 57006 72522 87900 333 91003
 91107=
 28105 42598 62901 10144 20064 39893 40076 57008 84230 333 91002
 91105=
 28202 41583 73201 10139 20076 39870 40080 57005 72522 86931 333 91004
 91106=
 28302 42598 72703 10159 20069 39866 40082 57010 87900 333 91005
 91106=
 28307 42498 62903 10192 20054 39952 40087 57013 85831 333 91006
 91108=
 28402 42698 73203 10177 20060 39919 40088 57012 86231 333 91005
 91106=
 28502 42598 80501 10202 20032 39993 40090 56012 83101 333 91002
 91107=
 22550 82597 73302 10123 20074 30116 40126 52001 83930=
 22778 42598 73105 10117 20046 30025 40092 54000 85570=
 22889 42/// /2803 10121 20046 39996 40079 57002=
 22762 82698 83001 10124 20069 30075 40113 54001 8217/=
 22638 46/// /0302 10141 20057 39916 40131 57002=
 22671 41498 70102 10117 20056 30015 40091 52005 70182 87900=
 22456 41597 80101 10109 20083 30034 40118 52004 70282 885//=
 22583 41598 70302 10108 20076 39998 40076 52011 72588 86501=
 22749 NIL=
 22951 42598 83401 10123 20063 39847 40117 54001 885//=
 22887 42699 73104 10134 20062 30017 40084 57002 
 85530 333 85636 91110=
 22876 42597 73202 10122 20049 30019 40088 54000 87500 333 87632=
 22481 42598 63502 10134 20047 30041 40092 52005 86200=
 22854 42599 53603 10124 20046 39840 40117 53001 85500 333 85630=
 22781 NIL=
 22676 41497 73405 10107 20075 30005 40080 53005 78082 87900=
 22648 NIL=
 22559 82598 73403 10132 20060 30102 40118 54001 86930=
 22869 42597 53103 10140 20051 39962 40104 57002 84801=
 22768 42597 63503 10132 20039 30060 40108 54000 86830 333 85625=
 22798 41498 62601 10134 20067 39954 40061 57002 72582 86900=
 22375 46/// /0105 10126 20081 30095 40109 52006=
 23207 41599 83402 10099 20082 30059 40081 54000 71582 8594/=
 23215 NIL=
 23219 NIL=
 27095 NIL=
 22408 42699 61502 10149 20077 39997 40140 57005 86800 333   86635=
 22511 42698 60401 10154 20062 30022 40137 57005 84430=
 22529 42599 70502 10146 20066 30135 40141 52001 86802 333   86625=
 22602 41476 70902 10136 20112 39915 40131 52002 70282 86930 333  
 86915=
 22621 83670 /0401 10131 20080 30005 40139 54000=
 22619 42598 30802 10152 20079 39979 40130 54000 83100=
 22721 42698 60901 10162 20079 30038 40134 57003 86500=
 22727 86668 /1102 1//// 2//// 30083 4//// 57003=
 22717 83/70 /0901 10172 20109 39932 40118 57003=
 22802 42999 70903 10170 20121 30089 40111 52001 81971=
 22820 42670 30903 10157 20088 39997 40127 57001 82530=
 22831 42698 60402 10160 20075 30070 40123 57004 84930 333   84938=
 22805 41498 81104 10175 20146 30085 40108 52001 78082 883//=
 22912 42599 80602 10176 20135 30098 40112 57001 8243/=
 
