03:31:00 MSK 26.12.2023
020 123456/=о000=0031
 унту01 бтул 260000
 22686 41496 81102 11043 21056 39791 49890 57002 77172 8652/ 333 86614 555 1/105=
 22695 41597 81103 11043 21066 39733 49885 53003 77172 8252/ 555 1/103=
 22996 41597 81001 11045 21045 39676 49861 54001 78582 889// 333 88922 555 1/105=
 23220 41598 81204 11036 21066 39876 40018 52022 70232 8352/ 333 91113 555 1/104=
 23226 41660 81607 11037 21073 39802 40018 52016 70273 8655/ 333 86634 
 91010 91114 92980 555 1/105=
 23305 42/// /1102 11083 21089 39924 49953 52003 555 1/109=
 23320 86/// /1401 11074 21078 39938 40013 51016=
 23324 42580 81701 11063 21077 39934 40013 52020 885// 333 88630 555
 1/107=
 23405 41497 81103 11066 21074 39842 49942 53006
 72272 8565/ 333 85710 555 1/107=
 23410 86/// /1002 11093 21108 39893 49992 52008 555 53004=
 23411 42/// /1703 111// 21078 39884 49974 52011 555 1/109=
 23412 42699 71303 11079 21089 39890 49989 52007 87500 333 87636 555 1/110=
 23416 NIL=
 23418 41565 51301 11061 21072 39914 49988 52006 70272
 85500 333 85629 555 1/110=
 23503 42/// /1404 11051 21073 39905 49956 50005 555 1/107=
 23507 86/// /1302 11056 21056 39614 49925 52006=
 23509 NIL=
 23514 41997 01302 11066 21076 39770 49968 52010 70287 555 1/110=
 23518 42/// /1306 11072 21103 39899 49992 52006 555 1/108=
 23606 41460 81104 11047 21047 39776 49943 52002 70272 885// 333 88615 555 1/106=
 23612 NIL=
 23701 42/// /1202 11034 21043 39785 49913 52004 555 1////=
 23704 86/// /1002 11032 21032 39587 49702 51027 555 53007=
 23707 81998 80803 11034 21048 39758 49889 54000 77177 8807/ 555 1/107=
 23708 42/// /0903 11029 21051 39765 49913 54000 555 1/104=
 23709 42498 81101 11038 21063 39741 49933 54001 885// 333 88614 555 1/105=
 23711 41998 61201 11075 21096 39790 49962 58001 70282 86050 555 1/116=
 23803 41997 81103 11034 21056 39744 49923 54000 77173 8802/ 555 1/104=
 23804 41596 80702 11033 21044 39741 49885 54000 77172 8457/ 555 1/105=
 23807 42/// /0502 11044 21044 39716 49877 54001 555 1/105=
 23808 86/// /0803 11027 21032 39727 49894 54000=
 23812 42597 71101 11067 21081 39796 49960 57004 87500 555 1/109=
 23904 41574 61001 11040 21046 39716 49872 57001 70272 82530 555 1/111=
 23905 41596 80801 11036 21043 39662 49887 52002 77172 885// 555
 1/105=
 23909 41497 81104 11031 21044 39663 49906 54000 77187 8651/=
 23912 42598 81203 11039 21067 39749 49941 57006 8455/ 555 1/107=
 23913 42999 71401 11045 21079 39732 49962 57014 87030 555 1/106=
 23914 82498 81304 11040 21068 39679 49935 57006 885//=
 27095 86/// /0601 11057 21057 39645 49874 52002=
 28013 41397 81105 11028 21056 39681 49910 54001 78583 889// 333 91010
 91110 555 1/104=
 28016 42/// /1403 11026 21034 39677 49899 52002 555 1/103=
 28029 42899 81203 11032 21061 39707 49925 57010 8802/ 555 1/104=
 28116 41496 81303 11025 21056 39671 49900 52001 77173 8872/=
 28128 41596 81203 11017 21052 39764 49916 57004 77172 8802/ 555
 1/104=
 28134 41598 81101 11049 21071 39583 49934 57014 70272 8653/ 555
 1/108=
 28138 43/// /0403 11058 21062 39369 49937 57027=
 28216 41596 81404 11032 21059 39604 49899 50001 77173 8872/ 333 91110
 555 1/104=
 28222 42/// /1203 11018 21055 39723 49916 58008 555 1/104=
 28224 41570 81403 11019 21053 39701 49912 57011 78582 889//=
 28234 42898 60901 11044 21074 39652 49930 57021 86070 555 1/106=
 28238 41596 83601 11051 21068 39628 49932 57027 77172 85520 555
 1/106=
 28313 42/// /1502 11029 21052 39710 49901 57003 555 1/103=
 28319 41496 81501 11029 21051 39744 49907 58006 77172 8802/=
 28321 41599 81603 11024 21060 39705 49907 58005 70272 885//=
 28324 42/// /1703 11019 21064 39788 49908 58007 555 1/103=
 28326 42598 61601 11020 21056 39731 49917 57017 86500 555 1/104=
 28413 42599 81803 11031 21059 39776 49898 57006 8755/ 555 1/107=
 28428 41597 81902 11026 21062 39733 49917 57011 70287 885// 555
 1/104=
 28429 42/// /2601 11037 21059 39510 49920 57019 555 1/105=
 22983 41576 81001 11048 21058 39761 49866 52005 72272 8255/ 333 91002
 91104 555 1/107=
 27083 41984 50000 11085 21093 39636 49861 52001 70272 85070 333 91000
 91102 555 1/112=
 27097 42/// /0000 11092 21092 39600 49865 57002 333 91000 91102 555
 1/118=
 27185 42/// /0000 11063 21070 39677 49861 57003 333 91000 91101 555
 1/106=
 27199 41998 20000 11098 21106 39665 49865 52002 70271 82030 333 91001
 91103 555 1/110=
 27281 41450 82701 11039 21044 39655 49860 52004 77172 8872/ 333 91003
 91103 555 1/104=
 27283 41996 80000 11072 21079 39705 49862 52006 77172 8807/ 333 91001
 91101 555 1/107=
 27295 42/// /0000 11065 21077 39610 49863 52005 333 91000 91101 555
 1/108=
 27296 41997 81401 11071 21086 39644 49863 52002 70272 83031 333 91002
 91103 93401 555 1/108=
 27385 414// 82603 11033 21040 39742 49870 52007 77172 8872/ 333 91005
 91106 555 1/104=
 27393 42598 82601 11071 21080 39700 49872 52005 8657/ 333 91002 91103
 555 1/106=
 27480 41498 82502 11032 21048 39757 49885 52007 70282 885// 333 91004
 91108 555 1/104=
 28007 41999 81401 11064 21075 39607 49869 52003 70282 86035 333 91001
 91102 555 1/109=
 28009 41498 80000 11038 21052 39665 49874 52003 78582 889// 333 91002
 91104 555 1/105=
 28105 41998 81501 11051 21063 39672 49865 52004 70272 8802/ 333 91002
 91103 555 1/106=
 28202 41996 81903 11066 21080 39646 49868 52003 77172 8801/ 333 91003
 91103 93400 555 1/108=
 28302 41996 81502 11052 21064 39643 49871 52005 77172 8802/ 333 91003
 91105 555 1/105=
 28307 41496 81401 11058 21069 39727 49873 52006 77172 885// 333 91001
 91103 555 1/106=
 28402 41441 82003 11040 21047 39694 49873 52003 77172 8667/ 333 91004
 91105 555 1/104=
 28502 41996 82207 11029 21045 39784 49887 52007 77172 8802/ 333 91009
 91109 555 1/103=
 22550 81547 83601 11024 21024 39669 49879 58006 78582 889// 333 88622
 555 1/103=
 22778 41498 80601 11037 21049 39795 49864 57004 70282 8557/ 333 85616
 555 1/104=
 22889 42/// /0802 11046 21052 39784 49870 52003 555 1/105=
 22762 42/// /0000 11029 21031 39831 49870 57006 555 1/103=
 22638 46/// /0800 11047 21070 39656 49881 52002=
 22671 42/// /0901 11037 21041 39794 49873 57009 555 1/104=
 22456 41496 80000 11044 21061 39799 49886 57008 78582 889// 555
 1/105=
 22583 41598 71301 11053 21064 39817 49898 58002 78582 86970 
 555 1/106=
 22749 42/// /0000 11035 21042 39750 49874 54001 555 1////=
 22951 42/// /0000 11046 21053 39597 49877 57004 555 1/106=
 22887 41396 80802 11038 21043 39792 49862 53004 78582 889// 
 333 84708 555 1/104=
 22876 41996 80701 11040 21040 39789 49861 57002 77177 8802/ 555
 1/104=
 22481 42/// /0702 11056 21064 39844 49897 57006 555 1/106=
 22854 42/// /3201 11039 21046 39590 49877 57003 555 1/105=
 22781 NIL=
 22676 41496 81202 11044 21060 39798 49875 57002 77072 885// 555
 1/104=
 22648 42598 83401 11027 21028 39836 49882 58002 885// 333 88625 555
 1/104=
 22559 42/// /0401 11033 21039 39867 49884 57006 555 1/104=
 22869 41397 83101 11034 21041 39715 49862 57005 78588 889// 333 86707
 555 1/103=
 22768 41396 80102 11028 21035 39811 49860 57006 77172 8872/ 333 86709
 555 1/102=
 22798 41496 80702 11036 21039 39771 49883 54000 78582 889// 555
 1/105=
 22375 46/// /0805 11062 21076 39885 49900 57012=
 23207 NIL=
 23215 42698 81201 11075 21078 39904 49995 51017 885// 333 88645 555
 1/108=
 23219 NIL=
 22408 42480 81803 11029 21045 39715 49863 52012 889// 333   88918
 555   1/104=
 22511 42584 71702 11030 21043 39745 49865 52010 87500 333   87628
 555   1/105=
 22529 42598 60000 11038 21046 39870 49877 52005 86500 333   86621
 555   1/105=
 22602 41459 81801 11046 21057 39643 49868 52010 77172 885// 333  
 88613 555   1/104=
 22621 83662 /1701 11038 21043 39738 49877 52006 555   1////=
 22619 42498 60000 11041 21048 39713 49871 52007 84520 555   1/106=
 22721 41497 80000 11038 21042 39779 49877 52004 78582 889// 333  
 86919 555   1/105=
 22727 86570 /3501 11029 21046 39824 49872 52001 555   1////=
 22717 83/67 /0401 11049 21057 39674 49871 52007 555   1////=
 22802 41496 80702 11034 21044 39842 49865 52010 78582 889// 333  
 86917 555   1/105=
 22820 41598 80000 11044 21062 39735 49871 52003 70272 885// 333  
 88632 555   1/106=
 22831 42597 80000 11036 21057 39822 49877 52002 889// 333   88927
 555   1/105=
 22805 414// 80802 11025 21033 39837 49862 52012 78582 8692/ 555  
 1/103=
 22912 42584 80702 11034 21056 39839 49854 52005 8353/ 555   1/105=
 
