12:31:00 MSK 21.01.2023
010 111/=о000=0931
 уйту01 бтул 210900
 22686 41498 82601 11010 21017 30168 40270 52024 70272 8657/ 333 86611=
 22695 42/// /2502 11015 21027 30097 40253 52020=
 22996 41498 82103 11027 21046 30139 40331 52018 72682 8397/ 333 93400=
 23220 43/// /2003 11049 21062 30089 40235 52002=
 23226 42460 82105 11056 21063 30008 40230 53001 885// 333 88611 
 91111 93402=
 23305 42/// /1903 11029 21032 30205 40234 52007=
 23320 86/// /2303 11038 21063 30168 40243 57005=
 23324 42480 82202 11043 21060 30160 40239 58005 886// 333 88717=
 23405 41956 81901 11032 21039 30136 40239 52006 77172 8802/=
 23410 86/// /1603 11048 21060 30137 40237 50001=
 23411 42/// /2102 11041 21041 30141 40232 50003=
 23412 41496 81802 11046 21055 30136 40236 57001 77172 8872/=
 23416 NIL=
 23418 41321 71401 11039 21051 30169 40245 57005 78582 87900
 333 85707=
 23503 42/// /2201 11033 21045 30194 40245 52008=
 23507 86/// /2702 11036 21036 39933 40252 53012=
 23509 42/// /2002 11023 21030 30171 40251 52009=
 23514 41395 82202 11031 21033 30041 40242 53003 77372 8772/ 333 87707=
 23518 41395 82004 11031 21032 30160 40254 57003 78682 889// 333
 86707=
 23606 41360 82201 11023 21029 30082 40259 53006 
 77172 8872/ 333 86707 93401=
 23701 NIL=
 23704 86/// /2302 11016 21016 39926 40039 55004=
 23707 81498 82103 11014 21021 30150 40285 52019 70282 889// 333 85912  93402=
 23708 42/// /2105 11028 21047 30139 40293 52015=
 23709 NIL=
 23711 41497 82103 11035 21048 30107 40282 53005 78582 889// 333 88914=
 23803 42599 82502 11031 21070 30123 40308 53010 889// 333 93403=
 23804 81496 82202 11021 21036 30150 40299 52020 78582 8532/ 333 85916  93403=
 23807 41496 82205 11025 21034 30149 40316 52018 78582 8695/ 333 85914
 93403=
 23808 86/// /2005 11032 21056 30148 40322 52016 333 91110=
 23812 42/// /2203 11043 21071 30142 40311 52004=
 23904 41550 82003 11032 21054 30175 40338 52016 77076 8352/ 333 93401=
 23905 42599 82103 11038 21078 30102 40338 52013 885//=
 23909 41597 82404 11030 21092 30091 40345 52013 78082 883// 333
 93400=
 23912 41598 81905 11049 21087 30143 40344 52002 70282 82925=
 23913 42599 72402 11034 21106 30110 40348 58003 87500=
 23914 82898 81703 11057 21085 30082 40350 52003 8807/=
 28013 42598 82104 11029 21110 30113 40352 52011 8357/=
 28016 42599 82303 11028 21118 30128 40363 51012 82535=
 28029 41599 71906 11048 21116 30149 40378 54000 70232 83530 333 91010
 91110=
 28116 42499 82203 11033 21116 30139 40379 52006 8657/=
 28128 42599 81902 11060 21109 30237 40399 57003 8657/=
 28134 42698 82002 11079 21127 30037 40409 57005 8653/=
 28138 42599 82103 11086 21137 39823 40425 57004 86504=
 28216 42899 72005 11083 21146 30101 40418 50001 87070 333 91110=
 28222 42898 81803 11061 21137 30208 40414 58003 8805/=
 28224 42870 71903 11051 21147 30201 40426 57002 82019=
 28234 42899 61803 11075 21164 30142 40438 57003 83044=
 28238 42899 82103 11061 21148 30117 40438 58006 82075=
 28313 42898 81904 11083 21150 30234 40439 50001 8807/=
 28319 42599 62502 11082 21151 30282 40457 52001 82550=
 28321 42999 61905 11086 21150 30220 40438 50001 80002=
 28324 42899 81001 11090 21170 30324 40454 50000 84049=
 28326 42898 62104 11078 21159 30253 40453 52001 82035=
 28413 42599 82102 11061 21152 30329 40459 52002 81505=
 28428 42998 61902 11100 21194 30278 40478 50001 80001=
 28429 42898 82304 11054 21158 30037 40473 50000 81035=
 22983 41450 82402 11014 21022 30209 40317 52019 77772 886// 333 91004
 91104 93403=
 27083 41459 82102 11029 21050 30108 40338 52019 77176 885// 333 91005
 91108=
 27097 41468 81903 11041 21054 30086 40359 51019 76687 8872/ 333 91006
 91109 93403=
 27185 42598 81802 11033 21107 30173 40365 51015 8757/ 333 91004
 91106=
 27199 42598 82102 11044 21109 30174 40381 52016 84579 333 91005
 91107=
 27281 42482 72003 11034 21112 30154 40370 52015 83538 333 91006
 91107=
 27283 42598 82002 11046 21106 30206 40370 52016 8657/ 333 91004
 91108=
 27295 42998 81803 11051 21116 30130 40395 52015 80007 333 91006
 91109=
 27296 42998 81904 11059 21122 30163 40392 52016 8807/ 333 91007
 91108=
 27385 425// 71903 11062 21112 30260 40396 52012 82530 333 91005
 91105=
 27393 41998 82007 11081 21130 30236 40418 52009 73632 85045 333 91008
 91109=
 27480 42998 81802 11058 21122 30270 40405 52011 80005 333 91007
 91107=
 28007 41999 82103 11046 21102 30095 40369 51016 72422 8802/ 333 91007
 91108 93401=
 28009 42698 82204 11037 21121 30152 40371 52015 8457/ 333 91007
 91110=
 28105 42998 82103 11048 21119 30170 40379 51015 86075 333 91006 91109
 93400=
 28202 41983 82105 11060 21122 30163 40397 53014 70232 82034 333 91007
 91112=
 28302 42998 81804 11069 21134 30175 40418 52007 82031 333 91006
 91107=
 28307 42498 71503 11080 21142 30272 40426 52008 82531 333 91005
 91106=
 28402 42998 72106 11073 21138 30244 40434 52005 80005 333 91008
 91108=
 28502 42998 80000 11076 21149 30344 40455 52006 82031 333 91000
 91102=
 22550 82497 82702 11017 21044 30273 40283 52027 885// 333 88619=
 22778 41498 82702 10004 20001 30220 40290 52029 70252 886//=
 22889 42/// /2301 11009 21020 30222 40311 51020=
 22762 42997 82601 11004 21004 30256 40296 52031 8007/=
 22638 46/// /2502 11046 21054 30071 40306 52026=
 22671 41598 72701 11009 21009 30193 40274 52028 70182 86930 333
 86929=
 22456 41597 82402 11020 21037 30170 40260 52023 70282 885//=
 22583 41598 82602 11014 21026 30173 40255 52020 78588 8697/=
 22749 NIL=
 22951 41498 83402 11005 21006 30027 40315 52033 70252 886//=
 22887 41499 81502 11004 21013 30230 40302 52021 70282 885// 
 333 85712=
 22876 42497 82103 10008 20003 30221 40295 52026 889// 333 88916=
 22481 42/// /2402 11010 21030 30190 40244 52020=
 22854 42298 82901 11010 21016 30017 40313 52033 886// 333 88705=
 22781 NIL=
 22676 41498 82702 11008 21019 30196 40276 52027 70272 886//=
 22648 NIL=
 22559 42698 82502 11018 21049 30271 40288 52028 8557/ 333 85643=
 22869 41195 82302 10006 20006 30156 40307 52027 71062 886// 333
 88702=
 22768 42497 82801 10003 21005 30251 40302 52037 885// 333 88611=
 22798 41396 82203 11008 21013 30172 40288 52023 78587 889// 333
 86708=
 22375 46/// /2505 11020 30210 40225 52013=
 23207 42599 82401 11023 21035 30194 40217 52006 8655/=
 23215 NIL=
 23219 NIL=
 27095 86/// /1904 11042 21047 30125 40364 51019=
 22408 42470 /2402 11015 21028 30114 40267 52027 885// 333   88618
 93401=
 22511 42498 82102 11018 21033 30151 40276 52027 886// 333   88614=
 22529 42599 82303 11018 21039 30282 40289 52028 885// 333   88627=
 22602 42478 82403 11035 21046 30063 40297 52026 885// 333   88614=
 22621 83370 /2404 11034 21049 30155 40300 52028=
 22619 42482 82502 11039 21056 30135 40300 52027 885// 333   88616=
 22721 42398 82701 11038 21052 30209 40311 52026 886// 333   88708=
 22727 86270 /2803 11074 21083 30274 40325 52026=
 22717 83/70 /0000 11046 21053 30122 40324 52023=
 22802 42980 03201 11062 21070 30305 40330 52022=
 22820 42970 12603 11054 21069 30180 40323 52023 80001=
 22831 42298 82601 11034 21047 30267 40324 52030 886// 333   88704=
 22805 42998 02803 11013 21030 30316 40336 52029=
 22912 42999 20000 11060 21069 30317 40333 52022 80001=
 
