03:31:00 MSK 08.09.2023
020 123456/=о000=0031
 унту01 бтул 080000
 22686 81397 80103 10094 20089 30031 40128 52022 75152 886// 333 88708
 555 11009=
 22695 41496 80203 10097 20082 39961 40109 52023 75052 886// 555 12010=
 22996 81496 70301 10072 20072 39908 40089 52010 71052 87600 555 12009=
 23220 43/// /0802 10035 20020 39993 40133 52007 555 1/004=
 23226 42960 21802 10059 20033 39922 40133 52006 82030 555 10005=
 23305 42/// /3605 10090 20085 30141 40168 52019 555 1/009=
 23320 86/// /2202 10060 20051 30061 40133 52014=
 23324 42982 41801 10084 20073 30055 40130 52011 84070 555 11007=
 23405 41295 83604 10090 20082 30053 40150 52018 75152 886// 333 88705
 91112 555 11010=
 23410 86/// /3103 10088 20082 30042 40136 52016 555 53004=
 23411 42/// /0103 10107 20105 30058 40144 52012 555 1/011=
 23412 41596 70202 10120 20118 30044 40137 52016 71011 83530 555 11011=
 23416 NIL=
 23418 42965 10000 10068 20061 30060 40132 52017 81030
 555 11005=
 23503 NIL=
 23507 86/// /0103 10090 20090 39833 40133 52017=
 23509 NIL=
 23514 42997 60201 10106 20106 39937 40126 52017 86030 555 10011=
 23518 42/// /0301 10053 20048 30037 40127 52013 555 1/006=
 23606 42960 20601 10099 20099 39953 40114 52019 82030 555 11010=
 23612 NIL=
 23701 42/// /0000 10087 20084 39991 40117 52020 555 1/010=
 23704 86/// /3601 10065 20065 39615 49725 58083 555 53007=
 23707 81494 83601 10063 20063 39977 40107 52019 71022 889// 333 88913 555 11008=
 23708 42/// /3601 10079 20069 39959 40104 52012 555 1/010=
 23709 42398 80701 10126 20112 39915 40099 52015 885// 333 88607 555
 11012=
 23711 41998 60201 10108 20106 39946 40109 52014 70282 83031 555 11010=
 23803 41494 80301 10092 20084 39919 40092 52009 71022 886// 555 11009=
 23804 81297 83101 10080 20077 39959 40100 52016 72522 889// 333 86705 555 11010=
 23807 42/// /3501 10074 20074 39943 40100 52014 555 1/009=
 23808 NIL=
 23812 41996 10000 10074 20069 39947 40105 52013 71011 80001 555 11007=
 23904 42368 80601 10076 20076 39944 40096 52011 887// 333 86707 555
 11009=
 23905 82599 83501 10075 20073 39872 40093 52010 885// 555 11009=
 23909 81296 83401 10093 20090 39847 40083 52009 71082 886//=
 23912 82598 61002 10124 20092 39903 40086 53010 82901 555 11011=
 23913 81999 30000 10043 20043 39886 40111 52014 74440 80001 555
 11004=
 23914 81498 60901 10119 20107 39838 40083 52010 72582 85930=
 27095 86/// /0000 10057 20068 39877 40095 52005=
 28013 81397 83402 10109 20100 39855 40076 52008 78081 889// 555
 11012=
 28016 82/// /3502 10103 20103 39863 40079 52009 555 1/012=
 28029 81599 80901 10127 20117 39861 40070 52009 70282 885// 555
 11013=
 28116 81496 83601 10100 20098 39854 40075 52008 75052 886//=
 28128 81597 83301 10121 20119 39922 40068 52004 76062 8802/ 555
 11013=
 28134 81598 80000 10109 20106 39737 40072 52008 70262 885// 555
 11010=
 28138 43/// /0503 10102 20075 39537 40081 52006=
 28216 81598 83202 10091 20087 39790 40077 52007 72582 889// 555
 11010=
 28222 42/// /0000 10124 20122 39881 40066 52005 555 1/013=
 28224 81558 82801 10112 20107 39863 40067 52005 78082 889//=
 28234 81598 80701 10117 20107 39801 40067 52006 70262 885// 555
 11013=
 28238 81599 80000 10102 20091 39781 40072 52004 74022 8658/ 555
 11010=
 28313 42/// /3401 10093 20083 39892 40077 52007 555 1/011=
 28319 82598 62901 10097 20091 39918 40075 53006 86500=
 28321 81899 83602 10111 20107 39875 40070 52006 70262 8802/=
 28324 42/// /0000 10114 20102 39953 40069 57003 555 1/012=
 28326 81993 93001 10120 20117 39883 40061 52005 74544 89/// 555
 11013=
 28413 82599 83102 10085 20062 39964 40083 53005 885// 555 11010=
 28428 82598 83101 10110 20096 39889 40066 54000 889// 555 11011=
 28429 42/// /2901 10105 20101 39671 40065 52004 555 1/012=
 22983 41584 60801 10070 20067 39993 40096 52011 70282 83431 333 91002
 91103 555 11008=
 27083 41410 80301 10065 20063 39868 40085 52005 71062 886// 333 91002
 91102 555 12008=
 27097 42/// /0201 10063 20063 39835 40091 52004 333 91001 91102 555
 1/009=
 27185 42/// /2001 10067 20065 39912 40092 57005 333 91002 91103 555
 1/009=
 27199 42498 80000 10070 20065 39903 40095 52001 8771/ 333 91002 91104
 555 11009=
 27281 41484 82901 10065 20061 39895 40098 57009 72582 8697/ 333 91002
 91103 555 11008=
 27283 42497 83101 10068 20060 39944 40096 57003 8657/ 333 91002 91104
 555 11008=
 27295 42/// /2501 10061 20050 39853 40100 57002 333 91002 91103 555
 1/008=
 27296 41596 80000 10063 20050 39884 40097 54000 78082 889// 333 91001
 91105 555 11008=
 27385 414// 72301 10053 20050 39977 40104 57006 70282 87700 333 91001
 91103 555 11006=
 27393 42598 32402 10058 20049 39937 40104 54000 83500 333 91003 91105
 555 11005=
 27480 41598 80000 10056 20055 39984 40111 57008 70282 885// 333 91000
 91102 555 11008=
 28007 41499 83101 10066 20058 39837 40093 52005 71082 886// 333 88715
 91001 91103 555 11009=
 28009 41496 80000 10080 20070 39887 40092 52005 71022 885// 333 91001
 91103 555 11010=
 28105 41497 82601 10068 20060 39904 40092 52005 75152 886// 333 91002
 91103 555 11009=
 28202 41597 83301 10067 20056 39875 40091 53005 72511 889// 333 91003
 91103 555 11008=
 28302 41597 63201 10071 20057 39872 40095 53004 72522 82930 333 91003
 91103 555 11008=
 28307 41498 82801 10066 20050 39960 40101 57001 72582 889// 333 91003
 91104 555 11007=
 28402 42484 82701 10071 20064 39923 40098 52001 8561/ 333 91002 91104
 555 11009=
 28502 42697 82903 10079 20058 39999 40100 52001 885// 333 91004 91107
 555 10008=
 22550 82972 00101 10036 20033 30193 40203 52005 555 11005=
 22778 41496 80104 10081 20073 30048 40116 52009 75186 886// 555
 11009=
 22889 42/// /0000 10057 20057 30015 40100 52013 555 1/007=
 22762 NIL=
 22638 46/// /0400 11012 21012 39989 40219 54000=
 22671 42998 83604 10083 20064 30077 40157 52003 8807/ 555 11007=
 22456 42997 00000 11009 20020 30118 40199 52007 555 11002=
 22583 41597 80101 10085 20072 30081 40159 52016 78082 889// 555 11009=
 22749 42/// /3301 10041 20040 30061 40185 57004 555 1/002=
 22951 42/// /3302 10055 20045 39891 40169 57008 555 1/005=
 22887 41296 80202 10084 20080 30026 40094 53009 75185 886// 
 333 88706 555 11009=
 22876 41497 83602 10085 20085 30031 40102 52009 72582 889// 333 88915
 555 12009=
 22481 NIL=
 22854 42/// /3303 10056 20045 39887 40172 57007 555 1/005=
 22781 NIL=
 22676 42598 80103 10085 20063 30061 40136 53012 885// 333 91112 555
 12008=
 22648 42998 03302 10036 20035 30155 40201 54000 555 11002=
 22559 42/// /3303 10066 20051 30178 40195 52003 555 1/006=
 22869 41497 83505 10076 20067 39975 40120 57009 78088 889// 333 86916
 555 11008=
 22768 41497 83604 10078 20069 30086 40135 57001 78082 8695/ 333 85916
 555 11008=
 22798 41994 80201 10051 20051 39999 40110 52021 71082 80001 555
 11008=
 22375 46/// /0103 10030 20024 30188 40203 52008=
 23207 NIL=
 23215 41296 83603 10106 20106 30059 40145 52017 71042 886// 333 88703
 555 11011=
 23219 NIL=
 22408 42684 23401 10030 20026 30052 40202 57002 82030 555   11004=
 22511 41984 01801 10050 20044 30081 40201 57002 71111 555   11003=
 22529 42998 00000 10012 20009 30201 40208 52001 555   12002=
 22602 41976 11902 10085 20081 39981 40202 57005 71211 80001 555  
 10005=
 22621 83962 /0000 10053 20049 30069 40208 57001 555   1////=
 22619 42998 02602 10093 20078 30046 40202 57003 555   11006=
 22721 42997 53001 10076 20070 30110 40207 57002 80001 555   11008=
 22727 86957 /0000 10089 20080 30160 40207 57005 555   1////=
 22717 83/70 /2601 10079 20078 30018 40212 57008 555   1////=
 22802 42598 70000 10109 20104 30186 40209 57010 82530 555   11012=
 22820 42998 52501 10092 20076 30075 40209 57004 85030 555   11008=
 22831 42997 00000 10026 20020 30148 40203 57001 555   11004=
 22805 425// 80000 10135 20117 30188 40212 57012 885// 555   11013=
 22912 42584 60000 10078 20070 30196 40211 57009 82430 555   11008=
 
