03:31:00 MSK 08.06.2023
020 123456/=о000=0031
 унту01 бтул 080000
 22686 82998 83101 10048 20020 30076 40175 52002 8805/ 555 11006=
 22695 42998 83102 10040 20003 30008 40159 51002 8805/ 555 10005=
 22996 NIL=
 23220 43/// /2901 10037 20020 39975 40115 54000 555 1/005=
 23226 42560 83503 10027 20006 39905 40117 52002 8555/ 333 85632
 555 11004=
 23305 42/// /3104 10041 21014 30136 40163 52004 555 1/004=
 23320 86/// /3102 10043 20012 30062 40134 54001=
 23324 42982 83102 10040 20015 30055 40131 51001 8807/ 555 10005=
 23405 42976 70000 10032 20011 30064 40163 54000 87030 555 11006=
 23410 86/// /3002 10037 21001 30045 40141 54000 555 53010=
 23411 42/// /2902 10030 21005 30065 40154 52006 555 1/004=
 23412 42599 73303 10042 20006 30049 40145 52002 83330 555 11005=
 23416 NIL=
 23418 41656 83104 10038 20015 30073 40146 52006 78082
 8695/ 333 84934 555 11004=
 23503 NIL=
 23507 86/// /3302 10027 20010 39859 40168 52002=
 23509 42/// /0000 10036 20016 30082 40160 54000 555 1/006=
 23514 42697 83101 10031 20002 39959 40154 54000 885// 333 88640 555 11005=
 23518 NIL=
 23606 42962 83601 10046 20016 39992 40157 52002 8805/ 555 11010=
 23612 NIL=
 23701 NIL=
 23704 86/// /0000 10048 20036 39926 40039 55004 555 53008=
 23707 82998 80302 10055 20025 30024 40155 57001 86071 555 11007=
 23708 42/// /3602 10048 20010 30007 40155 57002 555 1/006=
 23709 82998 83502 10059 20004 39960 40150 54001 8805/ 555 11007=
 23711 42998 83101 10058 20009 39976 40143 58001 8807/ 555 11008=
 23803 42699 70501 10050 20000 39971 40148 58003 87500 555 11005=
 23804 42997 70101 10052 20027 30008 40151 54000 87030 555 11008=
 23807 42/// /0202 10051 20035 39990 40149 54001 555 1/005=
 23808 86/// /2802 10045 20035 39984 40150 56003=
 23812 42597 70301 10065 20002 39978 40137 52001 87400 555 11007=
 23904 42970 73401 10054 20054 39988 40142 57005 555 11007=
 23905 82999 03201 10013 20010 39919 40147 57005 555 11004=
 23909 82598 23401 10040 20031 39899 40141 57003 81501=
 23912 82598 50000 10062 20051 39944 40132 52002 85500 555 10008=
 23913 82599 53502 10040 20027 39904 40130 54000 85900 555 10003=
 23914 81499 33301 10070 20052 39877 40128 57002 70181 82904=
 27095 86/// /0000 10077 20077 39918 40141 57008=
 28013 82699 62902 10079 20038 39908 40133 56003 86500 555 10010=
 28016 42/// /3001 10062 20052 39917 40138 56006 555 1/009=
 28029 82699 53101 10095 20074 39909 40121 57003 82520 555 10011=
 28116 82899 20000 10052 20047 39910 40137 57006 82031=
 28128 82599 30000 10080 20064 39981 40131 57002 81531 555 11008=
 28134 NIL=
 28138 43/// /0201 10062 20053 39574 40128 54000=
 28216 82999 22601 10076 20052 39848 40139 57008 80005 555 10006=
 28222 42/// /0000 10075 20064 39941 40131 57004 555 1/008=
 28224 82970 01301 10062 20058 39928 40137 57001=
 28234 82597 51601 10076 20066 39862 40133 54000 83580 555 11006=
 28238 41599 22402 10070 20057 39837 40133 54001 74011 82400 555
 11007=
 28313 42/// /0000 10036 20026 39956 40147 57005 555 1/006=
 28319 82598 30000 10041 20031 39986 40148 53005 82550=
 28321 82999 12501 10074 20054 39940 40139 57004 80001=
 28324 NIL=
 28326 82998 30000 10050 20044 39955 40139 54000 80001 555 11006=
 28413 82999 20000 10082 20054 30024 40144 57009 80002 555 10006=
 28428 82998 01701 10058 20041 39966 40148 54001 555 10006=
 28429 42/// /2201 10066 20059 39745 40149 52002 555 1/007=
 22983 41598 80000 10071 20039 30042 40145 52004 70282 8457/ 333 91001
 91103 555 11008=
 27083 41459 83301 10079 20073 39911 40128 57002 76162 8872/ 333 91001
 91102 555 11010=
 27097 42/// /0101 10077 20076 39874 40130 55003 333 91002 91102 555
 1/010=
 27185 42/// /3402 10085 20080 39938 40117 56009 333 91005 91105 555
 1/011=
 27199 41497 80802 10090 20078 39918 40109 57022 76186 8872/ 333 91006
 91106 555 12010=
 27281 41482 83302 10091 20086 39917 40117 52001 70281 885// 333 91004
 91106 555 12012=
 27283 41498 80501 10092 20087 39953 40104 57021 70282 885// 333 91001
 91106 555 11012=
 27295 42/// /2002 10091 20076 39865 40109 56022 333 91005 91105 555
 1/012=
 27296 41578 81502 10089 20058 39896 40107 57020 70282 889// 333 91004
 91106 555 11010=
 27385 415// 62502 10107 20088 39999 40124 57002 70282 84530 333 91004
 91108 555 11011=
 27393 41598 72302 10082 20066 39954 40120 57015 70282 86930 333 91004
 91105 555 11010=
 27480 42598 82501 10096 20089 30012 40137 52002 82531 333 91004 91106
 555 10010=
 28007 41464 80401 10073 20054 39876 40132 57007 78022 883// 333 88918
 91001 91102 555 11009=
 28009 42998 70000 10059 20046 39932 40139 57009 87030 333 91002 91102
 555 11008=
 28105 41458 80000 10074 20063 39935 40130 57006 76162 8872/ 333 91000
 91104 555 11009=
 28202 41568 82001 10067 20047 39914 40131 57010 78022 889// 333 91001
 91102 555 11009=
 28302 41597 83301 10077 20055 39912 40135 55009 78022 8697/ 333 91003
 91103 555 11009=
 28307 41498 81902 10110 20068 39981 40120 56016 70262 885// 333 91004
 91107 555 10011=
 28402 41597 82003 10098 20059 39954 40128 57017 76022 8652/ 333 91005
 91107 555 11010=
 28502 42698 71802 10085 20060 30034 40136 57016 87400 333 91003 91103
 555 10009=
 22550 82997 60000 11001 21005 30163 40173 58005 80002 555 11003=
 22778 42998 80302 10052 20005 30109 40178 52006 8807/ 555 10008=
 22889 42/// /3401 10076 20021 30068 40152 52004 555 1/009=
 22762 82597 70000 10041 20038 30138 40177 54001 85530 555 11007=
 22638 NIL=
 22671 42/// /0000 10045 20020 30095 40174 57002 555 1/005=
 22456 42997 70000 10006 20006 30083 40171 57005 80001 555 11003=
 22583 42598 73301 10051 20021 30092 40172 58002 83570 
 555 11006=
 22749 42/// /0000 10063 20054 30055 40178 54000 555 1/007=
 22951 42/// /0000 10010 20007 39912 40196 52004 555 1/002=
 22887 42599 83401 10078 20025 30087 40155 52008 8355/ 555 10007=
 22876 42597 83501 10075 20020 30096 40168 52008 885// 333 88627 555
 11008=
 22481 42/// /1601 11034 21034 30123 40177 54001 555 1/100=
 22854 42/// /3301 10013 20011 39899 40189 52003 555 1/002=
 22781 NIL=
 22676 42698 80000 10043 20026 30100 40177 52002 885// 555 11006=
 22648 42698 22501 10037 20034 30137 40184 52001 82840 555 11004=
 22559 42/// /2901 10035 20012 30158 40175 57003 555 1/006=
 22869 42997 23502 10040 20016 30029 40177 52009 80060 555 11005=
 22768 42897 20000 10012 20007 30130 40180 52005 82030 555 10003=
 22798 42598 70000 10031 20013 30051 40163 52003 86530 555 10006=
 22375 NIL=
 23207 NIL=
 23215 41497 83301 10020 20011 30047 40136 52005 76162 8802/ 333 88515
 555 11004=
 23219 NIL=
 22408 41680 50000 10053 20043 30005 40153 57007 70282 83930 555  
 11005=
 22511 41698 81801 10068 20039 30036 40155 57006 70162 8653/ 333  
 86649 555   10006=
 22529 42599 21902 10002 21006 30160 40167 57012 82500 555   12002=
 22602 42476 72301 10069 20039 39942 40164 57006 85530 333   85617
 555   11006=
 22621 83664 /1702 10076 20058 30030 40167 57012 555   1////=
 22619 42481 62402 10083 20058 30008 40164 57010 86500 555   10008=
 22721 42998 80000 10068 20059 30080 40177 57007 8805/ 555   11008=
 22727 86870 /1101 10078 20061 30134 40181 57006 555   1////=
 22717 83/70 /2402 10077 20069 39989 40179 57005 555   1////=
 22802 41599 20000 10034 20027 30162 40185 57002 71111 81531 555  
 11003=
 22820 42970 82202 10072 20046 30048 40182 57005 87030 555   11006=
 22831 42998 70000 10044 20037 30133 40188 57002 87030 555   11006=
 22805 42598 20000 10060 20027 30169 40189 57003 82500 555   10004=
 22912 41907 21001 10033 20027 30173 40188 57001 74441 82030 555  
 11006=
 
