03:31:01 MSK 28.10.2023
020 123456/=о000=0031
 унту01 бтул 280000
 22686 43/// /0901 11063 21075 30076 40179 57003 555 1/104=
 22695 42998 80902 11059 21077 30013 40171 58003 8805/ 555 1/105=
 22996 42598 71201 11050 21090 39977 40168 57011 85530 333 85626 555 1/101=
 23220 41496 62501 11093 21103 30029 40177 52012 555 78582 86900 1/108=
 23226 41260 83102 11076 21086 39953 40176 52013 70272 887// 333 85705 
 555 1/107=
 23305 42/// /1402 11066 21070 30175 40204 52003 555 1/106=
 23320 86/// /2202 11104 21107 30144 40221 52013=
 23324 41979 72202 11100 21114 30130 40211 52014 70272 87070 555 1/111=
 23405 41296 81103 11059 21063 30099 40202 52004 70272 
 886// 333 88705 555 1/105=
 23410 86/// /0000 11137 21156 30122 40226 52007 555 53003=
 23411 NIL=
 23412 41297 80000 11128 21143 30122 40225 52005 77172 8872/ 333 86703
 555 1/112=
 23416 NIL=
 23418 41265 80000 11115 21121 30145 40222 52006 72842
 886// 333 88705 555 1/109=
 23503 42/// /1302 11088 21105 30158 40211 52004 555 1/108=
 23507 86/// /1001 11060 21062 39873 40193 57002=
 23509 NIL=
 23514 42997 50000 11183 21198 30011 40224 52004 85070 555 1/120=
 23518 NIL=
 23606 42260 81003 11046 21052 30021 40197 52004 886// 333 88704 555 1/104=
 23612 NIL=
 23701 NIL=
 23704 86/// /1001 11043 21049 39375 49487 57012 555 53004=
 23707 82998 50901 11064 21076 30046 40183 57005 82041 555 1/106=
 23708 42/// /0901 11052 21068 30043 40197 57003 555 1/104=
 23709 41993 93601 11066 21079 30006 40206 54001 74784 555 1/103=
 23711 41497 80502 11064 21073 30031 40207 52005 70282 889// 333 86710 555 1/104=
 23803 42999 81101 11043 21074 30022 40207 58001 8805/ 555 1/104=
 23804 41997 71403 11031 21080 30032 40180 58006 70272 87070 555 1/102=
 23807 NIL=
 23808 86/// /1402 11082 21082 30024 40199 57003=
 23812 41997 50000 11115 21127 30040 40212 52002 70282 82032 555 1/112=
 23904 42581 81503 11046 21096 30022 40183 57008 885// 333 88625 555
 1/104=
 23905 42999 20000 11106 21117 39959 40198 57007 80001 555 1/112=
 23909 41498 81301 11041 21063 39947 40198 57005 77172 885//=
 23912 42598 80000 11053 21060 30008 40206 57003 885// 555 1/106=
 23913 41599 83201 11052 21060 39974 40210 54000 78082 889// 555
 1/107=
 23914 82498 80000 11042 21056 39941 40205 57004 885//=
 27095 86/// /1203 11052 21083 39941 40176 57011=
 28013 41598 81201 11043 21062 39962 40199 57005 70282 889// 555
 1/103=
 28016 42/// /1201 11091 21093 39966 40201 57007 555 1/106=
 28029 42599 51201 11042 21064 39977 40202 57005 85500 555 1/103=
 28116 42499 21001 11093 21105 39956 40197 57010 81530=
 28128 42999 20902 11061 21080 30044 40203 57009 80001 555 1/107=
 28134 41898 82201 11066 21084 39847 40210 57007 70272 8807/ 555
 1/106=
 28138 43/// /0000 11127 21138 39627 40227 57008=
 28216 42699 81103 11053 21097 39880 40186 57017 885// 555 1/105=
 28222 42/// /0701 11101 21114 30001 40206 57011 555 1/105=
 28224 42970 30901 11080 21100 39976 40198 57014 80005=
 28234 42998 03601 11099 21117 39920 40212 57015 555 1/108=
 28238 42999 02301 11163 21186 39902 40229 56013 555 1/118=
 28313 42/// /0602 11064 21100 39986 40185 57019 555 1/105=
 28319 42898 30803 11064 21087 30006 40175 57024 83050=
 28321 42899 60903 11058 21093 39977 40187 57019 86030=
 28324 42/// /0802 11069 21096 30055 40180 57023 555 1/107=
 28326 42998 20000 11116 21128 30001 40199 57018 80001 555 1/115=
 28413 42899 81103 11065 21097 30036 40162 57023 86035 555 1/107=
 28428 42998 22702 11088 21106 39983 40176 57021 80001 555 1/111=
 28429 42/// /0302 11101 21114 39760 40191 57018 555 1/117=
 22983 42584 81202 11040 21098 30049 40157 57012 8455/ 333 91005 91106
 555 14104=
 27083 42584 71003 11051 21097 39922 40150 57013 87500 333 91005 91106
 555 14105=
 27097 42/// /1004 11051 21083 39890 40159 56011 333 91006 91107 555
 1/104=
 27185 42/// /0903 11049 21086 39950 40138 57015 333 91005 91107 555
 1/103=
 27199 42998 80902 11046 21086 39950 40152 57017 8807/ 333 91005 91107
 555 14105=
 27281 42984 81003 11043 21080 39911 40123 57016 8805/ 333 91006 91107
 555 14104=
 27283 42597 81104 11047 21082 39975 40135 57016 885// 333 91006 91108
 555 14103=
 27295 42/// /0703 11051 21086 39879 40138 57017 333 91006 91107 555
 1/104=
 27296 42997 80803 11047 21089 39922 40145 57018 8805/ 333 91005 91108
 555 14103=
 27385 419// 80902 11040 21067 39985 40116 57016 77072 8807/ 333 91005
 91106 555 1/104=
 27393 42598 80904 11047 21078 39966 40141 57021 8352/ 333 91006 91107
 555 1/104=
 27480 41495 80704 11036 21054 39974 40105 57013 77372 8802/ 333 91006
 91107 555 1/102=
 28007 42599 81201 11059 21100 39905 40176 57013 885// 333 88625 91002
 91104 555 14104=
 28009 42698 81002 11050 21113 39970 40186 57012 885// 333 91005 91105
 555 14104=
 28105 42598 70701 11055 21100 39967 40166 57016 87500 333 91003 91107
 555 14104=
 28202 42997 71202 11053 21094 39938 40165 57017 85031 333 91005 91105
 555 14104=
 28302 42997 80902 11054 21090 39921 40156 57020 8807/ 333 91007 91107
 555 1/105=
 28307 42498 80702 11046 21081 39984 40132 57020 885// 333 91004 91105
 555 1/104=
 28402 41969 80905 11052 21080 39954 40138 57020 77022 8802/ 333 91007
 91108 555 1/105=
 28502 41997 80804 11028 21065 30016 40122 57023 70272 8802/ 333 91006
 91107 555 1/103=
 22550 82570 81303 11028 21070 30118 40128 57007 886// 333 88633 555
 1/102=
 22778 42498 81103 11035 21087 30076 40147 57010 8557/ 333 85615 555
 14103=
 22889 42/// /1104 11044 21095 30077 40166 57011 555 1/103=
 22762 42597 81002 11031 21076 30094 40134 57013 885// 555 1/103=
 22638 46/// /0901 11046 21084 39865 40095 57011=
 22671 NIL=
 22456 41596 81201 11043 21049 30051 40141 57007 78582 889// 555
 1/102=
 22583 42698 70000 11065 21074 30094 40177 58004 875// 555 1/105=
 22749 42/// /1203 11027 21071 39966 40093 57011 555 1/102=
 22951 42/// /1002 11049 21065 39808 40095 57011 555 1/104=
 22887 42697 81004 11034 21090 30081 40153 57010 885// 
 333 88636 555 14104 =
 22876 42697 81004 11035 21086 30077 40151 57010 885// 333 88640 555
 1/103=
 22481 42/// /1302 11060 21066 30116 40171 52003 555 1/107=
 22854 42/// /0902 11047 21077 39808 40103 57010 555 1/103=
 22781 NIL=
 22676 41597 81303 11042 21078 30078 40157 57005 77072 885// 555
 1/103=
 22648 42698 81302 11024 21073 30062 40109 57010 885// 333 88644 555
 14103=
 22559 42/// /1302 11034 21062 30123 40140 57007 555 1/101=
 22869 42998 71104 11041 21083 39974 40126 57011 80070 555 14103=
 22768 42597 81102 11031 21081 30072 40123 57011 885// 333 88632 555
 1/104=
 22798 41597 80901 11042 21056 30060 40175 57008 78582 889// 555
 1/103=
 22375 46/// /1402 11064 21073 30147 40162 57001=
 23207 NIL=
 23215 42798 82302 11121 21125 30122 40217 52011 885// 333 88655 555
 14111=
 23219 NIL=
 22408 41456 80501 11044 21058 39944 40096 57009 77187 8872/ 333  
 88519 555   1/104=
 22511 41738 81001 11039 21051 39970 40093 57009 77172 8772/ 333  
 87655 555   1/103=
 22529 42598 80501 11048 21065 30093 40010 57012 885// 333   88628
 555   1/103=
 22602 42473 81003 11034 21068 39853 40082 57009 885// 333   88615
 555   14103=
 22621 83570 /0601 11032 21073 39948 40090 57014 555   1////=
 22619 42598 81302 11028 21072 39914 40075 57014 885// 555   1/102=
 22721 42597 80000 11032 21071 39979 40079 57013 885// 333   88632
 555   1/104=
 22727 86570 /0503 11010 21052 30014 40062 57014 555   1////=
 22717 83/70 /0403 11028 21395 39860 40059 57013 555   1////=
 22802 42698 80403 11013 21061 30028 40052 57010 885// 333   88640
 555   1/102=
 22820 42598 81402 11013 21061 39919 40056 57014 885// 333   88623
 555   14101=
 22831 42697 70902 11027 21068 30016 40072 57012 87500 333   87640
 555   14103=
 22805 425// 80802 11004 21047 30020 40045 57009 8653/ 555   1/101=
 22912 42584 50902 11017 21055 30026 40041 57012 82530 555   14102=
 
