18:31:00 MSK 01.01.2023
020 123456/=о000=1531
 уйту01 бтул 011500
 22686 11396 81304 11090 21108 39841 49943 57043 60022 77173 8872/ 333 11090 86708 91110 555 51110 53010=
 22695 11396 81205 11117 21143 39797 49954 57040 60022 77073 8872/ 333 11117 87708 91111 555 51135 53011=
 22996 11496 81804 11068 21076 39814 40003 57046 60012 77172 8572/ 333
 11068 555 51101 53010=
 23220 11999 00807 11217 21246 30065 40221 57023 60002 73630 333 11200 91010 91113 555 51212 53013=
 23226 12960 00901 11250 21274 39994 40233 57026 60002 333 11195 555 
 51206 53010=
 23305 11462 81305 11141 21163 30009 40038 57038 60012 77173 885// 333
 11141 88615 91110 555 51171 53011=
 23320 76/// /2001 11309 21350 30064 40147 57036 333 60002 555 51374 53002=
 23324 12983 31004 11203 21228 30079 40163 57029 60002 80002 333 11203
 555 51296 53007=
 23405 11995 81208 11145 21158 39918 40022 57043 60022 77373 8802/ 
 333
 11144 91014 91114 92983 555 51169 53014=
 23410 76/// /0905 11164 21186 30011 40114 57036 333 60002=
 23411 11496 81506 11155 21172 39987 40082 57035 69982 77173 8872/ 333
 11155 91010 91111 555 51173 53012=
 23412 11495 81204 11153 21172 30002 40105 57037 60012 77372 8277/ 333 11143 555 51196 53009=
 23416 NIL=
 23418 11544 81406 11148 21182 30029 40107 57036 
 69972 77173 8652/ 333 11146 86623 91011 91111
 555 51180 53011=
 23503 11496 81505 11139 21167 30000 40053 57041 60012 77173 8272/ 333 11139 91111 555 51167 53011=
 23507 86/// /0000 11157 21169 39685 40012 57047 333 11157 555 51171 53000=
 23509 11397 81303 11137 21161 39966 40049 57043 69992 77173 8872/ 333
 11137 85707 555 51159 53009=
 23514 11395 81404 11145 21163 39867 40075 57039 60022 77373 8772/ 333 11145 87708  93609 555 51177 53009=
 23518 11996 81405 11196 21223 30031 40130 57031 60012 77173
 8802/ 333 11184 91111=
 23606 11424 81306 11144 21171 39879 40061 57044
 60012 77372 8552/ 333 11144 85611 555 51165 53009=
 23701 11322 81403 11136 21148 39873 40008 57048 60022 77372 8802/ 333
 11/// 88509 555 51150 530//=
 23704 76/// /1404 11126 21128 39926 40039 55004 333 60002=
 23707 61995 81405 11114 21133 39856 49992 57045 69962 77377 8802/ 333 11114 91110  93603 555 51135 53010 =
 23708 11962 81404 11144 21168 39888 40046 58046 69942 77173 8807/ 333
 11144 555 51164 53008=
 23709 11497 81502 11146 21159 39878 40081 57039 69982 77172 8672/ 333
 11142 86710 93608=
 23711 11497 81503 11130 21147 39923 40101 57036 60022 78582 889// 333 11130 88914 555 51166 53007=
 23803 11497 81604 11147 21167 39891 40081 58041 60012 77073 8802/ 333
 11147 555 51167 53008=
 23804 61394 81403 11102 21116 39857 40007 57047 60022 77572 8872/ 333 11102 86707 555 51131 53008=
 23807 11396 81705 11086 21097 39843 40009 56048 60012 77173 8672/ 333
 11086 86707 91110 93601 555 51122 53010=
 23808 NIL=
 23812 11396 81503 11126 21147 39950 40121 57038 69942 77172 8872/ 333
 11126 87709 934// 555 51186 53006=
 23904 11326 81604 11096 21102 39871 40033 57049 69932 77373 8772/ 333
 11096 87707 555 51127 53009=
 23905 11599 81402 11141 21158 39834 40073 57041 69932 70272 885// 333
 11141 555 53005=
 23909 11497 81503 11154 21172 39847 40107 57038 69962 77172 8752/ 333
 11154 93609=
 23912 11597 81804 11127 21144 39932 40135 56034 69952 77172 8352/ 333
 11126 93602 555 53008=
 23913 11597 81304 11168 21207 39926 40172 58031 60002 77173 8472/ 333
 11162 91110 555 53010=
 23914 61496 81504 11144 21161 39865 40136 57032 69912 77372 8802/ 333
 11144 93615=
 28013 11597 81504 11153 21177 39878 40123 57032 69962 77172 8352/ 333
 11153 555 53007=
 28016 11897 81503 11152 21174 39883 40124 57034 69982 77172 8802/ 333
 11152 93502 555 53006=
 28029 12899 51505 11139 21161 39920 40152 57029 69972 85020 333 11139
 555 53009=
 28116 11496 81602 11145 21165 39890 40135 57032 69962 77172 8872/ 333
 11145=
 28128 11596 81703 11138 21164 39996 40159 57032 69952 77172 8802/ 333
 11138 555 53006=
 28134 11598 81101 11163 21189 39799 40174 57029 69952 70272 885// 333
 11163 555 53008=
 28138 61599 80601 11230 21260 39596 40220 57026 69932 70272 885// 333
 11226 93506=
 28216 11896 81403 11127 21145 39828 40142 56033 69962 77172 8802/ 333
 11127 555 53007=
 28222 11598 81603 11140 21164 39957 40164 56029 69932 70272 885// 333
 11138 555 53007=
 28224 11568 81503 11136 21160 39937 40163 57029 69982 77187 8802/ 333
 11136=
 28234 11596 81301 11147 21180 39887 40184 58028 69902 77172 885// 333
 11147 555 53006=
 28238 11596 81002 11178 21205 39879 40207 57023 69902 77072 8652/ 333
 11178 555 53003=
 28313 11596 81602 11111 21130 39942 40144 58031 69932 77172 885// 333
 11111 555 53004=
 28319 11598 81701 11079 21096 39982 40152 57025 69982 70272 885// 333
 11079=
 28321 12899 81702 11116 21132 39937 40151 58029 69942 8802/ 333
 11116=
 28324 11896 81301 11089 21119 30029 40155 57027 69932 77172 8802/ 333
 11089 555 53004=
 28326 11598 81202 11129 21153 39976 40174 57028 69932 70272 8802/ 333
 11129 555 53005=
 28413 11596 81701 11068 21092 30019 40145 57023 69962 77072 8657/ 333
 11068 555 53005=
 28428 11896 81502 11074 21095 39973 40164 58020 69942 77172 8807/ 333
 11074 555 53004=
 28429 11595 80701 11118 21135 39750 40183 57019 69942 77372 8352/ 333
 11117 555 53005=
 22983 11428 81901 11042 21051 39864 49970 57037 60052 77373 8872/ 333
 11041 91003 91107 555 51069 53007=
 27083 11438 81804 11052 21060 39769 49993 57040 60032 77373 8802/ 333
 11052 91005 91110 555 51082 53010=
 27097 11496 81505 11066 21068 39754 40020 56047 60022 77373 8872/ 333
 11066 91008 91109 555 51097 53009=
 27185 11496 81502 11041 21049 39832 40017 56042 60022 77173 8872/ 333
 11041 91005 91109 555 51074 53009=
 27199 11497 81604 11065 21076 39845 40047 57048 69982 78587 8597/ 333
 11065 91009 91109 555 51085 53009=
 27281 11329 81704 11019 21024 39808 40015 57036 60022 77375 8872/ 333
 11019 91006 91109 93401 555 51062 53009=
 27283 11496 81704 11037 21043 39860 40017 57043 69962 77172 8872/ 333
 11037 91007 91109 555 51069 53009=
 27295 11496 81503 11051 21062 39798 40053 57040 69932 77172 8802/ 333
 11051 91006 91109 555 51078 53009=
 27296 11997 81604 11067 21084 39837 40060 57040 60002 73632 8807/ 333
 11067 91007 91108 555 51089 53008=
 27385 114// 81804 11013 21019 39910 40039 57040 69922 77073 8675/ 333
 11013 91007 91109 555 51051 53009=
 27393 11497 81707 11053 21065 39903 40077 57041 69912 73673 8662/ 333
 11053 91009 91111 555 51080 53011=
 27480 11398 81903 11001 21007 39917 40045 57035 69942 72687 889// 333
 11001 91006 91108 555 51037 53008=
 28007 12399 81602 11094 21108 39788 40058 58045 60002 886// 333 11094
 88709 91004 91104 555 51122 53004=
 28009 11496 81603 11098 21122 39866 40083 57039 69922 77172 8802/ 333
 11098 91006 91106 555 51132 53006=
 28105 12498 81902 11085 21102 39865 40071 57038 60002 885// 333 11085
 91007 91107 555 51113 53007=
 28202 12597 81603 11095 21114 39859 40089 58039 69902 885// 333 11095
 91006 91107 555 51129 53007=
 28302 11596 81404 11086 21102 39861 40097 58039 69932 77173 8802/ 333
 11086 91007 91108 555 51110 53008=
 28307 11497 81204 11046 21059 39934 40081 58042 69922 77172 885// 333
 11046 91007 91107 555 51077 53007=
 28402 11460 81605 11053 21065 39915 40098 57038 69902 77172 8662/ 333
 11053 91007 91107 555 51086 53007=
 28502 12997 81604 11031 21050 30006 40112 58033 60002 8802/ 333 11031
 91006 91106 555 51071 53006=
 22550 11358 81702 11007 21009 39846 49856 57011 60062 78587 889// 333 11007 88709 555 51044 53009=
 22778 11598 81603 11019 21023 39843 49912 57028 60082 72682 885// 333
 11019 555 51051 53010=
 22889 11396 81203 11047 21053 39883 49971 57038 60032 77172 8872/ 333
 11046 88508 555 51078 53010=
 22762 11397 81901 10000 20000 39849 49887 57014 60082 70272 8377/ 333
 10000 555 51038 53009=
 22638 46/// /2803 11009 21023 39674 49896 52009=
 22671 11996 81402 11050 21050 39802 49881 57029 60062 77173 8802/ 333 11050 555 51071 53009=
 22456 11496 81201 11044 21049 39772 49860 57018 60022 77172 8872/ 333
 11036 555 51068 53010=
 22583 11558 81403 11120 21137 39855 49938 57040 60022 78588 8697/ 333
 11120 555 51128 53009=
 22749 NIL=
 22951 11496 82703 10002 20000 39654 49931 57007 60052 77172 8772/ 333
 10002 555 51014 53010=
 22887 11/94 91205 11031 21035 39875 49945 57037 60042 77573 333 
 11031 89/06 91112 555 51056 53013=
 22876 11496 81804 11020 21021 39854 49928 57036 60052 78588 889// 333
 11020 555 51049 53009=
 22481 11493 81207 11110 21123 39862 49917 57031 69992 78683 
 889// 333 11110 91012 91113 555 51116 53014=
 22854 11297 82404 10001 21001 39631 49915 57004 60062 77172 8872/ 333
 10001 87704 555 51017 53008=
 22781 NIL=
 22676 11496 81204 11054 21065 39822 49900 57033 60052 77172 8872/ 333
 11054 555 51074 53010=
 22648 NIL=
 22559 11495 82102 11077 21010 39848 49864 56013 60072 77372 8872/ 333
 11007 88514 555 51041 53009=
 22869 12398 82203 10002 20001 39783 49929 57016 60042 886// 333 10002 86707 555 51028 53008=
 22768 11397 72004 10004 20001 39851 49900 57014 60062 72272 87700 333 10004 85709 555  51020 53010=
 22798 11494 81303 11083 21089 39858 49973 57046 60032 77577 8802/ 333
 11083 555 51118 53008=
 22375 46/// /1409 11103 39885 49900 57024 333 91113=
 23207 11496 61207 11142 21168 39989 40013 57037 69992 77773 86600 333
 11142 91011 91112 555 51174 53012=
 23215 NIL=
 23219 NIL=
 27095 76/// /1403 11072 21072 39802 40035 57045 333 60002 555 51104 53010=
 22408 21459 82403 11016 21036 39705 49852 57001 78582 883// 333  
 60012 88917 91111=
 22511 21557 82405 11011 21048 39746 49865 52004 78582 8791/ 333  
 69952 87624 91010 91113=
 22529 22598 72504 10004 21029 39865 49872 52004 83532 333   69902=
 22602 22473 82506 11020 21030 39676 49899 57002 885// 333   69952
 88612 91013 91113=
 22621 73/70 /2606 11009 21050 39752 49890 52004 333   69922 91010
 91116=
 22619 22498 22504 11013 21046 39745 49902 52005 82500 333   69972
 91112=
 22721 22597 32802 11005 21027 39815 49912 52008 83500 333   69982=
 22727 76570 /2602 10001 21024 39890 49937 52012 333   69932=
 22717 73/70 /2503 11015 21031 39757 49949 52010 333   60012 91110=
 22802 22698 62502 11008 21030 39944 49967 52008 86900 333   60002=
 22820 21497 72605 11002 21024 39808 49943 52012 77072 8357/ 333  
 60012 91112=
 22831 21497 72802 10005 21012 39880 49934 52018 70286 86930 333  
 60082 86914=
 22805 225// 32809 10007 21013 39958 49978 52010 82501 333   60022
 91013 91113=
 22912 22484 82603 10014 21010 39954 49969 52006 885// 333   69902
 88617=
 
