06:31:00 MSK 08.12.2023
020 123456/=о000=0331
 уйту01 бтул 080300
 22686 12998 00000 11360 21390 30385 40504 52003 60002 333 21363 47020
 55034 555 53000 7000/=
 22695 12998 00000 11347 21396 30314 40496 53004 60002 333 21347 47027
 555 53002 7000/=
 22996 11996 70000 11333 21363 30281 40506 52002 60002 70522 85016 333
 21347 47024 55000 555 53001 7000/=
 23220 11496 82502 11192 21214 30264 40421 57005 69932 77172 8872/ 333 21243 47015 55000 85710 555 53005 7993/=
 23226 11449 82101 11204 21223 30182 40422 57003 69972 77172 8552/ 333 
 21253 47019 85611 555 53005 7997/=
 23305 12984 82003 11191 21214 30430 40461 58001 69902 8807/ 333 21220
 47023 555 53006 7990/=
 23320 76/// /2201 11201 21217 30362 40443 52003 333 21205 60002 555 53005 7000/=
 23324 12680 82202 11186 21208 30352 40437 58001 69902 885// 333 21198
 49020 55000 88637 555 53005 7992/=
 23405 12497 83001 11222 21248 30362 40474 52003 60002 8555/
 333 21272 47024 55000 85614 555 53004 7000/=
 23410 76/// /1502 11194 21221 30334 40441 50000 333 21206 60002 555 7000/=
 23411 11496 82401 11156 21172 30345 40443 58001 60012 77172
 8772/ 333 21189 47041 555 53004 7002/ =
 23412 12999 81502 11179 21199 30333 40440 54000 69922 8805/ 333 21192 47040 55000 555 53003 7998/=
 23416 NIL=
 23418 11456 81601 11221 21240 30367 40450 58001 69932
 77172 8652/ 333 21233 47034 55000 86619 555 53004 7995/=
 23501 NIL=
 23503 11498 83102 11187 21220 30407 40463 57002 60012 77072 885// 333 21218 47027 88618 555 53004 7001/ 91204=
 23507 NIL=
 23509 11997 80000 11204 21237 30381 40469 58004 60012 77172 8802/ 333
 21256 47033 555 53002 7001/=
 23514 11597 82901 11185 21205 30231 40449 58004 69982 77172 8552/ 333
 21216 47036 55000 85630 555 53005 7998/=
 23518 11596 81801 11237 21264 30355 40459 57001 69932 77172 8557/ 333
 21270 47027 55030 85623 555 53004 7993/ 91204=
 23606 11960 82802 11213 21238 30282 40469 57005 69982 77172 8802/ 333 21247 47025 55000 555 53005 7998/=
 23612 11465 81701 11238 21264 30307 40460 57004 69932 77172 8252/ 333 21277 47022 555 53004 7993/=
 23701 12980 70000 11302 21332 30352 40504 54000 60002 87070 333
 21339 47021 555 51328 53000 7000/ 91201=
 23704 76/// /0000 11348 21377 38613 48729 53007 333 21360 60002 555 51329 7000/=
 23707 61998 80000 11331 21362 30345 40501 52002 69902 77171 85021 333 21347 47020 55040  936// 555 53001 7990/=
 23708 12983 80000 11293 21329 30324 40499 57001 60002 8805/ 333 21358
 47024 555 53002 7000/=
 23709 11997 82201 11263 21302 30267 40489 57003 69902 77172 8802/ 333
 21356 47026 555 53002 7990/ 91202=
 23711 11997 81701 11231 21258 30273 40465 57007 69902 77072 8802/ 333 21321 47030 55000 555 53002 7990/=
 23803 11997 83301 11294 21339 30292 40501 54000 69902 77172 8802/ 333 21335 47028 55036 555 53002 7990/=
 23804 62997 80000 11300 21329 30329 40498 52003 60002 86031 333 21329 47022 55003 555 53001 7000/=
 23807 12997 60000 11346 21374 30314 40507 52003 69902 82078 333 21347
 47016 55030 555 53002 7990/=
 23808 66/// /0000 11345 21372 30309 40510 50000 60002 333 21400 555 7000/=
 23812 11996 82201 11268 21306 30295 40482 57003 69902 77172 8807/ 333
 21325 47028 934// 555 53002 7990/=
 23904 11357 80000 11337 21370 30320 40507 52001 60002 70522 8671/ 333
 21372 47023 86707 555 53001 7000/=
 23905 12999 00000 11343 21376 30235 40506 52001 60002 333 21361 47028
 555 53000 7000/=
 23909 12898 81001 11365 21399 30213 40507 52002 60002 83015 333 21375
 47031 55051 93605=
 23912 12998 80000 11341 21378 30268 40496 54001 60002 80005 333 21362
 47027 555 53002 7000/=
 23913 11997 81301 11327 21371 30227 40497 57007 69902 77072 8802/ 333
 21393 47023 55027 555 53004 7990/=
 23914 62998 32601 11331 21363 30191 40495 54000 60002 80001 333 21336
 47028 55030=
 28013 12898 30000 11355 21401 30228 40504 52002 60002 83010 333 21367
 47031 555 53002 7000/=
 28016 11993 00000 11391 21428 30238 40511 52002 69902 70400 333 21392
 47035 93503 555 53001 7990/=
 28029 13997 20000 11347 21380 30234 40495 52002 69902 80001 333 21349
 47027 55016 555 53002 7990/=
 28116 12999 00000 11390 21425 30229 40509 52003 60002 333 21390 47035
 55021=
 28128 11896 80000 11338 21370 30318 40500 52001 69902 77172 8802/ 333
 21365 47028 55044 555 53001 7990/=
 28134 11996 00000 11367 21401 30081 40502 54000 69902 77671 333 21368
 47028 555 53001 7990/=
 28138 12999 00000 11353 21397 39818 40491 57004 60002 333 21357 47034
 55059 93646=
 28216 11998 20000 11368 21412 30147 40505 54001 69902 77670 80005 333
 21370 47038 555 53002 7990/=
 28222 12998 80000 11348 21388 30268 40500 54001 60002 80001 333 21360
 47023 555 53001 7000/=
 28224 11961 20000 11344 21377 30242 40496 52002 69902 77670 80005 333
 21344 47034 55057=
 28234 11993 00000 11381 21436 30164 40500 57002 69902 74840 333 21381
 47034 555 53001 7990/=
 28238 12999 02201 11430 21484 30140 40514 54001 60002 333 21430 47035
 55059 555 53002 7000/=
 28313 11993 00000 11387 21430 30269 40502 54001 60002 74842 333 21387
 93503 555 53001 7993/=
 28319 12998 00000 11363 21397 30296 40492 52002 60002 333 21365
 47036=
 28321 12999 03201 11352 21392 30253 40496 52002 60002 333 21352
 47044=
 28324 11996 00000 11396 21442 30348 40495 52003 60002 77672 333 21396
 47036 93502 555 53002 7000/=
 28326 12998 20000 11400 21443 30272 40499 52001 60002 80001 333 21402
 47045 55043 555 53000 7000/=
 28413 11996 00000 11296 21335 30340 40483 52005 60002 71000 333 21296
 47026 555 53002 7990/=
 28428 12998 00000 11362 21404 30263 40485 52004 60002 333 21362 47037
 555 53004 7000/=
 28429 12998 00402 11326 21362 30002 40487 52002 60002 333 21338 47036
 555 53003 7000/=
 22983 12984 51001 11281 21309 30373 40495 52001 60002 85030 333 21312
 47015 55000 91002 91102 555 53002 7000/=
 27083 12984 00000 11318 21350 30232 40494 52004 60002 333 21323 47020
 91000 91102 555 53002 7000/=
 27097 11997 20000 11310 21334 30186 40497 52006 69902 77670 80001 333
 21317 47020 91000 911// 555 530// 7990/=
 27185 12998 20000 11306 21335 30276 40492 52005 60002 80001 333 21306
 47017 91000 91101 555 53002 7000/=
 27199 11997 50901 11290 21319 30263 40493 52005 69902 77672 82031 333
 21296 47027 55006 91002 91102 555 53003 7990/=
 27281 12984 00000 11294 21323 30242 40483 52005 60002 333 21301 47021
 91000 91101 555 53002 7000/=
 27283 12997 00000 11325 21357 30307 40491 52006 60002 333 21330 47030
 91000 91100 555 53000 7000/=
 27295 12997 00401 11287 21323 30196 40488 52007 60002 333 21289 47027
 91002 91103 555 53003 7000/=
 27296 12997 00000 11353 21398 30235 40495 52003 60002 333 21355 47033
 55044 91000 91100 555 53002 7000/=
 27385 129// 70402 11303 21334 30332 40483 52006 60002 83031 333 21337
 47021 91003 91103 555 53003 7000/=
 27393 12998 01202 11329 21367 30292 40494 52006 60002 333 21330 47029
 55053 91003 91103 555 53003 7000/=
 27480 12998 00401 11322 21359 30328 40480 52007 60002 333 21328 47021
 91002 91102 555 53003 7000/=
 28007 12999 03601 11350 21391 30190 40503 53005 60002 333 21349 47027
 55007 91002 91102 555 53002 7000/=
 28009 12998 00000 11376 21429 30256 40510 52003 60002 333 21382 47036
 91000 91101 555 53001 7000/=
 28105 12998 00000 11357 21402 30269 40501 52004 60002 333 21357 47031
 91000 91102 555 53002 7000/=
 28202 12997 00000 11358 21402 30234 40499 52003 60002 333 21358 47040
 91000 91101 555 53002 7000/=
 28302 12997 00000 11332 21372 30219 40490 52001 60002 333 21333 47027
 91000 91102 555 53003 7000/=
 28307 12998 00000 11322 21362 30315 40485 52004 60002 333 21324 47028
 91000 91102 555 53002 7000/=
 28402 12984 00601 11322 21354 30273 40485 52005 60002 333 21325 47029
 91002 91102 555 53003 7000/=
 28502 12997 10000 11341 21384 30359 40482 52006 60002 81030 333 21352
 48018 55057 91000 91100 555 53002 7000/=
 22550 11568 70000 11223 21247 30439 40451 57001 69922 72682 87500 333
 21302 47020 55000 87629 93528 555 53001 7992/=
 22778 12497 81302 11206 21232 30394 40473 52003 69902 885// 333 21210
 47012 55002 88614 555 53005 7990/=
 22889 12997 00802 11340 21373 30401 40505 52003 60002 333 21344 47013
 555 53003 7000/=
 22762 11996 81301 11198 21218 30418 40462 52003 69942 77172 8007/ 333
 21205 47022 555 53003 7994/ 91203=
 22638 46/// /1500 11220 21242 30184 40438 52001=
 22671 11998 81301 11228 21253 30379 40469 52002 69902 77872 8807/ 333
 21241 47023 55000 555 53003 7990/=
 22456 12997 40000 11231 21270 30359 40458 52001 60002 81041 333 21242
 47034 555 53000 7000/=
 22583 12998 00000 11358 21392 30406 40502 52002 60002 333
 21359 47025 55000 555 53001 7000/=
 22749 NIL=
 22951 12898 80000 11236 21258 30130 40449 52003 69902 8803/ 333 21252
 47019 555 53002 7994/=
 22887 12997 80000 11232 21250 30407 40488 52003 
 60002 86031 333 21279 47012 55000 555 53001 7000/=
 22876 12997 80802 11232 21252 30399 40482 54001 60002 8805/ 333 21264
 47014 555 51247 53003 7000/ 91203=
 22481 12998 00000 11378 21418 30424 40489 52002 60002 333 21384 47036
 555 53000 7000/=
 22854 12998 20000 11255 21282 30125 40455 52004 60002 80001 333 21262
 47018 55030 555 53001 7000/=
 22781 NIL=
 22676 12898 11601 11300 21332 30391 40482 53003 60002 81030 333 21318
 47021 555 53004 7000/=
 22648 NIL=
 22559 41597 80000 11189 21215 30446 40463 52006 69902 78582 8692/ 333
 21276 47018 55000 93541 555 53001 7990/=
 22869 12998 40901 11215 21238 30300 40468 52004 69932 80030 333 21246
 47014 555 53003 7993/ 91203=
 22768 11596 81201 11200 21223 30400 40456 52004 69962 77172 8557/ 333
 21242 47013 55019 85621 555 53002 7998/=
 22798 12998 00000 11353 21389 30371 40506 52003 60002 333 21359 47013
 555 53002 7990/=
 22375 46/// /1701 11329 21364 30456 40474 52001=
 23207 12999 82902 11178 21203 30432 40457 52002 60002 8805/ 333 21190
 47034 55000 555 53005 7000/=
 23215 NIL=
 23219 NIL=
 27095 NIL=
 22408 21459 81402 11206 21226 30250 40418 52001 78582 889// 333  
 21238 55000 69902 88911 93503 555   7994/=
 22511 21226 80000 11223 21248 30281 40418 57003 71022 886// 333  
 21266 69902 88704 93506 555   7990/=
 22529 21596 80000 11252 21277 30428 40436 57002 71022 885// 333  
 21338 60002 88625 555   7000/=
 22602 22474 60901 11183 21205 30155 40405 57001 86500 333   21194
 55000 69902 86613 93503 555   7990/=
 22621 73237 /0000 11219 21242 30271 40428 57002 333   21262 55000
 60002 555   7000/=
 22619 22398 80000 11140 21156 30239 40413 52001 886// 333   21199
 55000 69902 88706 555   7997/=
 22721 21497 80000 11172 21191 30315 40424 57001 70282 889// 333  
 21240 69902 85714 555   7990/=
 22727 76570 /2401 11126 21140 30363 40415 57002 333   21140 60002
 555   7000/=
 22717 73/67 /0601 11188 21211 30195 40415 57001 333   21200 60002
 555   7000/=
 22802 21596 80804 11097 21106 30362 40387 57002 78582 889// 333  
 21104 55003 69902 84930 555   7992/=
 22820 21397 82901 11132 21151 30263 40412 57002 77172 8752/ 333  
 21144 55000 69902 93505 555   7994/=
 22831 21596 81101 11171 21192 30363 40424 54000 78582 889// 333  
 21180 55000 69962 88923 555   7998/=
 22805 215// 51308 11046 21064 30357 40383 57002 73632 85500 333  
 21048 55000 60002 91012 91112 555   7002/=
 22912 22984 00000 11277 21306 30389 40407 57002 333   21277 60002
 555   7000/=
 
