06:31:00 MSK 17.06.2023
020 123456/=о000=0331
 уйту01 бтул 170300
 22686 62598 73404 10049 20004 30096 40195 52008 60002 82180 333 20001 30000 55127 555 53010 7000/=
 22695 12598 73104 10040 21002 30023 40175 52008 60002 86930 333 20007
 30002 86920 555 53011 7000/=
 22996 62999 20202 10075 20025 39985 40167 52008 60002 80001 333 20026 30008 55159 555 53009 7000/ 91209=
 23220 12598 82604 10016 21001 39906 40046 52010 60032 8653/ 333 20004 32001 55041 555 53008 7009/=
 23226 11460 83006 10021 20008 39829 40042 52006 69962 70272 885// 333 
 20002 31001 88613 91110 555 53011 7004/=
 23305 12799 63105 10049 20021 30127 40155 52007 69952 83231 333 20036
 31004 555 53014 7998/=
 23320 76/// /3003 10051 20012 30026 40097 52013 333 20028 60002 555 53009 7000/=
 23324 12481 83005 10048 20022 30011 40087 53012 60012 8267/ 333 20024
 55008 555 53008 7005/=
 23405 12473 83102 10037 20017 30062 40161 52009
 60002 8755/ 333 20022 31003 55049 87619 555
 53012 7997/=
 23410 76/// /2906 10036 20001 30020 40116 52012 333 20031 60002 555 7000/=
 23411 12599 33204 10044 20009 30046 40134 52008 60002 82930 333 20029
 32003 555 53012 7001/=
 23412 12499 83205 10039 20000 30026 40122 52012 69942 883// 333 20035 31004 55040 555 53012 7002/=
 23416 NIL=
 23418 12465 83004 10044 20019 30052 40125 53014 69962 885//
 333 20037 31002 55053 88616 555 53013 7002/=
 23501 NIL=
 23503 12498 83203 10042 20003 30101 40151 52010 60002 885// 333 20041
 31002 88614 555 53010 7995/=
 23507 66/// /3403 10026 21012 39864 40173 52011 60002 333 20012 555 53010 7000/=
 23509 12598 63203 10040 21004 30079 40157 52012 69902 86500 333 20036
 31005 86623 555 53009 7990/=
 23514 12497 83203 10041 20004 39948 40142 52012 60002 889// 333 20036 31003 55095 86918 555 53010 7993/=
 23518 12598 83203 10048 20016 30034 40124 53013 69952 889// 333 20028
 31003 55065 86620 555 53012 7001/ 91215=
 23606 12662 73402 10050 20000 39989 40153 52011 69902 87500 333 20035 31007 55103 87638 555 53010 7000/=
 23612 12598 83204 10045 20010 39996 40129 52011 69932 885// 333 20030 31003 88623 555 53011 7001/=
 23701 12699 73602 10051 20015 30048 40176 52007 60002 81289 333
 20020 30002 555 50076 53007 7000/ 91211=
 23704 76/// /3502 10058 20033 39926 40039 55004 333 20003 60002 555 50082 7000/=
 23707 62699 33403 10070 20022 30041 40171 52008 60002 81141 333 20039 30005 55152 555 53008 7000/=
 23708 12998 73402 10059 20011 30019 40167 52009 60002 87030 333 20027 3/005 555 53008 7000/ 91211=
 23709 62698 83203 10061 21001 39966 40156 52008 60002 885// 333 20022 30002 88644 555 53008 7000/ 91213=
 23711 12598 83202 10062 20008 39969 40135 52008 60002 86240 333 20025 31002 55115 555 53007 7000/=
 23803 12999 00000 10062 20028 39980 40157 52010 60002 333 20030 30003
 55149 555 53010 7000/=
 23804 62997 00202 10073 20015 30027 40169 52009 60002 333 20056 31007 55164 555 53007 7000/=
 23807 12998 20103 10080 20029 30013 40171 53009 60002 81031 333 20055
 31008 55172 555 53010 7000/=
 23808 66/// /3403 10076 20018 30002 40167 52009 60002 333 20008 555 7000/=
 23812 12697 33203 10065 21005 39977 40136 52008 60002 83100 333 20031
 30004 555 53009 7000/=
 23904 12970 20101 10060 20016 30015 40170 52010 60002 82030 333 21008
 30005 555 53008 7000/=
 23905 62999 00203 10084 20002 39935 40157 52007 60002 333 20022 30003
 555 53008 7000/=
 23909 62898 30202 10077 20005 39910 40150 52008 60002 82075 333 20016
 30004 55166=
 23912 62998 03502 10074 20012 39949 40137 52005 60002 333 21008 30003
 555 53009 7000/=
 23913 62599 10201 10078 21005 39902 40125 54001 60002 81100 333 21013
 30000 55146 555 53009 7000/=
 23914 62999 23401 10079 20010 39886 40136 52008 60002 80001 333 20041
 30005 55172=
 28013 62998 20103 10083 21004 39917 40142 52007 60002 80001 333 20036
 30004 555 53009 7000/=
 28016 62999 13602 10092 20009 39926 40144 52008 60002 80001 333 20052
 30007 555 53009 7000/=
 28029 62999 00304 10089 21004 39914 40127 52009 60002 333 20060 30006
 55161 555 53008 7000/=
 28116 62999 10304 10086 20005 39914 40139 52012 60002 80005 333 20056
 30006=
 28128 62999 00203 10101 20000 39978 40127 52013 60002 333 20090 30008
 55137 555 53009 7000/=
 28134 62998 03501 10094 20013 39777 40117 52011 60002 333 20045 30003
 555 53005 7000/=
 28138 12999 00503 10082 21028 39558 40108 52010 60002 333 20064 30006
 55113=
 28216 62999 00205 10101 20008 39832 40120 52014 60002 333 20092 30010
 91110 555 53010 7000/=
 28222 62998 00302 10113 20003 39929 40117 52013 60002 333 20085 30009
 555 53007 7000/=
 28224 62870 10203 10123 20019 39901 40106 52016 60002 81040 333 20113
 30011 55145=
 28234 62999 20301 10128 21007 39834 40100 52017 60002 80001 333 20110
 30010 555 53007 7000/=
 28238 62599 50606 10106 21014 39809 40101 52019 69902 82480 333 20099
 30010 55149 555 53009 7000/=
 28313 62598 20103 10127 20024 39926 40110 52014 60002 81501 333 20108
 30010 555 53008 7000/=
 28319 62898 20403 10141 20032 39937 40092 52013 60002 82050 333 20115
 30012=
 28321 62999 20405 10126 20012 39910 40105 52015 60002 80001 333 20118
 30011 91110=
 28324 62899 30303 10146 20022 39977 40092 52013 60002 83080 333 20099
 30011 555 53008 7000/=
 28326 62598 40201 10167 20041 39909 40084 52013 60002 82530 333 20106
 30010 55161 555 53006 7000/=
 28413 62999 00203 10160 20037 39972 40087 52013 60002 333 20134 30010
 555 53008 7000/=
 28428 62599 20202 10154 20051 39897 40071 52006 60002 82500 333 20075
 30009 555 53005 7000/=
 28429 62598 30203 10141 20083 39678 40068 52003 60002 83500 333 20074
 30008 555 53004 7000/=
 22983 12998 00201 10075 20015 30078 40182 52007 60002 333 20009 31004
 55162 91004 91104 555 52102 53005 7000/=
 27083 12999 00202 10082 20011 39950 40168 52008 60002 333 20048 30006
 91004 91105 555 52001 53009 7000/=
 27097 12998 00102 10092 20025 39909 40164 52009 60002 333 20060 30006
 91004 91104 555 52004 53008 7000/=
 27185 12998 00103 10102 20017 39981 40159 52012 60002 333 20081 30010
 91005 91106 555 52007 53008 7000/=
 27199 12998 00403 10107 20001 39959 40151 52013 60002 333 20095 30009
 55156 91006 91108 555 52008 53008 7000/=
 27281 12982 00304 10103 20025 39953 40154 52014 60002 333 20077 30009
 91006 91106 555 52006 53008 7000/=
 27283 12998 00504 10102 20025 39999 40150 52014 60002 333 20070 30006
 91007 91109 555 52004 53009 7000/=
 27295 12998 00203 10112 20014 39897 40139 52015 60002 333 20097 30010
 91006 91108 555 52008 53008 7000/=
 27296 12998 00303 10106 20013 39925 40136 52023 60002 333 20085 30010
 55145 91006 91108 555 52002 53008 7000/=
 27385 129// 00303 10123 20036 30004 40128 52011 60002 333 20110 30010
 91006 91106 555 52008 53006 7000/=
 27393 12998 10403 10124 20015 39966 40130 52015 60002 80001 333 20119
 30011 55161 91006 91107 555 52009 53007 7000/=
 27480 12998 00202 10133 20058 30001 40125 52010 60002 333 20101 30012
 91004 91105 555 52008 53005 7000/=
 28007 12999 00403 10088 20002 39904 40160 52010 60002 333 20061 30008
 55171 91005 91105 555 52004 53008 7000/=
 28009 12998 03601 10094 21019 39951 40156 52010 60002 333 20056 30006
 91004 91105 555 52004 53008 7000/=
 28105 12998 00502 10100 21006 39956 40150 52012 60002 333 20079 30008
 91005 91106 555 52005 53007 7000/=
 28202 12980 00403 10104 20007 39922 40137 52015 60002 333 20087 30008
 91006 91107 555 52007 53007 7000/=
 28302 12998 20203 10116 20012 39903 40123 52017 60002 80001 333 20098
 30009 91006 91107 555 52008 53007 7000/=
 28307 12998 23402 10138 20020 39977 40114 52015 60002 80001 333 20124
 30010 91004 91106 555 52009 53006 7000/=
 28402 12998 20304 10138 20036 39934 40105 52013 60002 80005 333 20123
 30012 91006 91106 555 52010 53006 7000/=
 28502 12598 80104 10163 20070 39993 40091 52009 60002 81405 333 20086
 30010 55164 91006 91106 555 52006 53006 7000/=
 22550 12597 70202 10068 20014 30224 40234 52008 60002 82531 333 20026
 30006 55157 555 53007 7000/=
 22778 12998 00202 10062 20003 30141 40210 52009 60002 333 21007 30004
 55170 555 53009 7000/=
 22889 12898 23301 10077 20018 30100 40185 52006 60002 82081 333 20007
 31004 555 53009 7000/=
 22762 62998 23201 10063 20019 30185 40223 52011 60002 80030 333 20007
 31002 555 53006 7000/ 91207=
 22638 NIL=
 22671 12598 70102 10047 21004 30136 40215 52008 60002 87500 333 20004
 30002 55107 87626 555 53008 7000/=
 22456 12597 73401 10058 20005 30136 40223 52003 60002 87500 333 20022
 31005 555 53006 7000/=
 22583 11598 73003 10046 20003 30112 40192 52006 69902 70228 86871
 333 20034 31004 55069 555 53007 7996/=
 22749 NIL=
 22951 12998 00701 10095 20028 39926 40201 52007 60002 333 20028 30005
 555 53006 7000/=
 22887 12999 33402 10066 20027 30125 40195 52011 60002 80001
 333 20024 30001 55174 555 53010 7000/=
 22876 12997 03603 10070 20007 30126 40198 52007 60002 333 20027 30006
 555 50118 53009 7000/ 91210=
 22481 12598 83203 10047 21000 30144 40197 52005 69902 885// 333 20013
 31002 555 53011 7997/=
 22854 12899 50502 10075 20014 39923 40208 52009 60002 83031 333 20057
 30007 55168 555 53008 7000/=
 22781 NIL=
 22676 NIL=
 22648 NIL=
 22559 62698 70102 10054 21003 30218 40235 52008 60002 85830 333 20043
 31006 85640 555 53007 7000/ 91210=
 22869 12997 00702 10080 20007 30058 40204 51012 60002 333 20054 31007
 555 53009 7000/ 91210=
 22768 12897 60403 10068 20013 30166 40215 52012 60002 86030 333 20033
 30004 55182 555 53010 7000/=
 22798 12998 03303 10075 20012 30071 40182 52008 60002 333 20023 30006
 555 53010 7000/=
 22375 NIL=
 23207 11499 83103 10035 20018 30135 40157 52007 69972 70282 8555/ 333
 20027 55013 555 53011 7998/=
 23215 NIL=
 23219 NIL=
 27095 76/// /0102 10054 20023 39946 40172 52010 333 20048 60002 555 53009 7000/=
 22408 22999 21702 10088 20023 30098 40245 52005 80001 333   20070
 55160 60002 555   7000/=
 22511 22998 71001 10086 20020 30124 40243 52004 80002 333   20019
 60002 555   7000/=
 22529 22999 10501 10100 20052 30231 40238 52004 80002 333   21008
 60002 555   7000/=
 22602 22999 20902 10084 20013 30007 40229 52003 81031 333   20072
 55173 60002 555   7000/=
 22621 73/70 /0702 10087 20023 30101 40239 52005 333   20047 55155
 60002 555   7000/=
 22619 22982 10703 10080 20043 30071 40228 52004 80001 333   20061
 55154 60002 555   7000/=
 22721 22998 20000 10079 20014 30132 40229 52006 80001 333   20067
 60002 555   7000/=
 22727 76870 /0402 10104 20047 30170 40217 52007 333   20101 60002
 555   7000/=
 22717 73/70 /0403 10102 20058 30021 40210 52008 333   20102 60002
 555   7000/=
 22802 22999 60705 10137 20080 30169 40192 52007 80001 333   20120
 55144 60002 555   7000/=
 22820 22970 60703 10096 20052 30076 40210 52005 86030 333   20092
 55172 60002 555   7000/=
 22831 22998 30702 10096 20027 30155 40209 52009 80001 333   20085
 55150 60002 555   7000/=
 22805 72998 20704 10142 20074 30166 40185 52005 80001 333   20140
 55152 60002 555   7000/=
 22912 22999 30603 10138 20067 30171 40186 52009 80001 333   20104
 60002 555   7000/=
 
