12:31:00 MSK 24.05.2023
010 111/=о000=0931
 уйту01 бтул 240900
 22686 82598 81905 10270 20067 30107 40199 57015 82235 333 91110=
 22695 42698 62003 10263 20041 30052 40193 57017 82131=
 22996 42598 72103 10268 20021 30056 40227 57010 84908=
 23220 42999 00505 10129 20028 30122 40260 57003=
 23226 42960 01605 10141 20027 30054 40262 57002=
 23305 42699 42005 10237 20051 30185 40211 57011 82230=
 23320 86/// /2601 10220 20032 30177 40245 57007=
 23324 42587 61902 10211 20068 30174 40246 57006 83271=
 23405 42779 51805 10242 20075 30121 40213 57011 81131=
 23410 86/// /1804 10216 20043 30146 40237 57006=
 23411 42599 22004 10231 20031 30141 40224 58012 82100=
 23412 42699 21503 10216 20065 30143 40234 57009 82100=
 23416 NIL=
 23418 42665 20803 10227 20042 30167 40236 57010 82100=
 23503 42598 81702 10239 20043 30181 40228 57009 82931=
 23507 86/// /2203 10232 20078 39927 40216 57011=
 23509 42698 62103 10262 20029 30154 40227 57014 84231=
 23514 41597 62402 10229 20040 30047 40231 57006 70282 83933=
 23518 42598 52202 10223 20067 30154 40240 58011 85200=
 23606 42662 62102 10244 20052 30077 40232 57010 82130=
 23701 42599 62102 10264 20084 30105 40224 57015 81208=
 23704 86/// /2203 10262 20088 39926 40039 55004=
 23707 82598 82004 10264 20064 30097 40219 57013 83105=
 23708 42598 51904 10261 20062 30097 40236 57013 82201=
 23709 42598 62402 10257 20048 30061 40240 57013 84230=
 23711 42598 21302 10245 20058 30083 40241 58011 81101=
 23803 42699 62202 10252 20048 30079 40246 58012 85201 333 85833=
 23804 82597 72002 10270 20066 30091 40225 57012 83901=
 23807 42498 52005 10273 20099 30080 40229 57009 81531 333 91111=
 23808 86/// /1906 10271 20031 30084 40239 57011=
 23812 42597 62302 10246 20073 30096 40247 57011 85902=
 23904 42970 71804 10278 20021 30093 40237 57009 86031=
 23905 42599 62602 10262 20050 30034 40244 57010 86200=
 23909 42698 62902 10265 20054 30025 40252 57008 86201=
 23912 42598 32203 10250 20104 30074 40252 57013 83200=
 23913 42599 32703 10249 20056 30042 40255 58011 83900=
 23914 82499 32502 10254 20090 30015 40253 57011 82801=
 28013 42698 62802 10262 20039 30039 40253 57011 86200=
 28016 42599 80000 10277 20057 30046 40253 57012 87201=
 28029 42699 52403 10274 20060 30055 40257 57008 83170=
 28116 42599 61802 10277 20041 30042 40255 57009 82205=
 28128 42599 60901 10261 20062 30123 40266 57009 82531=
 28134 42598 53203 10255 20038 39938 40264 57002 82101=
 28138 42599 52703 10249 21004 39728 40255 57007 83101=
 28216 42599 62602 10263 20017 39986 40262 57006 83805=
 28222 42598 62901 10281 20042 30085 40264 57007 86100=
 28224 42670 62602 10276 20027 30066 40263 57008 82101=
 28234 42599 63003 10278 21004 30007 40264 57008 86200=
 28238 42599 53205 10268 20008 39982 40263 57008 84101=
 28313 42598 82502 10279 20024 30087 40265 57006 84205=
 28319 42598 42302 10278 20039 30118 40268 58007 82102=
 28321 42899 61603 10279 20034 30076 40264 57009 82071=
 28324 42598 63601 10285 20010 30156 40268 57008 83109=
 28326 42598 62801 10286 20014 30091 40263 57012 82201=
 28413 42599 62901 10282 20030 30154 40267 57007 85101 333 91110=
 28428 42598 81901 10282 21010 30097 40268 57009 82101=
 28429 42698 52501 10276 20034 39882 40262 57009 84101=
 22983 42598 82302 10272 20039 30121 40218 57011 83165 333 91005
 91108=
 27083 42599 61604 10261 20042 30015 40221 57007 83131 333 91009
 91109=
 27097 42598 82004 10261 20055 39989 40232 57009 83209 333 91008
 91109=
 27185 42698 81403 10263 20048 30056 40226 57010 83214 333 91007
 91107=
 27199 42598 62103 10280 20048 30055 40236 57008 82135 333 91006
 91108=
 27281 42982 81406 10268 20060 30023 40214 57011 80008 333 91010
 91113=
 27283 42598 71603 10271 20053 30083 40227 57009 81101 333 91007
 91110=
 27295 42998 51402 10280 20035 30002 40233 57007 80009 333 91006
 91110=
 27296 42998 61903 10269 20043 30036 40237 57008 82031 333 91008
 91109=
 27385 425// 71403 10257 20067 30099 40218 57009 82530 333 91007
 91111=
 27393 42598 31705 10267 20067 30087 40245 57009 82130 333 91008
 91112=
 27480 42598 71404 10268 20075 30090 40209 57009 83531 333 91007
 91110=
 28007 42699 82002 10273 20022 30000 40242 57008 84205 333 91007
 91107=
 28009 42998 61705 10263 20012 30057 40252 57010 84081 333 91008
 91106=
 28105 42598 62003 10269 20031 30060 40245 57007 83202 333 91007
 91109=
 28202 42982 72004 10284 20007 30044 40248 57007 82034 333 91008
 91110=
 28302 42598 81604 10277 20023 30038 40249 57008 85201 333 91007
 91109=
 28307 42498 61404 10279 20031 30108 40241 57006 82831 333 91008
 91111=
 28402 42698 51705 10277 20056 30083 40248 57006 82109 333 91008
 91110=
 28502 42698 31605 10285 20037 30151 40246 57007 82109 333 91009
 91111=
 22550 82597 52103 10217 20119 30172 40182 57003 85200=
 22778 42598 81604 10249 20106 30140 40204 57006 81202=
 22889 42/// /2103 10275 20040 30142 40222 57008=
 22762 42598 83401 10208 20133 30168 40204 57003 8357/=
 22638 NIL=
 22671 41599 72002 10207 20119 30129 40204 54000 72582 84905=
 22456 41598 62403 10196 20115 30087 40170 57009 70282 86400=
 22583 41998 73002 10223 20098 30125 40200 57007 70229 85071=
 22749 NIL=
 22951 42598 81904 10200 20094 39934 40200 53005 8297/=
 22887 42699 62104 10273 20105 30149 40213 57005 82101=
 22876 42597 81904 10264 20046 30141 40208 57007 82134 333 91110=
 22481 42/// /1606 10197 20111 30131 40181 58014 333 91110=
 22854 42899 80601 10215 20121 39919 40189 57003 86031=
 22781 NIL=
 22676 42698 73001 10235 20118 30126 40198 57010 81206=
 22648 NIL=
 22559 42598 52203 10218 20111 30176 40192 50001 85200=
 22869 42997 72202 10242 20088 30068 40206 54001 80035=
 22768 42897 71801 10249 20120 30151 40197 57005 83038=
 22798 42498 81902 10258 20054 30115 40219 57010 85901=
 22375 46/// /2603 10168 30156 40170 57003 333 91113=
 23207 42599 51906 10236 20071 30165 40186 57015 84201 333 91110=
 23215 NIL=
 23219 NIL=
 27095 86/// /1703 10265 20059 30030 40242 57008=
 22408 42699 32206 10204 20079 39998 40138 57010 83100 333   91010
 91110=
 22511 42698 52206 10214 20057 30034 40147 57009 84240 333   91012
 91112=
 22529 42999 12304 10221 20080 30166 40172 57002 80002=
 22602 42599 32305 10214 20038 39948 40159 57004 82102 333   91010
 91110=
 22621 83/70 /1806 10211 20083 30046 40177 57003=
 22619 42482 22302 10215 20055 30026 40175 57004 82100=
 22721 42698 31401 10181 20080 30097 40190 57002 83200=
 22727 86/70 /1603 10193 20111 30149 40194 57002=
 22717 83/69 /0701 10203 20083 30005 40187 57003=
 22802 42599 22002 10200 20089 30172 40194 57001 81102=
 22820 42970 70302 10194 20091 30064 40193 57002 80001=
 22831 42698 71301 10219 20107 30136 40188 57006 82231=
 22805 42598 21401 10128 20085 30185 40204 51002 81101=
 22912 42999 73201 10215 20082 30175 40189 57003 80007=
 
