03:31:00 MSK 22.12.2023
020 123456/=о000=0031
 унту01 бтул 220000
 22686 41497 80000 11062 21070 39866 49967 51008 77072 8657/ 333 86612 555 1/106=
 22695 41998 81102 11043 21058 39804 49958 52010 70272 8805/ 555 1/105=
 22996 41598 81702 11008 21008 39789 49973 50003 70272 8652/ 333 86620 555 1/102=
 23220 41496 82404 11044 21051 39788 49929 52032 77173 8672/ 333 86713 91111 555 1/104=
 23226 41360 82404 11054 21076 39703 49919 52028 77172 887// 333 86707 
 555 1/106=
 23305 42/// /1902 11053 21061 39932 49959 52024 555 1/108=
 23320 86/// /2204 11029 21030 39881 49954 52026=
 23324 41580 72604 11030 21049 39870 49947 52027 70272 87500 333 87625
 555 1/104=
 23405 41496 81601 11043 21049 39863 49964 52020 77172 8552/
 333 85615 93402 555 1/104=
 23410 86/// /2203 11035 21048 39858 49955 52026 555 53009=
 23411 42/// /2202 11037 21042 39869 49959 52025 555 1/103=
 23412 41998 82502 11034 21043 39860 49957 52026 77172 8807/ 555 1/105=
 23416 NIL=
 23418 41465 82202 11028 21038 39897 49970 52025 70282 
 8655/ 333 86614 91110 555 1/104=
 23503 42/// /2201 11039 21055 39919 49969 52020 555 1/105=
 23507 86/// /2501 11081 21082 39656 49972 51018=
 23509 NIL=
 23514 41497 82102 11035 21044 39778 49976 53024 77175 887// 333 86712  93402 555 1/105=
 23518 42/// /2101 11055 21061 39894 49987 53021 555 1/108=
 23606 41660 81901 11039 21039 39816 49983 52019 70282 885// 333 88635 555 1/104=
 23612 NIL=
 23701 42/// /2001 11045 21049 39853 49983 52013 555 1/107=
 23704 86/// /1501 11029 21029 39598 49713 58007 555 53005=
 23707 81397 81701 11033 21037 39845 49977 52010 77172 8872/ 333 86708 555 1/104=
 23708 42/// /1702 11037 21045 39841 49991 51012 555 1/105=
 23709 42598 61701 11030 21041 39804 49997 51013 86300 333 86525 555 1/105=
 23711 41498 62101 11031 21037 39829 49998 52019 70282 83970 555 1/106=
 23803 42499 81702 11027 21042 39824 40004 51011 886// 333 88713 555 1/103=
 23804 81396 81801 11025 21032 39835 49980 52009 78582 889// 333 85707 555 1/104=
 23807 42/// /1801 11024 21024 39821 49982 51014 555 1/103=
 23808 86/// /0000 11037 21037 39826 49995 51006=
 23812 41496 80000 11045 21050 39845 40009 51016 78582 889// 555 1/104=
 23904 41574 81701 11017 21017 39832 49988 50008 70272 8652/ 333 86628
 555 1/103=
 23905 41599 81501 11007 21010 39771 49997 52011 70272 885// 555
 1/102=
 23909 41498 81903 10004 21002 39767 40009 52016 72187 885//=
 23912 41496 82002 10004 20001 39825 40015 52020 75075 886// 555
 1/100=
 23913 41599 81201 10015 20002 39797 40023 52021 70272 885// 555
 1/100=
 23914 81498 82203 10007 20001 39764 40018 52020 70282 889//=
 27095 86/// /1602 11003 21015 39768 49965 51005=
 28013 41598 82003 10009 21005 39788 40016 52012 70282 889// 555
 1/100=
 28016 42/// /1802 10010 20009 39796 40018 51010 555 1/000=
 28029 41499 82005 10020 20011 39819 40036 52014 70272 8872/ 333 91110
 555 1/000=
 28116 41496 81902 10013 20009 39802 40030 52010 75075 886//=
 28128 41598 82001 10010 20003 39896 40049 52009 70272 8802/ 555
 1/100=
 28134 41497 82002 10015 20006 39709 40056 52012 76176 8672/ 555
 1/100=
 28138 43/// /2105 10001 21001 39505 40068 52015 333 91113=
 28216 41699 81906 10012 20002 39754 40049 51006 70265 885// 333 91010
 91112 555 1/100=
 28222 42/// /1903 10018 20009 39865 40058 51008 333 91110 555 1/100=
 28224 41565 81903 10018 20008 39853 40064 52007 76162 8802/ 333
 91110=
 28234 41597 82005 10017 20003 39801 40077 51009 76162 885// 333 91111
 555 1/001=
 28238 41497 82103 10019 20000 39785 40086 51008 76162 8802/ 333 91111
 555 1/000=
 28313 42/// /1905 10015 20001 39868 40058 50003 333 91111 555 1/100=
 28319 41496 82103 10013 20007 39912 40074 52001 76162 8802/ 333
 91111=
 28321 41597 81904 10012 20002 39860 40062 50004 76162 8802/ 333
 91111=
 28324 NIL=
 28326 41596 72004 10023 20012 39897 40082 52005 78587 87300 333 91110
 555 1/000=
 28413 41497 81803 10019 21000 39949 40071 57003 78086 883// 555
 1/000=
 28428 41597 82007 10020 21007 39915 40099 51002 76162 8802/ 333 91011
 91113 555 1/100=
 28429 42/// /2105 10011 21007 39703 40114 52009 333 91113 555 1/001=
 22983 41567 81301 11022 21028 39861 49966 57002 77172 885// 333 91002
 91102 555 1/103=
 27083 41558 81601 11010 21015 39749 49970 52001 77172 885// 333 91002
 91103 93701 555 1/102=
 27097 42/// /1503 11001 21001 39724 49983 54000 333 91004 91105 555
 1/101=
 27185 42/// /1602 10007 20005 39800 49981 54001 333 91003 91104 555
 1/100=
 27199 41498 81802 10011 20007 39803 49998 54000 70276 8675/ 333 91004
 91106 555 1/000=
 27281 41484 81703 10010 20004 39775 49979 57001 70275 886// 333 91005
 91106 555 1/100=
 27283 41497 81902 10013 20009 39834 49988 58002 70282 887// 333 91005
 91105 555 1/000=
 27295 42/// /1702 10013 20004 39751 40000 54001 333 91005 91106 555
 1/000=
 27296 41497 81702 10016 20003 39789 40004 57001 76162 8872/ 333 91005
 91106 555 1/001=
 27385 414// 81702 10014 20008 39869 49996 57001 70262 887// 333 91005
 91105 555 1/100=
 27393 41498 81907 10007 21001 39848 40018 54000 70262 8552/ 333 91009
 91111 555 1/100=
 27480 41397 81702 10013 20010 39871 49998 57001 78082 889// 333 91005
 91106 555 1/100=
 28007 41999 81701 10000 21006 39741 40000 52003 70285 8805/ 333 91003
 91104 555 1/100=
 28009 41598 81703 10013 21001 39801 40009 52007 70282 885// 333 91004
 91105 555 1/100=
 28105 41498 81903 10016 20005 39812 40002 52003 70252 888// 333 91005
 91106 555 1/100=
 28202 42597 82005 10012 21000 39797 40016 52002 8802/ 333 91007 91108
 555 1/000=
 28302 41596 81703 10009 20001 39800 40027 52002 76162 885// 333 91006
 91108 555 1/000=
 28307 41497 81503 10013 21000 39878 40020 54000 70286 885// 333 91005
 91109 555 1/000=
 28402 41458 81906 10012 20006 39855 40033 57002 75152 886// 333 91009
 91110 555 1/100=
 28502 42597 81804 10013 21007 39941 40044 58005 8802/ 333 91007 91108
 555 1/100=
 22550 82568 81401 11065 21068 39929 49939 52010 885// 333 88620 93400
 555 1/108=
 22778 42598 81102 11036 21044 39880 49950 54000 8253/ 555 1/105=
 22889 42/// /0702 11022 21025 39883 49969 54001 555 1/103=
 22762 41497 81001 11048 21051 39902 49941 52002 70272 885// 555
 1/106=
 22638 NIL=
 22671 42/// /1701 11067 21075 39872 49952 51011 555 1/107=
 22456 41496 82401 11059 21077 39851 49940 51017 78582 889// 555
 1/106=
 22583 42598 71801 11046 21058 39876 49957 52018 875//
 555 1/105=
 22749 42/// /1201 11041 21059 39790 49915 57005 555 1////=
 22951 42/// /1202 11034 21039 39641 49921 57006 555 1/104=
 22887 41597 81102 11025 21031 39890 49959 54000 
 72682 8695/ 333 86932 555 1/104=
 22876 42597 70601 11046 21046 39884 49957 54001 87500 333 87621 555
 1/106=
 22481 NIL=
 22854 42/// /1203 11044 21056 39637 49926 57003 555 1/106=
 22781 NIL=
 22676 41898 81301 11064 21075 39875 49953 52008 70272 8807/ 555
 1/107=
 22648 42598 81402 11047 21049 39879 49926 52001 885// 333 88632 555
 1/106=
 22559 42/// /1401 11065 21075 39930 49947 50008 555 1/108=
 22869 41697 80801 11028 21039 39797 49945 57002 77172 885// 333 88636
 555 1/104=
 22768 42597 81201 11026 21039 39885 49935 54000 885// 333 88623 555
 1/104=
 22798 NIL=
 22375 46/// /2002 11082 21091 39923 49938 52014=
 23207 NIL=
 23215 41597 82403 11051 21054 39844 49934 53034 77073 885// 333 88630
 555 1/106=
 23219 NIL=
 22408 41320 80000 11150 21164 39755 49911 52007 71072 886// 333  
 88708 93505 555   1/114=
 22511 41464 80801 11100 21113 39777 49901 52002 77072 887// 333  
 88711 93504 555   1/110=
 22529 42498 80902 11043 21049 39901 49908 57001 885// 333   88618
 93401 555   1/105=
 22602 41474 80902 11055 21066 39648 49874 57001 70272 885// 333  
 88615 555   1/106=
 22621 83465 /0902 11051 21059 39756 49896 57002 555   1////=
 22619 41396 81105 11043 21048 39716 49875 57004 77172 8872/ 333  
 87707 555   1/105=
 22721 41396 81202 11035 21039 39787 49885 57002 77172 8872/ 333  
 85708 93493 555   1/104=
 22727 86220 /1303 11012 21016 39825 49872 57002 555   1////=
 22717 83/27 /0901 11030 21036 39661 49857 57002 555   1////=
 22802 41496 80903 11005 21006 39815 49838 57002 78582 889// 333  
 88915 555   1/101=
 22820 41396 81102 11028 21037 39735 49870 57002 77372 8872/ 333  
 87606 555   1/103=
 22831 42697 70901 11033 21049 39837 49892 57002 87500 333   87636
 555   1/104=
 22805 815// 81407 10014 20004 39813 49837 57001 70282 884// 333  
 91110 555   1/100=
 22912 41356 81403 11004 21011 39840 49855 52001 77172 8872/ 333  
 85709 555   1/101=
 
