12:31:00 MSK 26.10.2023
010 111/=о000=0931
 уйту01 бтул 260900
 22686 41497 82904 11005 21032 30061 40162 53002 77072 8647/ 333 86512=
 22695 42698 82804 11009 21050 39987 40142 53003 885//=
 22996 41597 72902 11005 21046 39990 40178 52011 78582 87900 333 86927=
 23220 41396 82601 11121 21135 39924 40072 54000 78582 889// 333 88707=
 23226 41342 80000 11130 21143 39848 40072 53002 77172 8775/ 333 86708=
 23305 41456 82103 11019 21020 30065 40093 57008 77172 8802/=
 23320 86/// /2402 11087 21089 30008 40083 54001=
 23324 41959 82201 11093 21106 39999 40079 58001 77172 8802/=
 23405 41330 82702 11019 21022 30007 40107 57005 
 77372 8672/ 333 86706=
 23410 86/// /2702 11049 21060 39987 40085 54000=
 23411 41499 83003 11024 21028 39999 40089 54000 72272 8571/=
 23412 41599 73002 11042 21047 39989 40087 52001 70272 83330=
 23416 NIL=
 23418 42265 80000 11058 21065 30017 40092 58001 
 886// 333 88706=
 23503 41498 83002 11017 21037 30053 40104 54001 70272 885// 333 88613=
 23507 86/// /3104 11019 21042 39813 40126 54000=
 23509 41998 63201 11014 21054 30034 40112 54000 70272 86020=
 23514 41497 82701 11027 21034 39899 40098 57001 78587 889// 333 85713=
 23518 41498 82701 11066 21085 30004 40098 53003 70272 886// 333 86712=
 23606 41324 82802 11018 21026 39939 40112 53002 78582 889// 333 86709=
 23701 41562 72803 11007 21042 30019 40149 52007 78582 84970=
 23704 86/// /2902 11007 21028 39492 49604 52036=
 23707 81998 82804 11003 21046 30020 40153 52007 70282 8807/=
 23708 42498 82804 11016 21044 39992 40143 52005 8657/ 333 86617=
 23709 41397 82703 11030 21054 39937 40133 52004 77772 886// 333 88708=
 23711 41598 82701 11039 21061 39936 40108 54000 78581 889// 333 88821=
 23803 42499 82903 11021 21058 39963 40146 51005 889// 333 88917=
 23804 81596 82902 11005 21049 30011 40157 52008 78582 8492/=
 23807 42498 72804 11010 21048 30007 40170 51009 84931=
 23808 86/// /2803 11011 21035 39988 40158 52011=
 23812 42597 83103 11056 21097 39954 40120 52006 8395/=
 23904 42570 83203 11011 21064 30015 40174 52012 885// 333 88625=
 23905 41599 83202 11012 21037 39926 40156 52013 70282 889//=
 23909 42498 62903 11022 21074 39899 40147 52010 86500=
 23912 41598 73104 11050 21091 39934 40131 52011 72272 87500=
 23913 41599 82902 11069 21106 39887 40123 51014 78582 889//=
 23914 81498 73103 11062 21100 39873 40136 52014 70282 87500=
 28013 42598 33103 11036 21092 39910 40145 52012 83500 333 91110=
 28016 42599 73104 11026 21062 39924 40153 52013 87900=
 28029 42599 83203 11061 21107 39914 40139 52019 885//=
 28116 41599 73204 11020 21076 39918 40151 52017 70382 83930 333
 91110=
 28128 41598 73104 11027 21083 39989 40145 52017 77072 87500=
 28134 41598 83203 11061 21101 39777 40137 52019 72682 86931=
 28138 42599 52904 11069 21121 39539 40120 52021 85300 333 91110=
 28216 41597 73004 11012 21074 39856 40156 52015 78582 87900 333
 91110=
 28222 41598 83103 11014 21076 39944 40141 52016 78582 85971=
 28224 41570 63102 11029 21054 39927 40143 52017 78582 86900=
 28234 42598 63404 11034 21102 39851 40134 52020 85202=
 28238 41599 63205 11030 21109 39814 40122 52018 73631 86400 333
 91110=
 28313 41598 82702 11016 21054 39972 40167 52018 77072 885//=
 28319 42598 62602 11015 21062 30006 40172 52016 85850=
 28321 41599 62904 11008 21067 39948 40153 52019 70282 86300=
 28324 41796 82903 11011 21056 30040 40162 52016 77172 885//=
 28326 42598 63605 11026 21057 39955 40144 52020 86500=
 28413 42599 73203 11008 21067 30056 40180 52015 86530=
 28428 42599 62905 11013 21069 39977 40165 52018 86500=
 28429 41596 63003 11043 21074 39736 40156 53018 78682 86900=
 22983 42498 73102 11006 21052 30086 40193 52011 84930 333 91004
 91105=
 27083 42599 72603 11013 21072 39965 40191 52012 87500 333 91005
 91106=
 27097 42498 62902 11011 21064 39928 40194 52011 86900 333 91004
 91106=
 27185 42998 82902 11012 21074 30020 40207 52013 8807/ 333 91004
 91105=
 27199 42598 82802 11012 21067 30000 40201 52014 885// 333 91004
 91105=
 27281 42982 83402 11017 21080 30001 40212 52012 8805/ 333 91003
 91105=
 27283 42598 82902 11012 21077 30049 40208 52013 885// 333 91003
 91106=
 27295 42598 82702 11019 21082 39951 40208 52013 885// 333 91005
 91106=
 27296 41598 83003 11013 21079 39980 40202 52015 70282 889// 333 91005
 91106=
 27385 425// 63201 11009 21079 30083 40214 52013 83530 333 91003
 91103=
 27393 42598 83202 11011 21077 30036 40209 52015 8757/ 333 91004
 91106=
 27480 42598 30000 11006 21039 30085 40216 52011 83500 333 91000
 91103=
 28007 41599 83203 11010 21077 39920 40186 52014 70281 86550 333 86620
 91005 91108=
 28009 41498 83003 11008 21067 39963 40176 52016 70282 889// 333 91007
 91107=
 28105 42598 83001 11003 21080 39992 40187 52016 885// 333 91003
 91106=
 28202 42683 83304 11005 21088 39959 40183 52015 885// 333 91007
 91107=
 28302 42598 83003 11009 21089 39959 40191 52017 8397/ 333 91006
 91107=
 28307 42498 82802 11010 21078 30062 40209 52017 8653/ 333 91003
 91106=
 28402 41598 82702 11013 21063 30020 40203 52016 70272 8355/ 333 91004
 91106=
 28502 42698 83104 11008 21067 30101 40207 52016 885// 333 91006
 91107=
 22550 81597 72602 10002 20001 30167 40177 57001 70282 82531=
 22778 41498 82803 11018 21040 30126 40197 52008 72272 885//=
 22889 42/// /2903 11004 21047 30100 40188 52010=
 22762 42997 82301 11015 21021 30159 40199 52004 8807/=
 22638 46/// /1700 11018 21032 39971 40201 57004=
 22671 42298 82801 11029 21036 30096 40177 52004 886// 333 88705=
 22456 42997 82601 11007 21013 30077 40166 57002 82044=
 22583 41597 82703 11006 21017 30060 40142 57002 78588 889//=
 22749 NIL=
 22951 41497 82001 11009 21041 39928 40214 52004 78582 889//=
 22887 41499 83003 11010 21032 30121 40192 52010 72682 8695/ 
 333 86918 =
 22876 42597 72602 11009 21036 30121 40195 52007 82430=
 22481 42/// /2705 11011 21021 30085 40139 52002=
 22854 42599 82801 11008 21044 39918 40211 53002 885// 333 88626=
 22781 NIL=
 22676 41598 72804 11011 21034 30093 40172 53005 72272 87500=
 22648 NIL=
 22559 41597 72701 11005 21007 30168 40185 54000 70282 85931 333
 85620=
 22869 42497 63302 11007 21042 30060 40211 52006 86500 333 86515=
 22768 42697 52302 11005 21042 30148 40199 52003 82531=
 22798 41598 82401 11005 21043 30053 40167 50005 70282 885//=
 22375 NIL=
 23207 41599 82903 11012 21022 30064 40087 54000 70282 82545=
 23215 NIL=
 23219 NIL=
 27095 86/// /3002 11009 21050 39967 40199 52012=
 22408 42699 71803 11005 21051 30024 40175 57007 87500 333   87642=
 22511 42698 71903 10003 21062 30058 40180 57006 83530=
 22529 42599 81801 11015 21023 30188 40195 57003 885// 333   88629=
 22602 42479 81802 11050 21058 39960 40193 57004 885// 333   88610=
 22621 83/68 /2102 11029 21033 30056 40199 57003=
 22619 42380 82101 11054 21063 30035 40200 57004 886// 333   88707=
 22721 42498 71901 11007 21037 30101 40201 57004 87500 333   87617=
 22727 86670 /1803 10003 21037 30153 40202 57003=
 22717 83/70 /1201 11021 21040 39996 40197 57005=
 22802 41556 70904 11009 21021 30162 40186 57006 78582 85931=
 22820 42670 71501 11008 21048 30062 40201 57004 85530 333   85639=
 22831 42698 72301 10000 21027 30152 40208 57001 87500 333   87640=
 22805 42498 61408 10020 21016 30158 40184 57005 86900 333   91010
 91112=
 22912 41460 81003 11025 21042 30184 40200 57001 77172 8802/ 333  
 88514=
 
