15:31:00 MSK 17.10.2023
020 123456/=о000=1231
 унту01 бтул 171200
 22686 42998 83502 10019 20015 39848 49945 57022 8807/ 555 11002=
 22695 41597 80402 10031 20014 39782 49931 57024 76064 8552/ 555 1/004=
 22996 41496 81503 10082 20076 39687 49863 56035 76062 8372/ 555 12008=
 23220 41599 81103 10039 20017 39871 40009 58004 72162 8352/ 555 12003=
 23226 41460 81602 10038 20023 39800 40010 58005 70282 8695/ 333 86913 
 555 12003=
 23305 42999 61401 10034 20009 39953 49980 58004 83035 555 11003=
 23320 86/// /0701 10054 20054 39930 40001 57005=
 23324 41450 80801 10053 20048 39928 40003 58005 76186 8172/ 555 11005=
 23405 42973 71002 10036 20021 39878 49975 58007
 80005 555 11003=
 23410 86/// /0602 10041 20023 39899 49993 58004 555 50037 53005=
 23411 42999 80602 10038 20029 39900 49987 57004 8807/ 555 12004=
 23412 41598 80802 10040 20033 39897 49991 57006 78082 883// 333 85920 555 12004=
 23416 NIL=
 23418 41441 80000 10062 20058 39911 49982 57008 76186
 8472/ 333 84710 555 12006=
 23501 NIL=
 23503 41498 80602 10056 20049 39923 49971 57012 76062 8472/ 555 11006=
 23507 86/// /0601 10028 20028 39659 49962 58013=
 23509 41496 80501 10062 20055 39884 49960 57015 76165 8652/ 333 86619
 555 12006=
 23514 41296 80802 10055 20055 39776 49966 57014 76065 8672/ 333 86705 555 12006=
 23518 42/// /1703 10080 20072 39890 49978 57011 555 1/007=
 23606 41123 80902 10061 20061 39787 49952 57018 72065 886// 333 88702 555 11006=
 23612 NIL=
 23701 41459 80403 10054 20048 39808 49933 58028 76162 8872/ 333 86518
 555 11006=
 23704 86/// /0502 10060 20060 39713 49825 54000 555 53005=
 23707 81397 80503 10062 20060 39779 49905 57033 76162 8872/ 333 85509 555 12006=
 23708 41481 81203 10079 20062 39785 49928 57029 70265 8791/ 333 85618
 555 11008=
 23709 81498 71302 10087 20058 39765 49949 57025 70262 87500 333 87615 555 12009=
 23711 42598 81502 10086 20067 39807 49969 57018 885// 333 88622 555
 11008=
 23803 42999 81503 10088 20038 39771 49942 58029 85605 555 11009=
 23804 81397 80702 10074 20070 39758 49897 57035 72162 8772/ 333 85709 555 12007=
 23807 42/// /0802 10073 20073 39732 49886 57039 555 1/007=
 23808 86/// /1104 10099 20060 39756 49916 57034=
 23812 42597 71602 10100 20051 39827 49982 57021 83532 555 11007=
 23904 42970 81504 10104 20049 39741 49889 57035 8807/ 333 91111 555
 11008=
 23905 42899 81302 10101 20041 39704 49919 57030 8807/ 555 11008=
 23909 42598 81406 10103 20026 39721 49954 57025 82575 333 91010
 91110=
 23912 42898 81504 10105 20035 39805 49988 57023 86031 333 91112 555
 11008=
 23913 42999 71502 10105 20028 39795 40014 57015 80001 555 11008=
 23914 82499 81504 10101 20027 39743 49987 57023 86544 333 91113=
 28013 42598 81505 10108 20006 39744 49964 57024 83532 333 91010 91112
 555 11008=
 28016 42899 81606 10115 20024 39744 49956 57026 85041 333 91013 91113
 555 11009=
 28029 42899 51505 10125 20015 39789 49997 57027 82041 333 91010 91112
 555 11009=
 28116 42599 71603 10115 20009 39750 49968 57026 82535 333 91113=
 28128 42899 71604 10127 20014 39850 49995 57029 81039 333 91010 91111
 555 11008=
 28134 42998 81603 10121 20013 39683 40016 57027 80009 555 11008=
 28138 42999 21504 10108 21003 39503 40045 57021 80001 333 91110=
 28216 42899 61607 10119 20002 39696 49977 56028 85041 333 91016 91116
 555 11008=
 28222 42898 81605 10133 20017 39819 40003 57024 82051 333 91010 91112
 555 11009=
 28224 42970 61606 10137 20022 39802 40003 57031 80001 333 91013
 91114=
 28234 42998 31606 10131 20005 39766 40030 57027 80001 333 91011 91114
 555 11011=
 28238 42999 51706 10134 20005 39757 40045 57028 80001 333 91010 91114
 555 11010=
 28313 42898 61706 10126 20016 39800 49982 56028 85031 333 91011 91114
 555 11008=
 28319 42598 31704 10135 20023 39840 49995 57029 82550 333 91114=
 28321 42899 21706 10133 20030 39798 49990 56029 82030 333 91014
 91115=
 28324 42599 61808 10147 21001 39885 49999 56028 83144 333 91016 91117
 555 11011=
 28326 42998 51803 10151 20014 39846 40022 57030 80001 333 91116 555
 11011=
 28413 42599 71605 10144 21026 39862 49977 56029 85531 333 91012 91116
 555 11009=
 28428 42599 81809 10148 21006 39845 40020 57029 82501 333 91016 91118
 555 11012=
 28429 42898 61604 10137 20018 39646 40035 57030 82031 333 91112 555
 11009=
 22983 41436 81101 10056 20053 39761 49861 57041 78182 889// 333 91002
 91106 555 12006=
 27083 41437 81203 10074 20066 39636 49847 57028 76362 8872/ 333 91005
 91105 555 12007=
 27097 41459 81406 10074 20062 39612 49861 56021 78186 889// 333 91011
 91112 555 12007=
 27185 41496 81203 10072 20064 39666 49840 57019 76162 8872/ 333 91006
 91110 555 12008=
 27199 41597 81505 10095 20041 39678 49865 57028 76162 8672/ 333 91011
 91115 555 11009=
 27281 41458 81205 10072 20063 39620 49817 57032 76162 8872/ 333 91008
 91110 555 12008=
 27283 41466 81505 10082 20054 39691 49839 57028 70282 889// 333 91009
 91112 555 11008=
 27295 42598 81205 10078 20044 39612 49851 57034 885// 333 91010 91115
 555 11007=
 27296 41565 81308 10085 20039 39662 49869 57031 78082 889// 333 91013
 91114 555 11007=
 27385 414// 81608 10065 20028 39701 49823 57030 76062 8677/ 333 91015
 91116 555 11007=
 27393 41497 81611 10083 20054 39731 49883 57016 78082 8797/ 333 91014
 91119 555 11007=
 27480 41498 81505 10043 20012 39692 49815 57028 70282 889// 333 91010
 91113 555 12006=
 28007 41558 81504 10089 20036 39644 49892 56031 78082 8635/ 333 91009
 91109 555 11007=
 28009 42598 81405 10114 20003 39720 49919 57033 86501 333 91011 91112
 555 11009=
 28105 41498 81405 10094 20029 39708 49891 56029 72122 888// 333 91012
 91114 555 12008=
 28202 41580 81708 10091 20031 39700 49910 57029 72582 889// 333 91013
 91114 555 11007=
 28302 41598 81507 10095 20033 39697 49914 56023 78022 8697/ 333 91013
 91116 555 11008=
 28307 41297 81308 10079 20051 39738 49875 58035 78086 889// 333 91015
 91118 555 11008=
 28402 41459 81509 10082 20058 39740 49911 57022 76162 8872/ 333 91014
 91118 555 11008=
 28502 41497 81912 10078 20046 39834 49933 55008 76162 8872/ 333 91019
 91119 555 11007=
 22550 81597 72802 10047 20014 39935 49945 54000 70282 87900 333 87624
 555 11005=
 22778 42598 80102 10027 20007 39861 49929 57021 8557/ 555 11003=
 22889 41496 81402 10058 20056 39790 49872 56043 76362 887// 333 88511
 91110 555 12006=
 22762 42598 83001 10035 20005 39909 49948 56012 8557/ 555 11005=
 22638 46/// /3502 10033 20017 39746 49966 52005=
 22671 42/// /0501 10027 21003 39869 49946 58010 555 1/004=
 22456 42597 80000 10035 20022 39858 49943 52006 885// 555 11005=
 22583 42598 71301 10006 21005 39883 49963 57006 875// 555 11002=
 22749 41498 73502 10033 20005 39833 49955 57004 70282 86970 555
 12005=
 22951 41496 83001 10006 20001 39682 49960 56006 71042 886// 555
 1/003=
 22887 41295 83304 10013 20010 39820 49889 57041 77376 8872/ 
 333 86704 91110 555 11001=
 22876 41395 83401 10006 20006 39841 49913 56027 78684 889// 333 88706
 555 12100=
 22481 42698 81501 10020 21002 39910 49962 52002 885// 555 11003=
 22854 41399 82901 10011 20004 39674 49958 57008 70242 886// 333 85709
 555 12004=
 22781 NIL=
 22676 41598 80402 10021 21004 39870 49946 57014 70242 885// 555
 12003=
 22648 42598 73102 10042 20024 39911 49957 57007 86530 333 86623 555
 11005=
 22559 42698 70000 10039 20005 39936 49953 57003 86530 333 86635 555
 12005=
 22869 41597 83603 10026 20000 39788 49933 57014 70242 8457/ 333 84626
 555 12003=
 22768 42597 83602 10034 20006 39890 49939 57013 889// 333 85626 555
 11004=
 22798 41495 80104 10051 20049 39796 49905 57036 76366 8872/ 555
 12006=
 22375 46/// /2203 10040 20014 39938 49953 54010=
 23207 42599 72202 10023 21001 39953 49975 52007 86501 555 11002=
 23215 41498 71201 10014 20014 39911 49999 50000 70282 82501 555
 12100=
 23219 NIL=
 27095 86/// /1304 10079 20077 39658 49876 56029 333 91112=
 22408 41499 73403 10030 20011 39876 40023 52014 70282 87900 333  
 88918 555   11004=
 22511 41498 83403 10041 20016 39891 40010 52014 70285 889// 333  
 88617 555   11005=
 22529 41599 73503 10044 20034 39967 49974 52010 70282 87900 333  
 87922 555   12005=
 22602 42477 83303 10022 20004 39796 40019 52011 885// 333   88610
 555   11004=
 22621 83670 /3203 10037 20027 39852 49989 52012 555   1////=
 22619 41459 83006 10035 20028 39833 49989 52011 78085 889// 333  
 88912 555   11006=
 22721 41498 73102 10045 20030 39885 49981 52008 72582 87900 333  
 85917 555   11006=
 22727 86361 /3103 10043 20036 39937 49984 52004 555   1////=
 22717 83/70 /3103 10034 20010 39810 40004 52010 555   1////=
 22802 41480 73103 10042 20018 30000 40023 52012 72582 86930 333  
 85916 555   12006=
 22820 41450 82903 10035 20016 39852 49985 52005 76062 885// 333  
 88611 555   11005=
 22831 41698 63302 10047 20016 39914 49968 54000 70282 83930 555  
 12006=
 22805 41598 83403 10052 20024 39998 40022 52013 70282 885// 555  
 11007=
 22912 42599 73103 10047 20016 39985 40000 52005 87500 333   87628
 555   12006=
 
