18:31:00 MSK 19.12.2023
020 123456/=о000=1531
 уйту01 бтул 191500
 22686 11598 81503 11033 21039 39805 49904 57019 69982 70272 84535 333 11031 84624 555 51044 53007=
 22695 11597 81702 11037 21051 39746 49898 57017 69922 77172 8552/ 333
 11037 555 51063 53006=
 22996 11497 81903 11023 21025 39781 49966 57019 69902 78582 889// 333 11023 88912 93400 555 51033 53007=
 23220 11599 51506 11141 21190 39808 49956 57012 69902 73632 82530 333 11123 555 51131 53016=
 23226 12960 01607 11154 21196 39737 49962 57008 69902 333 11120 91111 
 555 51136 53014=
 23305 11684 71803 11074 21078 39874 49902 57003 69952 70272 87500 333
 11074 555 51102 53007=
 23320 76/// /1503 11122 21134 39869 49944 57004 333 60002 555 51125 53004=
 23324 11957 81502 11124 21151 39863 49943 56006 69922 77172 8802/ 333
 11118 555 51123 53007=
 23405 11496 81902 11064 21069 39812 49912 58004
 69972 77172 8552/ 333 11063 85613 93401 555 51104
 53005=
 23410 76/// /1605 11112 21133 39830 49929 57002 333 60002=
 23411 11498 82004 11098 21104 39826 49917 58001 60012 77172
 8772/ 333 11098 555 51112 53007=
 23412 11999 81803 11111 21124 39829 49928 57001 69962 70272 8805/ 333 11111 555 51118 53007=
 23416 NIL=
 23418 11459 81402 11103 21116 39869 49945 54000 69982 77172 8572/
 333 11102 85712 555 51115 53008=
 23503 11398 81802 11072 21084 39875 49926 57002 69962 70272 8672/ 333 11072 86709 555 51102 53005=
 23507 86/// /2001 11064 21064 39606 49918 57010 333 11062 555 51107 53005=
 23509 12498 81802 11079 21089 39852 49933 58006 69962 885// 333 11077
 88610 555 51092 53006=
 23514 11297 82002 11085 21091 39743 49943 52004 69992 77075 886// 333 11085 88706  93400 555 51110 53005=
 23518 11496 81803 11093 21106 39865 49959 53003 60012 77172 8677/ 333
 11093 84712 555 51123 53008=
 23606 12360 82003 11051 21052 39773 49940 57005 69922 887// 333 11051 86708 555 51093 53005=
 23701 11560 61902 11043 21050 39805 49935 58015 69962 78582 84970 333
 11040 93400 555 51071 53005=
 23704 76/// /1702 11036 21036 39572 49686 52013 333 60002=
 23707 61498 81703 11033 21041 39804 49936 57018 69942 72682 8695/ 333 11033 86911  93400 555 51054 53007=
 23708 11461 81704 11041 21054 39807 49957 57013 69932 77072 8872/ 333
 11039 86711 555 51066 53007=
 23709 11498 81702 11045 21062 39778 49971 58004 69982 72476 885// 333
 11041 88616 93400 555 51080 53006=
 23711 11397 81902 11070 21081 39800 49972 52002 69962 78582 889// 333 11070 86709 555 51102 53004=
 23803 12499 81803 11041 21059 39803 49984 58007 69942 886// 333 11038 88712 555 51071 53006=
 23804 11496 82002 11031 21039 39803 49948 57016 69962 77087 8655/ 333
 11028 86612 93400 555 51044 53006=
 23807 11496 81805 11028 21028 39796 49957 57020 69932 71022 8695/ 333 11028 85612 93402 555 51042 53007=
 23808 66/// /1603 11033 21035 39810 49979 57014 60002 333 11028=
 23812 11496 82001 11050 21059 39830 49994 52006 69972 78582 8691/ 333
 11050 934// 555 51090 53003=
 23904 11376 81903 11027 21031 39824 49981 57016 69932 70282 887// 333
 11027 86709 93401 555 51036 53006=
 23905 12499 81702 11035 21042 39765 49993 57010 60012 886// 333 11033
 93401 555 53007=
 23909 11498 82003 11042 21050 39765 40011 57003 60012 70282 883// 333
 11033 93401=
 23912 11598 82103 11046 21059 39824 40018 52008 60012 70282 8595/ 333
 11038 555 53006=
 23913 11597 80401 11036 21056 39791 40021 52012 60042 77172 8872/ 333
 11036 555 53004=
 23914 12498 82103 11047 21057 39760 40020 52005 60022 885// 333
 11037=
 28013 11397 81904 11043 21058 39787 40020 58003 69972 75652 886// 333
 11031 93400 555 53008=
 28016 12599 81903 11038 21042 39799 40025 57003 69942 889// 333 11028
 555 53008=
 28029 11596 82104 11034 21061 39819 40040 52006 69932 77172 8552/ 333
 11027 555 53009=
 28116 11496 82202 11033 21046 39807 40039 54000 69952 77072 8752/ 333
 11029=
 28128 12599 81901 11035 21047 39898 40053 52004 69942 885// 333 11021
 555 53007=
 28134 11598 82001 11038 21052 39704 40058 52010 60022 72272 8652/ 333
 11035 555 53005=
 28138 11599 72303 11050 21054 39487 40061 52012 60012 70282 87300 333
 11050 93646=
 28216 11596 82004 11031 21048 39761 40061 52003 69932 77172 8872/ 333
 11025 555 53008=
 28222 12598 82102 11026 21040 39865 40061 52007 60002 888// 333 11023
 555 53007=
 28224 11470 82103 11025 21045 39852 40067 52006 69982 70282 889// 333
 11022=
 28234 11596 82102 11033 21050 39792 40073 52014 60012 77172 885// 333
 11032 555 53007=
 28238 11496 82303 11032 21047 39768 40074 52012 60012 77172 8802/ 333
 11031 555 53007=
 28313 12598 82003 11024 21047 39878 40072 52013 69902 885// 333 11017
 555 53006=
 28319 12598 82403 11025 21040 39921 40086 52006 69942 885// 333
 11018=
 28321 12899 82203 11026 21044 39866 40071 52006 69902 8802/ 333
 11021=
 28324 11896 82203 11018 21042 39960 40082 52009 69932 77172 8802/ 333
 11016 555 53007=
 28326 12598 62203 11026 21040 39891 40079 52010 69932 86500 333 11022
 555 53007=
 28413 12599 82103 11020 21051 39967 40090 52005 69902 8655/ 333 11012
 555 53007=
 28428 11599 82303 11025 21043 39910 40097 52009 69962 70282 889// 333
 11021 555 53007=
 28429 11595 82303 11038 21048 39682 40099 52011 69972 78582 889// 333
 11037 555 53007=
 22983 12584 82001 11014 21027 39836 49941 57028 69932 885// 333 11014
 91004 91105 555 51023 53006=
 27083 12584 81804 11026 21042 39741 49963 57026 69902 885// 333 11022
 91007 91109 93401 555 51029 53009=
 27097 11497 81805 11029 21033 39727 49989 57022 69932 78522 889// 333
 11024 91007 91109 555 51029 53009=
 27185 12698 81703 11023 21038 39808 49992 58030 60002 885// 333 11017
 91006 91108 555 51019 53008=
 27199 12998 82102 11024 21043 39818 40015 57019 60002 8805/ 333 11018
 91006 91108 555 51020 53008=
 27281 12484 81706 11022 21032 39783 49990 57037 69902 885// 333 11018
 91009 91109 555 51021 53009=
 27283 12497 81904 11020 21039 39850 40006 57030 60002 885// 333 11015
 91008 91109 555 51018 53009=
 27295 12597 81703 11028 21050 39771 40024 57026 60002 885// 333 11024
 91008 91108 93402 555 51026 53008=
 27296 12598 81904 11024 21054 39810 40028 57019 60002 885// 333 11020
 91008 91109 555 51022 53009=
 27385 124// 81904 11016 21039 39895 40024 57031 60002 8675/ 333 11009
 91007 91110 555 51015 53010=
 27393 12598 82206 11020 21049 39875 40046 58020 60002 8657/ 333 11016
 91010 91110 555 51020 53011=
 27480 12498 81703 11012 21032 39897 40026 57038 60002 885// 333 11008
 91006 91107 555 51015 53008=
 28007 11499 81903 11030 21046 39745 40008 58016 69952 70282 883// 333
 11028 88913 91006 91107 93401 555 51035 53007=
 28009 12498 82104 11025 21048 39808 40019 57008 69902 889// 333 11024
 91007 91108 93401 555 51034 53008=
 28105 12598 82004 11025 21045 39826 40019 57013 60002 885// 333 11023
 91007 91107 555 51027 53007=
 28202 12597 82204 11027 21056 39814 40036 58009 69942 889// 333 11022
 91007 91107 555 51027 53007=
 28302 12597 81904 11026 21055 39822 40053 57009 69902 8597/ 333 11024
 91008 91109 555 51027 53009=
 28307 12498 81704 11017 21053 39908 40053 57021 60002 885// 333 11012
 91007 91108 555 51017 53008=
 28402 12584 82005 11021 21050 39885 40066 57013 69902 886// 333 11018
 91008 91108 555 51021 53008=
 28502 12697 82004 11015 21054 39979 40083 58010 60002 885// 333 11014
 91006 91107 555 51017 53008=
 22550 12370 81304 11022 21022 39803 49813 57045 69902 886// 333 11019
 88708 555 51024 53007=
 22778 11596 81603 11019 21029 39822 49890 57033 69942 78582 889// 333
 11019 85926 555 51022 53006=
 22889 11496 81503 11015 21021 39852 49937 58027 69942 77072 8752/ 333
 11015 87614 555 51022 53006=
 22762 12397 81303 11018 21024 39813 49852 58047 69942 8577/ 333 11018
 555 51021 53006=
 22638 46/// /1502 11016 21022 39538 49758 57062=
 22671 11496 81702 11030 21037 39786 49865 57029 69942 78582 333 11028
 85916 555 51030 53005=
 22456 12597 81401 11030 21049 39742 49829 57036 69902 885// 333 11028
 555 51029 53005=
 22583 12598 71401 11040 21046 39805 49885 57017 60002 875//
 333 11035 555 51058 53006=
 22749 NIL=
 22951 11496 81705 11013 21016 39561 49837 57058 60032 77372 8771/ 333
 11009 555 51018 53009=
 22887 11497 81504 11010 21029 39856 49925 57029 69932 70282 8655/ 
 333 11010 86614 555 51019 53007=
 22876 12497 81302 11012 21020 39835 49909 58034 69902 889// 333 11012
 88918 555 51018 53006=
 22481 12598 81703 11042 21052 39815 49868 58018 69932 885// 333 11033
 93401 555 51041 53008=
 22854 11/93 91604 11013 21013 39543 49826 57058 60002 74542 333 11012
 555 51024 53009=
 22781 NIL=
 22676 11496 81402 11031 21043 39801 49878 57025 69992 77072 885// 333
 11026 93400 555 51028 53005=
 22648 NIL=
 22559 11597 81303 11022 21029 39816 49833 58043 69902 78582 889// 333
 11021 88620 555 51025 53005=
 22869 11498 71603 11011 21024 39737 49883 58046 69932 77172 87500 333
 11008 87614 555 51020 53007=
 22768 11497 81603 11006 21018 39801 49850 57053 69902 77172 885// 333
 11006 88614 555 51017 53008=
 22798 11497 81602 11028 21030 39817 49929 57020 69962 72472 886// 333
 11028 93401 555 51047 53006=
 22375 46/// /2005 11041 21053 39837 49852 57012=
 23207 12499 81701 11057 21066 39854 49877 57004 69902 886// 333 11057
 555 51088 53005=
 23215 NIL=
 23219 NIL=
 27095 76/// /2103 11026 21028 39771 40000 57020 333 60002 91111 555 51030 53011=
 22408 21222 81204 11015 21018 39553 49698 57051 77373 8872/ 333  
 60052 88704 93500=
 22511 21214 81303 11011 21017 39583 49700 5//// 77372 8872/ 333  
 60042 88703=
 22529 21495 81304 11012 21016 39736 49743 57064 78682 889// 333  
 60022 88913 93400=
 22602 21458 72504 11005 21011 39496 49714 57026 77072 87500 333  
 60042 87615=
 22621 73/30 /1604 11008 21011 39592 49727 57057 333   60052=
 22619 21396 81902 11003 21006 39573 49727 57041 77172 8872/ 333  
 60052 87707=
 22721 21295 81301 11004 21005 39650 49745 57047 77372 8872/ 333  
 60082 85706 93705=
 22727 76362 /2003 10002 20002 39716 49762 57034 333   60042=
 22717 73/24 /2504 10002 21004 39586 49778 54000 333   60032 91010
 91110=
 22802 21496 82403 10016 20003 39774 49797 52015 71082 889// 333  
 60072 88917 91110=
 22820 21496 82506 10010 20000 39637 49769 57029 77172 8652/ 333  
 60022 86615 91011 91110=
 22831 21296 81902 10001 21005 39724 49778 57052 77172 8872/ 333  
 60082 88705 93705=
 22805 225// 62713 10028 20009 39783 49807 52016 85530 333   60072
 91018 91118=
 22912 21684 72806 10029 20003 39799 49814 52008 72176 85530 333  
 60122 85633 91012 91113 93700=
 
