18:31:00 MSK 09.01.2023
020 123456/=о000=1531
 уйту01 бтул 091500
 22686 12998 00000 11393 21422 30320 40442 52012 60002 333 11391 555 51412=
 22695 12998 02802 11319 21366 30239 40418 52011 60002 333 11297 555
 51362 53004=
 22996 12998 80000 11285 21315 30225 40440 52019 60002 8807/ 333 11285
 555 51334 53002=
 23220 11496 62601 11195 21217 30079 40234 53006 69932 78582 8393/ 333 11195 555 51247 53007=
 23226 11560 81102 11212 21231 30003 40240 52007 69962 72272 885// 333 
 11212 88626 555 51261 53006=
 23305 12984 22003 11178 21204 30317 40348 51005 69922 82030 333 11098
 555 51159 53010=
 23320 76/// /2404 11155 21179 30178 40257 52004 333 60002 555 51256 53008=
 23324 11478 82602 11116 21131 30156 40238 53002 60012 70272 886// 333
 11116 88712 555 51233 53006=
 23405 12997 22702 11217 21242 30260 40371 52013
 69932 82030 333 11146 555 51215 53007=
 23410 76/// /2707 11098 21113 30187 40289 52017 333 60002 91112=
 23411 11498 83103 11124 21136 30231 40327 53023 69902 77173 8572/ 333
 11097 91111 555 51182 53011=
 23412 12499 83105 11099 21112 30196 40299 52017 69902 887// 333 11081 91110 555 51178 53010=
 23416 NIL=
 23418 12465 81302 11245 21277 30231 40314 52015 69942
 886// 333 11243 88711 555 51302 53005=
 23503 12998 33102 11162 21189 30303 40358 52021 69902 82031 333 11129 555 51235 53008=
 23507 86/// /0000 11168 21187 30042 40382 51010=
 23509 12998 73103 11138 21162 30277 40362 52019 69952 87070 333 11121
 555 51245 53006=
 23514 11597 83103 11139 21153 30123 40335 52016 69952 77172 8352/ 333 11126  93605 555 51222 53007=
 23518 NIL=
 23606 12960 53001 11138 21158 30170 40357 52021
 69962 85030 333 11126 555 51249 53005 =
 23701 11976 73002 11194 21219 30261 40405 51016 69902 70272 87030 333
 11188 555 51312 53005=
 23704 76/// /3002 11189 21207 39926 40039 55004 333 60002=
 23707 61998 82403 11233 21260 30265 40415 52019 69902 70272 8805/ 333 11232 555 51328 53004 =
 23708 12684 72701 11183 21207 30224 40389 52020 69942 87500 333 11183
 87637 555 51303 53007=
 23709 11497 82402 11189 21208 30153 40365 52018 60012 77172 885// 333
 11182 88614 93612 555 51282 53006=
 23711 11395 80000 11244 21272 30151 40342 52009 60012 78582 889// 333 11244 86909 555 51323 53002=
 23803 11597 83503 11212 21230 30177 40378 53017 60012 77072 8802/ 333
 11212 555 51313 53006=
 23804 11696 82901 11208 21237 30247 40409 52019 69932 77172 8657/ 333
 11208 85636 555 51301 53005=
 23807 11996 82701 11232 21257 30243 40425 52020 69902 77172 8802/ 333
 11232 555 51331 53003=
 23808 66/// /2402 11232 21257 30217 40406 52016 60002 333 11232=
 23812 11996 81301 11262 21298 30174 40358 52015 69932 77172 8802/ 333
 11262 555 51331 53003=
 23904 12580 73302 11239 21265 30243 40421 51016 60002 87500 333 11239
 87629 555 51348 53005=
 23905 12599 82901 11241 21267 30144 40400 52019 60002 885// 333 11241
 555 53006=
 23909 11497 82802 11235 21261 30107 40382 52020 69922 77172 8652/ 333
 11235 93612=
 23912 11898 81801 11289 21320 30151 40372 53022 69942 77172 8802/ 333
 11289 555 53002=
 23913 12999 03101 11365 21411 30111 40383 53025 69922 333 11300 555
 53005=
 23914 11897 80000 11277 21307 30075 40368 52020 69942 77172 8802/ 333
 11270 93612=
 28013 11897 82903 11248 21281 30115 40376 51022 69942 77172 8802/ 333
 11248 555 53006=
 28016 12899 82901 11253 21289 30134 40390 52022 69942 8807/ 333 11253
 93508 555 53007=
 28029 11896 83301 11291 21321 30115 40367 52022 69942 77172 8807/ 333
 11290 555 53005=
 28116 11896 83304 11250 21279 30119 40380 52023 69932 77172 8807/ 333
 11243=
 28128 11596 83202 11264 21294 30194 40369 52017 69932 77172 885// 333
 11264 555 53004=
 28134 11598 83401 11320 21352 39962 40369 52020 69922 70272 8651/ 333
 11318 555 53003=
 28138 12899 22901 11295 21333 39687 40334 52028 60002 82040 333
 11250=
 28216 11896 83203 11243 21274 30039 40375 53014 69912 77172 8802/ 333
 11243 555 53006=
 28222 12597 83301 11267 21298 30143 40365 52016 69922 885// 333 11267
 555 53004=
 28224 11563 83202 11265 21295 30121 40363 52019 69922 77172 865// 333
 11265=
 28234 11596 83303 11296 21339 30035 40355 52016 69902 77172 885// 333
 11294 555 53007=
 28238 12899 83103 11291 21334 39995 40343 52022 60002 8802/ 333 11280
 555 53006=
 28313 11896 82801 11260 21292 30160 40379 53007 69902 77172 8802/ 333
 11260 555 53004=
 28319 12598 72503 11283 21315 30197 40385 52003 60002 87500 333
 11283=
 28321 11999 63401 11264 21293 30138 40370 53009 69902 70272 80001 333
 11264=
 28324 11896 82801 11275 21321 30236 40374 53002 69932 77172 8802/ 333
 11275 555 53004=
 28326 11898 83001 11267 21298 30143 40355 52010 69922 72272 8802/ 333
 11267 555 53003=
 28413 11896 82603 11270 21307 30251 40391 50006 69912 77071 8807/ 333
 11270 555 53005=
 28428 11596 82603 11295 21339 30163 40376 52007 69902 77071 8802/ 333
 11295 555 53004=
 28429 11896 82403 11301 21334 39894 40368 51009 69902 77172 8802/ 333
 11298 555 53006=
 22983 12984 02701 11377 21411 30333 40460 52013 60002 333 11356 91002
 91102 555 51400 53002=
 27083 12984 02301 11348 21382 30194 40458 52017 60002 333 11299 91001
 91102 555 51353 53002=
 27097 12598 83201 11290 21321 30139 40445 52014 60002 8653/ 333 11292
 91002 91103 555 51325 53004=
 27185 12998 00000 11336 21366 30244 40461 52014 60002 333 11288 91000
 91101 555 51332 53001=
 27199 12998 63201 11297 21327 30218 40448 52013 69902 86070 333 11297
 91002 91103 555 51316 53003=
 27281 12984 03101 11333 21366 30220 40465 52013 60002 333 11307 91001
 91103 555 51325 53003=
 27283 12997 03201 11344 21377 30264 40450 52012 60002 333 11317 91002
 91103 555 51334 53004=
 27295 12997 03101 11328 21369 30162 40458 52018 60002 333 11302 91002
 91103 555 51318 53003=
 27296 12997 03301 11323 21365 30189 40445 52012 60002 333 11311 91001
 91103 555 51334 53004=
 27385 129// 00000 11382 21416 30310 40468 52020 60002 333 11290 91000
 91101 555 51340 53001=
 27393 12998 02403 11315 21350 30248 40448 52017 60002 333 11297 91004
 91104 555 51312 53004=
 27480 12998 00000 11346 21384 30313 40465 52019 60002 333 11291 91000
 91101 555 51329 53002=
 28007 12999 83303 11244 21275 30128 40425 51019 60002 8805/ 333 11244
 91005 91105 555 51318 53005=
 28009 11996 83002 11264 21306 30172 40412 52013 69922 77172 8802/ 333
 11264 91003 91104 555 51337 53004=
 28105 12998 62601 11282 21321 30201 40431 51013 60002 86030 333 11282
 91002 91104 555 51331 53004=
 28202 12997 83303 11287 21325 30162 40418 52007 60002 8805/ 333 11287
 91006 91106 555 51330 53005=
 28302 12997 82401 11298 21336 30161 40426 52012 60002 8807/ 333 11295
 91002 91102 555 51318 53005=
 28307 12998 02601 11320 21362 30275 40444 52017 60002 333 11300 91003
 91104 555 51306 53004=
 28402 12984 12702 11304 21335 30224 40432 52017 60002 80005 333 11295
 91003 91103 555 51313 53003=
 28502 12997 02602 11332 21374 30315 40438 52018 60002 333 11310 91003
 91105 555 51320 53006=
 22550 12970 11303 11296 21326 30365 40377 57004 60002 80001 333 11292
 555 51276 53007=
 22778 12998 00000 11393 21430 30369 40453 52008 60002 333 11352 555
 51392 53001=
 22889 12997 00000 11379 21419 30352 40457 52016 60002 333 11339 555
 51400 53003=
 22762 12997 01101 11368 21404 30384 40430 50004 60002 333 11362 555
 51388 53002=
 22638 46/// /1603 11235 21273 30091 40344 57005=
 22671 12998 00000 11348 21377 30323 40420 51006 69902 333 11348 555
 51386 53001=
 22456 12998 31901 11265 21295 30270 40370 53001 60002 82041 333 11250
 555 51241 53004=
 22583 12984 00000 11359 21394 30316 40411 52005 60002 333 11344 555 51359 53002=
 22749 NIL=
 22951 12998 01401 11295 21326 30102 40428 52004 60002 333 11258 555
 51325 53003=
 22887 12997 11401 11356 21377 30367 40450 52006 60002 80001 333 11312 
 555 51355 53001=
 22876 12997 00000 11377 21416 30366 40456 52010 60002 333 11311 555
 51371 53002=
 22481 12998 22104 11262 21297 30320 40380 58001 60002 80001 333 11239
 555 51248 53006=
 22854 12998 01402 11270 21299 30087 40418 58003 60002 333 11250 555
 51309 53004=
 22781 NIL=
 22676 12998 01601 11369 21405 30340 40433 52008 60002 333 11361 555
 51402 53002=
 22648 NIL=
 22559 12998 01501 11307 21342 30377 40396 50001 60002 333 11303 555
 51303 53003=
 22869 12998 00000 11364 21403 30279 40455 52/// 60002 333 11343 555
 51377 53003=
 22768 12997 02002 11330 21363 30374 40433 52002 60002 333 11320 555
 51333 53004=
 22798 12997 20000 11300 21331 30305 40436 52018 60002 82030 333 11291
 555 51354 53002=
 22375 46/// /2006 11245 30330 40347 57003=
 23207 12999 02303 11181 21212 30308 40333 52001 69902 333 11121 555
 51146 53009=
 23215 NIL=
 23219 NIL=
 27095 76/// /3301 11272 21294 30194 40457 52019 333 60002 555 51335 53003=
 22408 22684 81305 11166 21200 30069 40231 57009 885// 333   60002
 88648=
 22511 22984 81504 11171 21207 30109 40241 57013 83075 333   60002
 93500=
 22529 22598 21604 11198 21247 30297 40305 57012 82500 333   60002=
 22602 22976 21504 11145 21170 39987 40229 57009 8203/ 333   60002=
 22621 73/55 /1202 11218 21242 30142 40297 57008 333   60002=
 22619 22998 51305 11188 21212 30106 40281 57005 80005 333   60002
 91110=
 22721 22997 81303 11188 21214 30201 40309 57008 80005 333   60002=
 22727 76/70 /1307 11137 21170 30251 40303 57005 333   69912 91012
 91113=
 22717 73/68 /1001 11176 21199 30055 40266 57006 333   60002=
 22802 21496 81206 11075 21093 30198 40223 57011 78583 889// 333  
 69922 91015 91115 92982=
 22820 22998 01104 11192 21224 30150 40301 57005 333   60002=
 22831 22997 01001 11240 21269 30291 40353 57003 333   60002=
 22805 225// 81316 11049 21063 30196 40217 57009 885// 333   60002
 91020 91122=
 22912 21983 51306 11131 21172 30254 40270 57002 73632 80001 333  
 60002 91011 91111=
 
