03:31:00 MSK 06.08.2023
020 123456/=о000=0031
 унту01 бтул 060000
 22686 81998 12001 10153 20149 30053 40147 52013 71181 81030 555 11014=
 22695 41996 52301 10148 20135 39988 40133 52011 71011 85030 555 11014=
 22996 82/// /0000 10152 20152 39987 40164 53010 555 1/015=
 23220 43/// /0605 10177 20107 30009 40142 57004 555 1/016=
 23226 42960 10501 10156 20090 39944 40148 57002 81001 555 10013=
 23305 42/// /1901 10179 20172 30091 40116 52012 555 1/018=
 23320 86/// /1402 10180 20164 30058 40126 50006 333 91111=
 23324 42581 71402 10206 20153 30057 40128 53002 81942 555 10019=
 23405 41958 50000 10150 20147 30027 40121 52010 71022 
 85030 555 11017=
 23410 86/// /1802 10180 20162 30026 40116 51007 555 53007=
 23411 42/// /2402 10177 20176 30031 40114 50003 555 1/018=
 23412 42699 72101 10187 20171 30026 40117 53006 83530 555 10019=
 23416 NIL=
 23418 42965 72001 10181 20164 30051 40120 52006
 86032 555 11018=
 23503 42/// /1401 10163 20156 30076 40123 52011 555 1/018=
 23507 86/// /3502 10159 20152 39833 40126 52005=
 23509 NIL=
 23514 41295 82102 10172 20169 39936 40120 52002 75085 886// 333 85704
 555 11018=
 23518 42/// /1801 10174 20168 30044 40130 52011 555 1/018=
 23606 41956 20000 10161 20161 39971 40128 52011 71041 82030 555 11016=
 23612 NIL=
 23701 42/// /2102 10144 20141 30021 40145 52010 555 1/013=
 23704 86/// /2501 10138 20138 39709 49817 56088 555 53006=
 23707 81997 22702 10148 20147 30020 40146 52011 71110 82041 555 11016=
 23708 42/// /2501 10151 20138 30000 40142 53008 555 1/015=
 23709 81998 30000 10160 20149 39952 40134 53006 70298 83030 555 12016=
 23711 42498 73401 10149 20147 39966 40127 52008 85970 333 85918 555 12017=
 23803 41999 80000 10157 20151 39963 40132 51002 71281 80001 555 11015=
 23804 42997 12801 10161 20152 30012 40149 52011 81030 555 11015=
 23807 42/// /2502 10149 20149 30007 40161 53011 555 1/015=
 23808 86/// /2503 10162 20157 39989 40148 52008=
 23812 NIL=
 23904 41958 10000 10127 20127 30013 40163 53012 71000 555 11013=
 23905 82999 02801 10167 20157 39935 40149 52009 555 11015=
 23909 81598 52701 10163 20160 39910 40141 52005 70291 82352=
 23912 81598 80901 10157 20154 39946 40128 58003 70298 84935 555
 11018=
 23913 81594 83502 10167 20158 39919 40135 53008 74442 889// 555
 11018=
 23914 81498 82201 10160 20156 39887 40130 52001 78098 8692/=
 27095 86/// /3101 10154 20154 39965 40183 52009=
 28013 81598 52903 10170 20157 39920 40138 53005 78081 85900 555
 11018=
 28016 82/// /2701 10169 20165 39932 40144 52006 555 1/017=
 28029 81699 83401 10172 20170 39923 40129 52009 70298 8652/ 333 91115
 555 11018=
 28116 82599 32903 10170 20165 39925 40142 52004 82960=
 28128 81598 83202 10181 20174 39989 40133 52004 70398 83481 333 91111
 555 11018=
 28134 81595 80000 10165 20163 39797 40127 54000 71098 84465 555
 11017=
 28138 43/// /3602 10157 20145 39590 40125 57005=
 28216 82699 63102 10179 20160 39866 40146 54001 86500 555 10018=
 28222 42/// /3201 10196 20181 39949 40130 54001 555 1/019=
 28224 81670 53301 10178 20170 39933 40133 54000 70298 82305=
 28234 81897 53201 10173 20161 39863 40124 58002 70198 85080 555
 11017=
 28238 81599 61601 10168 20155 39838 40123 57003 71798 86930 333 91114
 555 11016=
 28313 42/// /3301 10172 20156 39968 40149 52002 555 1/016=
 28319 82898 30000 10179 20164 39996 40150 52002 83050=
 28321 82999 23102 10192 20169 39947 40137 50002 80001=
 28324 42/// /2901 10202 20162 30026 40139 52004 555 1/019=
 28326 82598 72901 10191 20174 39951 40125 57001 86530 555 10019=
 28413 82599 22601 10184 20153 30041 40156 52002 81530 555 11018=
 28428 82598 83002 10180 20160 39962 40135 55001 85931 555 10018=
 28429 42/// /2101 10160 20149 39745 40134 57007 555 1/016=
 22983 41981 12701 10135 20134 30074 40175 52012 71291 80001 333 91002
 91103 555 11013=
 27083 42984 23002 10167 20150 39961 40172 52009 80001 333 91004 91105
 555 11015=
 27097 42/// /2902 10165 20153 39928 40176 52008 333 91004 91106 555
 1/015=
 27185 42/// /0000 10154 20153 30010 40185 52009 333 91000 91102 555
 1/015=
 27199 42998 02901 10179 20166 39989 40176 52006 333 91002 91103 555
 10016=
 27281 41984 30000 10152 20149 39995 40193 52010 71200 80005 333 91001
 91101 555 10015=
 27283 42997 03002 10166 20157 30035 40183 52008 333 91003 91103 555
 11015=
 27295 42/// /2902 10175 20152 39944 40182 52005 333 91003 91105 555
 1/017=
 27296 42975 23001 10163 20149 39970 40177 52005 80001 333 91001 91102
 555 10016=
 27385 419// 12701 10146 20143 30068 40191 52010 71100 81030 333 91001
 91101 555 10014=
 27393 42998 02402 10178 20155 30020 40182 52005 333 91003 91103 555
 10016=
 27480 41998 22101 10145 20144 30074 40198 52010 71100 80001 333 91001
 91101 555 10015=
 28007 42999 03003 10163 20150 39920 40168 52009 333 91004 91105 555
 11016=
 28009 41956 00000 10149 20139 39964 40165 52007 71000 333 91001 91102
 555 10013=
 28105 42998 02201 10160 20152 39986 40169 52008 333 91002 91103 555
 10016=
 28202 42998 23303 10179 20153 39954 40162 52004 82030 333 91007 91107
 555 10017=
 28302 42998 20000 10155 20146 39952 40169 53003 80001 333 91000 91101
 555 10016=
 28307 42998 10000 10155 20140 30043 40180 52004 80001 333 91000 91102
 555 10015=
 28402 42998 12501 10174 20159 30005 40175 52003 80005 333 91002 91103
 555 10017=
 28502 42997 82202 10161 20142 30078 40176 52004 80001 333 91002 91103
 555 10016=
 22550 82572 72202 10165 20155 30125 40135 52016 82560 555 11016=
 22778 42998 12401 10153 20136 30100 40166 52012 81030 555 11015=
 22889 42/// /2902 10143 20143 30089 40171 52013 555 1/013=
 22762 82897 12101 10146 20144 30124 40161 52011 81030 555 11014=
 22638 46/// /2401 10154 20148 39938 40153 54010=
 22671 42/// /0000 10160 20148 30063 40138 52009 555 1/016=
 22456 42997 22501 10155 20155 30036 40119 53012 82030 555 11014=
 22583 42998 22501 10164 20150 30054 40130 52011 80070 555 10016=
 22749 42/// /2402 10143 20134 30050 40170 52012 555 1/012=
 22951 42/// /0000 10104 20102 39922 40196 52010 555 1/012=
 22887 41996 02501 10153 20148 30107 40175 52019 71000 
 555 11013=
 22876 42997 02302 10156 20145 30103 40172 52014 555 11015=
 22481 42/// /2301 10153 20001 30066 40117 52011 555 1/014=
 22854 42/// /2201 10127 20125 39905 40183 52012 555 1/012=
 22781 NIL=
 22676 42698 62503 10165 20145 30068 40142 52008 85530 555 11016=
 22648 42698 12202 10165 20163 30114 40158 52014 81500 555 11015=
 22559 42/// /2401 10156 20146 30124 40140 52012 555 1/016=
 22869 41997 10000 10143 20138 30046 40189 52014 71211 80030 555
 11014=
 22768 42997 11902 10156 20141 30123 40171 52012 80001 555 10014=
 22798 42997 00000 10151 20146 30046 40154 52010 555 10015=
 22375 46/// /2301 10143 20143 30096 40111 52009=
 23207 NIL=
 23215 42998 60702 10191 20159 30033 40116 52006 86070 555 10018=
 23219 NIL=
 22408 42999 22602 10138 20129 39991 40134 52014 82030 555   11012=
 22511 42998 42601 10149 20138 30019 40134 52015 84030 555   11013=
 22529 42599 72401 10158 20144 30128 40134 52014 82832 555   12015=
 22602 41974 32301 10141 20136 39930 40145 52013 71200 8303/ 555  
 11012=
 22621 83970 /2202 10149 20143 30012 40145 52010 555   1////=
 22619 42998 72403 10164 20149 39993 40144 52008 87070 555   11015=
 22721 42998 70000 10152 20142 30060 40154 52008 85031 555   11015=
 22727 86970 /1101 10159 20146 30118 40164 52006 555   1////=
 22717 NIL=
 22802 42998 70000 10151 20143 30139 40161 52007 87070 555   11016=
 22820 43970 52402 10169 20136 30035 40165 52005 82030 555   11015=
 22831 42997 40000 10113 20107 30121 40174 52010 80001 555   11012=
 22805 83/// /1501 10160 20142 30143 40162 52006 555   1/015=
 22912 42984 61201 10136 20130 30155 40170 52002 82031 555   10015=
 
