06:31:00 MSK 06.05.2023
020 123456/=о000=0331
 уйту01 бтул 060300
 22686 62498 83603 10004 21057 30077 40178 57002 60002 82971 333 20002 55095 555 53006 7995/=
 22695 12998 70104 10005 21075 30002 40156 57004 60002 80052 333 20001
 555 53009 7994/=
 22996 11598 72301 10054 20054 39932 40115 57003 60032 72582 87900 333 20051 32007 55060 555 53004 7003/ 91210=
 23220 42598 81905 11034 21053 30057 40202 52006 60002 885// 333 21042
 43070 55005 555 53011 7000/=
 23226 12460 83303 11052 21073 39982 40203 52016 60002 885// 333 21055 
 48066 88612 555 53016 7997/=
 23305 12599 73503 11038 21062 30189 40218 51003 60002 87500 333 21052
 3/105 42002 555 53007 7000/=
 23320 76/// /0504 10001 21061 30124 40198 54001 333 21039 60002 555 53007 7000/=
 23324 12987 10702 11020 21055 30128 40206 52003 60002 80001 333 21056
 42015 55129 555 53006 7000/=
 23405 12972 53504 11029 21059 30107 40210 52005
 60002 85030 333 21037 42008 55155 555 53002 7000/=
 23410 76/// /3502 11008 21048 30096 40194 54001 333 21064 60002 555 7000/=
 23411 12999 70302 11015 21052 30111 40202 53002 60002 87010 333 21042
 3/104 41998 555 53009 7000/=
 23412 12999 13502 10002 21037 30097 40195 53001 60002 81030 333 21039 42018 55162 555 53006 7000/=
 23416 NIL=
 23418 12965 71802 10013 21046 30105 40179 57003 60002
 86031 333 21014 42019 55098 555 53005 7000/=
 23501 NIL=
 23503 12698 80304 11001 21055 30141 40191 56001 60002 82931 333 21036
 45997 555 53006 7000/=
 23507 66/// /0203 11014 21049 39871 40186 57003 60002 333 21031 555 53008 7000/=
 23509 12598 80201 10014 21053 30092 40170 57004 60002 8457/ 333 21014
 32103 555 53006 7000/=
 23514 12597 80102 10004 21043 39972 40170 57003 60002 8557/ 333 21014
 42008 55134 85632 555 53004 7000/=
 23518 12998 80202 10023 21021 30067 40158 57008 60002 8807/ 333 21019
 44021 55135 555 53006 7000/ 91211=
 23606 12962 80203 10016 21030 39984 40150 57006 60002 8801/ 333 20011 41998 55135 555 53005 7000/=
 23612 12598 80000 10036 21025 30019 40152 57007 60002 8355/ 333 20024 42997 555 53005 7000/=
 23701 12599 70305 10031 21043 30020 40149 57004 69902 84970 333 20024
 30002 555 53008 7990/=
 23704 76/// /0302 10038 20015 39926 40039 55004 333 20037 60002 555 50084 7000/=
 23707 61497 80204 10033 20025 39994 40125 57004 60022 78082 8693/ 333 20032 55101 86916 555 53006 7002/=
 23708 11461 80503 10043 20028 39981 40128 57009 60022 76162 8672/ 333
 20043 86711 555 53006 7002/=
 23709 11397 80102 10040 20023 39938 40128 57010 60042 78082 889// 333 20040 86709 555 53005 7004/ 91209=
 23711 12998 80404 10055 20019 39963 40130 57012 60002 8457/ 333 20038
 55141 555 53008 7000/=
 23803 12499 80601 10050 20028 39947 40124 56008 60052 886// 333 20049 32001 55100 88713 555 53005 7005/=
 23804 11496 80301 10056 20046 39974 40116 57004 60012 76162 8652/ 333 20054 55078 86611 555 53005 7001/=
 23807 11497 83401 10054 20047 39958 40116 57005 69982 72582 8695/ 333
 20051 32006 55079 84617 555 53008 7998/=
 23808 66/// /0801 10059 20052 39949 40114 57010 60002 333 20054 555 7000/=
 23812 11496 81501 10071 20054 39960 40119 57010 69902 78082 8792/ 333
 20031 555 53003 7990/=
 23904 11256 81901 10065 20065 39963 40117 55003 60022 71052 886// 333
 20057 88704 555 53006 7002/=
 23905 11893 81701 10066 20064 39893 40115 57004 60012 74664 8801/ 333
 20053 31006 555 53003 7001/=
 23909 11598 82101 10076 20072 39882 40121 57003 60022 70282 883// 333
 20062 31007 55052=
 23912 11496 81703 10096 20092 39935 40121 58004 60042 76162 8872/ 333
 20066 31006 555 53005 7004/=
 23913 11599 82204 10075 20063 39915 40139 55009 60092 70282 889// 333
 20054 31004 55027 555 53007 7009/=
 23914 61497 81702 10097 20096 39873 40121 57008 60082 78084 84927 333
 20082 31008 55040=
 28013 11598 72002 10098 20082 39898 40121 56024 60022 70242 84910 333
 20069 31006 555 53006 7002/=
 28016 11496 82202 10091 20088 39909 40127 55004 60032 71022 887// 333
 20071 31008 555 53008 7003/=
 28029 12599 81902 10112 20051 39918 40129 57003 69912 8657/ 333 20093
 32009 55004 555 53005 7004/=
 28116 11498 81801 10101 20094 39904 40127 57005 60052 70262 8451/ 333
 20077 32009 55020=
 28128 12898 81902 10100 20043 39991 40140 52005 60032 86034 333 20084
 31007 55028 555 53005 7010/=
 28134 12698 82001 10134 21025 39808 40144 57001 69932 82509 333 20088
 31005 555 53006 7998/=
 28138 12999 81903 10115 21048 39613 40160 57003 60002 80005 333 20082
 31003 55068=
 28216 12599 81604 10115 20060 39850 40136 55004 60002 889// 333 20103
 31008 555 53008 7005/=
 28222 12598 81402 10123 21002 39957 40145 52004 60002 82551 333 20096
 31006 555 53006 7990/=
 28224 12869 81703 10129 21034 39944 40149 52004 60002 83039 333 20118
 30007 55061=
 28234 12898 81703 10126 21057 39893 40161 55001 60002 8805/ 333 20113
 30008 555 53007 7000/=
 28238 12899 72102 10141 21038 39879 40170 57002 60002 82071 333 20052
 30002 55040 555 53009 7000/=
 28313 12898 71702 10113 20000 39957 40143 57003 60002 83031 333 20089
 30007 555 53010 7000/=
 28319 12598 81602 10121 21017 39992 40149 57003 60002 885// 333 20106
 30008=
 28321 12999 81903 10119 21005 39950 40147 54000 60002 80007 333 20100
 30006=
 28324 12698 81701 10123 21043 30034 40151 50000 60002 8654/ 333 20095
 30006 555 53006 7000/=
 28326 12598 62103 10140 21038 39981 40161 57002 60002 82530 333 20115
 30008 55009 555 53008 7000/=
 28413 12599 81702 10120 21033 30027 40145 57005 60002 85515 333 20111
 30009 555 53008 7000/=
 28428 12599 81605 10113 21034 39987 40166 57004 60002 82531 333 20070
 30002 555 53007 7000/=
 28429 12998 82004 10137 21037 39782 40178 57004 60002 80001 333 20097
 30003 555 53008 7000/=
 22983 12480 82702 10044 20039 30023 40127 57003 60022 889// 333 20040
 31004 55050 91003 91103 555 52003 53008 7002/=
 27083 12599 82602 10045 20034 39907 40127 52001 60032 887// 333 20042
 32006 91004 91105 555 52003 53005 7003/=
 27097 12498 82702 10050 20043 39874 40132 53004 69972 889// 333 20048
 32006 91003 91106 555 52005 53006 7002/=
 27185 12598 82602 10041 20031 39963 40146 53003 69942 885// 333 20041
 31006 91004 91106 555 52003 53006 7004/=
 27199 12998 82602 10055 20044 39946 40140 52009 69902 8872/ 333 20055
 32007 55046 91004 91108 555 52002 53008 7003/=
 27281 12982 83001 10037 20025 39944 40150 57002 60002 8805/ 333 20035
 32005 91003 91104 555 52002 53007 7005/=
 27283 12498 82903 10051 20034 39991 40145 53002 69902 885// 333 20047
 31004 91004 91106 555 52004 53006 7002/=
 27295 12598 82502 10048 20028 39899 40146 52006 69902 884// 333 20048
 31007 91003 91105 555 53006 7003/=
 27296 12598 82702 10059 20035 39924 40138 52003 60002 889// 333 20059
 32007 55042 91004 91104 555 52003 53005 7008/=
 27385 125// 83101 10054 20037 30018 40145 57004 60002 8455/ 333 20045
 31005 91003 91104 555 52003 53006 7005/=
 27393 11598 83003 10065 20047 39977 40145 53002 60022 70282 8697/ 333
 20064 32008 55041 91004 91105 555 53006 7008/=
 27480 12498 83001 10059 20046 30025 40152 57003 60002 889// 333 20047
 31006 91003 91104 555 52004 53005 7007/=
 28007 12499 82401 10072 20062 39868 40124 52001 60022 886// 333 20070
 31007 55052 88710 91003 91103 555 52007 53003 7003/=
 28009 11440 81902 10081 20070 39922 40127 57001 69982 78082 889// 333
 20073 32007 91004 91103 555 52007 53004 7003/=
 28105 11498 82403 10068 20058 39935 40130 53006 60032 72162 888// 333
 20068 32008 91005 91105 555 52005 53005 7005/=
 28202 11550 82701 10084 20075 39912 40128 54000 60032 75022 886// 333
 20075 31007 91002 91103 555 52007 53008 7003/=
 28302 11596 82601 10090 20083 39908 40130 57006 60032 72842 886// 333
 20084 31009 91001 91104 555 52005 53006 7003/=
 28307 11498 82803 10063 20045 39998 40139 57001 60082 78082 889// 333
 20063 31008 91006 91106 555 52007 53006 7008/=
 28402 11441 83201 10100 20098 39955 40127 57007 60052 76162 8662/ 333
 20099 31011 91002 91104 555 52010 53015 7007/=
 28502 11598 82501 10119 20102 30028 40128 56011 60072 72582 86931 333
 20114 31011 55073 91002 91104 555 52011 53009 7007/=
 22550 12697 70102 11015 21036 30233 40243 52003 69972 87500 333 21037 3/101 42001 55107 87647 555 53007 7997/=
 22778 11596 80205 10001 21027 30099 40169 52001 69902 78582 8697/ 333 20001 31001 55131 91010 91110 555 53010 7990/=
 22889 12498 72902 10047 20031 30038 40123 57004 69932 87800 333 20041 87816 555 53006 7993/=
 22762 12998 73202 11001 21031 30164 40204 52004 60002 8007/ 333 
 21003 41004 555 53006 7000/ 91206=
 22638 NIL=
 22671 12599 60203 11022 21041 30133 40214 52003 60002 86900 333 21027 3/101 41998 55091 85924 555 53008 7000/=
 22456 11596 83601 11012 21026 30152 40242 52002 69902 71082 885// 333
 21031 3/103 42001 555 53007 7999/=
 22583 12998 70302 11018 21051 30128 40210 52002 60002 87070 333
 21030 42011 55146 555 53006 7000/=
 22749 NIL=
 22951 11496 83602 11019 21021 39920 40207 57005 69932 77172 8672/ 333
 21021 34101 555 53006 7993/=
 22887 11397 83202 10008 20005 30066 40137 57007 60092 78587 889//
 333 20007 31101 55057 86709 555 53005 7009/=
 22876 11396 83102 10011 20010 30070 40143 57006 60042 78388 889// 333 20011 88709 555 50067 53007 7006/ 91208=
 22481 12998 33401 11034 21058 30177 40232 52004 69912 83030 333 
 21058 3/107 48018 555 53007 7996/ =
 22854 11897 83403 11018 21024 39917 40212 56001 69992 77172 8807/ 333
 21024 47005 55000 555 53006 7004/=
 22781 NIL=
 22676 12898 73604 11009 21041 30119 40198 52004 60002 87070 333 21011 555 53007 7994/=
 22648 NIL=
 22559 11598 83502 11011 21043 30219 40236 52003 60022 78582 83930 333
 21017 55100 555 53007 7003/=
 22869 11495 83404 11005 21008 30019 40169 57003 60062 78688 889// 333
 21005 3/001 47002 555 53009 7006/=
 22768 12897 73604 10007 21026 30139 40189 52002 60002 87070 333 20007 31001 55032 555 53010 7001/=
 22798 11496 83603 10034 20001 30018 40130 56004 69932 78082 333 20032
 31003 555 53006 7993/=
 22375 46/// /3502 11025 30223 40239 52002=
 23207 11599 80304 11041 21059 30203 40226 52007 69922 72682 8795/ 333
 21053 3/103 41998 55016 555 53007 7992/=
 23215 NIL=
 23219 NIL=
 27095 76/// /2902 10052 20052 39910 40135 53002 333 20052 60002 555 53005 7000/=
 22408 22999 83501 11023 21054 30126 40280 54000 8805/ 333   21040
 55059 60002 555   7000/=
 22511 22998 60000 11048 21062 30153 40279 54000 85031 333   21086
 60002 93501 555   7990/=
 22529 22599 63101 11008 21024 30258 40265 52001 82502 333   21036
 60002 555   7998/=
 22602 22477 72701 11024 21060 30052 40284 54000 87500 333   21048
 55061 60002 87610 555   7990/=
 22621 73769 /3002 11033 21052 30132 40276 52002 333   21048 55091
 60002 555   7995/=
 22619 22481 22902 11031 21057 30111 40275 52003 81501 333   21043
 55048 69902 555   7993/=
 22721 22998 63002 11025 21044 30171 40272 52003 80006 333   21032
 60002 555   7994/=
 22727 76/70 /3303 11014 21041 30223 40272 52005 333   21021 60002
 555   7994/=
 22717 73/70 /0000 11027 21054 30085 40285 52005 333   21042 60002
 555   7992/=
 22802 22599 33102 11021 21059 30268 40292 52006 81531 333   21033
 55030 60002 555   7993/=
 22820 22870 62902 11033 21048 30131 40272 52004 82031 333   21037
 55056 69902 555   7993/=
 22831 22698 63302 11009 21043 30191 40247 52004 82530 333   21017
 55040 60002 555   7000/=
 22805 22998 03601 11006 21031 30273 40293 52007 333   21016 55069
 60002 555   7000/=
 22912 22999 13202 11023 21042 30261 40277 52008 80001 333   21032
 60002 555   7005/=
 
